155909
47906
35105
32769
31073
28833
26560
25472
25153
25409
24961
25697
25665
25537
24896
24736
4030629
35809
23808
14537630
32449
26817
14639138
34401
24000
14435707
43553
24865
14489788
40802
29505
14433083
38050
31841
14285142
49538
36161
14312246
65218
36865
13938859
53346
43266
14210419
53506
47649
14291734
57346
45954
14170610
58882
47522
14266998
56994
45633
14187923
52866
46146
14248277
50401
45666
14240597
57698
46434
14288758
50689
45954
14248629
51778
44930
14250965
53954
48290
14268726
51489
45122
14274998
53090
45089
14321495
59234
46465
14228404
53314
45730
14198323
51234
47265
14325591
53506
45890
14235028
54498
46722
14175250
54210
46722
14255797
60706
45762
14198291
55394
46754
14275766
55842
47041
14287350
51554
45953
14291094
53986
47106
14215444
52002
45025
14313143
52610
45089
14289974
59138
46242
14267414
57730
46210
14240212
52130
45250
14272438
54498
45953
14314647
58530
46114
14213108
52546
46081
14275509
56258
47586
14210004
54946
46529
14258901
54562
45954
14110928
54498
45154
14276374
52930
44769
14269109
57890
46241
14250932
57538
45762
14255893
58114
46402
14258005
52354
45185
14284470
53090
45665
14252852
58689
45665
14236436
62338
47426
14144305
55714
46593
14147889
52929
46145
14271926
51522
45345
14239764
50850
44514
14266997
52514
44673
14260917
51586
44770
14308759
51842
44001
14304759
52674
44930
14246133
51042
45313
14293975
50593
46498
14279382
50881
44418
14254037
54754
45026
14252437
55042
46530
14232917
55202
45601
14153841
53473
44513
14294103
53474
45793
14312247
62818
47234
14214708
53986
45602
14252917
51809
45921
14334455
51489
45474
14318263
53441
45186
14244213
57474
46369
14260373
56002
46529
14239860
58498
45761
14122032
53634
46722
14257461
59426
46754
14222100
59777
49282
14186899
57666
47970
14210099
55202
47298
14232404
50754
46497
14254453
55778
45377
14309654
58690
47105
14279606
49346
45922
14254101
50626
45601
14236564
54786
47009
14327831
54818
46369
14239188
54497
45505
14256885
52897
45441
14119792
51618
45505
14298006
54626
46273
14290006
54978
44897
14237716
51297
45154
14223604
50658
46017
14328055
52994
45249
14276661
51522
45345
14294838
50786
46625
14260469
53506
44737
14257173
50977
45761
14259509
57378
45410
14230228
53858
46081
14248917
58050
45825
14232500
53634
45057
14343479
58114
47554
14141553
60066
46850
14233556
53250
45570
14277750
58882
46849
14245012
54658
46562
14273494
52737
45666
14317879
50818
47585
14317527
52098
47298
14245845
54465
45218
14256277
51105
47361
14262997
55010
44962
14258645
53986
47201
14559903
60418
47521
13849703
61218
46306
14237844
62658
46754
14133329
55938
47106
14189267
55393
46337
14159473
54338
45250
14283958
52993
45442
14293558
57410
46113
14234324
53441
44322
14249237
54402
45794
14326616
53826
45377
14290070
53441
46434
14321463
51489
45858
14306135
53954
45634
14256533
54146
46113
14287734
53826
46818
14245589
58882
45442
14176018
52002
45569
14255829
52130
45090
14312055
53602
46722
14327864
53569
45377
14128625
50338
46562
14296118
51074
45633
14286870
51074
44962
14304215
55490
46210
14202003
54114
47361
14249845
58049
46369
14291638
58625
46081
14203443
57154
54018
45890
14149298
55554
45857
14187635
58274
45857
14288054
54882
46177
14246964
53954
44257
14298326
51393
43874
14375033
61538
48098
14122417
51969
46178
45249
14052430
50466
46402
46209
14147793
56962
45954
14202964
51297
45026
14306551
58850
47682
14168242
51073
46753
14254004
52834
45409
14257397
49666
45537
46465
14122512
53985
46562
14255253
54178
44674
14239349
54434
46273
14260149
53346
45058
14301111
49793
45410
14253109
50849
46978
14250965
51073
47010
14297239
54401
44866
14258773
52578
44961
14251764
53346
46690
14220212
52130
47010
14234260
55810
47425
14281718
50562
47650
14256405
53314
46242
14265845
54081
45122
14246581
53474
46849
14242164
52546
46497
14299734
54210
46273
14231796
50594
47297
14291318
53409
46689
14238516
55970
46658
14284470
54562
45698
14273174
50722
44481
14269141
52002
45954
14307511
61762
76995
14029133
59138
46178
14152786
55938
47009
14237876
52930
45154
14253909
51522
45954
14288534
55649
46913
14246965
73698
49730
13941003
53282
47713
14240020
52162
46625
14278421
51969
45602
14279318
51810
45442
14316247
71074
48609
13974444
62242
47490
14375801
60962
48322
13673602
50306
46178
14277878
67970
48418
14015277
77282
69955
13229652
154181
151237
12999915
77795
60514
13364279
147781
157157
12489403
158181
238920
12844742
64418
43170
13877673
49762
37473
14266453
64450
49537
14065134
60002
48514
14066383
58498
46561
14167506
58434
48386
14168306
56321
46273
14203251
54658
46818
14262389
55681
46434
14269974
54498
46337
14299222
52801
44577
14349720
59010
45953
14274869
53698
45057
14290934
53762
45569
14293494
54721
44898
14361976
111619
49793
13668866
61314
50241
14142801
49250
87202
48481
14050286
59202
47330
14213236
59042
47617
14086128
55938
46593
14263062
56226
46497
14119696
52290
45666
14244501
54178
45474
14247829
52673
45762
14261557
56162
45314
14125713
47234
46178
44930
14101936
47810
46753
45217
14085487
54082
46626
14262421
50562
46017
14257237
51554
47010
14242229
55489
45826
14254933
53218
46786
14253108
51202
45666
46849
14115440
51617
45185
14275542
51105
47842
94500
13989772
53858
46114
14205683
58241
46050
14312599
55298
47426
14194163
51266
45346
14261173
51842
45634
14274870
52162
47010
14288214
53217
45793
14266069
58370
45986
14241941
42658
36353
14383513
51682
45409
14256309
56610
47201
14173138
59330
46658
14169394
58338
46786
14125329
58978
47874
14210995
60610
46305
14198451
50882
44513
14249588
55138
46178
14245813
54657
47265
14238772
50977
45473
14227732
55618
46721
14259381
54722
46721
14242996
55394
46178
14240372
52161
45474
14251765
55458
45921
14250389
55874
45857
14241876
49602
50529
14270677
55361
45953
14209523
53410
45058
14274325
58338
46945
14230804
58754
46722
14244533
55394
44994
14267637
58530
45666
14271702
54402
43969
14299254
58402
45921
14326359
55426
46562
14217043
53090
44801
14291799
51777
45922
14148850
52865
46146
14256180
51074
45601
14252084
51522
47042
14267030
50434
45057
46690
14098096
55105
44706
46241
14087056
50626
46209
45377
14123953
53730
45762
14276182
58402
45505
14192914
53346
45921
46050
14100784
53026
46402
14265301
50466
54946
76611
14033293
50945
46370
44738
14120753
51329
45345
14275221
56098
46146
14187763
51554
44577
14310967
52098
45250
14250325
57762
46178
14254005
50081
45314
46050
14057487
55042
46082
60130
13998637
48834
80515
45282
14040462
48609
77411
45089
14037646
47713
44866
45602
14137649
60706
79235
14041966
55010
45825
14261205
51586
47202
14254197
48866
46529
44929
14119024
51841
46177
14271285
48354
45505
45889
14100815
52610
45985
14258357
53761
47426
47073
14108176
52417
46210
77954
13992364
55234
45538
46785
14086255
51138
45985
45601
14104048
60130
46146
14229684
55234
46337
14169362
55170
47490
14241781
54978
45377
14290294
64066
46466
14168562
68802
50434
13935338
76739
50754
13844967
67842
49410
13912042
54593
32065
14078543
43842
30273
14350296
64738
48258
14013165
63650
48034
14035822
61794
46402
13979116
60962
55682
13999981
57281
46594
14196563
58754
42690
14162898
58242
41313
14100144
43713
34849
14464891
68034
48482
13988589
57218
46529
14233300
60962
47298
14173043
64803
97955
13990220
55842
46657
14141201
52962
47234
14239445
56034
46753
14163858
53922
46626
14268246
55234
45825
14270837
53634
45890
14224692
52482
45441
14275413
58626
45729
14254133
54434
47361
14266293
53250
44865
14271509
53442
45473
14257685
55042
46146
14200947
59554
46754
14152466
52290
45442
14276534
55074
47362
14182835
53090
44578
14260565
54754
45314
14256341
56610
45697
14207923
51969
46401
14250580
49890
45729
14266549
51042
45281
14271029
54786
44930
14247093
49825
46178
14247637
54050
45537
14316951
54178
45409
14230804
52418
45665
14283957
53826
44610
14267061
53890
46721
14154194
58178
46689
14163762
51521
45985
14235124
51554
44641
14305878
51041
44866
14325943
54818
47522
14210995
51393
45218
14311767
53026
45474
14322199
58849
45410
14298391
54402
45058
14320119
52482
46338
14152754
51617
46721
14268053
58402
45314
14311415
58594
45858
14173426
59586
45505
14204275
57186
46274
14267318
60706
46978
14221108
55138
45729
14273813
58082
45602
14280950
59778
46434
14187859
56162
46081
14310134
54530
45377
14330519
54817
44929
14287030
51234
44673
14325624
52738
45953
14276854
60002
46626
14304567
60674
47745
14127473
61058
46306
14130865
55938
44929
14241460
52353
46178
45729
14027725
52290
45154
14305783
51778
44802
14310583
53090
45249
14315159
65634
45121
14307958
58977
47618
14208467
58306
46945
14261877
53186
47073
14297078
59906
46402
14217491
59298
46017
14203347
59138
46114
14210131
57794
47010
14142897
52066
45442
14267125
54402
45986
14280950
54945
47009
14198451
51617
46017
14195987
50274
46786
14252085
54434
46273
14287094
51393
46370
14280214
56322
45826
14259189
51361
45666
14265269
50658
45314
14276662
54146
46946
14222227
53762
44354
14327671
54946
62850
14132273
53122
45057
14283734
53313
45537
14273845
57569
79171
14044910
53890
47714
14277942
56354
47330
14197907
55106
44418
14273494
53058
46753
14317975
53698
46082
14212564
54338
45762
14252629
59106
47010
14277526
61314
46210
14150673
52162
46593
14252180
51874
125061
44770
14001677
54946
46850
14170450
55042
47137
14175603
57314
45601
14234388
54978
45569
14304118
52354
45729
14328983
55489
47362
14164274
52130
46497
47618
14124945
58178
46050
14264405
59041
48162
14285813
54114
46593
14242804
55458
46434
14261301
51937
45570
14291671
58882
47393
46849
13999212
53058
46722
14278741
57762
46402
14117937
54338
45442
14238420
50946
44866
14273718
51426
45569
14235604
53186
46657
14225140
54754
46465
14240788
51458
46081
14254645
52706
46753
14171954
53441
46369
14238548
54178
46466
14241077
56802
45314
47074
14089168
54274
47457
14204915
53890
46946
14246005
56289
45761
14268821
56129
46402
47297
14044494
52097
45762
51297
14047694
50818
54593
45730
14115472
55810
45762
14253717
54402
45922
14267509
52802
44898
14226484
50978
86274
44577
14061774
56770
55842
45569
14072207
52578
55393
45858
14017165
54530
46114
14259989
54018
46530
14184595
55649
47265
14207859
50306
45601
45314
14127057
47618
96324
64130
13988108
49986
46722
45569
14092207
51426
54402
44130
14109136
59138
46946
14273014
58370
45473
13880328
52322
47266
14228916
51874
47586
46017
14107888
50785
45794
45633
14120400
54401
45665
14238772
54466
46818
14241589
55970
47906
14206515
52449
46497
14235060
56098
79811
14084719
48706
53249
44706
14099248
51297
53314
46241
14080879
52322
44897
14260309
52898
45921
14225524
55042
45634
14262678
58562
45410
14241141
57346
44130
14256629
51554
46017
14255221
53346
45281
14260373
48514
44962
46081
14159441
51169
46690
46433
14050286
51842
45634
14232789
52097
45889
14233364
62018
46882
14169106
55426
46978
14219028
60674
46561
14158386
56578
47874
14183347
56962
46497
14203283
54274
47234
14183763
55714
46754
14220179
53921
47682
14174898
52929
46945
14232276
53954
47714
14170418
53729
46305
14241492
52994
47201
14289622
55202
46273
14281429
65346
46657
14281430
52225
45858
14279478
53057
44833
14124848
51330
46978
14229972
53570
47138
14235412
52898
46689
14251125
53218
46306
14270741
51010
46113
14258485
51330
46273
14261109
51746
45666
14280598
50306
45537
14267125
53697
44993
14274549
58306
47298
14138545
52994
46146
14236629
54402
46946
14288790
55841
47426
14190835
53922
46017
14232724
51393
45922
14239828
53634
46594
14271222
51585
45442
14301015
58946
46337
14248852
56674
46018
14227412
54561
46146
14249813
52577
45154
14290838
58337
47009
14119664
59298
78179
14107600
55106
46977
14265301
58914
47170
14217332
59554
46690
14266709
59010
45473
14204531
60578
46466
14231028
59330
46786
14231412
56482
46081
14173362
55106
44482
14231284
59586
47010
14246004
59458
46593
14256853
53730
45570
14280438
59266
95715
14137169
53058
46657
14278006
52322
45985
14329591
54914
46754
14272438
54050
46913
14199987
52513
47938
14291639
52546
45730
14268310
52002
46274
14288502
52866
45858
14169682
51330
46882
14239476
50753
46146
14284757
53954
45474
14268470
56705
51074
14038894
53762
46561
14286838
55330
46913
14187538
51618
45538
14266806
55074
46946
14185042
54242
46178
14235412
51042
45186
14278902
52738
46465
14277429
52225
45057
14250613
55650
47746
14187667
54562
46305
14269653
50722
46177
14295094
54818
46370
14244916
55266
46817
14230708
52546
45762
14269333
54593
45601
14258261
55202
46626
14234740
54306
45954
14242133
53314
45665
14260917
52546
46817
14254228
52130
46338
14207955
52482
45922
14260053
53954
45538
14262165
59554
46689
14268821
56898
45986
14232821
53186
45921
14251989
58498
46402
14275414
57986
47170
14177395
57858
46978
14227508
59586
46178
14262421
63138
45537
14137649
58530
45986
14232372
54754
76610
14167923
56194
46338
14190994
51618
47234
14240789
52962
46753
14267317
51138
75971
14196275
53986
45154
14263989
53762
45730
14237620
50338
45666
14260469
54370
47426
14222100
52418
46242
14249013
54466
46113
14216371
52514
46017
14315959
50049
46530
14286934
51905
46497
14282773
49858
46594
14285622
54114
46881
14059150
52002
46082
14211860
55201
46081
14208819
54210
45538
14302135
53889
46273
14233204
52193
45313
14263350
51810
45282
14306583
51682
45857
14289142
55906
46402
14206036
53058
46594
14285558
54690
45570
14250997
54338
46690
14246453
51106
45730
14314263
51618
46497
14209396
51937
46146
14285270
54690
45345
14298678
55202
46562
14214548
58626
78274
14209427
50017
47234
14296470
54562
46050
14228308
54082
45889
14257525
53122
48002
14302582
57058
50017
14173330
59586
46978
14190578
55650
46113
14252916
59202
47169
14270742
54434
46753
14194803
51746
46658
14254293
55074
47362
14216852
58658
56034
14166546
54850
46370
14266837
55682
46241
14218099
54498
47041
14272598
60322
58434
14180434
64738
47010
14035725
61922
45986
14098383
52130
46370
14227988
50818
79331
14228628
52994
36930
14375289
72418
47458
13061293
63554
46242
13931371
103620
55617
13611168
156261
47745
13795590
75395
47425
13825127
76514
67778
13656737
187078
146309
13820551
62082
42401
13929930
45602
36033
14338168
50754
42210
14222996
39201
57730
14292438
49729
32929
14219731
38466
28385
14413754
59842
45793
14116080
52418
88195
14196179
52546
44322
14255413
52226
45314
14276790
55202
44897
14272533
51458
44321
14278966
54273
45538
14280694
52834
45089
14283894
52130
45698
14275190
52001
80546
14248885
55202
46849
14197011
50658
44641
14319223
56002
46370
14170994
60066
75299
14240949
50850
45858
14273878
53090
47297
14287862
51106
45153
14266677
55073
117507
14164817
50978
46626
14271382
60162
45633
14209427
60034
47170
14230036
52162
79395
14225844
53506
45442
14287798
55042
47170
14186227
59618
46818
14216948
56802
59618
14216499
58850
46081
14170066
55074
46146
14231892
55810
46370
14225300
52833
57218
14157009
54882
47298
14192403
51970
45826
14318487
56258
45986
14198099
54914
78274
14229268
59618
47234
14182130
52322
47009
14306806
54914
46210
14191347
55170
89539
14228052
55041
46369
14190931
55746
47137
14263893
51682
57922
46081
14106896
51905
45826
14126705
55266
47521
14203891
55682
46338
14224372
54978
47330
14263318
54306
81218
14247573
51938
45730
14294102
54498
46210
14235029
52705
45794
14249429
50658
51970
14196979
56322
44898
49602
14125009
50050
45538
14259349
47617
85347
43617
14092399
52162
45890
50177
14023565
54786
46850
14242869
58529
46529
14228724
53954
46466
14272918
58626
64418
14169394
52290
45089
14278550
49793
46274
45953
14116368
58210
46818
14258165
53858
61922
14181235
54977
45761
14279093
53378
46945
14265653
57154
47234
14180595
51682
99524
48737
14066766
51298
92003
45057
14056494
55330
45953
45858
14075983
54337
46754
14259061
54338
51490
14209619
52353
47169
14281589
50850
46753
14286550
54690
46274
14264309
54049
86851
14205332
50689
52386
48001
14116880
54338
45410
14282710
51233
49954
46465
14106928
57058
47746
49345
14035406
47105
45634
44834
14138065
53026
45601
14285749
54785
46081
14261589
51297
74051
14223316
54754
46561
14210163
54658
45601
14240244
53282
45474
14248725
58562
60194
14203284
55458
45698
14216756
53698
45314
14169618
59010
47330
14234453
58018
63074
14149522
55330
46305
14271157
53986
46242
14268182
58658
46338
14276534
59810
54786
14200371
59266
46146
14268886
58370
46306
14263701
53378
46498
14271222
57922
55970
14218836
58658
46690
14294359
53121
45250
14305431
53666
47265
14275477
57633
86370
14244469
49793
46690
14313143
60354
47265
14166386
55650
47586
14296854
56290
61794
14167442
53506
44802
14256181
52514
45889
14279126
58658
46593
14261877
53666
52194
14254005
54562
46913
14215027
55554
46210
14220788
52417
46593
14281654
50753
59618
14210451
58466
45922
14272950
54530
46754
14247509
54658
46561
14266901
60162
47266
14124369
55522
47138
14317431
61314
45985
14151121
54498
45186
14209459
53570
51682
14185459
54914
46658
14239796
51906
44833
14295894
54338
46818
14224052
54786
65443
14168882
48866
52481
44993
14126129
51810
47586
14254517
53922
46370
14244533
55490
56162
14176242
52322
46593
14283254
58658
46850
14217076
52673
45954
14255989
52034
53250
14260053
52481
46594
45633
13975979
52546
46209
14272533
56353
45793
14195283
56610
65123
14242101
57410
44834
14160594
51426
44545
14312343
57250
45954
14184115
58434
58786
14239220
58978
47234
14277814
55330
47074
14231796
55330
47554
14178035
52962
46721
14170450
59618
47170
14191698
51457
46209
14226932
54626
45921
14266581
63298
45730
14151346
51137
45185
14276405
54690
44706
14303542
51074
44898
14267446
56162
49826
14165906
56258
45985
14241428
56194
45666
14242581
52930
47106
14212532
54210
62050
14173298
54978
44738
14269174
54273
46209
14232148
50626
45762
14271701
55169
50209
14226740
50626
45889
14266421
55170
46978
14274838
52737
46401
14237844
55906
51234
14215955
52514
45122
14311543
55714
46498
14269301
54017
46753
14258933
55554
61506
14222228
54369
46338
14186963
59682
46977
14231508
52706
47138
14298935
53538
62786
14226548
53346
46561
14263925
53313
46338
14305047
54370
45345
14287734
56642
53921
14162386
48993
54722
46050
14111824
54561
46210
14308823
58562
46945
14177458
51394
63554
14208211
54402
46242
14187059
58882
45377
14264053
51234
46562
14248053
51649
60610
14204115
59106
48353
14187219
50786
46914
14263093
49442
45729
14286518
50434
61410
14251093
55234
45634
14200628
52321
45953
14262485
55202
44514
14260597
53538
51201
14248149
53794
45442
14287126
56802
45409
14315831
59650
46529
14227668
55106
55170
14223572
56162
46786
14192595
55394
46818
14243797
59202
46690
14212755
52962
47042
14201459
50785
44866
14313911
51777
45858
14261461
51810
45537
14284086
51009
55265
14235860
50850
45217
14283605
47778
51906
45218
14124593
48930
54114
45730
14167186
59042
56738
45889
13887688
51970
46113
46466
14048942
50722
45825
14311639
54594
45985
14272245
52258
62306
14248244
50369
46594
14272053
51522
46242
14269462
53890
45377
14265301
53858
61474
14212371
52162
46498
14280438
53282
44993
14294806
55522
46657
14225236
54530
46113
14200595
54849
48097
14257173
58274
46434
14215252
54530
46113
14241460
54914
45986
14168786
54177
47361
14281814
53986
46338
14123345
55426
45922
14264053
54306
55234
14219731
53730
45441
14270741
53954
45890
14260149
53410
45698
14257781
57186
49761
14208243
53890
45538
14264053
59490
47010
14203188
56706
46498
14182867
55554
46049
14168114
49474
46273
14291574
59490
46817
14179570
52482
46242
14223412
54850
50498
14167282
50914
45058
14297719
60610
46722
14218708
57986
46081
14202131
52034
54241
14215316
51458
44482
14288598
52322
44961
14292406
58626
47041
14291382
52418
54946
14215604
53730
45569
14248117
51458
45186
14267797
53634
44994
14318935
60066
46241
14161554
55778
47522
14257429
59233
45857
14257173
53378
47458
14258901
52066
46082
14246133
54146
46081
14274581
54018
45346
14275734
50562
46018
14274134
55170
62914
14216627
59137
46497
14267061
53090
45794
14280662
54978
46050
14203508
59010
48674
14212467
51010
46273
45922
14136017
53794
46786
14211347
55394
47554
14261718
54274
62722
14227380
57090
46850
14263189
58210
46177
14256277
51810
45441
45506
14151633
52290
50402
14108400
54433
46945
14239764
53698
47329
14305271
52674
46754
14302743
58786
51202
14164210
60066
46658
14248308
59169
47009
14250005
58594
46017
14232628
57986
46241
14141681
53890
46018
14266358
58369
46017
14243732
58562
46210
14257077
53474
48673
14219284
55650
46274
14211988
53058
45186
14294518
54050
46594
14264309
55170
48162
14176114
55297
46273
14248820
55298
46081
14290038
52130
47266
14300150
53154
50530
14232437
55202
45921
14240916
54818
45954
14320759
63778
48705
14116912
55746
52065
14231252
56066
47554
14190995
52738
45538
14252757
53409
44962
14330039
59458
47618
14181011
56290
47746
14202164
55842
46849
14175474
55810
47362
14262325
53218
46465
14198163
60098
46657
14180722
60482
47201
14242004
55297
45441
14225875
54082
46690
14184467
58722
47393
14164946
57634
46530
14226548
54562
46593
14242740
54850
49249
14119632
54626
45474
14256629
55554
46882
14175090
53474
45761
14291766
54657
45569
14214515
54690
44001
14234388
60002
46242
14178163
59874
45730
14115184
56993
50018
14179603
57825
45089
14245012
57890
45985
14246804
54370
45858
14255125
54210
46721
14166674
54498
45890
14263541
54850
46721
14229684
53441
46498
14266262
59298
48546
14205939
59554
46594
14238965
55106
47073
14261589
54146
46210
14182163
58113
47041
14209523
52290
45665
14251573
54497
46274
14267701
53090
45985
14253524
54018
47842
14187250
54530
46497
14275925
54210
46498
14246517
55554
45442
14270038
54466
46050
14217396
54658
46209
14243604
53698
45185
14245524
52002
45793
14262133
53153
45697
14219444
58242
46178
14196339
53538
45858
14223028
53281
45153
14263029
54657
49345
14211859
58274
46754
14228692
54562
46657
14240756
55234
45506
14237108
58114
47586
14205524
52674
44706
14257013
52866
46114
14240117
54274
45953
14248373
57474
46850
14184883
53185
45249
14241492
53826
45698
14236629
55809
45473
14249268
53378
46017
14218515
53986
45154
14260469
58786
45602
14260309
53698
44577
14247828
52770
46434
14215284
58914
45441
14115440
66594
45986
14224148
54401
45506
14260725
55042
47682
14216212
52002
46882
14234100
55906
45346
14248053
59426
47266
14232052
55522
48290
14203411
58881
45985
14261269
52578
44641
14303670
51714
45505
14275477
59202
50082
14272630
58562
46017
14312887
57762
46977
14295062
59105
46978
14297015
52738
45569
14245588
50753
45633
14325271
53602
46561
14313015
53985
46306
14281334
50850
45985
14269621
50338
46177
14269109
47521
91939
45761
14080271
49025
46017
14323831
50497
45442
14260725
57506
46401
14287222
52962
44674
14320375
57730
44641
14290038
53058
47329
14230612
51201
45474
14279382
53442
46081
14292598
58338
46530
14238580
54721
45858
14288470
55297
47202
14200403
54690
47938
14247509
55906
46914
14241525
52322
46914
14218131
54402
46402
14285462
54242
46626
14239925
54242
45666
14252469
53666
49634
14235668
54465
44513
14259446
53346
45057
14270645
51873
46017
14258645
51490
47809
14241972
53794
46209
14281590
61730
47394
14135505
57058
46946
14062830
97859
46274
14108529
55906
46721
14177842
55970
46658
14171570
54689
45762
14192691
88995
45922
14137233
54146
47042
14188339
55170
47169
14177394
55298
45698
14187443
95363
49122
46914
13975404
50754
46018
47201
14045902
62434
46498
14162674
58466
45954
14177843
104675
45634
14117200
56225
46114
14168210
55074
45698
14181235
52738
45985
45634
14040526
82018
47617
14136529
57986
47585
14180146
55970
46498
14190451
57794
46849
14178226
73026
48354
14048911
57442
46561
14192819
68834
60738
13701474
63298
48802
14110193
68354
48449
14133457
60354
48162
14114705
60546
48578
14121552
55618
46017
14188658
63426
48578
14074991
53474
45889
14249461
51554
46850
14220564
51330
46626
14285974
94884
45506
14145586
53890
46018
14228244
59810
46849
14189171
55841
46497
14196819
88835
45378
14148049
62754
45986
14163314
55202
46562
14195411
55586
44769
14218580
69538
47618
14073103
56514
46913
14190035
54178
45249
14206291
56674
46146
14215444
87427
46114
14182738
55330
45954
14086544
59554
46050
14180531
54465
45505
14211540
83075
45473
14143153
54785
47426
14198931
57410
47714
14182771
51714
46178
14261877
67363
46978
14137457
55682
45762
14189043
53377
45698
14156370
59010
46210
14253653
50242
49666
14231252
58210
46050
14222740
54593
45921
14223668
54978
46401
14208819
63522
48578
14159441
53794
47042
14206068
53474
45313
14215923
54178
46114
14215412
68354
47073
14151729
54498
45922
14204532
57090
46881
14194067
54337
45633
14222004
129604
45762
14092752
54146
47554
14155633
56482
47745
14206003
57090
47426
14201939
127940
46497
14099664
54146
47201
14234900
58466
46626
14198995
57538
46881
14173842
57122
49090
14198228
58978
46850
14293910
54305
46978
14198323
55138
47426
14192082
92515
46305
14137009
54434
46402
14261621
56322
47105
14208755
54914
46434
14207604
89187
49890
14143185
55010
46146
14210420
59586
46721
14198195
54529
45473
14226228
66339
45922
14153458
55426
46562
14207155
54305
46145
14198323
59170
47009
14083567
69250
45826
14155474
57634
46274
14185907
59970
45921
14202739
54594
46401
14209171
67714
46113
14130416
58466
46658
14217332
56738
46114
14199635
53346
46466
14195923
62146
46978
14159217
55522
45793
14223348
54145
46849
14221684
59170
46658
14174354
59202
45441
14174290
54434
45186
14209236
54945
46370
14205747
54530
46145
14191666
68291
46338
14150386
57026
46657
14208307
53922
47362
14170546
51874
45313
14255477
108100
46818
14148210
60162
47522
14201875
56546
46881
14224436
55618
45730
14198867
59138
47010
14172115
54210
46658
14212820
56482
46306
14199763
55362
45921
14206612
58818
46146
14129168
57826
47169
14201491
54146
47106
14215731
53761
46817
14221940
58050
46625
14167282
54434
46401
14210995
55458
46049
14276693
65090
46529
13995628
72962
45698
14088847
56898
46049
14132017
52386
46177
14243668
54402
45762
14240501
81475
46178
14226740
54786
44354
14270742
53602
46113
14270741
53378
46466
14240949
126340
47138
14121521
53442
45569
14132497
52865
45794
14306871
51713
45186
14294198
85091
47426
14233396
52066
45761
14265301
53154
46178
14283414
50498
44354
14262549
95747
103172
47425
13950379
55586
47170
14218515
55138
45890
14237493
54306
46434
14253973
87266
46081
14228628
54882
47201
14247572
57826
46305
14176754
59586
46274
14298743
92035
46306
14226612
55746
46146
14240597
54690
45698
14246325
50754
44929
14289142
56770
46434
14176563
54434
47362
14183442
60610
46401
14220596
51073
46242
14281430
90467
46370
14207284
54690
47330
14256917
52226
45986
14238069
51682
45858
14283766
83458
45954
14222355
50241
45345
14291478
51649
45506
14262966
52962
45761
14247253
84098
46881
14195155
55170
44834
14250549
53250
46305
14243093
58786
46658
14275926
90947
46626
14223540
54978
46722
14232117
55682
46913
14270037
51234
47297
14284566
94627
46978
14220244
58337
46850
14145042
55009
47169
14225524
54753
46946
14258549
67843
46434
14186899
55170
46498
14252053
54401
46082
14263222
54658
46722
14123409
89955
46178
14215924
54562
46689
14253045
53826
46434
14247028
55074
45441
14253141
86115
45121
14223444
59778
46786
14248789
54498
46977
14250965
53570
44865
14260117
86275
46081
14208339
56482
46530
14247861
54305
46977
14247572
55074
46433
14243668
76802
45794
14242389
51330
45825
14274581
55202
46434
14334680
59842
46498
14203827
59778
46369
14189747
53601
45857
14245877
55170
45730
14250325
57346
46465
14301942
58914
45474
14206324
56290
47233
14304278
51138
45986
14246293
54786
46690
14237109
89219
45378
14243285
54274
45153
14262165
58178
45666
14283510
56130
46625
14229876
85058
46017
14257237
58178
46753
14200019
54082
46594
14217012
54594
46401
14245333
66818
46018
14186515
55106
45569
14260693
61410
46562
14083600
58722
46690
14163602
61698
46209
14088047
59298
46274
14210740
54690
45953
14202067
53602
47298
14304311
68706
48098
14117969
53249
45793
14246164
52225
46241
14256597
52578
46306
14244693
69667
45762
14168722
66115
45761
13924074
56065
45377
14217236
54658
45538
14219540
55362
46434
14193267
51297
45857
14262869
51970
46177
14272789
52609
46049
14260629
67106
45633
14216915
51938
45505
14254325
56226
45314
14264821
55618
45442
14235797
60546
45633
14234900
53986
46370
14268310
51330
46529
14261333
55106
44513
14280918
61058
45921
14198292
54562
46881
14234804
58786
45985
14285750
53569
45314
14255445
66242
45729
14259669
50658
44929
14290230
61410
46049
14099376
54818
45601
14286069
59010
45442
14191603
52737
45154
14248821
54658
44802
14241333
51266
46177
14272822
58722
45314
14235573
50241
45954
14240821
53954
47234
14256373
52866
44961
14257717
58242
44930
14226996
54242
46178
14242901
53761
45089
14238964
51618
45986
14268406
60610
49217
14200755
54178
46145
14259893
54913
46497
14249268
57282
46497
14209331
58434
46305
14275158
51682
44930
14292310
58626
46977
14289782
51618
46849
14264565
51874
46689
14220051
50850
45313
14266261
50786
46721
14249429
52418
45922
14139025
57602
44514
14162546
50850
45698
14287446
54786
44802
14234196
52642
46114
14249333
52674
46082
46722
14080336
52802
45057
14257461
50434
45793
14248788
50690
44898
14269781
67618
47105
14136497
59138
45666
14323608
54721
45442
14315575
53954
45601
14313655
63907
46369
14275893
55426
44673
14291222
57122
45633
14191059
55298
44898
14281334
68674
46241
14132561
56194
46881
14250548
54402
46786
14237045
50338
46433
14314135
55746
46145
14163122
54433
46849
14236532
52290
45249
14270869
53858
45601
14271605
61154
47009
14143377
59074
47330
14243669
54178
46721
14265653
55106
47138
14222068
60578
47778
14196723
51458
45442
14240565
49794
45858
14259573
53986
45889
14236244
60930
46018
14129232
57346
45697
14248469
52449
45346
14276566
54050
46721
14262389
67842
46594
14184274
53185
45537
14258613
51426
45058
14247957
51394
45762
14267829
55554
46050
14221172
52129
45441
14255957
54882
45314
14212596
53185
45346
14258965
58338
59618
13619136
55233
47202
14088912
55522
46914
14143985
52418
46690
14250229
67842
47873
14189682
52450
46337
14277622
57090
47042
14159826
55778
46881
14219539
67106
46626
14219412
59330
47298
14262774
52546
45154
14256245
52545
45697
14259861
278441
45858
13964811
54626
46370
14272854
54914
47458
14240853
55233
44994
14316727
60962
45954
14162226
58242
47074
14231509
52482
46881
14288854
53922
46018
14264790
57474
45889
14203795
55394
45602
14239860
53154
45282
14246261
58818
45410
14231412
62466
45793
14203251
53794
45633
14278677
52898
46306
14234164
53634
46241
14246772
61698
46625
14182034
53729
46626
14262005
53921
47266
14312183
56674
45602
14315927
67234
45826
14234868
53889
46274
14306071
52834
45953
14304886
60866
46401
14228724
59426
47042
14230580
59810
45922
14276534
58498
46114
14194099
54370
45281
14249173
57314
46657
14213907
56546
46626
14228820
53666
45154
14248213
53281
46210
14255157
61890
48001
14199731
60002
45505
14230964
50178
44705
14262261
55553
45793
14124913
69026
46722
14227860
53250
45634
14255861
53506
45442
14254453
59042
46625
14176434
67266
46018
14267766
56738
46753
14146033
58850
46690
14211028
52610
46081
14265333
52834
46689
14219604
53121
45409
14242708
50593
47041
14236116
53634
46337
14247829
61122
47425
14216755
51202
46081
14255381
54369
46017
14267893
57474
47041
14241716
55234
46337
14229716
54050
45314
14240725
53762
46274
14301847
52961
45729
14246900
56258
46466
14222996
58818
46210
14264630
54209
46625
14257845
54050
45922
14249365
55554
45825
14224500
54690
45986
14264950
53570
46210
14244789
54466
46561
14268373
59810
45601
14257078
53058
45218
14255285
55298
45890
14264438
55490
46562
14276437
67554
45249
14186194
58306
46497
14258133
51874
45538
14267446
50626
45281
14282742
58018
46337
14243412
58594
45665
14294038
52258
45217
14243188
51618
44769
14259125
54689
46465
14207507
52482
45473
14285910
52610
46050
14228372
56386
45442
14301943
53505
47809
14198323
59586
46690
14007052
55042
45506
14257621
54434
45570
14262294
66626
45697
14250997
56770
47681
14194611
55777
47873
14221204
57026
46594
14252597
69378
46369
14228820
55842
46274
14251349
56706
45441
14245588
57569
46913
14260917
55522
46657
14174738
55490
46465
14244980
53410
46562
14270582
54818
46049
14225940
57153
46402
14227829
53826
44801
14302839
52226
46018
14264149
54434
46370
14254549
52449
46849
14210515
51906
45698
14276374
58818
46433
14287894
55105
45921
14195283
71554
46113
14092815
53313
45729
14233204
53922
47170
14265365
58082
46722
14279894
59554
46433
14235988
55394
46977
14251605
57314
46401
14293814
54977
47042
14266293
53986
46530
14206484
52578
45985
14314455
57186
47169
47426
14055887
53762
46593
14276085
59618
47234
14216884
55394
46145
14237236
58754
47234
14241941
51586
46913
47010
14108592
55650
46369
14234548
60002
47074
14226612
53410
45410
14272054
58178
46754
14241717
59490
46433
14219443
53602
46753
14287510
55106
46722
14229972
56130
46402
14136113
61538
48194
14121713
60354
47746
14127409
61826
47713
14212211
55714
46274
14125937
54337
47266
14251572
55234
46337
14233492
54305
45953
14240884
51234
45825
14243476
61410
45857
14238036
57762
47106
14277590
53474
46049
14247732
59170
46818
14237941
58082
47489
14208467
53698
45601
14267285
55170
46241
14287638
52514
45506
14250901
52225
46817
14262933
50946
46146
14261077
52354
45857
14255381
52994
45922
14261301
53954
46753
14193043
53538
46978
14284566
53122
45889
14257237
52226
45090
14267637
53506
45314
14205107
59074
45794
14250293
58530
47586
14228692
55714
47266
14236405
58946
46593
14222228
55234
46274
14239253
53858
46721
14260309
58626
46690
14241845
55841
46241
14221331
56610
45506
14278454
54369
46818
14280661
59554
47137
14248501
54818
46882
14214580
54082
45889
14276757
53633
46594
14312151
52674
45377
14308534
56449
46050
14260597
57730
46370
14289238
51746
47266
14244213
55361
45729
14248340
55874
46562
14206836
54530
46049
14308247
59426
46049
14145457
55298
45601
14240148
55202
46338
14218964
54978
45697
14265653
55586
46146
14239029
55362
45282
14255413
55042
46497
14210419
50881
46498
14308567
55458
47073
14238740
51650
46402
45538
14099792
52002
46241
45857
14098608
56001
45089
14266453
58274
46018
14262101
55745
46145
14232756
55426
45378
14240309
54818
46338
14245653
58658
47105
14277526
53634
46657
14296694
58978
47202
14225876
53826
45506
14262390
58146
46274
14261045
54626
44961
14248597
58562
46241
14206643
54305
46178
14260597
54178
45985
14269973
57506
45474
14281910
54690
46754
14233332
54145
46594
14289014
54241
45410
14315031
55810
45890
14275222
54689
45729
14243060
52769
45762
14293910
58690
47106
14308887
58178
45634
14300791
56642
47457
14160402
53474
46081
14278933
53250
47425
14213044
53154
47521
14271093
54818
47041
14162706
53729
45633
14253685
54498
46434
14207668
52674
46242
14248917
51650
47138
14233877
60450
46658
14243349
51778
45826
14252533
48577
46946
47073
14120176
55842
46369
14100976
51426
45953
14250101
51714
47266
14290582
53473
45378
14272086
53889
47265
14251605
51393
46082
14271926
54338
44738
14251061
50882
46082
14262773
58402
45377
14235764
52993
45762
14254037
53250
45153
14277333
52833
48450
14265366
52001
45985
14248917
54273
46561
14253909
51266
45858
14253493
53282
45985
14234548
54753
47489
14233236
52065
46242
14250517
52258
45473
14260469
54466
45953
14303862
53410
45089
14227348
51522
45474
14254869
52002
46626
14245045
50177
46273
14246068
54273
45601
14222548
50690
45058
14256149
51330
47426
14250869
55042
49921
14166290
56834
46721
14199283
52449
46241
14231892
47201
92035
44641
14056462
51330
44770
14276566
50753
46882
14249301
58530
46530
14183827
51042
46305
14262069
58786
46369
14249109
51201
44962
14252629
52322
45889
14256501
53154
45697
14240660
53858
46465
14246005
58946
46690
14216628
54658
46562
14264502
47970
46561
44770
14104464
55042
45377
14314999
54882
46274
14246869
57954
46913
14273557
52674
45730
14132657
50850
46657
14269365
54690
44897
14254389
57346
47298
14161969
54370
46177
14266005
54850
46530
14283734
53922
45890
14254325
54081
46977
14243124
50401
47394
14295703
51586
46562
14249108
54690
46753
14235476
54306
45057
14234452
53122
45601
14322999
54753
46881
14236532
59458
46722
14232277
52514
44802
14258421
54466
47041
14240821
53953
45761
14263829
55394
45762
14224852
53473
46433
14255797
51970
46178
14260181
54882
46818
14259350
59522
46689
14161714
54210
45697
14223508
49858
46017
14271605
53826
45954
14253269
60482
46689
14108912
54562
46306
14226964
53409
46753
14230100
60066
44961
14209811
56034
46178
14215476
57474
46594
14220404
53538
46658
14238293
52962
45922
14232308
59618
46817
14195987
52513
46178
14247893
54178
46082
14272982
54658
47362
14229204
55458
46434
14198355
55105
46945
14236116
53378
46978
14244117
54497
47073
14238996
55201
45761
14215284
57666
46850
14254549
53090
46754
14227156
65890
44865
14240405
55970
46146
14099376
57442
45698
14239861
56642
46690
14225428
59042
46242
14242517
60194
46146
14204115
58882
46113
14230036
58850
46626
14253941
56130
45217
14234452
60642
46242
14168434
60418
45090
14232820
55746
46402
14242421
54210
44897
14240756
54594
45730
14226324
53698
45698
14252693
59330
46242
14248885
54817
46273
14252405
59618
45345
14233652
56929
46786
46593
14099375
56322
46018
46114
14090800
54978
45185
14245748
55617
46177
14231636
54242
44993
14247156
54690
46978
14244469
60834
45570
14218195
55169
45761
14233972
54434
44801
14243348
59810
46818
14235797
60226
46433
14237460
55234
45377
14219988
54114
46113
14234228
53122
45634
14246741
57250
47010
14229076
59618
47106
14210868
54050
46402
14253813
56002
47105
14222260
57441
45761
14235508
54882
45122
14239220
60066
46561
14269622
53633
45250
14277782
56578
47778
14216596
56514
46306
14200243
55010
46721
14230644
56770
45761
14236660
58626
46593
14231668
56290
46402
14229781
54562
46593
14250517
56866
46402
14152626
54658
46433
14206131
59682
46018
14183378
58050
46690
14241813
58050
45793
14227860
56738
45250
14230261
55521
45665
14193203
55938
47010
14238773
57378
47714
14205140
56706
46722
14195379
56482
46786
14218324
54434
44833
14250388
54210
46178
14251413
52417
45793
14252052
58850
45282
14222868
54306
45122
14266997
54722
44417
14245813
53858
44866
14272022
57794
46210
14145138
59906
47618
14223380
56418
47297
14229940
54913
46626
14252821
59266
45698
14204980
59042
45761
14240052
55074
45697
14246197
52546
53154
45921
14109104
54882
46274
14230100
55137
44961
14246196
58786
46690
14241621
56002
46978
14207508
54978
46434
14211860
59714
47042
14223124
55266
46754
14232404
54082
45633
14273429
58082
45697
14208563
53506
44353
14258677
57346
47554
14239381
54402
44578
14259797
60258
46594
14166866
58402
45570
14241621
54626
45986
14255189
54049
46146
14261973
59106
46242
14228308
54754
45761
14240084
55842
45857
14243828
55394
45890
14238261
59586
46242
14084911
58850
46178
14255157
54722
46945
14262709
55842
45441
14249045
54722
46593
14204435
54786
45953
14239156
53858
46306
14251797
57506
46593
14250517
55682
45698
14213492
59074
46017
14241556
53218
45793
14260021
53697
44642
14263509
55970
46913
14173394
54146
45121
14239636
53954
45249
14218388
53474
46241
14268981
59106
46018
14212724
54658
46946
14256213
53313
46274
14270422
53122
46177
14263701
55298
45602
14232949
54946
46017
14239476
51298
46177
14252020
59394
45282
14238581
55874
46402
14246901
55329
45218
14288598
59362
45761
14226708
54178
45665
14272149
54786
45569
14230293
51169
45985
14239476
54690
44705
14264278
58530
46050
14265205
54785
45761
14231700
53986
45218
14280022
55554
46722
14206227
55362
46465
14240564
54914
46146
14211700
53602
45665
14264469
53121
47042
14269558
53538
45761
14268437
58146
46721
14231572
54626
46209
14241684
51938
46433
14290390
54721
47009
14196755
54945
46657
14247829
54210
45794
14256213
55137
45729
14115760
50530
45473
14310359
59042
46785
14262581
54146
46562
14205715
53729
45922
14267830
54370
45858
14223668
57986
45122
14198067
54401
45890
14241845
50145
45506
14294902
51106
46625
14319383
50370
45441
14232244
52481
44962
14271094
51266
45985
14266741
53186
44994
14285526
59298
47074
14136305
59170
45762
14235317
53249
45666
14289014
53410
46113
14249493
54466
45345
14207796
53122
47905
14247701
53505
46881
14237780
52962
44449
14248629
54498
46306
14221588
54018
46050
14243125
54050
46690
14253493
52514
46946
14236789
54562
47426
14217108
50530
44225
14262773
53602
45729
14231700
53858
45633
14239636
53986
46498
14241845
48897
45090
14291574
52801
46817
14257429
52161
45602
14252885
54241
44961
14239636
51169
45633
14247284
51202
46049
14259221
52161
44578
14274838
54017
46562
14237941
55618
44961
14267029
50466
46241
14250357
59810
45762
14239829
56257
46753
14206579
53281
45473
14223283
56738
46049
14246932
58561
46145
14255637
59490
46689
14091567
56226
47042
14232661
55266
46945
14238836
55810
45794
14238997
59426
47105
14227508
54273
45313
14261686
65539
46273
14237524
53185
45025
14250708
59138
45634
14222868
53026
45538
14240981
58946
46818
14246869
55362
45825
14249300
54561
45666
14234517
59362
46593
14280245
55874
45634
14241141
58178
45697
14244244
55170
44289
14215508
59394
44993
14246644
55074
45570
14247029
57601
46145
14261205
55425
45794
14505118
58658
55650
14016813
88099
46690
13969708
53954
46178
14287350
59778
45537
14183090
59938
46849
14198419
52450
46402
14245909
56098
45409
14303190
54690
44674
14295478
54657
45954
14178771
54306
46498
14264661
55394
45761
14292438
65890
49666
14083696
56674
46690
14235733
60994
47425
14186387
60994
47553
14228724
61698
46241
14203603
53442
47010
14196147
57890
46817
14236980
55810
47393
14220756
57186
46434
14158993
58306
46497
14256533
59074
47137
14249908
56610
45505
14252501
45954
29249
14275126
71234
47490
14042286
57570
47265
14034061
57570
47873
14264981
56418
46690
14172850
55330
45409
45601
14109328
53953
45570
14258421
56290
45314
14259957
54978
44802
14230132
58338
46817
14223027
55586
45090
14251829
54818
46050
14254261
54978
45281
14220436
52417
45185
14259029
52578
44674
14220948
52930
44610
14298454
55234
46082
14217268
54562
44769
14239284
53569
45313
14270134
56098
44642
14301431
54498
46530
14216404
52898
45442
14291574
54946
45410
14239829
51266
45346
14294390
53858
46113
14254133
55714
45346
14232724
55202
45026
14242357
54786
45122
14245269
54914
45762
14216244
53921
44577
14254261
52066
44034
14251573
52674
44641
14294230
57634
46433
14223220
51906
48802
14263157
53282
45794
14235509
53570
46882
14251925
58338
45601
14219924
54977
44929
14248405
54338
47554
14240501
52930
46498
14272630
51522
45217
14261397
58626
46177
14176082
54113
46049
14256949
52002
46657
14265045
57218
45953
14194515
65987
47106
13952203
53793
45825
14138001
60226
46337
14238836
59042
45569
14112752
60098
47073
14188947
57538
46978
14186835
58210
47842
14291414
53538
46626
14261014
51778
45602
14291350
54593
45793
14251989
50529
44897
14305142
57698
45218
14212948
58946
47298
14222356
51682
44610
14293910
55522
46433
14213811
60066
46114
14263446
51042
45250
14312599
56226
45697
14249333
48994
45378
14312119
53538
44738
14237941
50786
45249
14262229
50018
44321
14279062
52706
45697
14280694
58433
46402
14181427
58562
45665
14294870
54274
45217
14262709
56642
46210
14196307
54946
46977
14201683
56162
46721
14291446
52001
46273
14250869
52545
45537
14282870
53026
46561
14257269
52225
45697
14286646
56801
46882
14167986
53217
47265
14252405
50946
46017
14296630
50689
45921
14316535
51362
47041
14296886
59138
45442
14184819
56450
45250
14272502
58946
46561
14157426
54882
45986
14224468
53985
46017
14234132
55490
46177
14236180
56290
46658
14263126
56578
45154
46721
14105712
54978
46306
14276022
58946
46497
14199827
58882
46690
14247477
53922
47234
14127985
51233
45314
14297495
50658
46274
46146
14093424
50401
46753
46722
14111952
55810
47458
14264021
52289
45666
14293654
53026
45794
14272598
57666
46946
14275350
58017
46018
46273
14049230
52930
46658
14229045
59682
46466
14241781
50465
45601
14256501
58754
46722
14233492
53666
45250
14238549
54210
46145
14246772
52002
45665
14242932
53857
46562
14326648
55042
46786
14197971
54178
45697
14292950
54530
45090
14227476
55458
46114
14245557
51330
60642
14215156
58402
46914
14166739
55201
45601
14214931
51073
46306
14262390
52770
46081
14269365
51298
46402
14265750
49858
45601
14281430
50210
46145
14275222
50146
47041
14344504
64931
49698
14141586
60194
48449
14234676
54498
47138
14232085
55201
46881
14240340
54433
46658
14292983
55490
45729
14189842
54657
47489
14225396
52322
46881
14251509
54690
45730
14202612
52322
45633
14259989
53505
46721
14268565
54817
47713
14248340
55202
45794
14251285
58625
46017
14240404
54626
45505
14257845
58210
46145
14277397
55457
45057
14161810
59426
46785
14277045
54754
45761
14277973
55618
45985
14213043
51713
45954
14255765
50370
45762
14270678
50242
44929
14270869
51394
45249
14264309
51778
44866
14268054
53090
45986
14250613
52482
44705
14242452
51074
45601
14271957
51970
45345
14265877
53729
46305
14201395
54914
45986
14238965
51010
46786
14229044
57250
46945
14216787
59522
46721
14259893
55074
47138
14270294
54466
45025
14310103
52034
45538
14266069
58306
46466
14276342
55714
45218
14320183
52578
45345
14265717
53922
45154
14249685
50977
45250
14269366
58242
46178
14226356
50978
45793
14274453
57090
45794
14224788
60546
46338
14146098
52450
45185
14298550
52098
46113
14251253
51362
46562
14255893
52642
45089
14264149
51746
45442
14257109
51426
45601
14263637
51841
46626
14250837
52225
47553
14259381
52802
46178
14272982
56482
45794
14204116
59265
46690
14272310
54402
46050
14215636
58690
46465
14229364
59522
45954
14175699
51521
45697
14255413
53634
45473
14244917
54754
45857
14147377
58370
45313
14261717
57346
46050
14264085
52289
46242
14294743
53698
46690
14244661
56898
46465
14309271
51713
46018
14273366
54977
45537
14250484
59266
47138
14244341
53825
45314
14285494
59074
45730
14182035
54114
46786
14237620
53313
46721
14258549
50273
44962
14297079
51041
45314
14272566
51714
45441
14280341
56802
46338
14301431
49154
45089
45345
14128592
48225
109091
46113
14081359
52418
47009
14324375
54882
45250
14253205
54466
46850
14245045
55362
45570
14273270
60002
46849
14172818
54018
44514
14244917
55074
47265
14256085
49954
98851
46082
14078927
51393
46113
14284502
52994
46050
14275734
54402
44866
14234389
53890
46818
14236244
52609
45506
14242741
52449
45601
14248244
54722
44066
14260022
52738
45697
14258197
53698
46146
14268086
54082
45026
14271093
55905
46561
14183379
54786
46242
14210324
51457
46178
14254517
51234
44705
14287990
49601
44801
14323287
51457
46145
14297942
50722
45857
14246420
52482
46242
14242645
49250
45185
14239892
53377
46114
14140466
51298
45122
14254133
51617
45953
14302166
53602
45730
14252213
56290
45921
14169970
54306
45922
14263893
54369
46017
14463835
57314
47394
13946154
54274
45538
14301207
55746
45889
14266741
52450
46017
14250965
51234
45442
14258133
53953
45569
14252597
55010
46626
14284054
58370
45954
14307031
56162
46625
14227668
59842
46433
14217363
53570
45410
14184979
55649
46273
14247509
50594
46594
14242773
51042
46113
46913
14126705
52865
46082
14291414
58914
47010
14231925
55681
46369
14238132
57314
46369
46562
14105296
53729
48258
88579
13917194
53666
47042
14225076
52994
46722
46689
14117712
52193
44098
14266293
51617
45186
14211315
52610
46690
14252917
56994
46434
14155378
55266
46018
14244213
54690
46818
14271798
49857
47425
14244148
58562
45954
14274102
53505
46722
14286678
58754
46178
14248757
58818
46114
14271509
54817
46114
14182643
59009
46177
14237524
51170
45634
14273782
53793
46433
14259829
55202
47714
14306327
55106
47841
14181650
54626
46210
14267062
55649
46529
14087151
56002
46689
14294838
50785
47073
14248660
55234
45793
14284598
54338
45953
14291062
55297
46050
14309239
52866
45954
14264790
57090
45985
14255829
52065
46593
14243828
52993
46274
14310903
53442
46306
14278134
57282
46338
14215060
57697
46753
14221140
58658
45922
14225108
57858
46561
14245589
66850
46370
14282358
54050
45537
14241780
56706
47266
14251413
54882
46529
14249333
54114
45282
14255701
53505
44994
14257974
53346
45666
14243252
52641
45089
14246676
54433
45729
14273333
54306
45281
14254773
58946
46241
14196819
52546
46242
14233108
55810
45602
14258773
55938
46818
14176051
59266
64258
13814567
58018
46146
14238901
54498
33025
14203443
59298
41602
14081679
64130
49378
14001324
59362
47874
14261365
54050
45058
14212436
54658
45793
14239444
55682
45986
14179347
53506
46625
14255829
58466
45825
14266101
58946
45922
14273910
54914
44642
14279862
54274
45633
14256917
59522
44353
14245684
52194
45921
14258357
52545
45441
14245876
61730
46465
14125585
55938
47265
14224212
54530
44865
14241076
53538
45538
14278582
51394
46145
14265461
55714
46402
14253013
51426
46497
14300567
54946
45570
14235252
58529
46305
14272885
54690
46754
14301815
58498
46113
14298966
54401
46177
14230644
53378
46530
14223668
52354
45922
14268310
54274
46529
14241076
54754
45218
14268566
52642
45569
14239284
54497
45281
14275477
55330
45889
14160689
59874
46946
14187314
55714
45442
14205588
56034
45250
14143281
53506
46146
14221428
55554
46050
14227028
59010
45889
14229268
57762
45697
14251956
53314
44577
14276950
56290
45953
14187474
53986
47329
14231572
59362
46050
14243477
54530
45762
14285878
54817
46786
14253141
57378
47073
14251477
58338
45890
14256021
54177
45826
14301751
55522
46977
14236244
52033
45442
14263798
51201
45090
14240021
58562
47202
14245589
51618
43745
14249844
52546
45665
14262677
51266
45602
46465
14068143
59650
46369
14255605
53186
45921
14295286
57858
46914
14204755
54114
46242
14260885
55714
45474
14153682
52545
44897
14296822
53249
45601
14264373
58465
46241
14240756
58498
46337
14229236
52417
46081
14246420
53762
45762
14246805
53314
45345
14244020
58178
45890
14238037
53346
45601
14251925
54082
45730
14245013
53154
45154
14267061
56674
46402
14233173
56865
46849
14238740
52994
46082
14236533
58402
46274
14229684
53442
45410
14241109
58626
45570
14231444
54114
45825
14264342
56930
47042
14257141
56002
45890
14264566
54402
46178
14284822
53762
45665
14245493
49634
46017
80995
14049134
55234
45441
14258805
57025
45922
14256822
55841
46081
14255669
54081
75235
44738
14079023
56514
45570
14273334
56866
46177
14294806
53154
45250
14298807
52738
45602
14286902
57314
46753
14214292
53954
45473
14248692
53889
46178
14260725
54594
45954
14246261
54114
44994
14271318
55042
45857
14227988
57250
47202
14265142
58146
46082
14257525
53314
45986
14262421
57954
46241
14216723
52674
44737
14251157
54082
46081
14288534
53986
46497
14226100
51394
45794
14269973
51266
45122
14158898
50145
44834
14288086
53314
44897
14271510
50818
45377
14248468
52961
46082
14277686
51393
47105
14312535
73410
50561
13931082
63906
48546
14085776
59490
48034
14213716
54946
46049
14261973
54146
44545
14224596
54689
45825
14249972
53666
46241
14250005
53857
45793
14250644
52930
46433
14249813
55138
45249
14234644
58882
47202
14241941
52866
46338
14258421
53634
46401
14231604
53345
44961
14272213
58850
46434
14174738
55426
47042
14266165
58786
46530
14214740
54658
46914
14232116
54465
45761
14256149
52194
46402
14264181
57026
47490
14256085
53218
46401
14240084
54754
45858
14249173
53378
46337
14260821
58946
44321
14225652
57314
48097
14207795
58498
46690
14203508
57314
45826
14216628
60642
45858
14174418
54466
45282
14229812
52866
46209
14262165
58754
45601
14258165
55842
44994
14245269
53922
44418
14233076
52706
45346
14249525
55074
47618
14263829
54978
44897
14262901
54658
45698
14264725
54146
46177
14236436
55458
44289
14266165
56002
45634
14123121
55234
46529
14205683
57474
47265
14229204
55170
45025
14255317
53442
46722
14204948
59458
45922
14222932
53442
46529
14260341
58434
47746
14210868
55298
47490
14226484
54145
44801
14222708
51106
46209
14290390
53378
45730
14326264
51330
44641
14269013
52066
45505
14270133
60450
47010
14198963
58594
46721
14176755
53026
46369
14237844
51074
45026
14269430
57057
45473
14234484
55458
46274
14291415
51906
46786
14215828
55746
46466
14252501
55394
46177
14246197
59170
45602
14128273
55778
45922
14261493
54242
45793
14206739
52578
46881
14301046
53634
45474
14324536
57378
45857
14133777
56066
45570
14250037
55010
46978
14259765
54402
45825
14232116
55170
44610
14252437
53250
44193
14275157
54914
44610
14283094
55234
44258
14296726
53762
45890
14255573
58050
45185
14291542
54178
45441
14302038
55361
46050
14191763
59202
46050
14185875
55585
44737
14198643
55554
46498
14259797
56098
47298
14210804
54690
46370
14243541
51266
44609
14241397
56129
45953
14143409
53026
46114
14215764
54466
46081
14303510
51522
44801
14254837
55586
45954
14259733
58017
45602
14260566
56578
45314
14203028
54562
46274
14231572
56578
46273
14175826
52770
45282
14246453
50433
46402
14250677
51458
44994
14268470
51842
44609
14277429
51906
46209
14310774
54242
46689
14241140
54242
45986
14244725
54018
45537
14250389
58433
46721
14189779
54018
45793
14269365
55266
45249
14268853
55233
46882
14253685
52066
46113
14229588
56162
46209
14148881
58818
45410
14212436
50498
46562
14279606
55938
46210
14260213
51362
45537
14247285
58561
46177
14231700
54178
46114
14274358
59330
47009
14228948
55202
46370
14163954
53826
45281
14263093
52546
45954
14260725
51361
45122
14324599
50722
45185
14326359
57890
45282
14176691
53249
46018
14253205
52962
46209
55458
14050670
58722
46978
14265302
51938
46306
14241493
53089
45602
14251381
52418
45697
47650
14052942
49313
54594
46017
14089967
52129
44514
14306263
50017
45217
14256501
57954
46273
14216660
55138
45378
14135185
57474
46050
14240021
55362
46562
14227637
55265
46657
14208083
53121
46594
14244692
54658
46370
14318103
54114
45378
14244693
55522
45313
14211379
54018
43649
14239348
54850
44641
14275221
55458
45953
46498
14086608
54818
45217
14229620
51618
45794
14261173
58114
45474
14235445
53538
44738
14261942
50274
45441
62018
14052078
56450
51650
45282
14081071
51362
46529
14252789
51522
46274
14262710
54114
46658
14219219
53986
45697
14241012
56033
45281
14263253
49953
45506
46082
14096527
56162
45922
14224084
54210
44866
14224756
55522
45794
14263862
55618
45825
47426
14075919
55297
46017
14190867
56386
47330
14198675
54434
45857
14229812
53890
45346
14253301
55297
45601
14200083
57634
45089
14232948
53762
46529
14254005
52258
46402
14259094
53410
45506
14213235
52930
46434
14264694
58594
46081
14160018
53250
46594
14230645
59649
47105
14204755
55970
45698
14268693
58562
46497
14232212
59106
45794
14236852
53922
45794
14205747
53250
46721
14219219
54882
45602
14242005
58402
45697
14113936
59266
45538
14221779
52674
45474
14257013
54306
45505
14277878
55553
45794
14223316
53346
46242
14217716
54370
45249
14244340
54018
45794
14252661
57506
46817
14238836
57026
46017
14220564
55618
45249
14273365
54274
46178
14188051
53346
45441
14224020
55202
44897
14211924
53665
46081
14228660
58401
45601
14236372
54402
46274
14209940
59458
47618
14190835
60130
46497
14162258
52353
46050
14253077
55010
44929
14214675
59650
45729
14209107
58145
46369
14244917
59746
47329
14233268
54882
44834
14244789
54242
84323
14151793
53410
47106
14206612
58433
46721
14236500
54914
46786
14231860
58498
46242
14201812
53634
46402
14265909
57634
48002
14164210
58210
45633
14241972
59106
52034
14033486
54594
47266
14274166
68514
47425
13999981
61634
46626
14118321
56706
43362
13650657
67042
48258
14084176
69027
47266
13997261
67938
48770
13981003
119395
53506
13749413
76579
53570
13897545
68195
51969
13951787
65058
48642
14075855
60322
46882
14026701
53986
40321
14085423
57506
46657
14133425
59746
46530
14086928
54562
46305
14234932
57762
47458
14188531
59490
46018
14225972
57570
47042
14241653
55586
46593
14214452
58530
45857
14237492
59202
46210
14233844
58658
46785
14239508
58498
46658
14208020
58786
46081
14235380
57249
45601
14208371
55490
45474
14245397
58530
46274
14197363
54306
44961
14289430
54434
45794
14259733
55042
44897
14278998
55426
44545
14255733
53186
46561
14266741
53313
47138
14274454
54338
45089
14238004
56898
44674
14215764
50626
54274
45793
14091440
53378
45666
14246101
52321
46434
45730
14102320
49826
54113
49410
14058991
53442
45602
14258901
53858
45154
14242261
57921
47201
14234420
55202
47682
14204691
55906
45409
14276822
53794
44449
14240820
54690
45729
14262037
52578
45569
14248181
53986
44642
14258293
55233
46785
14224532
54081
45153
14242900
57378
73795
14197363
57409
46818
14254292
53762
46050
14260437
55777
49666
49218
14019981
52865
54786
52674
14018477
61154
48706
14157233
49313
86019
45825
14080047
52930
46050
14144337
52866
45826
14229012
54658
45794
14241397
51905
47586
14256117
52674
45474
14241749
49858
45121
14240916
52449
44993
14263798
48386
44641
44225
14109360
52450
46273
14279062
52162
45441
14250421
52385
45666
14252597
58178
46466
14195571
51362
45761
14270389
54754
81186
14203827
49890
46690
14275542
54466
46497
14277942
55425
44866
46498
14106609
51361
45858
14263413
54818
45281
14262421
69186
46658
14025262
54498
45825
14234420
51714
45409
14278710
53249
45057
14257686
59746
47010
14143954
59586
45985
14220660
56257
51489
14113232
58818
47074
14306006
55330
45953
14211379
66979
46626
14295158
52034
87651
14199731
54306
45794
14242037
51042
46017
14237012
52930
45986
14252565
54145
77923
14222836
55202
45249
14259157
55425
45698
14261878
54113
46433
14233172
54146
76451
14255061
55714
45313
14181554
56770
45569
14234228
54881
46689
14239476
54850
93187
14158354
51521
46369
14276917
52770
45410
14243285
53218
44706
14312375
52514
45633
14312119
57281
45698
14073007
54754
45505
14242965
55106
45954
14324759
53634
46113
14289814
52514
45410
14255893
55330
46049
14272981
55554
45921
14188722
59650
92003
14178866
53378
44993
14318424
54209
44417
14250452
55586
45986
14205875
51810
76355
14228949
52321
45410
14296535
54050
45281
14241332
57250
45729
14173362
55042
64994
14186867
54722
44897
14275157
49986
44129
14316343
54306
46690
14221140
56802
65474
14106768
52354
46594
14271734
51489
44993
14257685
51649
45602
14336472
54306
53954
14156466
53730
44993
14277142
52513
45858
14276022
50433
45442
14275862
51778
87587
14211699
53985
46018
14264534
53058
45538
14283830
49314
46594
45857
14103472
49473
58722
47041
14080367
51905
47714
46465
14032846
53282
46338
14258389
51490
45954
14278966
53122
91459
14213044
52226
44706
14282934
51681
44610
14256821
47426
84643
45666
14053775
47937
48034
45858
14088048
53089
46049
14233172
52482
44001
14236340
53954
45058
14277590
49409
98051
46210
14040590
60098
46946
14146994
59650
45985
14298262
61634
46882
14062895
58274
47362
14199891
52962
45921
14274197
51874
46338
14256437
51746
45857
14253269
51394
45857
46882
14086608
50274
45986
45985
14124496
49282
46753
45218
14118096
50466
45601
14274421
52674
74146
14190386
52610
45441
14271829
51362
46274
45730
14109745
54018
45345
14280309
59330
52002
14129776
51938
46529
14268053
59874
46882
14202675
53409
45985
14235828
54178
83395
14214963
51810
46882
14259509
50177
46785
14273333
57794
47713
14173970
53314
47681
14195859
57346
46273
14241044
54594
45634
14256341
54689
45249
14252661
59042
62466
14199891
56546
46433
14183858
54337
46081
14264533
58402
45762
14282485
52418
78563
14234261
53538
45442
14278934
54178
45890
14275094
52354
46561
14312599
50050
119108
44130
14066479
56802
49378
14255957
58658
45985
14256277
51425
46721
14263221
55234
63650
14143122
51106
46370
14283766
49666
54818
46818
14134674
51938
47297
45954
14043022
51778
132165
45857
14025485
50178
45793
45346
14100784
55778
47106
14211252
52738
47394
14269622
53762
54882
14208819
54114
47041
14163794
52642
45794
14255253
53026
46338
14237397
52482
54241
14250005
58594
47106
14183219
55234
46786
14249461
61346
46433
14149073
58178
48545
14143953
54114
45377
14225556
58434
46754
14264342
53346
45153
14263893
52577
98500
14219987
51106
45985
14253941
53986
45249
14304087
63618
46145
14253013
52193
62274
14184851
51809
45121
14256725
55810
46273
14257141
61730
47074
14149842
56034
52322
14210867
58818
47169
14165458
56578
47138
14227828
53217
46081
14221876
52993
64002
14184626
58146
46466
14234388
55681
46433
14240852
53250
46370
14253525
54114
50434
14179506
58753
46049
14254965
59618
46017
14277206
54626
47202
14225044
60226
58626
14221652
53250
45570
14264629
54818
45313
14250389
58082
46114
14183155
54306
62242
14207060
54498
45314
14251893
55458
46050
14229908
51714
44929
46881
14096944
54882
64738
14184563
54498
46114
14248245
53922
45889
14249589
54017
45953
14238836
53026
60802
14171474
55522
46818
14254293
54466
46850
14272022
59073
47329
14116720
56162
49954
14166546
55265
45537
14204467
52770
45410
14238901
54722
45921
14245428
59106
56546
14170930
52386
46018
14249909
52994
45890
14246485
56769
46273
14259893
54306
46882
14102864
53090
45921
14247252
58530
46018
14584032
63618
48866
13849448
55778
61538
14239284
51809
44418
14340984
59362
45249
14290102
55778
46018
14219892
52225
64834
14152530
52225
45377
14296023
51842
44994
14255093
58017
46209
14268917
55522
55362
14229940
51202
45377
14291926
50754
45505
14281526
55650
45762
46018
14127473
50241
64771
14221268
53698
46050
14215220
55170
45185
14289366
51650
43745
14271605
57825
59266
14193811
50594
45089
14282326
53345
45090
14278966
49922
45409
45153
14147249
51522
56898
14213107
52994
45537
14292694
51554
45121
14258677
50082
45186
14263093
49890
51714
14202835
53634
45282
14259221
58274
46114
14147666
53986
46050
14263413
54402
51265
14262389
60290
46145
14241621
57954
46626
14212052
49506
82179
44385
14086895
51522
56482
46050
14084848
52482
45282
14104880
57858
45313
14337719
58306
46466
14176115
52482
48418
14184114
56834
45473
14249461
49634
45825
44545
14111600
47553
46466
44674
14143602
48930
76770
43841
14083407
51106
45665
14277269
56002
45985
14204371
54434
46690
14288438
101571
49698
13979692
62498
48066
14103856
58690
47201
14171410
56770
45666
14226804
76451
149189
13784582
70658
57090
13752197
80899
50145
13790310
76034
61186
13784325
65795
56802
13816807
80803
50401
13724836
63010
51042
13814854
60130
39809
14079119
68610
45826
13819399
48066
38977
14232181
55842
45281
14180498
57218
46402
14138994
59266
49378
14182035
54946
45762
14259285
55873
46498
14258550
68066
49473
12897736
59266
53282
14071759
63458
47842
12795365
57058
45985
14171250
60418
48289
14156113
60706
50338
14125169
55970
47137
14187026
55554
46530
14180659
58818
46722
14235701
55233
46370
14163122
56002
47394
14207668
59586
48322
14226900
67234
49186
10792419
64322
48289
14110672
59074
48225
14145969
57378
46818
14149458
57090
47234
14042542
58082
48578
14166610
108451
48545
13989516
58146
47842
14160722
60674
46722
14167507
54562
170630
47554
13855080
92227
42273
13211475
47586
31361
14353528
74530
45378
13897930
75330
28513
14118032
45026
35905
14362424
52898
42337
14276598
55394
45921
14238868
58530
46594
14147986
54594
46657
14254773
52962
46466
14220916
55682
46850
14235221
55778
45537
14193299
59362
46498
14194419
56930
46754
14218772
54241
47265
14218740
59298
45794
14190035
57474
47425
14099920
54978
47393
14195731
54241
46177
14215603
58338
45761
14177458
55778
46946
14202036
54721
47554
14190867
60482
47810
14163474
54978
47778
14158194
58146
46914
14178003
55746
46114
14224500
54402
46946
14206772
57570
47458
14142417
55138
46402
14212084
54882
46785
14213875
56322
46978
14207988
54946
45282
14198420
55170
45986
14216276
54049
46913
14217300
54722
46434
14211892
55010
49121
14191571
55298
46369
14207731
56770
47169
14195475
56194
45954
14217780
55329
49602
14179571
55266
46465
14080335
55426
47201
14220052
58593
46434
14194131
54689
46433
14190707
62306
45698
14154930
55266
47681
14205203
54914
46274
14194419
57602
51777
14168338
54530
47522
14195635
59522
47042
14210132
55105
47073
14209555
77410
45889
14116144
53890
46881
14193075
60258
45569
14199955
54529
45633
14223764
54338
46177
14180978
56386
47618
14194932
54210
46658
14216436
54434
46337
14211283
54817
50018
14164050
55490
45922
14200148
57538
45634
14227764
57665
46913
14207667
60578
47458
14125232
54690
46050
14216371
59169
46434
14167698
55138
47330
14202387
54882
47330
14173586
54593
46401
14234676
55682
46753
14180722
54050
33986
14250965
67362
50594
14013357
61122
48066
14153714
65603
47393
14129393
56802
48418
14183858
57090
50145
14152562
61282
46594
14203379
56002
47074
14204372
55938
45762
14175794
55106
50242
14148562
55778
46465
14214291
59522
47425
14191059
58306
46529
14212659
56514
50114
14178706
56642
45794
14199412
56514
46625
14194899
59618
46242
14076816
57058
47937
14178450
56482
45282
14208340
60994
47106
14183570
58370
46210
14174547
56642
50978
14160786
60738
50113
14188435
55169
46370
14190323
58466
46274
14213812
59298
50530
14119152
54498
45889
14188211
61794
48865
14137233
54466
46305
14185971
53186
46945
14172530
58018
46049
14195187
56642
47265
14159026
55394
46434
14177587
55234
46529
14165106
55681
46562
14187507
55618
44290
14197203
54594
46177
14194739
57826
47937
14183571
57505
48002
14152626
58242
47394
14187699
57538
47490
14153234
53794
46626
14155953
54722
47138
14202323
55106
45282
14215380
60290
47649
14144881
94755
47809
14073359
50978
45185
14255477
58146
48034
14176019
62882
50626
14074319
93795
52098
14038702
55746
45698
14226101
53921
46722
14181235
58914
46530
14192306
55170
48193
14166738
59042
46433
14197715
56609
46178
14190739
55234
46178
14200084
88867
48482
14120913
55298
47042
14231956
56354
47426
14236917
53474
45570
14287318
91747
46018
14112784
59810
47426
14113520
59266
46818
14237333
51778
46114
14237621
59298
47362
14187251
54306
46722
14223636
56770
46242
14229748
58338
45026
14231668
53506
46594
14241397
64418
48065
14094800
55618
46210
14163922
60642
47234
14203572
59970
49089
14162418
56930
44866
14231253
54145
46753
14224244
55586
44802
14235573
153765
46689
14082383
53250
44898
14246325
52866
45442
14233749
54658
45858
14193875
56322
46754
14218740
56321
46561
14230708
51426
45922
14241845
54849
46018
14246293
55681
45281
14175154
56226
46177
14244309
60002
48866
14128241
56002
48001
14162834
61762
47842
14025293
121604
47586
14040429
60770
48193
14151025
55842
46241
14178322
70627
46945
14045550
52994
48289
45953
14006189
54338
47777
46849
14009901
65250
48193
14072719
87331
48161
14109072
59138
48161
14168146
61026
47521
14048014
61346
47713
14127825
99364
47778
46274
13956523
55202
47778
48482
13994380
61570
48418
14096912
56898
48065
14167890
85987
46338
14130064
60322
47138
14111376
69890
48898
14151666
61954
46914
14007373
64642
47746
14113200
59522
47106
14113937
57634
46881
14190963
59106
48770
14038190
83938
47138
14146769
57826
48802
14113616
55746
48033
47457
14052494
55138
48514
47234
13942154
57538
46114
47138
13956108
52513
47202
47234
14035982
51682
46049
46082
14048975
51042
47649
45825
14054062
92931
47489
14150897
53186
46785
14199667
61506
47137
14192851
58498
47873
14181490
94787
47394
14113360
55810
47009
14175474
55330
47521
14202739
52001
48098
47138
14029038
69442
51681
45185
14057902
54818
46242
46114
14049518
56738
45441
14207955
57090
45985
14164434
78434
45922
14192563
54082
47137
46177
14013101
55074
47265
14164946
57986
45921
14203699
173990
52930
13796422
59521
47873
14086480
53474
46465
14166866
122404
46466
14094127
59202
50081
46690
13891466
52194
48673
46818
14011917
56258
46369
14153585
59586
45794
14165618
59874
46594
14118417
60834
47681
14151185
63362
48770
14081872
57538
48226
46945
13999084
91587
45697
45953
13960171
58978
47778
46562
14013133
62754
47617
14068431
57730
46337
14148689
53858
47650
14184978
54146
46945
14090127
51970
46753
46721
14044110
58946
46146
14177651
74754
46338
14210452
50466
46914
46274
14071727
55426
47073
14190931
60770
47426
14191507
87811
45442
14139793
49442
46977
46529
14071855
50594
48129
47042
14050350
58882
46946
14178099
63362
46722
14088559
60674
46561
14183730
56578
46913
14186835
54018
46593
14184978
88931
45986
14127633
53378
45570
14194195
53858
46177
14200659
56642
45090
14209396
60610
47106
14130161
56738
46817
14195251
57186
47426
14172178
55170
45793
14194003
91235
46977
14126833
55042
46722
14175122
60674
61346
14112625
59810
48002
14197747
74595
49857
14010637
63682
48450
14073871
66562
50306
14016494
60002
47169
14167154
60418
46178
14146002
57346
47554
14128977
66978
48738
14039886
59394
48642
14099375
56098
37089
34433
14047342
57026
32769
14247221
75491
49442
13982572
59202
48065
14088656
70786
47042
14037837
62594
48930
14075024
61794
48033
14100208
67427
48642
14057391
74339
47521
14046190
70018
49026
13990765
53858
36674
14229844
56577
34913
14009100
53505
93283
13913802
74242
53538
13899050
67842
49314
14029326
64195
49570
14074895
63906
134309
13936555
59073
47105
14122832
62754
46882
14130353
60194
47170
14127248
63906
47426
14002413
63106
46114
14142481
64131
47586
14075535
61250
48066
14108625
73154
50785
14084911
59650
47266
14114673
59298
48129
14131185
60450
44705
14159250
63715
49378
14078383
59522
46594
14142129
57697
47073
14123312
61442
46689
14141137
64066
46785
14085999
57250
48737
14131537
60162
46946
14139953
60802
47105
14163058
77250
49986
13935979
69251
48673
13992716
56514
33473
14197907
55362
33697
14099120
51681
32033
14223028
76291
49953
13929354
71586
49762
13997773
73603
48034
13982572
72227
53441
13948715
75426
54658
13943179
72322
50914
13590335
66978
49666
14048430
59394
40897
14025902
60162
37026
14117201
53634
36897
14141457
47170
30401
14249109
84003
57154
13659457
64450
48929
14069839
64162
48257
14128401
66978
49346
14027982
60418
47649
14088975
59490
48066
14028686
58018
48514
14135761
59970
47681
14106768
77986
52578
13999116
61762
49314
14118032
58786
47777
14151122
59586
48065
14144817
69058
47713
14037230
57826
47361
14160722
57442
47201
14182803
64035
47393
14107152
61378
47234
14102352
62626
47330
14152049
58369
47425
14127793
61378
46561
14142257
59298
49025
14099504
58850
48322
14130193
55490
36641
14154002
54626
33121
14193363
64994
38370
14037165
50882
29985
14168850
41025
28065
14384153
53634
35393
14277910
68387
44129
14108881
63650
48225
14047022
63490
47585
14092975
58049
48353
14136529
66690
47746
14094831
57346
47426
14138193
58274
46722
14164978
61378
46178
14150386
63106
47682
14104816
55906
46850
14154290
57826
46177
14155954
57282
48642
14154130
60194
136581
47425
13853480
52674
47137
47713
14014477
53282
49505
46369
14005933
61666
46977
14140465
62018
46945
14126577
59746
46978
14151506
56354
47394
14149010
51970
47169
47842
14013709
