173958
48481
42241
41729
42817
41345
40865
40514
40609
40257
63363
41058
40225
40225
40257
40226
40961
42754
39522
40577
39265
39585
38913
47073
38433
38466
37633
38305
38690
38209
38849
37730
38561
39266
38433
38401
65922
39746
38977
38817
38882
38018
38145
38433
37953
38210
38433
37921
38241
38562
39425
37953
37794
38082
37537
37793
38465
38082
37665
37569
37569
38849
38338
40033
38369
40161
38338
37569
37825
37473
37794
37090
37793
37761
37825
38146
38210
38113
37857
37665
37890
37890
38657
37761
38273
37858
38338
38241
37921
42433
37314
37538
37601
37089
37633
37345
37409
37665
36865
37377
36801
39841
60226
36962
36929
37729
37601
37409
37601
38049
37921
37793
37281
36929
37217
36769
39105
37665
37761
37922
37666
37442
37794
37697
37729
37121
37185
37217
37089
45762
37473
36641
37026
37186
36162
36802
37250
37217
37153
36897
36993
37153
37057
38561
37601
36769
36897
37153
37537
36929
37377
37601
37185
37153
37089
37185
45601
38018
37473
37057
37089
38017
37153
37569
38305
36481
37409
37665
37217
37633
37442
37314
37890
36738
37506
37250
37474
37185
37377
37281
36897
37473
36801
36897
39361
37441
36513
37473
36961
37345
36673
37441
36929
37345
37409
36833
36993
46594
37665
37505
37697
39361
37505
37249
37569
37153
37249
37634
37410
37410
43202
37985
37345
37601
37057
37217
36705
36737
37345
37377
37505
37761
37057
37281
44129
37442
37186
37314
36610
37538
36866
37121
37281
36897
36577
36705
37345
36769
38561
37313
37345
36066
37506
37122
37346
36706
36962
36738
36769
36417
37121
46497
37378
37346
37666
37314
37217
39137
37249
37345
36834
37410
37698
36866
36769
38657
37121
37313
37538
37346
36610
36834
36609
36929
36353
36737
36577
36609
55106
37313
36641
36609
36961
38017
36673
37025
36897
37762
36866
36802
37090
36705
43105
37154
37474
37378
37154
37698
36609
37473
37761
39041
36706
37058
36641
37025
39170
36578
36642
37346
36770
36866
36514
37250
37570
36577
37121
36481
36449
44962
37089
37025
37377
37377
37217
36769
37377
37057
36834
36930
36450
36226
37090
37186
37314
37506
37666
37090
37537
37185
36865
37057
37057
36481
37217
36673
36865
39458
37314
38018
36770
36962
37250
37025
37185
36961
36705
36449
36993
36289
43842
37217
36609
36769
36993
36673
36929
36706
36962
37314
36801
37793
37217
37153
43170
36897
37089
37345
37217
37154
36898
36034
37505
36545
36993
36353
37025
36705
39137
37186
36898
37281
37857
37217
37153
36769
36545
37345
37217
37153
36673
43042
37057
37537
37153
36865
37249
37025
36929
36481
36449
36706
36930
36898
36801
44930
37441
37089
37857
36897
36769
37122
38754
36737
36961
37249
36705
36673
37089
38625
37634
37186
36674
36546
37154
37505
37441
37505
37089
36993
37281
37153
42433
37537
37281
37057
36545
36769
36801
36353
37473
37569
37089
36385
37025
37089
45090
37025
36353
38849
36481
36897
36769
37153
37025
36450
37122
36738
36674
57730
36961
36833
37025
36769
36610
37154
36738
36642
36641
36545
36449
37025
36577
43489
37346
37794
37154
38689
36833
36129
37601
36353
35905
36418
36290
36481
36385
41025
37730
37154
36802
38242
37217
37473
37441
37697
36961
37409
36993
37281
44866
37601
36929
38178
38241
36353
37729
37409
36705
36577
37601
36961
37409
43138
37633
37153
37281
37761
37057
36865
36961
37186
36642
36930
36769
37121
37345
45089
37122
37506
37250
36898
37762
36450
37218
37634
36386
37025
37089
36769
36513
36833
37281
37889
36961
36897
36065
36705
36577
36513
36738
36034
36546
36449
36225
38593
36961
35937
36769
36162
36578
36385
36801
36801
36769
36225
36577
36737
41377
36801
37441
37346
37218
36546
36674
37089
37249
37377
37089
37057
37089
36833
43938
36833
37281
36929
37057
37473
37217
37249
36770
38370
37153
36897
37249
50945
37153
37153
37569
37377
36546
36514
36962
37602
36257
37025
37505
36929
36353
44066
37250
36354
37346
37154
36802
37410
36834
36705
36993
36865
36673
36353
36705
45121
37250
37730
36353
37025
37057
37057
36449
36929
36609
36641
36833
37026
36738
38241
36865
36641
36865
37218
36898
37026
36993
36609
37185
37217
37505
37345
57922
37890
36802
37442
37122
37282
37058
37538
37185
36513
36577
36450
36834
37345
44673
37698
37250
37217
36769
36641
36833
36609
37153
37025
36705
36641
36258
37186
41825
37505
36417
36769
36769
36961
36801
36833
37058
36642
36674
36705
36641
57474
37633
36545
36449
36609
36801
36674
37218
37026
37154
36577
37249
37057
36193
45089
37154
36962
37314
37185
37729
38113
36865
36769
36705
37377
37921
36225
36193
38721
36833
36609
36865
36481
36865
37377
36769
36769
37346
36610
36034
36193
53122
37665
36833
37537
36929
36961
37409
36769
37025
36930
36866
37282
36866
37058
41953
36642
36418
36642
36833
36865
37569
37121
37345
36673
37185
36801
36770
36642
44738
37793
37153
37345
36801
36417
36769
36993
37121
36802
36866
51842
36833
37217
38657
36961
36545
36257
36578
36226
37122
36482
36450
36929
36417
37089
37857
44578
37409
36737
36481
39458
37697
36801
37185
36929
36353
36322
36194
36258
36353
37665
37185
36673
36993
36289
36705
37089
36897
37537
36994
36481
37153
38466
45121
36674
36641
36993
37025
36545
36641
36801
36929
36770
36386
37442
37410
37409
45410
38050
36162
36834
36481
36801
36449
36577
36897
36769
36481
36481
36673
60642
37665
36321
37217
37025
37473
36865
36897
36449
36577
36545
36577
36290
36770
45570
36865
36353
37057
36449
37217
36353
37441
37441
37057
36961
36257
37249
36641
44545
36897
37409
36321
36865
36226
36930
36674
36897
36993
37153
36833
36673
36449
37761
37249
36833
37314
36994
36738
36962
36705
37889
37697
36577
37697
37857
45090
38370
37186
36449
36673
37057
36417
36225
36065
36449
36482
36738
36897
36513
37186
36642
37058
36450
38337
36769
36641
36225
36129
36001
36513
37026
36386
36321
38913
37058
37378
36802
37090
36513
36513
37249
36481
37345
36673
36705
36737
45154
37057
36737
36769
37313
37025
37249
37090
37186
36641
36865
36929
37089
36929
44322
37185
36865
38561
37249
36225
37153
36353
36962
36482
36833
36833
36801
36449
39073
37025
37153
37025
37121
36897
37474
36930
36514
36737
36321
37377
37185
54338
38241
37985
37025
37025
36673
36609
36481
35489
36546
36034
36514
36001
39521
42369
37218
36513
36225
36769
36769
36449
37473
36353
37025
36770
36674
36642
37090
37377
37313
36801
37313
37665
37377
37473
37697
36929
39393
37345
37377
37377
39618
38017
37505
37313
36833
37601
36993
36865
36609
36577
36514
36866
36354
45025
37218
37026
37090
36802
36833
37345
36897
37057
36641
36865
36801
36321
36385
41633
37250
36930
36546
36770
36898
36834
36801
36641
36737
37377
36353
36353
36641
39105
37538
36769
37057
36833
36513
39137
37153
36897
37025
36609
36769
37185
44609
37697
37537
37281
37185
36769
36737
37025
36993
37569
37121
36769
36865
36354
45058
38049
37153
37410
38497
38242
37570
37089
37154
36706
36898
36897
36769
46242
37217
36929
36673
37121
36833
36481
36993
37153
37633
37601
36706
36578
37186
45089
37249
37121
39233
37057
37185
37377
36257
36929
36737
36641
37121
36801
36386
38785
37057
36929
36961
37025
36577
36609
36513
36481
36257
36577
36770
36994
36002
39010
36578
37410
36802
36353
36385
36609
36065
36321
36417
36097
37218
36322
46529
36929
36929
37025
36673
36898
36610
36641
37057
37217
36609
36833
36961
37506
43553
36962
37282
37570
36962
37345
36897
37345
37281
37249
38049
36993
36737
37537
37762
37697
37121
37633
37313
37601
37058
36642
39394
37505
37345
37057
36705
43938
37025
37601
37281
36385
37217
36577
36673
36609
36962
36482
36321
36769
38049
38434
37409
37601
37249
37569
36897
36737
36801
35906
36801
36513
36481
36705
66082
37026
36802
36994
38593
36577
36705
36897
36577
37025
36769
37409
37153
37345
46690
36961
36545
37057
36801
36865
37537
37185
36865
37185
36385
36834
36482
36898
39298
37314
36322
36482
36482
36481
36609
37377
36961
37217
36993
36897
36449
61282
38018
37090
36450
36994
36705
37217
37185
37249
37121
37057
36801
36929
36770
45697
36866
36642
36609
36801
36865
36993
36577
36737
36641
36417
36385
36769
40321
39361
38081
37409
36801
37153
36961
36993
37281
36417
37153
36481
36577
36193
44546
37089
37185
37345
37025
37345
36545
37857
37985
36641
37025
36161
37217
36578
45154
37025
36513
37025
37089
36993
37442
36993
37346
37058
37346
37602
36961
36673
38657
36481
36865
36385
36545
35969
36513
36930
37058
36898
36930
36642
37121
44289
36706
36642
36642
36610
36994
36898
37634
36897
36993
36961
36673
36929
36673
45410
37569
36961
36865
36769
36257
36609
36289
37057
36929
36193
36386
36770
39361
39138
37537
36897
36673
37153
37025
36929
36546
36834
36418
37058
37217
36769
57410
38402
38018
37314
39425
36961
36769
36418
37250
37154
36418
37186
37346
36706
38113
36833
36769
36481
36385
36097
36865
37473
36962
37250
37154
37282
36545
37057
39202
37121
37185
36929
37089
36737
36769
36993
36449
38593
35905
36705
36482
42850
36929
37569
37921
36865
37249
37121
36737
36449
36737
37409
36705
36769
36321
36577
37473
37025
37473
36961
36769
36833
36513
36833
37249
37601
37409
37377
37633
39041
37825
37089
36993
37473
37025
37026
36930
36706
36321
37601
37153
37153
44865
37889
37601
37153
36737
36577
38913
37505
37153
37761
36929
36865
37121
36610
41825
38145
37090
36929
36577
36609
36577
36289
39297
37121
37057
36545
36961
42561
37025
36577
36865
36353
36962
36802
36994
36513
36417
36993
36417
36577
37441
37025
37473
37185
36961
36546
36994
36321
37090
37089
37057
36897
37217
37057
36897
39105
37505
37281
36929
37281
37313
36641
36801
37474
36418
36482
37313
36769
45697
37506
37314
37666
36802
37282
37281
36545
36481
36993
36705
37441
36737
37601
45249
37218
36866
37154
36674
36962
36961
36705
36513
36193
37057
36353
36961
36513
39745
37601
37537
37473
36929
37057
37025
37217
37185
36801
36833
36802
36738
42625
37537
36641
37185
37217
37601
36641
37601
37409
38018
37218
36898
36929
38273
37890
37250
36802
36802
37378
36673
36193
37057
36034
36962
36705
36641
37057
54178
37697
37281
37537
37953
38017
37377
37505
36514
36386
37730
36802
37185
36609
45186
36993
37217
37089
36289
37025
36833
36738
37218
39618
37089
37217
37217
36225
37314
37569
36993
36802
36994
37154
36354
36482
37057
36929
37185
37217
37249
55522
37793
37889
37889
37985
37473
37025
36673
36162
36962
37057
37153
37153
36801
45825
37761
37345
37057
37025
37185
36994
36162
36866
36514
36897
36897
36961
36929
37825
37761
36897
36641
36833
36417
37793
37313
36865
36609
36929
37921
36993
56738
37314
36738
36866
39841
37826
36834
37122
36834
37218
37602
38210
36770
36513
38401
37345
36897
36833
36930
36738
36770
37473
37249
37409
37025
38434
37090
55810
37537
37249
37473
36865
37409
36481
36322
37282
36674
36769
36481
36929
36577
45121
37186
36962
36897
37249
37409
36193
36673
37057
36929
37025
38785
37857
37281
37794
37122
36738
36226
36642
36993
36065
36641
36417
36737
36865
37378
36194
55202
37825
36961
37089
36641
36834
37378
37154
37314
36961
36545
37537
36737
36577
45089
37314
37186
36546
36930
36417
36321
36225
36641
36865
36769
36449
36865
37217
44161
36770
36801
36769
36737
36641
36929
36801
38049
36609
37345
37153
36865
44417
36865
36833
36801
36513
36705
37217
37473
36929
36577
37089
36673
36770
36514
44769
37506
37090
36929
36673
36321
36673
37281
37057
37089
36962
37346
36641
36769
36610
36930
36610
36898
36705
36417
36065
36897
37025
37025
36770
37025
36897
51266
37601
37313
37793
37121
36929
36705
36289
36226
36898
36545
36705
36417
37281
44513
36769
38530
36610
37026
37250
37122
37186
36865
37057
36929
37217
37057
37697
45186
36385
36897
37761
36865
36417
36610
36610
37794
36834
37057
36801
36833
36321
38049
36769
37057
37345
36865
36386
37281
36609
37153
37345
36929
37089
39778
45794
38273
37345
37217
37537
36609
36674
37058
36738
36705
36225
36737
36225
36289
36802
36002
37250
39137
37857
37185
37185
37601
37441
36833
36353
36705
36865
36514
38465
36993
36737
36482
36002
36706
36353
36513
37153
36449
36289
36769
36898
63459
37345
36961
38657
36993
37633
37569
37345
36737
37345
36833
36641
37250
36930
44898
36801
37537
37313
38017
37505
36737
36865
37313
36737
37058
37314
36962
36673
38305
37345
37153
36769
37889
37121
36769
36898
36994
36482
36801
36993
37057
63938
38914
37538
36802
36290
36577
36321
36801
36577
37313
37025
36962
36994
37185
44770
37761
37089
39393
37345
37921
36673
36833
36769
36225
36706
36610
36578
54498
36961
37953
36897
37249
36641
36194
36674
36866
36673
36769
37153
37025
35969
45314
36769
36929
36513
36834
35938
37121
36449
37313
36897
36737
36673
36385
36610
38018
37089
36897
37058
36962
37282
36929
36417
37057
37090
38946
37346
45281
37794
36897
37377
37537
37345
37057
36737
36609
38306
37250
37826
37378
37473
38977
36897
37281
37281
37281
36993
37186
36962
36610
37025
36929
36641
36993
48642
36769
37057
37409
36834
37154
36962
36833
36833
36673
38658
36834
36258
36993
43041
37409
36513
36833
36865
37409
37089
37025
38177
38017
37441
37089
36577
37025
39554
37602
37602
37410
37570
37506
36449
36865
36801
36546
36770
36802
36865
43489
37794
37569
37025
36577
36737
37121
37121
36865
36833
37217
36897
36609
37090
45442
37057
36769
37249
37730
36322
36674
37025
37313
37761
37473
38977
37153
37025
37633
37377
37025
36610
36993
36609
37185
36129
36802
36706
36962
37121
36225
36769
38753
36609
36097
36801
36289
36705
37345
36961
36385
36353
37026
37633
37441
45666
36898
36642
37122
36929
36993
37153
36865
36545
36449
36385
36705
36865
36353
44386
37057
37697
36577
37026
37058
36513
36769
37473
37217
36641
36833
37249
63426
37858
37410
37442
36962
37250
36770
37185
37633
36673
37121
38145
37633
37345
44418
37185
36545
36962
37122
37154
37058
36962
36353
36769
36833
36161
36065
36833
38786
37666
36994
37025
36705
36513
37441
36321
36769
36513
36673
36546
37154
51074
37601
36993
37313
36769
36865
37249
36769
37185
36642
36898
38529
35873
36705
44034
37281
36705
37058
36962
38561
37537
36609
36609
37217
37121
37153
37089
36962
36609
36929
36897
37025
36257
36737
36769
37121
37153
36994
36994
36705
37153
37057
38721
37057
36737
36993
36098
36706
37538
36417
37121
36865
37217
37185
37505
76450
38306
37410
37346
39362
37281
37121
39937
37185
36865
37025
37121
37057
44674
37506
36161
36737
36290
36130
36097
36737
37345
37057
36961
36865
36993
36513
44962
36513
36513
36577
36801
36482
36578
36354
37442
36993
36289
36065
36801
36481
38913
36993
37601
37282
37186
37026
36770
36385
36929
37313
37185
36865
37121
55458
37281
36961
36897
36673
38562
37026
36770
37378
36642
36833
36737
37057
37089
45026
37090
36802
36962
38465
36737
36801
37089
36385
36801
36130
36834
36577
37185
39457
37473
37089
37025
37121
36225
36769
36801
36738
37314
37538
37122
36609
64834
38881
36801
36385
36417
38785
37825
36705
36289
40193
37217
37953
36513
37505
37569
39074
37634
37186
37378
37569
37185
36897
36993
37505
36769
37249
36769
52961
39329
37025
37762
37122
38081
37313
37185
35905
36833
36482
35778
36514
36001
45185
37249
36865
36801
36673
37121
36834
36578
36738
36609
37025
37121
36513
36289
44578
37633
36897
36129
36737
37186
38785
37537
37025
37249
36609
37057
36705
37121
37889
36993
36449
36769
36801
37313
36929
36609
36321
36514
37058
37090
36481
52418
37313
36705
37441
36993
36609
37121
37601
37025
36769
36769
36929
36801
37378
44418
37473
37378
37634
37026
36354
36673
36257
36353
36673
36385
36865
37025
39842
145477
83490
77187
75939
75107
74595
71459
38273
38145
37537
37857
37953
37761
37825
37569
37377
37441
37410
45698
37505
36993
37186
37314
37314
37058
37313
37185
37121
37409
37057
37153
36865
46498
37185
37505
37409
36738
36994
37634
37250
37825
37505
36801
37633
37633
37057
39137
37153
36961
36385
36354
36162
36226
36322
36801
35905
37089
36129
38658
44065
36738
37314
37186
37473
37249
36385
37153
36833
36610
37506
37506
37218
37153
45922
37185
37697
37313
37090
36962
36962
36994
37505
36321
36609
36513
37409
37313
38882
36706
36930
37154
36737
37985
38017
37729
37377
37025
36386
36674
38786
45633
38018
37058
37346
37250
37730
37570
37474
36993
37697
39969
37505
36801
37537
39522
37345
37377
37505
37090
37793
36929
36801
37505
36673
36225
37025
36833
46593
36673
37473
37057
36897
36770
37410
36898
37666
37570
37730
37282
36897
36321
37281
37602
36642
36642
36930
36545
37025
37889
37761
36609
37025
37505
36961
53474
37890
36673
36257
36705
36417
37473
37505
37057
36673
36673
36993
36770
36930
43489
36962
36386
36994
36834
37121
36481
37025
37218
37122
37026
36770
37634
37250
37921
36993
37249
36865
36641
36801
36865
36609
37409
37186
36674
36962
36929
36929
38050
37122
36898
38497
36481
37089
37378
37665
37633
36833
36801
36801
36481
43330
36865
36609
36897
36833
36833
36769
37313
36833
36801
36897
37025
36738
36802
40673
38337
36993
37153
36737
36449
36385
36610
36546
37057
36673
36897
37090
58818
37217
37185
36993
37537
37313
36833
37153
37857
37473
37474
37058
37025
36961
44865
37377
37889
37569
36705
37505
36546
36514
36609
36385
38465
37281
36290
36801
37057
36545
36802
37378
37186
37346
37345
38593
37569
36641
37089
36769
36673
37058
39649
37185
36929
36193
37057
36801
37153
36641
37057
36834
36738
37985
36737
43490
36769
36610
36866
37186
37185
37281
36897
38818
38081
37569
36929
36865
37633
37666
36770
36193
36929
37185
36801
36833
36225
36993
37313
36961
37121
37281
44449
37249
37090
36770
37282
36417
36929
36385
36993
36961
36833
36577
37057
37762
44962
37665
37601
37505
36961
36866
36642
37602
36962
36481
37089
37793
37505
37025
38337
36961
36929
36865
37153
36578
36546
37186
37378
36865
37217
37441
37281
56930
37441
37057
37057
37601
36865
36961
37569
36673
36897
36705
36961
36545
36609
43041
36641
36993
36193
36769
36545
36545
37218
36738
36225
36545
36225
36385
36737
40481
37185
36673
37185
36321
36897
37122
36834
37186
37505
37217
36257
38465
63202
37793
36961
37377
37249
36897
36353
36770
36706
36225
36609
36961
36961
37057
43298
36833
37217
37345
36897
36737
37441
36769
36994
37154
37121
37089
37121
37377
37858
37858
37154
37121
36801
37953
37153
37250
37601
37314
37378
36929
36801
36769
38850
36290
36609
37089
36609
36961
36865
36161
36642
36546
36641
37538
37409
42946
38209
37441
36993
36802
36802
36866
37345
36481
37057
36577
36993
37089
37634
43106
37057
36865
36865
37025
37218
37314
36898
36289
35873
37089
37505
36961
36865
38306
37762
37281
37537
36385
37377
36737
36737
36353
36385
36706
37058
37057
44929
37730
37474
38977
38369
37057
36706
37794
36802
36801
36897
36769
36737
36001
37218
36898
37729
36609
36897
37345
37249
37281
36865
37601
36865
36289
37793
45505
37409
37089
37089
36737
36290
37058
37442
36738
37090
36673
36641
36449
36865
45378
37345
36865
37633
38274
36738
37154
36994
37089
36641
36449
36801
37217
37665
38882
36930
37313
37121
37441
37345
36961
37249
37249
37185
37537
37313
36961
42498
37153
36769
36257
36545
37506
36769
36225
36129
36098
36962
36289
36961
35905
45506
37729
36993
37057
36353
37505
37569
37153
37345
36642
36418
36546
36609
36289
37121
37826
36834
37089
36673
37313
37282
38049
37345
37505
36737
36833
36897
45121
37474
36418
37410
36897
36929
37249
37409
36577
36385
36737
37378
36482
37378
36961
37441
37569
38305
36993
37537
37505
37409
36417
37345
36705
37569
37217
49473
37633
37665
36545
37346
37506
37250
37314
37250
36865
37409
36641
37505
36097
45474
36993
37057
36705
37313
36962
37346
37345
37217
37025
37537
37153
36929
36641
45474
36929
36737
37378
37218
36833
36577
36769
37153
36225
36194
36418
36641
36705
36801
36865
36609
36449
37377
36545
36257
36642
38145
37025
37281
36641
36833
53954
39265
36993
36225
36065
36737
36417
37473
36322
35938
36770
36705
40705
37634
44897
37473
37633
37633
36705
37090
36994
36513
37249
36513
37249
36834
37666
37122
39138
36898
37282
37506
37122
36930
36353
36449
36641
38210
36770
37058
37090
42946
37313
37537
36801
37153
36705
37345
37089
37185
37346
37985
37889
37345
37217
43649
37345
37153
37121
37185
36321
37025
36961
36577
37538
37090
36866
37186
36289
38114
36993
37314
37730
36514
36545
36769
36449
37121
36641
38050
37570
36930
61955
37217
36513
37281
36609
36929
37089
36769
36705
37185
37505
37473
36417
36737
45185
37570
37346
37058
37058
37057
36929
36929
36417
36961
36865
39010
37250
36642
37153
37057
38369
37153
37217
36481
36929
36801
36801
36961
36898
36994
36481
45506
37090
37377
37377
36833
36385
36353
36513
36993
36738
36738
36770
37857
37921
38497
37249
37569
36769
36897
37089
36993
37473
36737
37473
37122
36290
36801
55650
37345
37473
36769
37057
36737
36802
37090
36930
37185
36513
37569
37153
37282
43841
37154
37858
37314
36962
36322
36865
37185
37089
36545
37089
36449
36225
36354
41377
36289
37185
37089
36801
37697
37057
37281
37505
37441
36962
36898
36834
37313
39137
37281
36641
36609
36961
36834
37058
37154
37505
37153
36353
36545
36577
36513
39329
37089
37090
36322
36385
36897
38274
37633
36769
37089
36705
36994
36834
44994
36769
36065
36929
37121
36833
36898
36162
36001
36449
36769
36321
36513
36641
38818
36929
37505
36961
37025
37409
37537
37441
37217
36929
37729
36577
39265
44322
37057
37089
37505
36641
38018
37346
37506
37442
36642
36289
36737
37697
37057
43873
37154
37122
37666
36962
37601
37313
36513
36705
36801
36993
36737
36353
36033
37186
36865
37185
38241
37057
36545
36705
36673
37026
36674
36545
37025
36929
36769
37409
36769
36897
36545
37185
36834
36097
36865
36673
36417
36801
37121
37409
43778
37506
37634
37665
37313
37569
37121
37089
36673
37153
37250
39137
37890
37378
38273
37442
37089
36993
37121
37377
37633
37665
37633
37153
36705
36098
36354
57122
37441
37121
37249
36929
37025
36801
37441
36865
37441
37313
36641
36834
37474
43810
38338
39201
37185
37089
36929
36705
37665
37281
37154
36738
36450
36930
36737
37473
37185
37089
36705
39009
37345
37377
37025
37218
37410
37346
37122
37153
58850
36609
36577
37313
36385
36705
36930
36546
37249
37153
36961
36929
36737
36609
44481
37570
36930
36578
37313
37217
37025
37057
37377
36738
37538
37506
37665
37473
37793
37378
37473
36897
37057
36641
37025
37185
36705
36513
36994
36322
36930
55106
37730
38881
37218
37186
37633
36673
36321
37633
37409
36449
37154
36578
36514
36961
36865
36705
36801
36737
36833
36769
36705
37602
36418
37506
37281
37313
37217
37057
37537
37025
36769
37185
37441
37634
37122
37089
37537
37569
37346
37058
45153
37761
37313
36994
37250
36802
37057
37089
36641
36417
36801
37249
36450
36994
46337
36610
36706
36641
36705
37089
37569
37794
37345
37314
37538
36962
37186
36801
37922
36770
37250
37698
36866
36641
37217
37505
37377
37569
36993
36833
36898
36642
39426
37538
37122
36642
36641
36930
37538
36417
37697
36993
37154
37538
36514
41409
37217
36737
36865
37089
36993
39457
38337
37601
36929
36929
37217
36737
36609
37698
37377
37442
37058
37378
36961
36481
37441
37665
37281
36193
36641
36577
44609
36994
37602
37346
36770
36802
37314
36481
37473
36545
36385
37345
37281
37121
44706
36641
37634
37890
37506
36353
37249
36577
37249
37282
37121
36449
36737
36865
39233
37249
36865
36577
36449
37281
36897
36929
36738
36930
36994
36769
36769
36769
39362
37473
37281
36769
36705
36481
37089
36481
36706
36865
38465
36705
37025
44418
37409
36609
36514
36578
36897
36993
36993
37057
36961
37217
36961
36737
37057
45185
37665
36737
36513
36833
36257
38050
37122
37250
36834
39329
36546
37186
71203
37633
36833
37089
37249
36417
36801
36642
37570
36514
36610
36897
37313
36801
44898
36609
36641
36673
37025
36706
36130
36673
36673
36609
36961
36545
36961
36641
38721
36641
36481
37026
36226
37058
37409
37057
36162
36898
36673
36321
36257
37569
38657
37058
36674
37153
36225
36097
37377
36513
36546
36962
36513
36577
38113
52289
37730
37122
37154
37249
37025
37441
36929
37089
37057
36833
36961
37474
36802
42113
37793
36929
37249
36449
37889
37153
37729
36961
36450
37250
36449
36385
37154
44610
37058
36930
36514
36929
38081
36290
36898
37153
37441
37345
36641
36673
36673
39585
37025
37601
36545
37185
36897
37089
36833
36641
36609
36098
36930
36993
45730
37601
36961
36801
37633
37090
37186
36930
36834
36545
36801
36481
36385
36641
45026
36929
36993
36993
37633
36417
36609
36801
37122
36418
35874
36481
36353
36545
36705
38721
36705
37250
36802
37058
36514
36354
36705
36929
36385
36321
36385
36897
38561
37345
37473
37505
37025
36578
37538
37890
36450
37377
37025
36609
37377
46434
37794
38433
37985
37249
37217
37217
36289
36705
36258
36962
36738
37089
36641
45281
37089
37217
36801
36481
36641
36673
36033
35938
36674
37089
37249
36577
37025
37889
36737
37217
36993
38530
37185
37185
37570
36705
37346
36610
37025
36929
45409
38369
37249
36641
37122
37218
36706
37698
37601
37313
38081
37121
37313
37761
44898
37857
36578
37058
36833
37089
36641
37345
36993
37089
36353
36705
36161
36769
37761
37249
36865
36290
37058
37442
36737
37441
36801
36514
36514
36065
36481
59586
36578
36866
36450
36673
36769
36641
36673
36258
36738
36610
36481
36929
36929
39266
37185
36545
36834
37346
36930
36769
36993
36929
36833
36545
36193
36737
36641
44770
37313
37537
37153
37922
37186
36577
36961
37089
36737
36641
36993
36545
37281
37825
37729
36993
37345
43297
37665
36993
37345
39937
37825
36513
38626
37858
36994
37025
37377
37121
38722
37026
37698
37794
37122
37058
37090
45634
37889
37185
36610
36802
36994
37217
36833
36641
37217
36801
36769
36577
36769
39297
37057
36833
37121
37153
36673
36257
37313
36641
36673
37121
36449
36929
36545
38785
36897
36193
36801
35905
35489
35777
36929
36545
36514
36834
36994
35969
40513
36641
36609
37345
36833
36897
37313
36609
37250
37473
37185
37345
37601
36801
44578
36162
36802
36961
36193
36833
36449
36833
36897
36353
36641
36450
36290
37313
44993
36450
36769
36897
36385
36449
36545
37121
36929
36193
38785
36577
36353
37282
38977
38658
38177
36865
37313
36897
36129
36962
36834
36578
37025
37505
36961
45154
36961
36769
36577
36737
36609
36353
37218
36546
37057
37249
36385
36481
36066
40417
36897
36833
37409
36481
35681
36065
36322
36514
36802
36001
37313
36001
36449
38881
37217
36289
36193
36513
36353
36577
37057
36993
37602
37057
36834
36706
43617
37442
36962
36481
37185
36865
36961
37121
36865
36737
36898
36802
36770
36449
42945
36833
36321
36961
36737
36385
36001
36513
36161
36642
36738
37410
36481
35873
48354
37185
36705
37153
36481
36641
36353
36481
36641
36801
36257
36962
36098
36034
37122
37090
36545
36321
36961
39585
36321
36993
36417
37281
36929
38337
36289
44674
36929
36577
36450
36674
36450
36257
36705
36673
37121
37025
36673
36385
37185
37665
36769
36673
37025
36769
36962
36674
36514
36353
37089
36577
36641
37858
36673
38338
35938
36994
36321
36193
36705
36449
36289
36482
36450
36162
36193
36353
44705
36706
37697
36865
37537
37569
36673
37249
38177
37922
36962
36418
37281
36801
38913
36737
37377
36737
37473
37249
37601
37153
36833
37026
37346
37378
36866
37058
38017
36961
37537
37473
36993
36929
36898
36258
36673
36673
36961
36641
36385
61026
37570
37442
36929
36737
36801
36801
36993
36513
36577
38082
37025
36993
37441
37698
36738
36866
37698
37057
37601
36833
37089
37025
37217
37121
37313
36738
55938
38401
38178
36674
37058
37538
36962
36930
36961
36321
37025
36705
37121
36353
44930
37249
37377
36481
36129
36289
36033
36289
36546
36162
36290
37026
36385
36257
45217
37505
37217
36513
36609
37153
37121
37857
36289
39298
37537
36545
36609
54914
37025
36769
36097
37025
37601
37249
36897
36642
36226
37249
37313
36577
37089
42274
37474
37218
37345
37505
36641
36513
36929
36738
37538
37026
36802
37634
36738
37217
37153
36961
36353
36321
36897
36705
36385
36450
37570
37858
37634
37570
37122
39745
37249
36833
36705
36513
38370
37186
36866
36194
37505
37281
36449
37217
43138
37089
36897
36993
36897
36929
37377
37058
37250
37090
36897
37153
37121
36929
43618
37377
36513
36897
37313
36865
36993
37089
36801
37313
36865
37410
36898
37698
39777
38113
37345
37089
36417
36897
36610
36930
36578
37313
36897
36897
36577
56642
37954
37153
37601
37122
36930
38049
37377
36641
36929
36545
36609
36993
36642
44257
36577
36738
36674
36513
36097
37345
36929
36833
37473
37409
36865
36801
37217
39234
37889
37185
36769
36642
36706
37633
37153
37377
37153
36865
36386
36514
58018
37058
37826
36994
37089
39266
37665
36865
37089
36321
36641
36930
36769
37857
37249
36513
37474
35842
36257
36033
36769
36673
36737
36353
35842
36162
36321
36193
38273
36545
36993
36225
36385
36609
36609
36386
37026
37058
36386
36705
36193
52130
37057
36257
37121
36353
36545
36097
36258
37281
36513
36609
36097
36322
36066
44641
36577
36641
36769
36481
36418
36450
36130
36770
37185
36353
36737
36033
36098
45090
36449
36641
36641
36129
36770
36418
37026
37953
37121
37345
36609
36962
36514
38178
36514
36642
36354
36385
36769
37025
36737
36513
36417
36577
36770
36769
43617
36705
36897
36738
36770
36833
37345
36641
36961
38370
37665
37441
36577
37249
37601
37761
36801
36769
37506
37761
36737
36641
37249
37057
36609
36769
36993
36865
38753
36449
36353
36706
37122
36930
36546
36577
37345
38977
37313
36865
36673
48418
36289
36737
36929
35937
36706
36322
36577
37153
36929
36673
36449
36257
36609
45122
37377
36289
37153
37441
37057
37025
36641
36513
36417
36897
36353
36737
36769
38593
37666
36993
36769
37473
36865
36417
36385
36097
37121
36609
36226
36674
61666
38337
36705
36865
36513
37154
36546
36450
37345
37441
37057
37089
37537
36801
44898
36897
36641
36353
36449
36418
37058
37025
36801
37057
36929
36897
36417
39841
39010
37218
36481
37057
37601
36065
37121
36897
36865
35777
36705
38082
37314
47969
37250
36770
36642
36961
36673
38753
37121
36801
37153
36257
36993
36257
36865
44770
37537
37313
37345
37441
37185
36962
37026
36929
36545
36865
37121
38338
36866
38017
36897
37122
35874
37410
36962
37057
36929
37249
36577
36961
36769
37089
55265
38689
37217
37185
37345
37505
37441
37025
38786
37058
37442
36546
36898
36674
46945
37346
37218
36993
37185
36737
37249
37473
37569
36705
36705
36385
36417
37026
38305
37633
37089
36417
36673
36257
36930
37474
36705
37217
36865
36801
36513
36833
39105
37409
37313
39553
37633
36609
36961
36865
36897
36769
36897
36833
37313
45410
37473
37249
37026
37314
37537
37249
36513
37825
36577
36129
36769
36417
36385
37729
36738
36545
36897
36929
36545
36833
36673
36225
37153
37217
37441
36801
56322
37793
37825
36961
36897
36577
37089
36609
36609
37122
36482
36545
36929
36609
46177
36546
36705
36417
35777
36770
37122
37154
36578
36769
36673
36737
36385
36737
45601
37473
36769
36609
37058
36226
36897
36609
36513
36801
37057
36545
36929
36962
38465
37121
38658
36994
37057
36417
37057
36737
37025
37601
36673
37121
37185
46562
36802
35905
36641
36353
36961
36481
36673
38017
37793
37057
36833
37473
36801
38113
37281
36385
37025
36865
36225
36674
37122
36706
37794
37474
37537
37985
50273
36417
36545
36609
36769
36545
36385
36738
36898
36194
36385
35937
36257
36449
45186
37249
36577
37153
39137
36673
35937
36513
36578
36162
36962
36545
37217
36769
43745
36930
36385
36961
37089
36417
36545
36769
37633
36897
36385
36481
36833
36897
39201
36993
37377
37281
37474
36962
37698
37537
36737
36897
36225
36353
36258
43457
36930
36834
36770
36161
37089
37217
37057
36673
36417
36225
36642
36482
36545
44289
36194
36321
36769
36641
36673
37186
36706
36449
36449
36641
36929
39586
56514
38114
37250
37314
37185
36641
37121
36801
37281
37185
37345
37345
37185
37378
47234
36737
36929
36385
36673
36161
36641
37409
37217
37025
36897
37057
37089
36994
47394
36897
36865
36289
36673
36801
36769
36385
36513
35969
36226
36386
36258
36930
38498
36994
36802
36609
37217
37377
36801
36801
37121
36930
37218
37314
36801
45569
36706
36450
37186
36354
36577
36769
36545
37153
37281
36769
37025
36930
37250
43969
37922
36898
36706
37537
37153
37185
37345
36610
37410
36930
37217
36641
36833
39041
36994
37057
36801
36833
37697
36897
36801
36929
36673
37026
36482
36450
37025
38562
37186
40001
37153
37121
37025
37537
37569
36705
36961
36897
36801
37057
45314
37057
36929
37185
36737
36801
36225
36545
36994
36866
36610
38241
36545
37217
38369
37057
37057
36833
36769
36769
36257
36802
36578
36161
36097
36417
35746
53218
37346
36770
36802
36513
36673
36865
37345
37697
36801
36449
36353
36353
37281
43330
37121
36641
37121
37121
37089
36770
36802
36610
36737
37217
36226
37282
36641
43489
37249
37121
36961
37441
37281
36609
39298
36194
36770
36610
36353
36993
36353
39073
37697
37025
36161
36833
37537
36833
37026
37218
37666
37345
37985
37441
52545
36482
36834
37025
36737
36961
37377
38881
36994
37058
36321
36833
36417
36577
44898
36545
37185
36449
36801
36577
36385
37090
37026
36674
36418
38337
36737
36897
39201
36737
36289
37313
37025
36289
36641
36705
35905
36225
36865
37569
37057
46017
36642
36898
37153
36737
37121
36865
36929
36737
37153
36673
37025
37377
37153
43138
37409
36897
35969
37602
37410
37218
36738
36706
37057
36481
36801
37281
36545
38305
37121
37057
37089
36961
36993
37761
37441
37025
36929
36513
36706
36898
37089
38818
37281
37281
36865
36225
36609
36961
37153
36481
37569
36833
36897
36865
42881
36609
36545
36545
35809
37122
36194
36481
36129
35681
36929
37505
36897
39042
39361
37793
37953
36801
37217
36865
37473
36610
37218
36417
36641
37281
36641
62274
37697
36993
36193
37025
36289
36705
36898
36738
37026
36609
36481
36514
36770
44866
37217
36737
36801
36993
36993
36609
36450
36354
36929
36961
36737
37057
36801
39458
37345
36929
36673
36033
36353
36321
36418
36514
36353
36929
37313
36481
49506
36833
38689
36801
37057
36321
36961
36578
36162
35969
37249
35873
36833
36673
44642
37089
36545
37602
36802
36833
36577
37761
36801
37185
36353
36257
36770
37154
45154
37441
39073
36737
37057
36258
36642
36130
36321
36577
36545
36289
36769
36641
38657
39746
38145
36673
36801
36385
36737
36706
36994
36898
37346
36929
36897
45153
36769
36961
36450
36642
36513
36481
37281
37185
36833
36993
37153
37217
36449
39202
37602
36546
37985
37185
36897
36449
36641
36929
36706
36674
36546
36226
44673
37089
36801
36865
38113
37953
37217
36417
36609
36545
37249
36609
37057
36961
48514
36770
36962
36450
36705
36769
37121
37377
36129
36449
36929
37121
37410
36738
39169
37186
37282
37825
37313
37185
37089
36289
36833
36769
36290
36482
36482
43330
36897
36833
36546
35778
36097
36353
36353
36001
36609
36161
36385
35873
36322
44577
37026
36514
36994
36257
36385
37857
37537
37089
36129
37697
37537
37441
37058
38626
36961
37249
37729
37121
37153
38977
36609
37217
36609
36769
36738
36802
57250
37569
37025
36481
36257
36577
38529
36289
36481
36545
36737
36673
36801
36993
44641
37122
36706
36866
36257
36705
37249
36769
36129
37377
36993
36385
36961
36737
38337
36673
36769
36673
36833
36225
38306
36866
35681
36417
36513
36641
36833
51393
37121
36353
36385
36098
36482
36673
37409
37281
36449
36833
36513
37089
36577
45282
36449
35873
35681
36194
35905
36481
38465
37858
36866
36290
36129
36993
36033
45058
36673
37922
36578
36418
36833
36225
36577
36545
37569
39201
37762
37729
42882
37057
35969
36514
36802
35681
37089
36929
37505
35873
36417
36546
36290
36385
46113
37025
36577
37121
36833
37121
36961
36449
36929
36705
36834
36962
36642
36417
38914
36929
36098
38305
36993
36769
36161
36354
36706
38529
37121
37665
37601
50850
37409
36577
36322
36386
36834
37281
36385
36801
36801
36417
36737
37057
37218
45026
37409
36993
37377
37761
37506
36962
37346
36801
36833
36322
36802
36802
37250
50306
36673
36993
36737
36737
36673
36321
36769
36129
36993
36130
36706
36929
38081
37633
37377
36866
36546
36802
36961
36961
36737
36385
36673
38625
37249
36993
43393
38626
37217
36482
36610
36897
36993
36737
36641
36545
36993
35809
36641
36386
44385
36289
36674
36898
36865
36161
36801
36321
36065
36161
36385
37153
37729
37505
39201
36673
36577
36737
36002
36354
36929
36865
36833
37409
37601
36418
36386
56322
37313
36833
36866
37858
37570
36673
36609
37121
36993
36353
36481
38594
36642
41921
36897
36993
36641
36449
36289
37025
36961
36546
36482
36321
36737
36577
36385
36770
36706
36450
36738
37057
36865
36481
37121
36929
36065
37281
37057
36673
55298
37537
37025
37377
37665
36897
37185
36737
36865
36833
36353
36577
36641
37121
44770
37921
36993
36961
36673
38785
37153
36961
36673
37154
36546
37026
36898
55938
37409
37377
37377
37505
37665
37761
37409
36673
36898
36354
36321
36769
37089
50241
36929
36801
37409
37153
36897
36577
36641
37121
37442
36034
37410
37634
37281
37953
37954
37154
39073
36705
37441
36865
36257
36994
36418
36449
35937
36321
49698
38145
36033
36513
36097
36706
37218
36738
36450
36673
36929
36353
36897
36833
44770
37569
37889
37473
37025
36641
37217
37537
37569
37121
36353
36769
36545
36865
37793
37569
37345
37217
37377
37217
36929
36993
37538
37378
37506
37026
37026
53570
37537
35745
39138
36738
37314
36417
36065
36417
37057
39841
37378
37346
37025
45345
37345
37313
36513
36449
36481
36481
36961
36961
36674
37058
36481
36225
36545
37473
37313
37218
37506
36641
36769
36737
37025
37121
36609
36769
36385
36417
56705
37345
36417
36481
36801
36673
36577
36162
36386
35938
38561
36737
36609
36897
42177
37057
36737
37121
37026
36962
36833
36545
35809
36609
36161
36513
36481
37313
37697
36641
36833
37025
36834
37026
36994
37185
36865
36961
37249
37473
36993
37153
39298
36674
37186
36449
37761
36769
36290
37154
37346
37153
36385
36673
37313
39970
37505
35745
36705
36673
36161
36737
36833
36289
36737
36513
36514
36354
35937
44897
36865
36705
36834
36673
36673
36513
36737
36418
36802
36514
36929
36769
36705
38433
36353
36609
36353
36449
37185
36417
36930
36642
37250
37185
37569
37153
52226
37473
37217
37153
36897
36609
38241
37601
37441
37857
37281
37314
37122
37218
44193
37249
36705
37057
36961
37377
36161
36225
36385
36257
36514
37026
36545
36929
48610
37730
37282
37410
36770
36865
38721
36929
36802
36738
36225
36769
36417
36353
38818
36385
37314
36002
37057
37057
36769
36481
37089
36833
37473
36610
37378
68931
38881
36417
36641
36673
36162
36866
37090
38721
37377
37121
36513
36705
42306
50562
37249
36865
36833
39458
37601
37537
37249
37826
37186
36866
36961
36737
52066
37186
37506
37346
37121
37505
36897
36513
37442
36641
36577
36833
36097
36641
46274
37281
36065
36929
36353
36705
36930
36706
37154
37282
36513
37249
37217
36577
44993
36962
36897
37025
36865
37025
36929
37249
37985
38466
37026
36705
37025
36321
37601
37089
36033
36673
36609
36961
37441
37058
36706
37282
37217
36897
36513
46402
37409
36993
36897
36705
36129
36193
36642
37346
36321
37633
37057
36865
36610
44481
36610
36162
36161
36321
36609
36705
36609
36833
36769
36450
37186
36353
36705
45153
37666
36930
37282
36930
39169
36993
36929
39425
37505
36801
36545
35969
44994
36641
36545
36417
36193
36322
36514
36353
36225
36289
37025
36161
36354
36514
44865
37122
36257
36513
36353
36801
36289
36097
36706
36322
36321
37089
36897
37281
37537
37921
37121
36641
36961
36705
37057
37185
37153
37057
37218
37154
36866
37826
37570
38785
37089
37441
36769
36641
36449
36962
37410
39714
38017
39169
37569
41313
36641
36993
37441
36609
36513
37153
36289
36769
36961
37314
37026
36546
36641
45665
37313
36801
36865
36577
37313
36481
37249
36993
37345
37218
36194
36257
36801
38689
37153
36353
36897
37025
36929
37121
36162
36866
36546
36481
36865
39361
46689
37249
36673
36386
36226
36642
36610
36769
36257
36417
36385
36161
35969
37633
39201
36993
36257
36321
36609
36354
36482
36801
36417
36609
36065
36801
36289
36929
38593
37313
36513
37217
36321
36609
36321
36673
36642
36706
36482
36194
35777
55266
36513
37601
36193
36577
37377
36769
36290
36930
37089
37217
37793
36705
36385
45346
37441
37057
36801
36289
36386
36130
36738
36929
36865
36289
35777
36929
36737
45186
36609
36481
36705
36833
37089
37090
36514
36962
37250
37346
36706
37122
37409
36993
37345
37153
37153
36897
37697
37441
37601
37569
37153
36737
36353
36482
36866
38786
36321
39170
36929
38081
36513
36577
36353
37185
37057
36993
37057
36705
48322
36993
36513
36193
35906
36673
37153
36993
37441
36321
36417
37378
36802
36770
37537
37377
36610
36770
37473
37345
37249
37473
36801
37953
37633
37441
37633
60291
37666
36417
36225
36609
37089
36641
37313
36481
36482
36130
36609
36801
36609
45889
36706
36706
37921
36577
36865
36577
36866
36546
37474
36929
37057
37249
36929
37889
37186
37025
36993
36769
37345
36993
36705
37025
36289
36481
36226
36994
36321
38529
37121
36897
37314
36770
37633
37025
36897
36673
37057
36737
37089
36705
43650
37025
36897
36449
36226
36386
37314
38082
37313
37953
37185
36897
37089
36865
37377
37249
37313
36930
37218
36705
37153
37249
37409
36897
36545
36513
36801
37249
39201
37281
36993
36737
36609
36481
37090
36514
36962
36546
36577
36545
36865
44706
37602
36802
37025
36769
36641
37857
37250
36930
35810
36674
36353
36129
36321
44961
37185
37217
37281
37569
37281
36929
37026
36930
36610
35841
36961
36609
36609
38945
36737
37121
36545
36257
36482
36353
36641
36801
37121
36673
36865
37057
55554
37601
37441
37121
37409
37633
37537
37602
37250
36738
37538
36865
37185
36545
47393
36705
37057
37185
36929
37153
37089
38114
37186
36898
36322
37889
37025
36737
38753
37537
37441
36257
38689
36513
37282
36866
37218
36993
36705
37249
36321
43458
36450
36002
36706
35905
37217
36865
38785
37089
37281
36513
36929
36930
36450
44769
36705
36545
36545
36737
36321
36065
35970
35746
36833
36545
36257
35905
37217
38241
37025
36865
36769
36993
37025
37122
38561
37473
36385
36609
36513
36801
62946
37537
38273
37345
36961
36961
37282
36994
37122
36833
37281
36449
36225
36769
45314
37249
36993
37153
36866
37314
37058
36065
36193
38210
37186
37506
36642
36897
38818
37058
36514
36737
36641
36737
36353
35905
36097
36802
36482
37282
36481
36897
38945
37697
36770
36322
36738
37090
36577
36673
37090
36866
39009
36801
36897
50626
37793
36993
37377
36961
36674
37058
37058
36737
36993
36897
37153
36929
37601
39329
37537
36737
36705
36833
36961
37057
36706
36962
36225
36513
36354
36706
46305
37345
36993
36481
37089
36865
36993
36386
37090
36865
35969
36353
36577
36417
42914
36801
36737
36929
37025
36482
35842
37281
36449
37057
36737
37825
36961
37825
39234
38657
37057
37313
37057
37633
37569
37345
36289
37089
36833
36802
36738
64226
38305
37377
37537
37057
36833
37153
36546
36354
36545
36737
36481
38849
36865
44226
37313
36737
36673
37089
37090
42050
37793
36673
36449
36961
36993
36770
45986
38049
36929
36353
36961
37089
36225
37249
36737
36449
36833
36449
36417
37633
38210
36770
36386
36001
36801
36961
36641
37473
37377
37473
36961
36834
36834
36193
36769
37377
36737
36769
37313
36769
37026
36994
36801
36449
37153
36769
36673
46305
36641
37313
37185
36641
37057
36705
36897
36833
36450
36738
37442
36801
37025
49953
37249
37057
36801
36578
36930
36706
36769
36801
36673
36769
36385
37057
36642
37633
37345
36353
36993
36417
37121
37121
36641
37314
36962
36898
36961
36769
36833
39105
37313
36897
36641
36993
36865
36994
36577
36609
36929
39489
36193
36769
49793
37569
37218
36290
36545
36481
36577
36705
37089
36129
37281
37569
36865
37345
39073
36833
36993
37185
36097
36737
36162
36514
37506
36993
36801
36513
37377
63586
37986
36993
37281
36833
36961
36865
36417
36769
36129
36930
36002
36770
36481
44737
36482
36642
36962
36513
36001
36257
36225
36545
36801
36609
36865
36577
36194
39105
36545
37089
39073
36865
36193
36961
38977
37345
36225
36641
36513
35809
36289
39073
37057
37121
36449
36001
36225
35969
36065
36450
36802
36674
36802
35937
43777
37122
36834
36642
36449
37153
36545
36898
36706
36802
36962
36129
35937
36225
45186
39490
37601
37505
36897
36577
36353
36866
36738
37346
36705
37217
36545
54210
36962
37570
37474
37345
37633
37281
37409
36929
37633
37249
36577
37185
37281
45154
37505
37313
36545
36929
36353
37025
36705
36641
37218
36770
36642
36642
37410
37186
36674
36641
36353
36289
37826
36514
36802
36482
36098
36705
36257
36225
36705
38529
37185
36801
37313
36737
37409
37057
36513
36162
35906
36769
36897
36577
45026
36642
36834
37346
36514
36609
38401
36385
37058
36738
37281
36929
36449
36641
44994
37217
36737
37249
36897
36993
37377
36194
36418
37090
37025
37313
36673
37281
37473
37345
36737
37185
37313
39682
37218
37090
36866
36737
37057
36577
36929
45025
37410
36354
37378
37089
37185
37633
37057
36545
36577
36545
38785
37249
36353
46370
37185
36897
37089
37025
37057
37090
39234
36737
36641
37217
36193
36801
37153
39105
36545
36801
37025
37826
37122
37410
36578
37634
36833
36545
37121
36769
37185
39009
37601
37249
36641
36929
36353
37281
37761
36961
37505
37441
36449
36481
45154
36801
36897
37217
36321
36161
36385
38050
37249
36321
36193
36449
36865
36545
44450
36961
36385
37089
36897
36801
37122
36514
37121
38785
36801
37249
36833
37313
38689
37441
36993
36417
36962
36898
36994
36513
36609
38978
37697
37697
37729
43586
37377
37217
37217
36577
37122
36802
37474
37442
37569
37409
37217
36737
36801
37985
38017
36865
38626
37378
36642
36161
36993
37665
36641
37057
36897
36609
35873
38465
36321
37313
36801
36993
37217
36833
37026
36962
37121
36865
36769
36738
45505
36962
37506
36098
36993
36641
36865
36897
36705
36801
36769
37186
36514
36449
45313
36898
36866
36961
36737
37185
37313
37089
36897
36321
37537
37217
37377
38977
37025
36801
37313
36481
36321
36354
36609
37729
37409
37761
36257
37025
37089
42914
37761
36705
37121
36193
36993
36577
36769
36513
37057
37538
36674
37825
37057
38818
36897
38017
37089
36257
36513
36482
36290
35905
36033
36577
36321
36481
36641
37857
37153
36289
36321
36417
36801
36993
36930
37026
38337
36929
37538
36802
44769
36642
37026
37058
36577
36257
37217
36385
36545
36961
37122
36610
36194
36866
45121
36354
36161
36385
36705
36289
36289
36769
36609
36322
37026
37058
36994
37345
37090
37218
36386
36386
36930
36577
37569
36833
37057
37217
36897
36641
36833
37537
38273
37377
36898
37282
36578
36769
38913
37185
36929
37185
37314
36322
37601
44514
36993
37185
36513
37217
36929
36578
37090
36705
37185
36609
35713
36961
37057
44610
37345
37281
37537
38401
37250
37154
37089
36929
37377
37057
36993
37185
36641
38497
36161
36769
36866
37026
36770
36609
36961
37153
37185
36513
36737
36289
56418
37825
37185
37282
36962
36802
37121
36705
37153
37249
36961
36865
36673
36929
48322
36641
36961
37025
37249
36929
36417
36673
37185
36610
36738
36481
36641
36385
37985
36577
37121
36705
36161
36289
36257
36546
36610
36354
36353
36353
36385
36129
38849
37186
36674
36385
36161
36193
36353
36289
36065
35969
36674
36482
36897
44546
36513
36929
36321
36641
36610
36162
36385
36289
36097
36609
36898
36450
37090
44897
37025
36673
38657
36385
36865
36673
36673
38465
37058
37026
36642
37249
37377
38945
37505
37153
37953
36929
36737
36257
36257
36961
36929
36322
36738
36545
45409
36994
36322
38241
35841
37057
36546
36290
36929
37601
37217
36481
36417
36258
41249
37282
36321
36929
36897
36353
37633
37313
37473
36481
36897
37602
36866
36866
38401
36705
37281
36833
38818
36866
36161
36833
36961
36801
37025
36705
36257
36897
38817
36641
37057
36737
36993
36482
36290
36545
36993
37217
36737
37249
36545
47906
36897
37089
37409
37153
37345
36737
36930
36642
36481
37057
37281
37153
37153
50306
37473
37057
36417
37249
37377
36961
37121
37474
36482
36738
36577
38370
63490
37058
36481
36545
36545
37250
37250
36994
36481
36609
37089
36353
36897
37249
45058
37089
36481
36161
36769
36865
37057
36929
36930
37186
36834
36833
36577
36577
50626
36961
39042
36898
37250
36610
38561
36545
36353
36545
36993
37313
37153
64099
37538
36321
36449
36673
36225
36705
36193
36962
36866
36962
36609
36481
36961
44322
36833
36641
36513
36641
36514
36162
37313
37057
36961
37345
36961
36417
36706
48034
37281
37122
36449
37121
36417
36769
37121
36417
37313
36321
36673
37473
36129
39393
36673
36897
36609
36449
36449
36513
37122
36929
36577
36833
37025
36769
42178
36417
36738
39649
37537
36513
36481
36897
36833
37281
36321
36322
36385
35905
37282
37313
37281
37218
37314
36962
36802
36705
39329
37153
36673
36897
36225
62339
36897
36801
36833
36577
37217
36513
36385
36577
37665
37185
36705
36801
36993
44514
36961
37089
36353
36225
35970
36674
36034
36865
37569
36226
36962
37890
37569
37953
36450
37185
36833
36769
37121
36481
37441
37153
37377
37025
37250
36673
37665
39522
36897
36769
36737
36577
37153
36769
37377
37538
36898
37921
37089
37089
44066
37313
37441
36577
36961
36961
37633
37601
37281
36417
36545
36673
37185
39233
45217
37058
37058
36705
36961
36577
36481
37569
36673
37025
36706
36706
37025
36673
38977
36738
36737
36865
36673
36769
36641
36513
36161
36417
36673
36898
36386
44353
36514
36386
35713
36481
36897
36769
37377
36737
36993
37121
37505
36129
36449
42657
36642
36642
36993
36801
36353
36289
36993
37249
36993
36641
36258
36386
35425
37761
37249
37217
36385
36801
36577
36097
36514
36578
36481
36513
37249
37058
52034
36897
36545
36545
36833
36641
36481
36449
36609
36097
36866
36994
37218
36258
43041
36993
37057
36577
37377
37761
36865
37153
37473
36929
37345
37346
37793
37121
37825
37281
37185
37217
37249
37537
37057
36929
36737
36513
36738
38209
37601
43170
36417
36865
36417
36577
37058
36514
36994
36354
36769
36961
36481
36897
37601
45154
36609
36322
36002
36162
36897
36033
35905
36641
36289
36833
36801
36258
36546
44834
36898
36129
36609
36737
36257
36609
36705
37794
36354
36194
36833
37153
37473
39073
37346
36353
36609
36481
36577
36833
36257
36673
36930
37250
35937
35969
56706
37025
36993
36385
36513
36897
36769
37154
36578
36226
37378
36993
36865
37121
44929
36897
36065
37057
36161
36962
36482
36481
36961
37377
36897
36417
36641
36353
47714
37570
36610
36866
37505
36641
36929
36098
36930
36833
36449
35617
36737
36609
37122
38337
37409
36801
36449
36801
37089
36449
36385
37026
37218
36674
36898
44322
36770
36642
36386
36321
36705
36833
36417
36929
36961
36257
36929
36866
36802
43393
36226
36705
36865
36513
36706
36642
36962
36866
36801
37153
36737
36929
36545
37057
37633
37601
36993
36513
36769
36993
36833
36577
36321
36130
36514
36705
53122
37665
36897
37633
36897
37505
36417
36961
36289
36193
36737
36673
37090
36482
44225
36194
36546
37122
36161
36705
36129
36673
36897
36897
36834
36194
37602
37378
44769
36769
36609
36513
36738
37154
36801
36641
36129
36513
38882
52162
38434
37186
37634
36802
37122
37473
37601
38401
37185
36065
36897
39010
37378
36770
36770
36321
36161
36353
36545
39298
36962
37154
36546
36929
45313
36098
36898
36386
36801
36545
36641
36193
36929
36801
36225
35585
36514
36226
44610
36769
36225
36386
36226
36641
36609
36417
36065
36225
36737
37185
38497
37057
38881
36513
36225
36257
36577
36865
36386
36418
36449
36353
37089
36833
36897
57922
37217
36449
36833
36161
36545
36962
36802
36930
36930
36801
36993
36609
36961
44546
37441
37345
37345
37218
36290
36674
37506
36609
37345
36705
36321
36641
36417
39041
37794
37186
36482
36609
36353
36641
36641
36706
37346
36577
37345
37153
37025
38913
36833
37281
37153
36897
37377
37409
36961
36801
36513
36961
37089
36802
45442
37057
36513
36930
36962
36450
37217
37121
37185
37313
36897
36673
36386
37249
38401
37441
37153
37538
36961
37090
37346
37249
37121
36865
36769
36673
36673
36482
37345
37633
36961
37313
37601
36097
36962
37154
36258
36705
37921
36961
36514
45986
37313
36833
36961
36929
37217
37473
36706
37282
37090
37441
36641
36353
36929
43298
36481
37217
37089
36897
36866
36610
36641
36673
37377
36865
37537
37185
37185
36865
37601
37601
36833
36737
37057
36609
36577
37410
36385
36097
36609
36545
37377
38369
36673
37185
37185
39042
38114
37250
37154
37090
36641
36801
36289
36545
45762
37249
37057
37249
36897
37121
37409
36961
36737
36545
37506
36770
36194
36513
39330
37121
37889
36641
36898
36642
36706
36865
36865
36257
36289
36833
36641
72963
37761
36929
37313
36961
36609
36897
36961
36993
37601
37089
37762
37057
36897
45186
36609
37217
36449
36673
36481
36577
37025
36769
37409
36801
36802
36866
36546
38242
37058
38177
36961
37089
37025
36993
36961
37313
36929
37282
37058
37442
63106
45314
37313
36417
37345
37025
36482
37346
37026
36674
36705
37473
36801
36929
45090
37121
36225
37217
36641
36418
36930
36930
38561
38978
36737
36482
36834
52546
36546
36706
37314
37218
37026
37218
36289
36833
36321
36161
36577
36545
36385
45314
36929
36353
38594
36578
36514
36578
36993
36641
37025
36513
36353
36737
36577
37890
36994
36546
36674
36738
36481
36737
37089
36833
36833
37121
37281
37249
37026
37506
37346
37410
37602
37473
37793
37089
37249
36865
36897
37281
36673
37377
47970
36641
36449
36673
36641
36801
36866
36513
36705
37025
37665
36705
36513
36577
45474
37217
37217
36705
36737
36738
37186
37250
36673
36417
36225
37025
37057
37377
37409
36865
36609
37025
36673
36545
37057
36961
36994
36258
36353
36161
37121
47682
37346
37026
36706
36802
36865
36898
36738
36514
37410
37025
37217
36993
36929
44642
37633
36481
36513
37025
37185
36545
36993
37473
36513
36450
36674
36482
36385
37442
37122
36482
36994
36289
36257
36609
36801
36770
36322
37538
36929
36769
66338
37825
36769
36801
37185
36353
36673
36449
36130
36450
36225
37249
37089
37090
46690
37313
36737
36609
36993
36897
36098
39105
36833
37633
36673
37217
37089
36481
37889
36481
36545
36225
36353
36738
36482
36610
36801
36801
36609
36993
36737
36353
38721
36737
36801
37025
37025
36706
36706
36066
37057
37537
37057
36129
36417
45601
36994
36994
37026
38818
36833
37793
37697
37313
37185
36481
36321
36737
37217
39009
36865
36833
36865
37057
36897
36577
36833
37154
36770
36514
36449
36609
70147
37985
36737
36833
36705
36865
37377
36545
36577
37249
36481
36737
36353
36737
44322
36385
36770
36482
36674
36865
37057
37537
36641
36769
37025
36513
36993
36705
37889
36866
37058
37410
36993
36929
36193
36737
36961
37217
36162
36802
36994
57250
36641
36642
36770
36962
36706
36674
36577
36481
36513
36673
37474
37442
37058
45314
37377
36705
36674
36866
37474
36993
36417
37217
36961
36321
37121
36545
36993
37794
37314
38082
37698
37314
37506
37218
36929
39265
37793
37633
37057
37346
45186
37633
37057
37217
37185
37313
36609
37057
36993
36481
36801
37057
36577
37218
44609
37218
36098
36066
36161
36577
35841
35809
35969
36033
36130
37058
38913
37185
38433
37185
37089
37025
36225
36481
36673
37089
36386
36450
36610
36898
37218
65250
37890
36866
36962
36738
36769
36929
36193
36577
36801
37281
38146
37218
36833
41186
36865
36513
36257
36674
36962
36866
36161
36257
36801
36609
37121
36801
37121
38337
37953
37441
37345
37345
37089
37282
37314
37474
37346
36865
37345
36961
36866
37345
37249
36737
37089
36993
36194
36578
36290
37025
37633
36705
36769
37761
44769
37122
37025
37473
37121
37089
37090
37569
37537
37729
36961
36577
36801
36897
38082
36513
37185
36961
37345
37153
37345
36609
37185
36673
36929
37057
37025
44674
37057
37025
37409
36897
36961
37473
37121
37089
37057
36834
36898
36290
36546
44737
36674
36898
36417
37185
36961
36513
37121
36961
37249
37345
36994
37442
37026
39009
36897
36257
37410
36705
37025
37249
37441
37089
37473
37666
36898
36546
41249
37090
36770
36801
36257
37089
37249
36865
37121
36545
36705
36769
37185
37569
44898
37409
36513
37218
36162
36354
38209
36961
36673
37633
36770
37090
37858
37602
36865
37825
37153
39905
37122
36321
36993
36577
36833
36961
36609
36610
36962
45666
37377
36705
36641
36865
36993
36577
36834
36386
37025
36673
36737
36225
37057
50178
38722
37985
37665
36386
36738
37089
38081
37153
36353
36450
36706
37250
37026
39394
37057
37729
36577
36737
36801
36993
37313
37217
36897
36385
36898
37122
45506
37281
36545
36513
37249
36417
36417
36770
38145
36673
37409
37666
37057
37025
44257
37570
36226
36418
36641
37057
36193
36641
35937
37121
36929
36833
36705
36866
39073
36993
37409
36929
36385
37217
36737
37122
36801
37185
36897
37377
36865
60227
38273
37409
38113
36577
36801
36929
36674
38722
37761
37473
36961
36897
36769
44642
37185
36417
36673
36577
36289
36066
38049
36866
36354
36770
36354
36770
36897
36961
36801
37057
36577
37057
36769
36609
37121
37633
37057
37218
37186
37346
42625
38081
37313
36737
37154
37026
36770
37282
36866
36737
37601
36417
37154
36866
43906
36641
37089
36929
37121
36097
36066
37154
36866
37121
37089
36641
37025
37121
38849
36705
37633
36961
36769
36545
36769
36289
36577
36769
37057
37441
36865
49345
37249
36673
36801
36513
37121
36513
36769
37185
36801
36897
36418
36930
36386
45217
36674
37058
37250
36610
36770
36418
36513
37089
36545
37025
36417
39553
58818
38465
37153
37153
36706
37122
36642
36322
36833
36993
37089
37121
36577
37505
44546
36641
36641
37249
36673
36578
36642
37026
36770
37121
37409
36769
37570
37154
38017
37217
37377
37249
36449
36642
37378
37442
36865
36833
37089
36929
36641
36577
37922
37122
37218
36225
36833
36129
36353
36353
37217
37185
36641
36705
37826
45122
36961
37025
36961
36354
37634
37762
37441
36513
36545
36481
37633
37409
37377
45026
36961
37377
36769
37345
36705
37377
36833
37090
37122
38146
36834
36994
37186
38338
37218
37314
37313
37153
37121
36961
37185
36865
36578
36994
36962
36289
64706
38145
37441
41858
37281
36449
36545
36929
36993
37250
36801
37154
36098
37218
38145
37121
36801
37377
37025
36929
36385
37857
36929
37057
37153
36577
36929
37345
38946
36514
37570
37122
37057
37025
38017
37217
36129
36993
36417
36897
36961
43010
37538
37346
37090
37314
37442
36737
37185
36961
36929
36161
36737
37313
37249
45186
36801
36545
36929
36865
36674
36546
36897
37057
36449
36737
35777
36289
36737
36578
36258
37025
39169
37025
36801
36481
36225
36257
36833
36962
36097
36546
36770
38402
36802
36034
37249
37025
37281
36385
37057
37025
36833
36833
36513
36321
45666
37569
37185
37473
37569
36897
37057
39201
36961
36737
37281
36673
36929
36673
38465
37153
36513
36641
36545
36129
37057
36577
37537
37409
37025
37282
36770
41474
37249
36929
37090
37218
37538
37185
36865
38785
36385
37249
37345
37057
36737
47938
37569
36929
36961
36929
37153
37153
36705
36641
36961
36705
36674
36706
37121
39713
36833
36545
36545
38914
36930
37025
37985
36641
36833
37057
36897
36673
46017
37410
36546
37410
37378
37218
37666
37154
36897
36737
38753
36705
36641
36321
44578
36801
36705
36545
36993
36994
36610
36674
37250
37282
36546
37090
36226
36609
39042
36962
37345
36961
36737
36897
36769
36193
36993
36513
36065
38753
37985
44001
36514
37249
36769
36929
37409
38561
37121
37058
37186
37026
36994
36385
36609
39233
37121
36769
37153
36961
36833
37025
38914
37506
36866
37122
37057
37313
43009
36801
37025
36193
36129
37441
37377
37314
36994
36802
36866
36897
37185
36769
48929
37729
36641
37377
36385
36929
36801
36897
37345
37090
36834
37474
36993
37185
38306
37314
37762
37058
37442
36673
37313
36994
36994
36833
36577
36833
37185
54690
37313
37346
36801
38497
37121
37281
37153
37313
36834
36930
36930
36257
36705
46657
37634
36354
36705
36577
36673
37249
36321
36801
37505
37441
36961
37377
36513
37377
37985
38433
36449
37473
37057
36833
37121
36993
37025
37314
37186
37186
57474
37217
36001
36417
36161
36161
36513
36545
36674
37282
36354
36770
36705
36801
44578
36737
36481
36642
36610
36674
37057
36737
37313
36641
37377
36385
36482
37762
39489
36577
37217
37057
36866
37730
37090
36802
36769
36929
37153
37089
37121
56354
37729
37345
37537
37217
37345
36737
37281
37153
37345
37186
36738
37250
36673
43649
37473
37185
37185
37025
36545
36418
37058
37826
36705
36993
36641
36961
37985
37217
36865
36577
36833
36385
36609
36993
37154
37634
37186
37026
37281
37121
36705
39137
36833
36865
36993
37089
37409
38177
37858
36834
36898
37313
36897
37345
43234
37410
37218
36194
37089
36929
36769
36353
36353
37089
36770
36898
36866
36769
39265
37345
36769
36673
36833
37345
37154
36962
37122
36994
36801
36673
37601
43330
37537
36769
36545
37217
37281
36609
37185
36705
36705
37217
36769
36577
36545
46049
36705
36673
36833
36353
36257
37057
36418
36834
36641
36897
36449
36577
37601
39106
36674
36866
36386
36961
36673
37249
36513
36929
37185
36929
37026
36802
70563
37506
37186
36738
37569
37057
36865
37121
36993
37153
37121
36961
37089
36226
45506
36801
36673
36449
36577
36417
36353
36449
35874
36610
36994
38946
36929
43394
37249
37025
37153
37217
36513
37345
37665
37250
37122
36354
36386
37473
37121
44737
36833
37313
37089
37633
36609
36802
36962
36578
36962
36769
36929
36449
36385
37153
37665
36545
36801
36929
36993
36801
36897
37377
37249
36386
37570
37442
37314
38562
37857
36769
36993
37090
36642
36321
37089
37089
36321
36449
37473
36161
41794
35553
36353
36641
36705
37090
36354
36705
35713
36385
36641
36417
36865
36961
45185
37538
36962
37665
37697
37505
37217
37313
36897
37121
37985
36481
36961
37057
36897
37089
37153
36193
36801
36898
36482
37025
37025
36641
36961
36481
37249
36545
38881
38241
37858
36418
36802
36578
36993
37409
36833
36001
36417
36801
36577
46338
36577
36866
36578
36610
36833
36449
36865
36385
37025
37057
36865
37026
37666
37474
37474
36610
37857
36449
36481
37121
36449
36577
36673
36545
36737
36866
41345
36385
36673
36705
36257
36641
37153
36929
37858
37122
36866
36449
36481
36097
44674
37154
36481
36577
36737
36578
36546
36578
36674
37185
36993
37057
36609
36225
46082
36929
36769
37089
37121
36641
36961
37249
36481
36226
36962
37186
37025
36929
37473
36961
38465
36866
36481
36098
36930
37186
36513
36961
36801
36993
36929
43714
36929
36705
36769
36641
