2667100
1284620
1107782
1053893
1074373
1049988
1205513
1095653
1060069
1083621
1077541
1064037
1071941
1101766
1041188
1199209
1100038
1054533
1090790
1066628
1039523
1058500
1040035
1052612
1053860
1025251
1066213
1037092
1020899
1077349
1067173
1030595
1043876
1039299
1066116
1042052
1025508
1062692
1060228
1021763
1047460
1027043
1027876
1067685
1047108
1029924
1056837
1046532
1054980
1065221
1045668
1086374
1040452
1056772
1079141
1048484
1059332
1043076
1039684
1042980
1024644
1044196
1059716
1038628
1055492
1070693
1051109
1032675
1053124
1019715
1034691
1057349
1030307
1018371
1036100
1048708
1024580
1031715
1033156
1055204
1033924
1030692
1047044
1039108
1052324
1050628
1063428
1026499
1055268
1031299
1049860
1063301
1041668
1047780
1070181
1029860
1038564
1080742
1031748
1021636
1047492
1048484
1126791
1023076
1016867
1091782
1028772
1034052
1065893
1060708
1025315
1042468
1032868
1046724
1128487
1054116
1060452
1023011
1039108
1045411
1038372
1036932
1072037
1028131
1026692
1048068
1043780
1038276
1097062
1063556
1026403
1060997
1036387
1011779
1030820
1032324
1041124
1016899
1022179
1032067
1035556
1029444
1039972
1024835
1048452
1081477
1050628
1029315
1045156
1025219
1059557
1042532
1038020
1038116
1039523
1016099
1056484
1054724
1021699
1018115
1063365
1022915
1021443
1055108
1037027
1034020
1057925
1013634
1044580
1026371
1017283
1029283
1037604
1023651
1058949
1036547
1030179
1051556
1022723
1018691
1085062
1032644
1031396
1060773
1044996
1024867
1073477
1027459
1028099
1054724
1246411
1102534
1026596
1011139
1068965
1009059
1023651
1058052
1040196
1039140
1073381
1030212
1071333
1055844
1038628
1017635
1038051
1029284
1037380
1034147
1034435
1042884
1023779
1041379
1116263
1053444
1033732
1071333
1039044
1029987
1039331
1055908
1025955
1044516
1024323
1018339
1042756
1018435
1052292
1020355
1023683
1045476
1046692
1029379
1058020
1028579
1022691
1040900
1030563
1019843
1069381
1024579
1029380
1051844
1038180
1037699
1065957
1058181
1025635
1045284
1032003
1033091
1060836
1022083
1032131
1068996
1036419
1047204
1057701
1037412
1055620
1058628
1063972
1067621
1035556
1029155
1069093
1028163
1038692
1076005
1040067
1030564
1059589
1041476
1050916
1040612
1031140
1032963
1065060
1022627
1029091
1056260
1025764
1018243
1033059
1022051
1024259
1059108
1027268
1022147
1027812
1031523
1047236
1047812
1036227
1051557
1063364
1018851
1036996
1036388
1036932
1075973
1090470
1031460
1048740
1040004
1021571
1067013
1057124
1019907
1081957
1035428
1041252
1027971
1058148
1034595
1030372
1030243
1067237
1032164
1037283
1065349
1040708
1046884
1064869
1029412
1015523
1044388
1020771
1029571
1069444
1028547
1091141
1059588
1027299
1023619
1032036
1023971
1035588
1038947
1037668
1050981
1032483
1028323
1066661
1026627
1049445
1056612
1051492
1018339
1059525
1035844
1044612
1060036
1027043
1042276
1051461
1034819
1023555
1050020
1014019
1050052
1043971
1036836
1021155
1036388
1020931
1015747
1029123
1043300
1085541
1020291
1022755
1054756
1026180
1026084
1041476
1043460
1035844
1060229
1022147
1030244
1052068
1029987
1033956
1059813
1030787
1032132
1066565
1034884
1021955
1070213
1029763
1020547
1046628
1026403
1045508
1045316
1039619
1041668
1028963
1047204
1106566
1026788
1028899
1036068
1025059
1028323
1112166
1038051
1012867
1038020
1045284
1017667
1017955
1017251
1052036
1039844
1028227
1067749
1051972
1033732
1076229
1037540
1029699
1043044
1025123
1045636
1076517
1017859
1016419
1046820
1027523
1039300
1063493
1033732
1021475
1058340
1046180
1015587
1046532
1023299
1034371
1066084
1049605
1021091
1108518
1043492
1045700
1051396
1022723
1037636
1025987
1028483
1057349
1028131
1026563
1065413
1020611
1034819
1064004
1032420
1047044
1059205
1045956
1028515
1039587
1043748
1025795
1025220
1022179
1016899
1039076
1020195
1045220
1049892
1028611
1080901
1035492
1014914
1052485
1018179
1024771
1045700
1029316
1023300
1076805
1024196
1033636
1055076
1038468
1027203
1066693
1025604
1021987
1054468
1029315
1015459
1049828
1023907
1032547
1036995
1106726
1021795
1032004
1039620
1051492
1040772
1022691
1047236
1039332
1056965
1070021
1046468
1124615
1071301
1039364
1018915
1033859
1028196
1035652
1027875
1038212
1022819
1033635
1025635
1045603
1047972
1032899
1065797
1046084
1051140
1075109
1028419
1020259
1063269
1044388
1034404
1081349
1035684
1046948
1044004
1030051
1018659
1079429
1047716
1016867
1048292
1039844
1022115
1048740
1029028
1028548
1056420
1032836
1030916
1064389
1032067
1028004
1034436
1042884
1018979
1034948
1030659
1059972
1036291
1064325
1061316
1044516
1054532
1046116
1027203
1033636
1070917
1036676
1031299
1063301
1032771
1023523
1052164
1054884
1031588
1073764
1038627
1007426
1043204
1037604
1017539
1076357
1034884
1040516
1113255
1045188
1048772
1026883
1039171
1080037
1030147
1031780
1040675
1035747
1045956
1103558
1030148
1017507
1032675
1028227
1026051
1056612
1032676
1022627
1037891
1025603
1018147
1038116
1054309
1045924
1035971
1048452
1058757
1048420
1058660
1050308
1017123
1036772
1071333
1012451
1022787
1049636
1019171
1025987
1030436
1034212
1072965
1034916
1027748
1065348
1037220
1042019
1079077
1031395
1016035
1054116
1027907
1021251
1016675
1021923
1073765
1041124
1025059
1054885
1063301
1043684
1067332
1024995
1022019
1052900
1024355
1032996
1066372
1052324
1027620
1027076
1023043
1051780
1025539
1027491
1046244
1038180
1018627
1045284
1024771
1040612
1070692
1036291
1038756
1065572
1017411
1032964
1066949
1058180
1017731
1026051
1036356
1027171
1037635
1054052
1020899
1026532
1084006
1043844
1028195
1039556
1066052
1038243
1018563
1078693
1028164
1039364
1066629
1014979
1026916
1094181
1024387
1031875
1030820
1038276
1045828
1031203
1032644
1042340
1028356
1044740
1043748
1105606
1065316
1042244
1037123
1047780
1070212
1031299
1025987
1087909
1039363
1045700
1050148
1035331
1051044
1038820
1016547
1043428
1033731
1042692
1063972
1036131
1040163
1065605
1030084
1029667
1053764
1031044
1031684
1072805
1025763
1014147
1066628
1025859
1029955
1041220
1024483
1024003
1029155
1019907
1011907
1065156
1026372
1018147
1027300
1067269
1040291
1042052
1042372
1061412
1041764
1037956
1058181
1022371
1027011
1051684
1027555
1027779
1065861
1044932
1039843
1059493
1022883
1059940
1058148
1011682
1043364
1047044
1050757
1031140
1028260
1020835
1017859
1037795
1046532
1058149
1032963
1030723
1061573
1029699
1025635
1052196
1048996
1028004
1083013
1020611
1027972
1113030
1071301
1094597
1026819
1013187
1032676
1021923
1014947
1039716
1023940
1031652
1047236
1022531
1019427
1093862
1035236
1050628
1044228
1033796
1056132
1069349
1030628
1036164
1065124
1027844
1028643
1165928
1051076
1050980
1026339
1016227
1088005
1018051
1023363
1034947
1051620
1031843
1044612
1022308
1060100
1022531
1024515
1047812
1032356
1040899
1046596
1040804
1029988
1093157
1028612
1067652
1028675
1043972
1029475
1046596
1022307
1034916
1036324
1023619
1037476
1032388
1034404
1053541
1042851
1037636
1064037
1031684
1030500
1059588
1048452
1030147
1082885
1041412
1046212
1088293
1025604
1020419
1030852
1033923
1024995
1032387
1025795
1056581
1027300
1031236
1062180
1055268
1025123
1053892
1024195
1029956
1064036
1025828
1030820
1038148
1051748
1038148
1053764
1055653
1023043
1065669
1048868
1072549
1038084
1028707
1138472
1062789
1033955
1045668
1018499
1018691
1045060
1048644
1017379
1177833
1077829
1042852
1011010
1025667
1057572
1044772
1021187
1065508
1048964
1062148
1049028
1033251
1037764
1051844
1033379
1038404
1067141
1042948
1027139
1030755
1030595
1023491
1022307
1045508
1043940
1064452
1019011
1044515
1033700
1034915
1059652
1050116
1059493
1072293
1042691
1041444
1089477
1052676
1019747
1052101
1028228
1028643
1054372
1035876
1037540
1079045
1027651
1017347
1025476
1034948
1012739
1034948
1029572
1035940
1067173
1067237
1075493
1034563
1029316
1051396
1029219
1038788
1061572
1050116
1056100
1091749
1022563
1030947
1075877
1038276
1035172
1036483
1029603
1056900
1057188
1032131
1037443
1028452
1028643
1046308
1023939
1030180
1054884
1041860
1018402
1091429
1062373
1105158
1030915
1027907
1033380
1028867
1022531
1037156
1060453
1020131
1107014
1054084
1019459
1217994
1073477
1077253
1026340
1027971
1038564
1032067
1051108
1068996
1015938
1038948
1066692
1023587
1018915
1076485
1037508
1021923
1042532
1039876
1033187
1048548
1037795
1089382
1026051
1035171
1072197
1024579
1019139
1044003
1032484
1037764
1027363
1043492
1039716
1057956
1032996
1035203
1053605
1032899
1025763
1067237
1034275
1032259
1067077
1047428
1025475
1078981
1032451
1019747
1048740
1034755
1021603
1033636
1026851
1021443
1031811
1021987
1043748
1032452
1027364
1049284
1046084
1052964
1084709
1042596
1039747
1086726
1023587
1020643
1048548
1039267
1020388
1051908
1041891
1029219
1066085
1045156
1116646
1087270
1033059
1034691
1033156
1039651
1037795
1049348
1041604
1067877
1037860
1094213
1046244
1031523
1045508
1062213
1062469
1043139
1053380
1037092
1033316
1047812
1037059
1078277
1045572
1033315
1039620
1030339
1010338
1050852
1036420
1019235
1041700
1032004
1026819
1052964
1035972
1026564
1057188
1022595
1018083
1049380
1035875
1173800
1068517
1050276
1012547
1013283
1033828
1055621
1040164
1021987
1042020
1033539
1050052
1048868
1034244
1028515
1062724
1026180
1057892
1047876
1021731
1053188
1088838
1052420
1041508
1024099
1028483
1021444
1038564
1031171
1082213
1029827
1014562
1068197
1021795
1012035
1064485
1024323
1023587
1054180
1028868
1047876
1044516
1025955
1064837
1058020
1029827
1026852
1064996
1039651
1043844
1056453
1056580
1060772
1033763
1033699
1074149
1043268
1030372
1057061
1038051
1035844
1060868
1034340
1046179
1054884
1035043
1025027
1058981
1052484
1033315
1035812
1018852
1019171
1032771
1021539
1043140
1030307
1029411
1043076
1015779
1193865
1091013
1028835
1021411
1056068
1069189
1039140
1047844
1036836
1022275
1033667
1024899
1043940
1028868
1048484
1055748
1046692
1043428
1085574
1027427
1021635
1078213
1031619
1031332
1063973
1022179
1053828
1084037
1036099
1031843
1068997
1035139
1043684
1051524
1036067
1034212
1049317
1045476
1024100
1037763
1062852
1088549
1052612
1026820
1085125
1029603
1032803
1038179
1033700
1036900
1074693
1033187
1048612
1045604
1039396
1051780
1069124
1031939
1031620
1053348
1027427
1025315
1125958
1109382
1069604
1042468
1016099
1074661
1015843
1024612
1039107
1035747
1055364
1064900
1032323
1030724
1056836
1030627
1025668
1038948
1057028
1010275
1026435
1026595
1052388
1036035
1025156
1049604
1089510
1016899
1037668
1031908
1022787
1035332
1041956
1021443
1052420
1014179
1062981
1046532
1028163
1017251
1047300
1046884
1036067
1018563
1028580
1180872
1075461
1038628
1042852
1018915
1050212
1051428
1038372
1044644
1036868
1029699
1069765
1028707
1028803
1128486
1036836
1018883
1049860
1015843
1030532
1045156
1026724
1030115
1060420
1059429
1022019
1029763
1045604
1015907
1041156
1040484
1068837
1030019
1028676
1055428
1052516
1052228
1088133
1069413
1019267
1041252
1027139
1032836
1052516
1053764
1028516
1064773
1030115
1029411
1062661
1038851
1019491
1055844
1033955
1034083
1067493
1035012
1026275
1049956
1054724
1046660
1048708
1043012
1069253
1045444
1050596
1075109
1056581
1027140
1052868
1032611
1022243
1055204
1025571
1034788
1049316
1019971
1021027
1056165
1027267
1026211
1086822
1039300
1047172
1035683
1036420
1061220
1041795
1032644
1090086
1030916
1030307
1056133
1205417
1070277
1040996
1014467
1033827
1020355
1039204
1080197
1041347
1037251
1042916
1017731
1038947
1056037
1021923
1022851
1046084
1039428
1040964
1082821
1033827
1017219
1043972
1029251
1017923
1041604
1031364
1037092
1064549
1027332
1028643
1047300
1029156
1019107
1045604
1046276
1034180
1044420
1032163
1042564
1049636
1031299
1042724
1033476
1035780
1077413
1042499
1016547
1169960
1061541
1020163
1062116
1032931
1020291
1054084
1034852
1013155
1053636
1043012
1034404
1039555
1044420
1076389
1030852
1022979
1058980
1022435
1020963
1046948
1022531
1038788
1065221
1041924
1037668
1062820
1046532
1040900
1072549
1050885
1045156
1056388
1032195
1014691
1062437
1037732
1029923
1057380
1044228
1116199
1035268
1008771
1036228
1027939
1035491
1077733
1046084
1061796
1091398
1029252
1020419
1078949
1024099
1019267
1056389
1053540
1020931
1036996
1048452
1029988
1040324
1043268
1069125
1044676
1056900
1064101
1034084
1053380
1045988
1036643
1031204
1060965
1028643
1046340
1030563
1026531
1092070
1071781
1044068
1040676
1025507
1007298
1059556
1057572
1031235
1179176
1061956
1026691
1022115
1041699
1044484
1051012
1044132
1052260
1040004
1048420
1067172
1039139
1040451
1034980
1037444
1033251
1034691
1027747
1050244
1037860
1020643
1057989
1024419
1035620
1062404
1042563
1052869
1059364
1027875
1017187
1052132
1036035
1016771
1053796
1027172
1052292
1033923
1042724
1008610
1027395
1019939
1101990
1031140
1030307
1047332
1064485
1030723
1068421
1033859
1035331
1078757
1024580
1033315
1072996
1020611
1019619
1057124
1037924
1046468
1052932
1015651
1037380
1021763
1031812
1060837
1026019
1026019
1098182
1046052
1028035
1042307
1062181
1013315
1047396
1157608
1101541
1023716
1046852
1037283
1024227
1035076
1092453
1017475
1021795
1029924
1036420
1031556
1045604
1029603
1061124
1023140
1034051
1040260
1031811
1024099
1064229
1043012
1040772
1200362
1093413
1077669
1050724
1055652
1056836
1028547
1046500
1045604
1030756
1027139
1058340
1033251
1026499
1052452
1042019
1030307
1031779
1020260
1020387
1025027
1024227
1013635
1035779
1040452
1048356
1037284
1039844
1081574
1065284
1057572
1077413
1041348
1021539
1070437
1034403
1032227
1074917
1047588
1014883
1068100
1054788
1028035
1044996
1061029
1067269
1027907
1047908
1049060
1046724
1034883
1082533
1019588
1057220
1089157
1084997
1033348
1038243
1021571
1035107
1033444
1029603
1047332
1037028
1058564
1059620
1163368
1080069
1052388
1025827
1023619
1023684
1018403
1046788
1016963
1016035
1013730
1052676
1013091
1055589
1024868
1032387
1061861
1032484
1034179
1053316
1026115
1028676
1040163
1035139
1027396
1079269
1022499
1029315
1046436
1027171
1035907
1030499
1026563
1013667
1018723
1026243
1014819
1020483
1020515
1084197
1022691
1064037
1051332
1028324
1041028
1068613
1038564
1032900
1054245
1040324
1019331
1066565
1028387
1037028
1068837
1042436
1020259
1051748
1027428
1052004
1039652
1039716
1024131
1044676
1025475
1024227
1038372
1037252
1064869
1064197
1031428
1066725
1026659
1040644
1048132
1032868
1047748
1073413
1043876
1021859
1034179
1025795
1022115
1069028
1048068
1029092
1029828
1024867
1092710
1067205
1037444
1063492
1047620
1058117
1055972
1037443
1034723
1072069
1036964
1026851
1046020
1026883
1029571
1033187
1020803
1059525
1038276
1045028
1053988
1013698
1021187
1054052
1034884
1025379
1059748
1030852
1033060
1051076
1020996
1185000
1068005
1028387
1034276
1044452
1024899
1052965
1036867
1025667
1036484
1016579
1017027
1043428
1032707
1027011
1060132
1036612
1039780
1124967
1066693
1028292
1029059
1042596
1050884
1024835
1030659
1062533
1046276
1038084
1064197
1033668
1025699
1055877
1026948
1020835
1058469
1020227
1022147
1065764
1049636
1027971
1101094
1041443
1030595
1042116
1030212
1070724
1021060
1018659
1058277
1035460
1028003
1073893
1047300
1012227
1043331
1024867
1032772
1050628
1020931
1028419
1053476
1019715
1061988
1028740
1030564
1017283
1033188
1025923
1068388
1064293
1019555
1041220
1023075
1029667
1055908
1031396
1027171
1067749
1028804
1024932
1057605
1179080
1087046
1049668
1036003
1061413
1011939
1013315
1038852
1031236
1025763
1031076
1029764
1012227
1032739
1030148
1024995
1021859
1023363
1031652
1021955
1026467
1053156
1059492
1023299
1038884
1059012
1035203
1058981
1034819
1030435
1073829
1029732
1041155
1082661
1040515
1038244
1052164
1028260
1023587
1050757
1052356
1042243
1061061
1049828
1060005
1041604
1062788
1042468
1015075
1022755
1041059
1014499
1058340
1039011
1013155
1012611
1058405
1026211
1020227
1053188
1035235
1032484
1021475
1016803
1032612
1031012
1017187
1027652
1072069
1022307
1071140
1026628
1023107
1058469
1033924
1023075
1089381
1037572
1038435
1062756
1067749
1019107
1057796
1057668
1019267
1051140
1036035
1046595
1064325
1011554
1056388
1026467
1042692
1048900
1025763
1028931
1080741
1020355
1031011
1077125
1166696
1081573
1056004
1111078
1074245
1020003
1043748
1046020
1027683
1018083
1066213
1014467
1017251
1060805
1024067
1025283
1074853
1024195
1033539
1058437
1054885
1040772
1077925
1031428
1017763
1026019
1056612
1017315
1022595
1029572
1027043
1018723
1029507
1064965
1028292
1050404
1046052
1082725
1075493
1071237
1033636
1014819
1054020
1029347
1036387
1041924
1037411
1015907
1028899
1035075
1065925
1021251
1025891
1051140
1041316
1027459
1054629
1019523
1041443
1048900
1019876
1026211
1062340
1030756
1019299
1042276
1039075
1022020
1044228
1024579
1029699
1018467
1037284
1029572
1050180
1021571
1044356
1022243
1027267
1050020
1027107
1020451
1037892
1074021
1025955
1048868
1053764
1044324
1102150
1022915
1045060
1022467
1038660
1053860
1027300
1039203
1064325
1058660
1027779
1053444
1104166
1022531
1028355
1032164
1062981
1022307
1022563
1062469
1028932
1028739
1043907
1016675
1030595
1065156
1045540
1027651
1065701
1036387
1032323
1068548
1062949
1030083
1036196
1032068
1025123
1025571
1047524
1023395
1030148
1029507
1037571
1022691
1040356
1057253
1038851
1032419
1062085
1026051
1031908
1044484
1028516
1036772
1060612
1037507
1053668
1067205
1049316
1016419
1035907
1026372
1022883
1043652
1030275
1068005
1030403
1029795
1081957
1029988
1030244
1047364
1047748
1027331
1093093
1043716
1049380
1072453
1031076
1015075
1077925
1014498
1030787
1023139
1024740
1017603
1038468
1044004
1034852
1024611
1039044
1036164
1024708
1019875
1052932
1050276
1042276
1071877
1053284
1044804
1085830
1113447
1047780
1016643
1032132
1059685
1039556
1023779
1055876
1045475
1030435
1053957
1025891
1025059
1054916
1022691
1019651
1047364
1043460
1018371
1027747
1038787
1056549
1039620
1032867
1070628
1032835
1033507
1190857
1059300
1058308
1023619
1022403
1018499
1030947
1024900
1051332
1021124
1023203
1049412
1015778
1015395
1055108
1035620
1035364
1046116
1021411
1031108
1049860
1031780
1031875
1061732
1025891
1014755
1028612
1023363
1017443
1049444
1032291
1180873
1058596
1029955
1040484
1030084
1012035
1051332
1012643
1023235
1064324
1050820
1033476
1058244
1047044
1029380
1025412
1021667
1024003
1035844
1038180
1054213
1028643
1034308
1061828
1028643
1021603
1040708
1027523
1049188
1069413
1038340
1029987
1062149
1017283
1007651
1059780
1021635
1021700
1043172
1018979
1033220
1059588
1025667
1056260
1042276
1020995
1041572
1021475
1045796
1044996
1022852
1032964
1047876
1177193
1067909
1031683
1034211
1026307
1035875
1034915
1054981
1043652
1035075
1043268
1032739
1018083
1046052
1041700
1022627
1040515
1081605
1031523
1038020
1041860
1029028
1064261
1043108
1025156
1050788
1024675
1015011
1042756
1025187
1037380
1028932
1028707
1061189
1034724
1020099
1058852
1023172
1022755
1041508
1051204
1033220
1084518
1027268
1023715
1072484
1046884
1030915
1174184
1051940
1039651
1020035
1025475
1030499
1066788
1031940
1070117
1044580
1043075
1062884
1028899
1045539
1058724
1043172
1022403
1056228
1042372
1047908
1056645
1021027
1038532
1019235
1031331
1023107
1142503
1060101
1052836
1030083
1020483
1037411
1022851
1021731
1069925
1041091
1080037
1051876
1048708
1022724
1058820
1019427
1029251
1037955
1011779
1050116
1042275
1010179
1043876
1034884
1035172
1065316
1043428
1036451
1073509
1026115
1042628
1061316
1029956
1011843
1042755
1024707
1067685
1158184
1089126
1057732
1023395
1084837
1028803
1025891
1054628
1034275
1023395
1052740
1057125
1038883
1045700
1018755
1055716
1035172
1043940
1060037
1044836
1026756
1046820
1028483
1050948
1063524
1042308
1054628
1054468
1046372
1054052
1038756
1045988
1055940
1039620
1031235
1061252
1051300
1027876
1029539
1020868
1126631
1037540
1072805
1070020
1023171
1024611
1057124
1022916
1032516
1076613
1026435
1021059
1036484
1027779
1018275
1048004
1033187
1060453
1034083
1039300
1060068
1058884
1015395
1042020
1018627
1039971
1060292
1036804
1026819
1063428
1025059
1054596
1038340
1027428
1014371
1066052
1028163
1053188
1022819
1017091
1031748
1022147
1016867
1054372
1030691
1032100
1047492
1026531
1017475
1166696
1081317
1030628
1050084
1030276
1028515
1044676
1024323
1110406
1047748
1051300
1043396
1018915
1014659
1050372
1023683
1051652
1078021
1045892
1059525
1067461
1027747
1015491
1048996
1026595
1035524
1062885
1096102
1067941
1051236
1061732
1053188
1021187
1039267
1051364
1044036
1052644
1087269
1054692
1042692
1081189
1029123
1014786
1045668
1043268
1027555
1071140
1034596
1069861
1050628
1041156
1037891
1031299
1018339
1028707
1041796
1023044
1051236
1045571
1139367
1085189
1028132
1026307
1074373
1028131
1022339
1042756
1032740
1027555
1042980
1023587
1044868
1051556
1013635
1046820
1023523
1037123
1051525
1028643
1024675
1049444
1012131
1049284
1055845
1021379
1012995
1060164
1042244
1098213
1029508
1013955
1080838
1035684
1015683
1038372
1018595
1014691
1047268
1036580
1025923
1028356
1032739
1016387
1020291
1031171
1050756
1025379
1046756
1073349
1046116
1055461
1064261
1019907
1034948
1060868
1180681
1063204
1043012
1033860
1048164
1024675
1027844
1061541
1030403
1034115
1073861
1052324
1023235
1055493
1031876
1034243
1047588
1037699
1034051
1057701
1027844
1024483
1075461
1034947
1062116
1048196
1038595
1075909
1041700
1048196
1049956
1026531
1031492
1050276
1044291
1023908
1061861
1023459
1038948
1024196
1026819
1030628
1040547
1023907
1047236
1024675
1050244
1064357
1025763
1019555
1042660
1032068
1032611
1063524
1029539
1051620
1058085
1036099
1040420
1075013
1053829
1035555
1027267
1020995
1029219
1034788
1042916
1040771
1040708
1022531
1044164
1037732
1088645
1082853
1024419
1036388
1044483
1020259
1021219
1033443
1021923
1022499
1026020
1023011
1045348
1040036
1046916
1038500
1029731
1022307
1054308
1036676
1024900
1207434
1074437
1036451
1019747
1028420
1028387
1033571
1028675
1063620
1033444
1038211
1068100
1045572
1051204
1060613
1029155
1046244
1085989
1037251
1030115
1061093
1019523
1016131
1046404
1033412
1033604
1024355
1022147
1010147
1051300
1024420
1019140
1026979
1028227
1073061
1028995
1126119
1070245
1049604
1015747
1083813
1032963
1037668
1055013
1035747
1047876
1029443
1027427
1035843
1042020
1036740
1035268
1020419
1028260
1040164
1020323
1033219
1041764
1038531
1030564
1051460
1023619
1040228
1061925
1037668
1022179
1067908
1027940
1021315
1047140
1069925
1032707
1043940
1033892
1055524
1017539
1021987
1035075
1029699
1040452
1104294
1034756
1029604
1060485
1048964
1042660
1086021
1057924
1063845
1024835
1030531
1059364
1024643
1017699
1062597
1017379
1021315
1050852
1039108
1028836
1114374
1020067
1023555
1085797
1041348
1030339
1063172
1035236
1040452
1040004
1023107
1061349
1031779
1031524
1229450
1096230
1032836
1037380
1046500
1071589
1038212
1038020
1064677
1019971
1048900
1047620
1041060
1034883
1074309
1027363
1034564
1068132
1038852
1022979
1075717
1021155
1036771
1038852
1042884
1014179
1034787
1047012
1053444
1035876
1045956
1054916
1038691
1034595
1052356
1041571
1043940
1046660
1029667
1016419
1088838
1026371
1027939
1052964
1049988
1028323
1049284
1037539
1075909
1020259
1032676
1048516
1031076
1019203
1049156
1037571
1050789
1084549
1058533
1055460
1056772
1019331
1043396
1063813
1038628
1051812
1054532
1012643
1049604
1020931
1014371
1041635
1027619
1035748
1078885
1048292
1049188
1058852
1028676
1042275
1067781
1044324
1047748
1072773
1035236
1012163
1031812
1018339
1020739
1039523
1018019
1032643
1037284
1016259
1040740
1023619
1046244
1050532
1033508
1020547
1056516
1021411
1021731
1062500
1026723
1035268
1053893
1142824
1076805
1024227
1019171
1011331
1050181
1159592
1085573
1020131
1024867
1047044
1029667
1029092
1047652
1030212
1032195
1065989
1040579
1032932
1032291
1028227
1062116
1043716
1028100
1060581
1061124
1017027
1076549
1047748
1044100
1074052
1025987
1022563
1054949
1028931
1041540
1067461
1043908
1021923
1053797
1060452
1019139
1029092
1022243
1047012
1024259
1041092
1041219
1025987
1020355
1058020
1059685
1032516
1066533
1031844
1017091
1040356
1019619
1034052
1079749
1035108
1001634
1015651
1033251
1063844
1024483
1023427
1065285
1049796
1029731
1075973
1027875
1021155
1068485
1029059
1034979
1169545
1061477
1012450
1026787
1040708
1033955
1020835
1022979
1078757
1032708
1015107
1053860
1047844
1033315
1060964
1038948
1035396
1070116
1031331
1045636
1029316
1021763
1032708
1041476
1038660
1057669
1038179
1032003
1077541
1046820
1035523
1054596
1037124
1050436
1078117
1027907
1019075
1049348
1033923
1001666
1039396
1045572
1025315
1047236
1049060
1026052
1036452
1029572
1013731
1021571
1032163
1053508
1055716
1041924
1068261
1038564
1061316
1045604
1044868
1055492
1044196
1019619
1024419
1056261
1022883
1012931
1068484
1017219
1024579
1049380
1018979
1021987
1088677
1023139
1019203
1034563
1059236
1056516
1045124
1054404
1074149
1034627
1073541
1129287
1028931
1005890
1055748
1014403
1029475
1062213
1043972
1051556
1045348
1058117
1083685
1183465
1075653
1043844
1023139
1013091
1029827
1010179
1017795
1058756
1017699
1016546
1035972
1033092
1048932
1127399
1048580
1069733
1032612
1031139
1057925
1049828
1041156
1065540
1020483
1019203
1051269
1018819
1016803
1046212
1047492
1012995
1029764
1012770
1018179
1024771
1020163
1017987
1028611
1039459
1054180
1021283
1035492
1037763
1035972
1058244
1054692
1060388
1014018
1049412
1019651
1018147
1073733
1029763
1035267
1053989
1025699
1031748
1057284
1038819
1033603
1040227
1035428
1025635
1019235
1028387
1044323
1033380
1027747
1053925
1027299
1031075
1047652
1044324
1035588
1046372
1022243
1020163
1050212
1035843
1024611
1028676
1020835
1028451
1030691
1036036
1072933
1023459
1071557
1095622
1015939
1017699
1043300
1019364
1034307
1035620
1015299
1023171
1045636
1018595
1025284
1033059
1171528
1118726
1029315
1026243
1040420
1049765
1019139
1061669
1028004
1018819
1025603
1028419
1044836
1065893
1027203
1050436
1031683
1024003
1049092
1035268
1042180
1117286
1028227
1018787
1052036
1029443
1009571
1042883
1021347
1027747
1029220
1039204
1065605
1050500
1041636
1071877
1046628
1040228
1062756
1052900
1036387
1084485
1050692
1036772
1028675
1049188
1048964
1025955
1051268
1063044
1027267
1040580
1043140
1022627
1025444
1042595
1023011
1025219
1051684
1035716
1042564
1052101
1026179
1041380
1056325
1036676
1042340
1067460
1034723
1061893
1015363
1027460
1020515
1062436
1045508
1050564
1017923
1041731
1056901
1035940
1027267
1053029
1040932
1029699
1045572
1046852
1024291
1090149
1030659
1015971
1021475
1041156
1012771
1037124
1016387
1050436
1024643
1025379
1167944
1065988
1023555
1044676
1016771
1019683
1033827
1038659
1034692
1053700
1038052
1031843
1051844
1038980
1052804
1046596
1152328
1079461
1034948
1016483
1022595
1028388
1015939
1024291
1029219
1040804
1017731
1032580
1046692
1026148
1024643
1065445
1021891
1028099
1067813
1024707
1020963
1059429
1036548
1020259
1057732
1039204
1031523
1032931
1042404
1067140
1031971
1048740
1045092
1031844
1024740
1064549
1033892
1028515
1084965
1021635
1010179
1055781
1028771
1016419
1035268
1058916
1021219
1043108
1034884
1066469
1029251
1025571
1065956
1026084
1016163
1054436
1037220
1031460
1060868
1033764
1019491
1066340
1044804
1020195
1025571
1028611
1032579
1023075
1013923
1036323
1033124
1023908
1062436
1066213
1021059
1066117
1016450
1042404
1063109
1022435
1021091
1055556
1028419
1023683
1077701
1088677
1051556
1012515
1015491
1041379
1043652
1026820
1051620
1032355
1034435
1050084
1023075
1007298
1049188
1042468
1027268
1028003
1022627
1039716
1029411
1023107
1016067
1057316
1020483
1031139
1013891
1029155
1060004
1028388
1022179
1057093
1032068
1031523
1050020
1024771
1032323
1053156
1025283
1038211
1070341
1028804
1020963
1066084
1027363
1016099
1038852
1038660
1011682
1023779
1030275
1031876
1040036
1036227
1140199
1039172
1032035
1052612
1075300
1024547
1052996
1035812
1055653
1051332
1021347
1020323
1070469
1035396
1040292
1052548
1045060
1019171
1032228
1027299
1031139
1046788
1038180
1017827
1032195
1029923
1052612
1021699
1019683
1065060
1031459
1077349
1075109
1013027
1027940
1083589
1041379
1028484
1044612
1026307
1050628
1030500
1022948
1031844
1023235
1039140
1063556
1141383
1066436
1058373
1014723
1011874
1035108
1025187
1040836
1040420
1037667
1052612
1040132
1028867
1057221
1036388
1032835
1046596
1048420
1028931
1050180
1022115
1022211
1072356
1016643
1007714
1052836
1013474
1027171
1031203
1030979
1024836
1030884
1062597
1020931
1028451
1025155
1049604
1029924
1040035
1039332
1026563
1032803
1052996
1036260
1036196
1054884
1033315
1018307
1049380
1024484
1040324
1039748
1017859
1022787
1056644
1025059
1016003
1038724
1035556
1014595
1043364
1025188
1043875
1030244
1030052
1089542
1026531
1026819
1045444
1041988
1021059
1038340
1042820
1025123
1049284
1017187
1031044
1081382
1030851
1016035
1060612
1029827
1039172
1037508
1042980
1036036
1019363
1047524
1102694
1057828
1018915
1029508
1014979
1035524
1047396
1023939
1049028
1056708
1048996
1019779
1187209
1057380
1045924
1058852
1041828
1066629
1037156
1052420
1075076
1047492
1058148
1051268
1021379
1003714
1060773
1038884
1016643
1062309
1062117
1016099
1075301
1029475
1061060
1035524
1025412
1032355
1024483
1040100
1076101
1040484
1036196
1057732
1032996
1034019
1058501
1025827
1036675
1071941
1020739
1020835
1052900
1023139
1026820
1036708
1023299
1008834
1024003
1022147
1031779
1059172
1042596
1064549
1049477
1028099
1065316
1026243
1027332
1068676
1068869
1029155
1063877
1031043
1035235
1041219
1025668
1033283
1035075
1021987
1028644
1043172
1160360
1084774
1046116
1047300
1060933
1037539
1050308
1053092
1031939
1012259
1055780
1027043
1024899
1036420
1036260
1044515
1043684
1058244
1079525
1022723
1029700
1046308
1036163
1024484
1065092
1034500
1042276
1029956
1034275
1040388
1051460
1020163
1020067
1025763
1022179
1047780
1054372
1021187
1049412
1017571
1045572
1079045
1038787
1036836
1090118
1026595
1034052
1093446
1024739
1032515
1082181
1044804
1040228
1054820
1058116
1035076
1027843
1024996
1019107
1052324
1031779
1056964
1139175
1061540
1048740
1030979
1012387
1048612
1024419
1014818
1074053
1052868
1067941
1032579
1020035
1043204
1072485
1059684
1100710
1067620
1070757
1053828
1039492
1068933
1041924
1024419
1066501
1022627
1039299
1095334
1031011
1028004
1063749
1026819
1027619
1045412
1035428
1021219
1053572
1037827
1030787
1027171
1024579
1018435
1028643
1038948
1024035
1044900
1026755
1044484
1035779
1051909
1052932
1025443
1025283
1035875
1018147
1030019
1070917
1078438
1030659
1052068
1022819
1030435
1067557
1062212
1046820
1037188
1028515
1035044
1024099
1041892
1071621
1044452
1039427
1048324
1022979
1055236
1135111
1060357
1045572
1025699
1021091
1021539
1039748
1046788
1064548
1049764
1030819
1062180
1030115
1037988
1061252
1026915
1025764
1069413
1034243
1025988
1081254
1028867
1029411
1060932
1039939
1049636
1032164
1033380
1027139
1023044
1037603
1019811
1031780
1049092
1059140
1031075
1034468
1057380
1021155
1019939
1044932
1047076
1034596
1071653
1040900
1039620
1084069
1142663
1048932
1031907
1020899
1010211
1022723
1028515
1068548
1044932
1033059
1060164
1052452
1044804
1088389
1076933
1045668
1058852
1046020
1013603
1035300
1019715
1040548
1060261
1019299
1027395
1071269
1032708
1037380
1048868
1037476
1026403
1017602
1027523
1095046
1032644
1029507
1057348
1037636
1027044
1052100
1015811
1049188
1057252
1023651
1029443
1039332
1025379
1039108
1034500
1031908
1061892
1042275
1014595
1061221
1056005
1051908
1057124
1031171
1020963
1086885
1027139
1022851
1057733
1033251
1030435
1052964
1035011
1192041
1066629
1028035
1036260
1031619
1015651
1083877
1026883
1023075
1054021
1022147
1015075
1067460
1019267
1012867
1047876
1024099
1018403
1047108
1023043
1056484
1032195
1024995
1052453
1055748
1022211
1057892
1035332
1024420
1065413
1035523
1027427
1048516
1029603
1052260
1056196
1034596
1020867
1070949
1031140
1049956
1022147
1024739
1051460
1051204
1025668
1076421
1049573
1574326
1123622
1043684
1061189
1040964
1057444
1100198
1023523
1015427
1065380
1023491
1003650
1044964
1010691
1028995
1038020
1015907
1027332
1063172
1017667
1001570
1005955
1016195
1013667
1011843
1011587
1001826
1009923
1016899
1004515
1023715
1077445
1020003
1020835
1017763
1017763
1015779
1036196
1042851
1027811
1024163
1031395
1061348
1006434
1041476
1011554
1026179
1028419
1008899
1008003
1052708
1002819
1030947
1036388
1019875
1009251
1032292
1012451
1006531
1052836
1017187
1008866
1035908
1014115
1014723
1048132
1032195
1026723
1231274
1209993
1342382
1183625
1092038
1017571
1025603
1038276
1021507
1012131
1057572
1016803
1015779
1049316
1012227
1033508
1049316
1021412
1019811
1022531
1042788
1008867
1031171
1017154
1022659
1043492
1049636
1032772
1044292
1028676
1015299
1055172
1046116
1022211
1039395
1018147
1006467
1004066
1023907
1019555
1029667
1018467
1013922
1004643
1017539
1061061
1079813
1000963
1007075
1090021
1049540
991746
1037732
1003618
1015811
1048068
1038244
1010499
1044228
1015523
1053476
1031459
1001219
1028867
1026340
1020163
998498
1035780
1022243
1008642
1024323
1024324
1008579
1078533
1012131
1003586
1042339
1010563
1021604
1036900
1009698
1014787
1041892
1008963
1008355
1062116
1004354
1003043
1023363
1011779
1012579
1031684
1022915
1012643
1047396
1027939
1025283
1079109
1015203
1016355
1040419
1010146
1011010
1043396
1013635
1020227
1052356
1015875
1018691
1062981
1012995
1025444
1031939
1005218
1000963
1055204
1023043
1015427
1050404
1020675
1011746
1014787
1010403
1011779
1001443
1010659
1004994
1003106
1018403
1009539
1026212
1030116
1001667
1000163
1030340
1011491
1003202
1042915
1051813
1037700
1062692
1034819
1027907
1053093
1018083
997666
1039876
1008835
1000739
1056452
1042180
1007075
1029283
1004515
999907
1051492
1017411
1021539
1041540
1018787
1015107
1042307
1039875
1021539
1056645
1005922
1012579
1028387
1000130
1019459
1055652
1022051
1008675
1039236
1006019
1016899
1033347
1019907
1000738
1041731
1014147
1027747
1058116
1014019
998371
1058660
1011490
1021155
1042020
998466
1001122
1061508
1014627
1011075
1051428
1042308
1012290
1021219
1015491
1033571
1025667
1023715
1034980
1028131
1020611
1052356
1028931
1014243
1013091
1015875
1012195
1000738
1043652
1024483
1027428
1023523
1020515
1048292
1002786
998883
999651
1016515
1018531
1007650
1023107
1020131
1015650
1023267
1019619
1002371
1010947
1015331
1015362
1059365
1014819
999651
1066788
1019043
1001602
1033444
1044516
1010627
1058789
1010882
1002498
1010243
999874
1023843
1027427
1026499
1040739
1014243
996418
997346
1015939
1008963
1019011
1038628
1011234
1035652
1011779
1021220
1000834
1025699
1007491
1075397
1059300
1000418
1012163
1006722
1008067
1012930
1018851
1015043
1017539
1002339
1015586
995939
1010019
1002306
1009987
1053989
1004034
1033604
1044356
1007075
996355
1038052
1006339
1011427
1027395
1017571
1001154
1023267
1032740
1008898
1036131
1032419
1014018
1040292
1027556
1016099
1021891
1003234
1040164
1049732
1028931
1021540
1050948
1028579
1016451
1055973
1014050
1015939
1064101
1006435
1010882
1048804
1026627
1021411
1066757
1001090
1007811
1047460
1002915
1011363
1048164
1036995
1006467
1039171
1034179
1006563
1031939
1011458
1043428
1038116
1019331
1032323
1038980
1029220
1019235
1018979
1044612
1025315
1112007
1023779
999586
1034724
1038724
1038148
1055972
1055972
1000258
1021891
1006275
1006787
1031236
1022244
1018947
1073541
1008227
1005091
1039876
1015395
1013219
1073701
1011907
1023075
1048740
1027875
1044740
1041988
1028900
1005954
1038916
1014787
1010339
1040291
1041604
1011650
1122438
1020387
1011459
1031107
1030019
1004738
1026019
1023075
1022531
1044068
1014467
1017699
1064452
1006402
1022211
1030979
1014531
1014755
1055940
1017347
1026947
1036835
1024708
1018595
1051236
1018627
1006563
1036516
1017603
1022147
1042468
1047972
1024419
1051236
1019907
1024707
1069253
1064677
1003010
1061444
1042915
1008674
1024804
1005122
1015907
1042692
1012067
1005730
1036548
1013059
1025251
1059908
1025827
1002211
997730
1034659
1013859
1067205
1020483
1033347
1045188
1045060
1016131
1009731
1024291
1015138
1023300
1012131
1014851
1042691
1068260
1009475
1022083
1005282
1020324
1031843
1022563
1015011
1051236
1009827
1007939
1036900
1015235
1004323
1034372
1020772
1014626
1029923
1040547
1012898
1076165
1011010
1011011
1024451
1000995
1005155
1030947
1005090
1016834
1010210
1023587
1035684
1014819
1016259
1021763
1011299
1011331
1006883
1017795
1023811
1022148
1025955
1025571
1007427
1002659
1040131
1035171
1016867
1043108
1023684
1042660
1035812
1012547
1039811
1032323
1027459
1016835
1039876
1005859
1009858
1026467
1026115
1029860
1055588
1041923
1058788
1048420
1033123
1015427
1034979
1010755
1002595
1048196
1028131
1029123
1062277
1018947
1024420
1040995
1022211
1014467
1054212
1025988
1022851
1047940
1016899
1014179
1020739
1021795
1007906
1042692
1006595
1017347
1033667
1020035
1029732
1031203
1011939
1015715
1055716
1029475
1014947
1023299
1007586
1025604
1023427
1016066
1016675
1024963
1015299
1010659
1059012
1017219
1012227
1035875
1009347
1000803
1006979
1014019
1008770
1004194
1033828
1035844
1013539
1021123
996962
993507
1013922
1013955
1022339
1036195
1028995
1015651
1007491
1014851
1002082
1032964
1012611
1014435
1046884
1005219
1000131
1057348
1028099
1003331
1032003
1014211
1009507
1056196
1029667
1027523
1045796
1018083
1024899
1050052
1017347
1027811
1050949
1017475
1016291
1071076
1010755
1019075
1057956
1010626
1013987
1041668
1017571
1025827
1047812
1022883
1044164
1056644
1016099
1013891
1046020
1035684
1021731
1050948
1010787
1000418
1059204
1034788
1026435
1039651
1031524
1034436
1077925
1045540
1007299
1040164
1040356
1020611
1036835
1022403
1030147
1061636
1009570
1008578
1057445
1056196
994082
1040868
1028836
1000611
1044611
1027907
1001283
1043236
1018979
1004963
1043556
1022052
1021283
1046756
1009954
1011587
1049540
1008579
1032292
1036036
1011906
1003235
1049252
1000994
996354
1033700
1005443
1008003
1033124
1030340
1006851
1042020
1012771
1026244
1042084
1031555
1029156
1040291
1026243
1016291
1037092
1008387
1031843
1055748
1032164
1016323
1036132
1023363
1022787
1045092
1041060
1026211
1034116
1018403
1000739
1025443
1009539
1030883
1028131
1022019
1024355
1033027
1009827
1017123
1033507
1006083
1025123
1033891
1002115
1001347
1059013
1032068
1032452
1061924
1005603
1005667
1005955
1004322
1002402
1019843
1006275
1002914
1001250
1017059
1003746
1023491
1038660
1015010
1015715
1036387
1021219
993538
1034596
1039972
1006563
1051301
1008770
1022275
1075461
1050500
987042
1061637
1014979
1019363
1058884
1023427
1017859
1048708
1037636
1044196
1041187
1005602
1015427
1038948
1037156
1010723
1012899
1020067
1016643
1051077
1019491
1012867
1052644
1033796
995554
1032836
1003747
1021027
1043140
1011971
1012066
1065124
1010179
1023523
1029668
997602
995010
1059652
1003682
997538
1020099
1006883
993378
1030116
1004482
1045412
1050660
1002946
1002434
1029923
1018274
1010275
1029988
1029155
999938
1010499
1002818
1012643
1015011
1026756
1029795
1045892
1027587
1032772
1026275
1011203
1010115
1029187
1013187
1007459
1003490
1012227
1014851
1042276
1005922
1020355
1048004
1026403
1017187
1024707
1003106
1032964
1068069
1010018
1006882
1046692
1032067
1021859
1040612
1043140
1008770
1038756
1029636
1012386
1047460
1030180
1018019
1039364
1027651
1054116
1019491
1023299
992482
1023587
1007170
1025251
1015011
1041444
1008674
1014275
1015107
1015299
1035620
1024899
1026244
1007650
1015779
1014275
1015075
1022947
993570
1014627
1015139
1037860
1011651
1010306
993986
1040355
1032772
1003970
1046020
1008931
1014339
1044004
1028035
1016675
1055556
1021027
1015139
1067109
1058532
1016131
1034499
1038723
1030499
1036803
1011907
1013091
1033092
1011587
1028484
1022980
1037540
1023875
1039716
1024803
1022723
1020995
1031972
1027363
1057188
1042148
1023875
1039908
1012290
1003587
1069989
1028483
1031524
1030243
1038883
1032803
1043075
1040420
1030244
1044164
1022691
1033155
1027043
1007747
1014755
1049284
1032067
1007203
1048964
1020579
1011011
1032900
1027172
1024963
1054116
1048516
1029187
1051012
1015683
1028515
1025796
1016579
1007491
1079909
1022371
1018371
1045891
1009795
1029187
1033540
999618
1009059
1044676
1002722
1028932
1047076
1015490
1006851
1067620
1018179
1024259
1055749
1011907
1005250
1042788
1004387
1008962
1044964
1035619
1028259
1045316
1018787
1015523
1026147
1004003
1008003
1044771
1012867
1019779
1019587
1018147
1015491
1038756
1010435
1018979
1052197
1008578
1000866
1110214
1017699
1035683
1037315
1006179
1009954
1027683
991522
1019523
1016739
1021795
1012866
1052933
1017251
1019875
1042116
1005506
1007715
1035683
1038564
1006179
1061573
1012643
1008611
1049380
1014211
1009187
1050692
1011874
1018051
1031940
1036900
1002563
1022275
1002530
1008259
1031556
1029892
1005762
1040900
1004931
1000066
1036036
1018915
1006402
1043651
1017123
1008738
1005922
1024644
1030660
1004803
1012258
1024131
1050532
1025891
1010978
1024228
1019747
1034436
1021059
1006691
1019619
1047012
1007714
1025795
994626
1033251
1010051
1033731
1007970
1012194
1000355
1015747
1009762
1005954
1014338
1035364
1020483
1027011
1013411
1014787
1019395
1007490
1000962
1015779
1033987
1016515
1003234
1027587
996226
1021475
1006275
1029923
1015363
1010787
1045828
1051172
1016451
1038980
1024196
1031268
1036132
1003458
1009219
1053444
1024899
1009859
1030051
1040548
1006690
1057605
1005570
1036228
1053476
1011843
1013218
1055621
1007875
999874
1037827
1032195
1020387
1058020
1020195
1022115
1050724
1028707
1008547
1047716
1011010
1010659
1031715
1008195
1004259
1049028
1009058
1008291
1047300
1013923
1020675
1042979
1004035
998818
1058244
1007171
1028324
1034692
1003747
1006371
1049860
1001922
997827
1057765
1012130
1043076
1027075
1005347
991234
1034436
1000579
1010307
1051172
1032580
1012067
1043460
1012515
1036771
1034435
1025539
1013891
1037892
1030915
1013315
1032131
1011554
1009731
1026467
1004994
1023331
1031331
1023523
1022307
1060932
997890
1003939
1013730
1030531
1022883
1043747
1014755
1006115
1087429
1021699
990690
1014179
994722
1014563
1042244
1025955
1038596
1037315
1018979
1012803
1046180
1011779
1028963
1030403
1007778
1011299
1046532
1019843
1011522
1014979
1004994
1020099
1017571
1017443
1013539
1019491
1039779
1016131
1002466
1019715
1021603
994722
1031747
1017891
1001346
1009954
1023299
1023683
1038852
1004451
1012675
1057476
1015939
1015171
1049156
1020131
1007139
1039396
1011459
1004930
1053604
1050468
1012355
1045828
1017731
1016803
1062788
999331
997122
1044644
1030051
1068004
1040643
1013379
1019651
1023811
998531
1006178
1035939
1014179
1013283
1056420
1012867
1077317
1051716
1016227
1006243
1093253
1019107
1026404
1042468
1024164
1008451
1041732
1016995
1009699
1028131
1027043
997698
1040644
1016547
1007746
1050885
1059717
994466
1022212
1009795
1016451
1057445
1015427
1015490
1036419
1007619
1011715
1056516
1028548
1020675
1035204
1010147
1028899
1075908
1022948
1032323
1032036
1016803
1030756
1033187
1024355
1023843
1038052
1007075
1024355
1061540
1014307
1005987
1026755
1025380
1013891
1059493
1032484
1007682
1028163
1012611
1010115
1022467
1002402
1023267
1047588
1025668
1009250
1032292
1013955
1005794
1025412
1009507
1032835
1028451
1006243
1018787
1012099
1039076
1005858
1014211
1017699
1024516
1002979
1024291
1006338
1028963
1006755
1025507
1032932
1020515
1004579
986722
1018147
1012291
994978
1023555
1006466
999683
1038340
1017859
1021635
1025796
1009315
1022243
1010947
1012835
1009315
1020643
1038436
1000194
1031108
1024547
1046148
1029795
1034723
1025988
1015715
1035779
1016323
1020707
1013474
1021187
1019331
1028003
1001602
1025923
1033284
996835
1031811
998787
1001795
1027651
1013283
1000034
1049860
1017315
991939
1041188
1014851
999874
1031843
1006850
1000227
1038468
1023779
1035588
1046468
1016067
1030819
1039907
1019939
1036356
1061573
1032099
1028899
1059044
1003682
997730
1040996
1001442
998690
1034307
1037540
1045412
1064388
1018306
1001474
1025987
1018307
1025828
1039171
1038724
1022403
1048324
1035364
1005346
1022723
1008675
1019075
1010275
1032323
1016451
1032419
1000003
1011298
1013379
1020707
1020899
1081733
1025091
1013186
1033572
1044004
1013091
1054340
1018531
1040483
1026051
1009378
1003106
1116070
1007171
1000674
1041764
1020707
1005346
1023427
1012931
1002882
1031492
1006787
1028356
1025955
1049380
1012579
994690
1012578
1022403
1020707
1027363
1021507
1011299
1006978
999458
996579
1031651
1022659
1025507
1055748
1179432
1091717
1010370
998082
1045092
1008962
1023683
1029539
996322
1010851
1041955
1030147
1017059
1048900
1015523
1036164
1040547
1005251
1000450
1035780
1001667
1006082
1041220
1013763
996867
1031364
1007331
1015011
1030596
1019171
997794
1031267
1015971
1038467
1048932
1031460
1020867
1034692
1010498
1002914
1035908
999363
1021955
1023779
992930
1010627
1042724
1010082
1016419
1006563
1019331
1007586
999971
1015843
1024579
1018019
1011971
1018051
1019363
1051716
1005443
1007395
1031267
1019907
1007075
1039780
1008867
1035652
1027364
1040740
1036260
1029379
1010435
1033379
1001379
1006659
1008099
1023684
1016259
1018979
1021283
1038244
1031043
1029859
1010787
1011842
1023491
1023972
1052228
1036387
1041731
1067941
1047524
1028515
1071333
1033859
1020067
1080997
1014627
1033956
1033443
1020163
1054565
1054181
1017539
1019235
1054116
1026339
1027939
1031971
1011523
1021699
1071300
1026307
1009123
1026691
1026755
1006435
1014339
1018147
1022083
1024964
1029604
1014915
1013891
1005602
1006850
1038628
1041923
1025283
1014275
1019779
1010979
1020355
1022403
1010658
1022339
1009090
997730
1014691
1013155
1023619
1030883
1030851
1009379
1042436
1005443
1020035
1030243
1015491
992450
1015907
1009315
1037284
1016291
1014211
1026147
1017251
1034980
1038500
1012611
1002210
1043268
1015203
1011907
1046916
1010466
1022339
1002851
1012899
1007331
1006691
1016642
1007555
1001795
1024387
1006435
991266
1082821
1008259
1006403
1017987
996771
1007587
1000002
1003394
1012483
1009475
1012099
996706
1022147
1006818
1005314
1057956
1021475
1013219
1048228
1021732
1031332
1030691
1021923
1000642
1028547
1011267
999331
1036612
1005027
1004290
1033347
1017251
1003811
1036483
1013539
1017283
1053348
1033059
1025476
1021891
1034340
1004643
1026467
1016579
1018019
1027299
1017667
1018275
1039460
1009058
1011651
1040708
1054661
1011267
1030627
1067588
1006498
992418
1005923
1012771
1003586
1036260
1001347
995490
1011939
1017795
998594
1031876
1022691
1020419
1065669
1017443
992322
1026020
1023684
992514
1035236
1002211
1042596
1038372
1031619
1034692
1049604
1030020
991810
1035716
1027075
1000290
1042148
1033316
1025252
1056708
1039363
1005506
1035971
1045124
998018
1017123
1009571
992290
1029764
1024515
1010594
1048100
1041188
1009506
1027299
1008003
1036164
1031268
1010787
1019171
1080037
1012707
1000610
1045060
1008643
1017859
1054212
1014147
1026147
1035460
1008131
1015554
1067141
1030691
1023555
1056260
1031972
1022595
1028355
1011139
1038980
1043843
1042212
1009603
1027588
1010819
1013954
1075877
1049636
1018019
1033475
1008291
1031012
1030467
1021091
1008515
1048068
1007267
1011523
1031012
1017283
1013347
1032355
1024804
1010307
1057156
1013443
1015331
1038851
1017539
1004578
1014627
1004098
1006499
1001474
1011875
1020003
1007330
1017283
1009539
1005699
1028451
1017027
1025123
1032675
1013347
1017666
1034372
1016387
1050820
1443474
1099973
1030819
1036196
1016707
1022595
1015619
1026851
1029507
1024035
1036163
1066148
999778
995106
1026051
1013827
1019779
1033892
1008739
1003202
1035588
990242
988162
998658
987362
1021347
1047300
1017635
999650
990114
1003715
982274
980866
1032931
979074
981282
1024067
976258
974274
1031716
992387
1001955
992770
975234
986146
973890
1023779
994658
1016931
1012258
982433
1007490
1034467
992642
978337
1025891
983809
982817
979618
991714
1009507
1002339
996386
993539
999330
1044004
1004771
1016547
1016131
984194
991107
1012099
994211
1030212
1014467
1021187
1004898
981825
987970
990018
984642
1025348
993826
996482
1038788
978465
977538
1010339
979522
974466
1024227
1001378
997250
982466
1015203
1007618
968513
1007843
984098
1009890
986562
985985
982977
998178
992386
999106
993954
995298
997283
1004962
987938
1006018
1031299
1002722
1008739
1004259
991394
985602
1011043
1003362
1016451
1015459
986914
1007106
1020355
996674
1013955
992962
992162
1000450
1003907
996226
995586
990466
970113
976994
975745
978913
995554
1026851
997410
995458
1021059
1014339
978625
1014851
1005315
990210
1013986
1006146
995554
1008226
989058
980002
969601
983489
1002530
982658
990530
995138
976417
1016387
998530
998562
1007299
989698
991522
1006115
980290
999939
1025444
995266
990786
994243
999938
994402
999298
1004962
983682
983042
1017635
998754
983202
1024547
998594
985794
1019043
997026
982370
994850
991746
979073
980130
1017763
979202
977378
1003555
983042
986018
1006467
987458
968642
1000002
988898
980546
978049
980482
981953
971586
1013027
984770
1007330
1019331
983266
976514
1042628
983074
973025
995170
991906
975361
977410
981954
984674
969857
1027075
989666
1006723
1007331
979650
999363
999394
990530
998722
983361
988674
975777
995714
1015811
979618
975298
1004931
977249
970433
1000898
983618
979426
995042
983009
973729
973057
1022915
981857
976193
1016739
1002979
973954
995203
990082
974593
967649
976514
995235
985633
1019171
989858
979713
1013987
978946
988194
1005123
976865
983138
1021155
975010
988098
996034
976449
1002627
990402
1027684
1002082
1003715
1001346
1004899
981442
1013091
992450
994306
989922
1001826
977057
1003586
1027971
1037571
994627
998338
975841
976801
1037507
981474
967329
1008291
983362
983745
1004291
984770
971202
978017
980865
985890
1000387
999682
965185
973954
990562
968769
976993
1020803
989538
979649
994306
991363
983682
1006786
997443
975266
989794
1008835
979394
979042
1025924
1004514
982210
1003842
984257
998050
992002
1014050
992162
985890
1011747
973282
996579
1007395
986530
982050
1012291
996418
989826
980034
1007587
973089
986082
1009026
978082
1006787
996994
975362
977058
980161
987330
994210
981985
1000611
972385
981985
1011779
973793
990914
998882
986338
1034916
996450
963841
984226
971138
989794
978946
968289
992834
972161
972738
1000322
989570
970497
1012611
979266
978946
997826
1005954
977122
988962
994210
983202
977282
988577
985442
997346
1042244
983938
980610
992482
982882
996227
1008067
996994
972898
965537
995394
993250
993346
1037220
1007587
997795
1035683
1065381
1015107
990626
987490
980642
999875
1007683
986658
979233
1007395
983714
984002
1026147
978690
975265
1011586
1005186
983458
980097
993442
989378
1000930
1017507
982625
963777
1042436
971201
989090
1012226
995714
996930
984482
1009571
1003650
974434
1002595
991490
975553
996162
994690
965441
980162
977634
970018
970529
1017891
982337
998594
1000611
992034
996003
1031620
992098
990690
973218
1006563
979522
982338
999074
1012739
980610
1013347
984930
996643
1003330
995970
994082
987298
999394
983586
975010
1000163
996803
1011554
1047236
1003522
987394
1014531
1000195
994402
984386
974657
993602
1002755
973697
973986
984098
1008003
982786
982690
1009187
984578
986657
1012611
977474
997858
959937
983650
982882
986402
1020899
995970
1001666
997794
995074
978338
991202
1002914
994978
996226
1025443
980865
967073
987138
982914
984226
1019459
998178
979362
978722
1000962
989122
999362
968833
976289
995459
991074
983393
989858
1008866
1019107
983938
1034404
987618
987330
1031524
973409
975586
1011170
999202
980289
974593
980449
980578
984706
997282
981249
979617
1006691
977730
980737
1003843
987810
967393
999074
1005570
1005315
999619
1002210
988034
1002147
1013891
1002178
1007171
1018435
990018
997442
1009506
984002
984833
997795
981410
982850
977249
991874
989890
985666
1027267
995138
995938
1014979
979074
991234
1007267
992258
984610
1012291
975745
1015075
1000514
971809
989154
970978
986018
994306
983010
999011
998914
989154
1024515
976481
972257
1000739
974210
993666
984033
1007074
977121
971841
1069861
996803
992322
1007683
982753
982050
984706
1009154
982306
1007651
1001315
983810
972129
1022179
978850
969889
1026883
989986
980898
1033507
999330
979938
1021283
990786
972801
1001250
981698
982690
978498
1006915
984578
983298
1001315
995618
988642
1004002
995394
969313
964482
994466
977282
991939
991266
998530
1014691
1049828
991010
978498
1014467
982817
985089
990306
993122
986626
1011587
1003171
1006851
969633
1020611
977090
981058
1011267
986562
994914
1014659
1014147
1001026
982658
981922
980226
978209
1012067
986530
988450
1017187
990082
1002562
994178
973601
993826
1007554
991842
986017
1038980
986722
987106
984162
990306
1003298
1016675
1007907
975201
966945
1000130
983554
988258
1007203
992866
986882
989570
987266
988386
984258
1019427
996707
986338
1013347
989538
974177
1002210
1009602
977986
967745
979585
982593
998978
1019491
981282
1004931
995522
979330
988834
1011523
970017
990466
987330
994530
989218
1001026
1013155
984162
973410
1028036
976674
974722
1010307
1005411
980481
996675
983618
995266
987042
990242
991202
981314
1022243
983394
981314
1017123
976993
980162
1016291
994306
974882
975649
998786
975330
976897
1042083
980514
991426
1010563
980993
1008194
1058244
972898
986594
1004067
1004259
976929
1000099
995682
979393
978818
1049700
973762
989698
993699
964513
987778
992770
994274
1000099
984226
1000675
984162
976545
1031076
1016355
969249
1000579
983458
973218
1009603
996899
990434
1020611
982434
985762
980449
995042
1009602
962689
1004194
972225
968769
1019331
978786
993826
1009923
982977
985506
983681
985953
971777
973025
1025156
965153
988738
996578
986146
982114
982722
977634
995106
970882
1051524
982145
975233
1001538
983489
985058
1020771
980098
977698
991714
975074
989090
986658
996258
993378
976610
1021379
1001186
1002530
996802
974242
980897
1026723
977665
978210
1035172
987042
979233
978882
983106
988802
973026
1007426
985218
989890
1009059
984706
981122
1010850
984130
967874
965986
975617
973441
972706
1000098
982082
979106
1025667
976385
982914
1008226
972610
967297
1017571
978050
987106
1002050
966177
983842
1034980
1017539
975458
980002
1006627
987169
981666
1014627
987170
973377
1013539
984514
992546
981858
982978
981666
986050
1035619
980578
1003746
999587
979586
999938
994178
1002530
999619
967425
979074
983970
978722
1010243
990466
1009603
1016419
1015202
990690
1000930
1003235
994786
1001699
1008610
976098
967649
1000515
988866
982754
1016995
999266
986178
1004387
974658
992354
991330
977858
1009442
980706
1012899
980802
981921
996738
974114
986178
997762
983394
990306
1013955
991266
975361
990210
1018371
984161
989954
1045988
999043
994178
1019843
1005059
974018
1020259
979746
1007043
1028164
980674
1002275
981122
979522
1006883
1000290
1023811
977985
992194
995458
977890
985346
1024419
1006339
995138
995747
991554
984578
966274
977986
980418
969665
1005026
994434
975842
990562
988002
979937
999587
995618
985730
1006819
1009666
979682
998498
997346
980162
996194
1016675
989442
997890
1015427
1003522
983010
1047812
1025443
1014979
984226
995490
981282
987810
1028708
975681
971201
1011298
1007618
973058
1014531
1003202
994883
1020899
998338
972194
974881
1002851
973153
1001667
1022691
1000194
984738
1008579
988450
976321
1004899
993250
1018819
1012003
990946
974177
987842
990082
981794
984770
1018179
995042
974753
1023331
994018
973666
1013955
981730
982690
999139
1006499
980545
1047940
1027140
986754
994882
990210
998690
1000514
1020419
989410
1008418
1009379
1008482
1025508
981986
977697
992034
1008451
979745
988386
989218
987298
1000098
994466
1042851
979618
988065
1011970
975554
984034
1001699
995106
1011811
1274988
1134183
1127271
1007107
997411
995714
980002
977986
1003075
971233
985089
1001987
973474
980578
1008546
982626
992130
988770
984418
983105
982722
983618
981058
971777
983425
988258
966338
1013731
1009411
982882
1005826
980162
984194
1008707
983233
982978
1002338
984130
982466
976322
1014083
982626
987810
1007458
988354
989410
1323310
987362
972129
1008835
983330
983137
979522
993411
993762
980066
989186
992674
973665
999683
991234
994082
998819
977857
993666
980545
976930
986114
988289
1001634
978977
999426
1002466
994178
983777
1005250
978242
996162
1029539
991778
963425
975841
975522
994210
976514
1007875
984289
986146
993506
991650
980578
987714
981666
976353
987394
989634
988033
987522
997571
988418
982370
1016739
988546
992162
1001059
1004898
979201
1014818
990882
994723
978050
1005666
973665
967553
997058
988034
989922
1021476
996226
991746
989346
1015523
977665
971137
1009603
1001123
985218
997955
994114
983458
1026563
1005155
987554
977986
985122
978626
974785
1011651
982882
987682
1001411
994338
990466
1004675
987298
979842
984066
989570
988546
986178
1016099
979170
977314
1013091
977921
986338
989538
990850
978913
999299
984930
978273
982945
988450
976546
978082
1013027
991746
981442
1009698
989218
990370
996962
999458
998019
999842
1053572
982274
988098
994242
989858
976417
1014211
983009
992290
1001698
1014243
980194
976418
997730
982721
974210
1025123
979489
980482
1013859
1007235
989217
1028579
1007650
991362
970466
982145
993890
984962
1007971
982658
984225
998946
1008003
990882
998018
988898
982113
1000322
1021028
985090
973697
990530
984450
974850
1006403
979650
1005091
1006434
985538
983266
997250
984962
981026
986882
989698
982241
973218
1015011
980962
989218
997506
982082
996514
1004002
985218
983426
978338
993474
976769
1004739
1005539
986914
997890
1000386
982338
991714
1008483
985250
986050
1001987
1000226
1013699
999842
980353
995266
987362
987138
993922
979266
991650
990946
987233
1008035
984289
988610
1001698
980002
979329
984770
987938
997250
1007234
991170
981826
999458
997602
992962
984418
1003362
977442
970945
1011043
978466
978882
1000930
987202
986370
1008163
984641
974209
983298
996707
985122
979137
1010147
985954
997474
1027107
986946
981442
1005347
992482
1005859
1000802
973665
979234
981538
1014531
979010
990114
994434
996194
987746
995298
974305
995203
1003459
986050
978753
980833
989826
993730
978529
995810
982722
988673
995266
982210
980354
996098
983874
980385
992482
1000450
982978
987138
1011010
973890
975969
1009570
991234
997699
998659
992418
982850
982081
1009955
983234
994946
1000227
980225
986754
1001187
983297
997026
998723
985890
989090
1002787
996450
973633
971585
994914
983298
1002178
983298
1004323
993026
987810
976353
994722
996514
1013603
977697
1013250
1027011
1004867
974114
998722
985538
1008099
992482
984418
984386
990786
990818
989986
980513
1023364
1002754
1015939
1020867
998562
988290
1010755
980898
975169
998050
978305
979522
977250
1005091
986529
968257
1014243
985121
991682
1000194
981410
976866
1004098
981890
981889
962977
984866
969922
999074
1013155
1019427
971425
985377
977313
977890
999587
987970
985218
1010595
990690
1002978
992226
1019235
983682
969857
998786
985890
997538
1001283
979105
1004258
1002146
997314
973313
990018
978978
996802
973953
1027460
973697
990626
1006562
995074
979234
1024163
989026
994850
972162
987938
981665
980642
1001955
982850
981601
990050
978274
1014851
992770
1009410
986082
978721
998690
996898
988482
1007779
984162
974337
993442
991074
972545
1024803
979330
995874
996770
989986
977826
988578
987330
987362
962338
1017091
992482
986433
1005955
975938
987266
1012707
996259
992610
988418
1018307
987522
988930
984418
998370
987874
1004002
998914
973473
1013666
1000930
979874
993731
1000898
989122
993570
981858
974242
988929
988386
979458
971458
998082
990338
976418
997154
973858
964193
996098
981570
984354
970913
1035108
984226
980866
1001890
997282
994626
987874
993794
979137
972770
980770
986433
994594
1021347
986402
976034
1007907
995874
995650
1003042
990114
986722
983650
985666
983010
968385
989154
993794
983009
1006626
984258
974594
999554
991394
982241
1022083
999234
974498
985666
1004258
978273
989602
1028483
983906
984066
1004962
976513
974914
993442
988002
984578
975265
995714
987489
989058
997826
985954
997730
994307
985186
984354
981825
980033
989090
972961
1014403
990370
985730
1026083
982402
975041
1098981
992546
985793
1002531
1002722
992642
983649
1000130
999362
990818
1018403
985377
1008003
1028163
1005314
1004066
1017251
983522
988994
992706
991554
1002211
982882
989282
976418
989666
1009826
983394
969825
1008994
983362
995234
977858
990786
998338
990434
1001698
984897
992034
1002563
985730
984578
999170
984322
983330
969537
986850
990274
980514
1004994
987970
975586
1032388
978274
977698
1001154
981858
975425
978690
985954
988450
971329
1009538
975521
982466
994978
994402
992002
1017571
982049
995171
999458
989409
991554
965345
995554
981153
970817
1007715
980225
982946
993955
1001314
982050
1002754
983042
972673
981506
995906
1003746
982050
1003779
984514
973474
1003491
979105
992002
1004834
992258
994210
990018
995682
981442
987554
999970
1004003
988418
1019331
984642
995651
1011971
994722
982114
992962
987426
984962
975937
996610
989122
984481
1029443
1001603
974306
992482
991394
989762
970529
983362
978145
978466
1003970
987969
995746
1015267
992290
994722
1006466
989218
991235
982466
987906
1000770
970689
1017667
978530
977377
998690
988930
990082
1007651
985922
1002850
977602
999202
974625
971169
995906
982049
980225
996643
995170
981985
1013603
983425
978018
990658
1011363
987842
966882
1013283
994306
991778
1008803
983330
984994
1016675
982210
985922
987330
989058
983746
982657
1004770
998178
991362
997730
993570
977921
993250
982145
976610
972578
1001474
978210
978882
992386
996258
984513
1005603
981602
979233
986658
983138
999234
974881
1003363
973473
984962
1322797
987586
982402
1009090
978306
980066
991394
987714
980929
984257
985857
974978
979170
1010979
980354
977250
984929
1003522
987490
1006850
976673
991778
1006467
989922
979298
1004482
999554
985090
969825
990946
983137
974274
986850
990626
981602
976289
983362
977345
981666
997379
979137
984162
1003106
984642
980226
998210
986594
987586
978946
992867
984034
973121
984482
988994
988418
986882
974689
979330
993475
1004450
1018787
1019587
1029700
994722
1011747
985794
976385
974050
982402
983553
999778
1004099
981122
1001122
1017443
998883
998242
1011587
1005314
981346
1008482
1001410
988770
989090
991394
991394
977281
1001699
991138
973730
998498
1008610
992482
1004258
973313
985218
991906
983938
989602
1012099
976386
978274
990210
987522
985026
990242
1003906
981282
973026
988610
969985
989954
1008707
1000515
999619
980258
982146
988866
984673
1008675
993090
984770
1016195
990978
986210
1002146
989954
979873
1021507
998914
1001955
979746
998082
984386
972578
1008195
1000162
972705
996386
978466
994691
1002978
993634
988418
1004674
988706
976961
970625
989634
977345
977665
1017155
978401
978882
997474
996514
982049
995810
991138
972641
978753
996579
990370
979105
986498
991330
974305
1003907
1007395
974657
1010882
1002498
998659
1018275
1006690
980738
1006818
984706
989506
986114
993090
994819
979137
1118983
979361
988514
1012482
992067
999010
1019971
985794
979042
995810
984866
994146
978754
982146
986146
978914
988738
987042
976993
998754
984706
986946
996354
984610
983618
1007202
986434
983778
981697
994850
993794
995106
1029188
975842
975777
1006851
1007298
972033
991266
984610
991746
998307
978754
974530
977954
1017827
997986
991202
1035587
991714
1008163
1034116
979650
977857
988737
979873
980641
983618
994146
1000162
975521
1001250
998018
989346
989538
988002
990562
993922
982242
973857
1008354
991554
971617
974370
993666
982754
978114
1010563
987330
988578
1003171
988226
974722
995490
991362
1002947
1001762
1005571
974050
989090
982018
1009251
1004578
990946
987106
989218
990498
985026
975586
1028292
995522
968577
1014979
983170
978146
1022627
999650
991906
999363
980994
1002914
1057125
996578
973826
1005859
984770
996514
986978
981794
976034
994978
1006626
983906
990114
1010979
998467
1002082
1000706
997378
983393
994051
981505
978785
976706
993346
972289
976385
985442
990178
976225
1018243
978593
975297
973186
998850
996163
1001058
998626
978946
993570
1021411
981122
994658
1001859
1001794
1011043
1000322
978818
987938
976642
991202
987810
990530
1023363
980034
978945
1017187
981218
980034
1012226
985698
1068613
1000770
983234
1004515
979810
979233
991746
996194
991362
978114
994242
979777
990274
1008546
979810
986658
991618
999746
1003362
1010595
1004546
988834
971906
993250
988929
997410
1010051
995522
969793
1012706
990370
988706
1007874
990754
1000322
1013250
978594
995298
997699
987490
977474
985506
975841
993538
978242
1001218
1005218
995714
1000450
979138
1009954
1025635
1006755
1017123
987298
975938
1004162
966465
987554
1006178
988354
1014723
973186
975170
998819
1001730
975553
991554
1005411
1004002
1024387
988449
982753
1004931
982722
982210
979810
988002
986370
982977
998210
990626
982178
1014755
981473
994978
981026
987425
990146
988386
989282
1010403
985442
1013986
981537
984194
996482
987042
983041
1001090
980321
983842
988930
996931
994786
1004162
996931
1002018
997955
1028323
998754
986562
1020771
988578
994786
1014947
990818
1002594
1004515
988898
980450
984354
981602
987842
986530
1018179
1008898
993507
1022531
991106
977890
997154
996098
992834
997698
998690
994466
977026
993666
980162
993250
987522
991042
1003906
1007171
994690
993058
1012579
996323
999426
970721
976897
971201
972417
1026179
1005282
997250
1002914
981825
983202
1001762
998723
991682
1013986
985090
990754
985217
991746
978113
973313
990306
1006659
986498
1017059
992770
996194
1000995
1000675
1006115
1004098
990338
976194
990562
986401
989346
969249
998530
1004098
980066
996099
977761
1019075
1025508
1003042
999362
994787
997218
1002242
997506
1009282
1002370
975874
1014690
995074
992354
1001442
982370
984130
1021603
980418
999682
1015618
982978
991970
1000611
983682
976962
972226
1012355
981442
975329
1000194
994402
973697
988546
984834
976865
1030179
1006051
1008099
989058
997506
1008578
974753
986498
1000578
986850
1004034
992066
984194
999778
1012803
977154
992610
981314
977666
991970
973441
978689
975042
1006146
999810
979234
992418
988770
1006339
990850
984193
987458
995171
993954
986658
982082
989410
980130
974689
1035907
979522
982817
999554
978818
970818
997026
975649
991586
986402
998562
985954
985762
985922
986402
989090
996034
976417
990914
1018915
991490
989058
1006434
978562
982145
1019139
987586
983106
1020003
980289
999202
982146
996163
998882
992642
995554
981378
995586
1017699
992354
993570
1014659
1005826
986786
1004706
989570
993186
1006338
984770
975297
999490
979873
973121
982146
988418
977282
983265
979394
1009347
1018115
996066
1003522
980866
1002594
988897
1012003
999138
980193
985090
987746
985154
997891
998850
1012994
981665
993058
992226
978466
989282
1015619
977665
986882
996354
987170
979458
988578
998019
993666
988770
997122
981346
994626
995106
985377
982850
1005347
971265
977218
971202
1002562
977249
970561
994914
1001506
983426
1009059
974945
973089
1002947
975138
975169
989378
985506
983906
1002466
1014467
983330
984193
1003234
977922
972674
993603
1001731
989954
1013827
988642
976161
989378
983202
976385
971425
1007842
999746
977537
1025155
981538
996834
1003202
983393
978946
998050
982594
993314
995874
989378
990498
970849
982338
985506
983074
975298
980449
974850
998178
1013859
982402
991010
995170
981154
997954
1003362
987746
983297
987681
979138
966689
975298
987490
993090
999074
977634
984610
995586
1000675
976930
1016803
981634
988898
992418
979618
984674
995682
994082
977826
996291
997346
980417
981634
994274
986434
989090
1004226
989058
988514
981441
976129
974817
994627
993058
978210
963105
998306
983970
982594
1004483
1060868
987298
987938
972610
982146
1016995
990338
980609
987042
1008450
993570
996962
1032323
974594
971105
1025284
993698
982082
993762
979745
983266
1008450
980258
974401
983298
980289
982658
970561
993154
984034
992482
997090
989794
983553
1001122
985473
979938
1012610
990786
981346
992643
977954
980994
989890
1010147
991746
975969
985250
980578
981985
989378
990114
995523
1018467
976961
968161
981794
998787
988514
974050
999010
987298
985154
999619
992066
976450
975009
1000803
981313
971426
986274
983042
982082
989634
1003075
999554
998691
996770
972226
994850
987586
989634
986850
995842
971809
973889
1023780
979330
990178
992547
983234
996418
1002050
974465
985794
977250
990210
1010947
976322
1010723
993730
983458
1018563
994274
995234
1006755
990786
977538
1025763
987426
1009315
981026
978817
983585
983169
1014498
982850
978049
1010658
980705
982306
990242
980226
970849
1002882
997506
986146
982658
988898
1000547
971969
994498
1005442
977889
992994
991490
991778
1027908
989634
989250
996290
986530
1007683
1013059
993570
994946
989314
991266
993922
983074
984578
986786
976769
991490
980994
993314
999075
992002
995010
1021507
982114
981410
994018
994530
990562
999971
978114
1014851
984258
994562
983906
977378
981282
992898
978529
1007683
978850
973409
988834
986210
987906
1006467
983265
975745
1024323
984642
984898
1011459
985537
992578
983330
989570
985122
972577
1020547
998370
989474
1013154
996514
995778
997026
995234
986626
1026467
978786
999906
1001250
997442
988865
985122
983394
992386
962945
994978
986498
979841
998851
975970
997538
1013635
995938
985250
998882
1020035
979105
978753
1023971
1010499
1001155
1006467
995746
988482
993186
989506
1013954
1005858
994115
1003683
1026531
999874
1007906
1009315
983938
1002339
974370
992130
986242
980770
1001059
988898
982337
1004450
980066
980097
1010339
988674
1007234
1001506
999395
992418
1005987
987074
981506
975009
1041028
1013027
999810
1006818
1005539
1000642
1022627
1006371
999779
1010627
986113
973825
999907
986114
994114
996802
989345
984354
1003810
981090
986498
987202
1027427
994850
1003714
1037699
1010370
982370
1042947
978242
976033
994690
983586
981281
1011171
993186
974561
999267
981697
973121
964769
1002338
1002242
970242
1049348
975810
974658
994082
1009795
982113
1001346
980258
980321
986754
985346
976833
984353
1008834
1001122
993410
1014083
994530
988834
1017955
973698
973921
1000098
999042
975650
992226
978785
998722
979394
982882
978658
981122
997634
995362
987522
1007554
990722
973826
997474
987586
988738
982466
1000898
978306
991010
978562
985506
986338
987106
977057
975906
998850
1002114
977858
997506
1006690
986434
993442
1015651
980865
993186
990146
977058
979297
996418
981473
983585
998146
975873
975777
999874
973986
975361
1016707
984034
979681
971714
998722
977922
967521
1020803
990178
972994
999042
981666
979969
1019555
988354
987234
1023299
1022243
988610
975745
996323
978690
969121
995907
982210
979137
995650
982402
998146
1024003
1000355
1003394
1009378
978178
983585
991074
1001282
994018
978817
1016835
984386
979777
1012963
990402
1004674
988577
973538
1011843
994370
1003107
984610
975489
998114
1005922
971266
1008163
996930
980321
1003523
987042
999330
990306
987138
990466
974210
996642
983809
985441
1012227
982722
996674
1004771
982305
994146
995139
995746
987106
1014627
999618
986337
1005155
992834
986210
970946
1005699
987234
979586
1006819
982881
990242
1006850
994658
981505
1000130
993474
1010178
981986
991298
997346
981570
1008194
974498
987777
1011651
990946
969985
992098
980098
976770
991202
999106
972066
969090
997410
990050
998083
1009891
993186
990434
1007586
976673
979618
1016675
985218
998402
970018
984418
983650
973025
1003874
992162
1006051
1001410
994531
993570
993090
976481
972225
1024579
979521
981121
976961
994882
980001
976993
997410
982818
1000706
1030275
992450
983170
997666
994850
984546
1002946
994978
996578
978242
980225
983265
972770
995490
992034
979266
1007971
978017
975906
1002851
989986
982081
1008194
984866
984834
998210
989090
1000066
997858
984322
986946
974337
1008963
974657
979106
995746
976353
978849
1004002
985602
975553
974946
1001826
976833
989026
1006179
999939
988130
1002210
987042
982498
1004355
981441
981282
998851
1014179
985281
977313
990722
987330
988386
1003555
982914
981538
1018627
989762
986338
985090
981026
987330
982722
991522
995074
976834
1035748
982210
994082
1002050
1018019
983682
1002051
1002178
976226
988994
1004514
987682
985058
1013634
1006082
985025
999138
984066
1006435
995618
978466
972929
1001923
997570
973057
992770
993730
972865
984930
980354
988994
972290
995490
999234
988418
996066
975137
982209
998307
984193
982817
988098
982465
999907
994658
977282
971329
993955
987522
989218
978593
1012515
985601
979585
1014115
1009890
998466
1013827
1000066
986338
968161
987393
985538
997666
1001155
982402
984354
1007299
979169
980545
1022467
981890
987009
1008706
1001859
989282
987522
993026
998691
1010371
1000674
986434
988578
1025027
992994
993826
1022275
992130
982338
1049412
995170
980898
977442
983490
998275
1007074
1009027
1001186
1011907
1002178
989218
997250
988930
1001602
997538
1007906
997250
997699
1000482
972033
975969
976962
984898
995426
979842
1011299
981537
991682
1019715
997891
1004643
1016099
993186
987618
1001475
995650
998307
996387
982946
1003170
973665
992994
975041
978050
1003170
977666
976001
1018403
974817
979649
974146
982818
1008163
992130
1002690
998242
976353
996610
982722
983522
1002306
992642
996482
986498
987522
999266
975425
1013795
979586
968417
993346
992386
999458
1030723
1007395
995842
1008451
1003266
975970
997122
980929
996034
1017123
977570
984578
985761
974785
985250
973153
1012835
994563
1004931
995586
980322
975778
1017379
991714
985826
979266
986242
984898
981922
1002146
986722
975042
1029635
987202
1004931
1010147
1009795
977633
1010307
996098
984193
973954
1025475
981762
990658
1004802
1003875
1003586
1000482
997250
984482
988930
1010595
974818
979681
1005570
975586
987937
1039396
980897
1008098
1000002
986562
975969
999426
998787
983073
1024035
986690
983554
978754
1006723
989410
980546
1003235
991522
985666
1014563
978721
974914
1001699
976866
986594
1004195
991970
986786
983010
975458
978498
985282
1022243
1013282
980674
1002787
989890
990306
1001762
999682
1001603
987874
980449
978594
980802
1016035
1002082
998914
1024931
1012194
981186
993538
984673
991074
1023171
979618
985026
973985
987810
980577
975426
1010274
988834
995586
1016835
990978
974849
997602
989346
978369
969345
999811
976609
972193
1006370
991266
1004546
1015139
990434
983842
1010819
984642
987522
979458
991106
985186
984450
1004835
974306
986370
1018115
977634
989218
988002
989058
995554
997250
987426
985954
973922
1000643
987266
976706
1009475
980642
969377
996674
985762
982594
1000867
977794
980034
1000514
1017539
984769
974369
1007842
996130
991842
1009826
987074
999491
1002114
982210
991010
1008803
997506
994146
1008995
984802
978657
979106
987970
995906
987874
1019107
987650
974145
1032067
983554
977729
999010
1009987
976930
1005763
989282
984802
995842
990946
1010018
981025
976994
988706
983618
996578
972642
980514
997218
992994
984161
1001922
992066
990818
993666
993762
984386
982274
1000418
979745
975393
1003906
984385
981442
1011714
972098
977985
989666
982657
977793
974754
1002691
978562
971746
993346
986626
995202
1001507
985698
994722
987554
1018979
996546
984706
1009506
1002850
1013154
993986
976098
1008867
996898
986914
978626
1009795
978914
979137
992034
987458
971362
983778
1009219
990018
979362
990978
986594
981153
1019299
980898
981889
994722
991906
982337
994530
981922
972546
982946
991522
981666
989282
1000290
1000546
987426
991746
993602
981346
977922
979329
1010786
974721
1008035
981825
1005091
989122
975874
1002595
989506
986785
1005315
1008483
988098
984514
992098
977666
980258
980098
999875
989922
1009538
1042787
982978
986785
987042
978049
1011683
1006690
996226
980225
993026
984065
983521
1014018
988258
997442
1023299
991426
993890
1029987
991810
984098
1044580
990146
1001250
1001186
1000578
1007074
1022083
993218
978434
1023011
989570
984354
994146
985442
996450
980961
986914
1003523
976801
994050
983298
1002658
1025316
1010915
993602
991426
982114
984865
1024547
1001250
988866
997315
993890
999842
993858
1085542
977186
968737
1002626
979073
990498
1018595
985314
972417
986562
984929
979425
979874
987874
983490
975746
1005219
980513
1012835
1017379
995299
995202
1001955
979682
989570
977313
992770
992962
972066
1000034
982146
984994
991682
980994
986402
990594
975170
976898
971202
1025731
969090
969793
990402
980994
972321
992803
974658
990146
967106
990114
979938
975201
994562
994659
978946
996418
1006114
994754
975617
983106
1014691
972289
997890
986658
979650
996259
1015843
984770
993731
990146
984609
983138
981538
973794
986434
993954
979329
987298
999266
989570
993858
999170
984514
974178
981537
1003490
979329
975873
998082
977697
988610
989506
988898
978402
981857
986402
973570
974529
992258
989250
986050
1021059
980770
986338
1025732
980834
975970
992482
984930
995426
995266
993378
992130
982530
1016611
995138
986722
1014371
971938
970817
994818
981986
983649
976674
1001443
977794
997218
1011970
997091
978050
985954
993442
989634
986082
985410
990210
979074
1007202
987842
979841
1002819
995266
977473
1003459
980962
986018
986690
986466
990754
975010
990978
981826
974465
986658
1007458
985249
990882
977218
994850
975905
1009187
968225
976289
998050
975906
974369
996994
981633
981666
975746
993410
989698
981730
993827
981570
992354
1034883
997954
988066
1000066
987234
996802
988706
985857
976386
977954
996930
977826
980258
1010658
983106
971234
994050
987330
973442
986818
1008034
991138
988930
