1732636
711193
660151
651030
633686
641526
667991
631030
656950
689752
644502
641143
642262
640471
645622
651159
646550
645687
669047
638966
667543
659255
644951
744250
672439
642455
628470
625333
647670
635446
635861
633910
637686
662454
654743
647126
624918
623702
635094
623509
638070
633686
630101
831292
771482
669559
648375
721657
707992
688280
703544
752090
665591
745242
678583
656215
772986
794844
758618
676856
677239
722584
676760
657910
715513
697464
698232
702617
709465
687992
663991
659159
659479
708729
699352
682136
717849
779771
693592
668215
656246
645558
646870
789211
683991
654327
621909
629461
622293
625142
620534
636662
662007
636150
640246
635350
643382
645462
660183
629814
639542
658359
648695
644278
630422
629686
631414
627670
625141
626454
670839
662966
625685
645334
625366
627670
629654
636598
636214
638742
681687
650838
648982
639638
618773
639959
628662
635478
625173
635158
632310
639382
632981
626550
642198
645494
649654
671383
642359
637814
621910
624598
651767
645398
639318
638486
635382
657527
644375
632853
628533
622422
625398
637718
680216
641046
626390
628341
644150
630390
640470
640630
623798
629110
624758
625174
627733
638454
628470
627062
625973
672343
660439
613461
621910
617333
627222
644054
633014
642646
636086
630357
637878
639030
643606
642134
628726
627797
633590
647703
635126
647638
627030
641014
629462
647190
645846
625558
637366
676855
658551
633558
629462
647094
638742
632502
636534
632246
630005
654518
646742
641942
632086
631542
636086
639190
636918
641718
634134
643478
631798
641686
622069
626422
706264
637814
630869
631926
633878
638454
632278
670295
645430
639318
668951
649239
619893
627766
634710
623509
630197
629078
644694
640758
630390
646166
659030
659319
623926
624437
625110
633878
631798
631862
631349
635286
638038
634357
662102
669719
621686
626614
629365
629590
642262
636662
637142
637366
638742
638550
648118
651222
623286
632086
643766
637494
634742
628662
638742
642358
635798
634550
636886
620214
621845
626006
636374
644343
641782
651831
643063
635062
634966
654519
652342
623830
647287
638294
628118
640086
638678
658006
648310
650294
623830
621270
648023
667159
626933
627478
670039
635990
638134
630805
631926
630966
646838
632342
642550
652118
638838
659575
631894
627350
624661
632694
635062
632181
630966
634358
633398
648983
653463
619861
623766
620053
622133
638774
632821
632406
634646
664439
643926
675575
650806
624278
627126
629302
624341
630102
643030
632886
633110
630582
634998
661207
660535
623446
632662
620405
645143
628982
627509
635382
640054
639222
645686
639510
627029
635318
624693
621558
632405
638262
635542
635478
633238
628373
657015
638230
624918
623637
635638
627765
632854
640566
635510
631445
646903
634966
658422
644502
629654
625078
625302
629878
635157
642486
645078
636662
639606
636822
642294
693528
664758
627765
632342
627733
633174
625974
672887
642998
636405
641270
637398
641334
657015
656407
626709
638390
642038
636246
640470
640342
637686
633494
636981
651446
666871
648407
625397
632502
648310
636246
632534
636662
633398
636470
634934
630390
636661
656086
646262
625077
632374
632822
638294
634005
731353
662071
648983
636278
650678
646518
653303
667351
634806
632598
634358
666039
635926
625365
632021
630901
638966
627542
645686
636534
630902
655543
628150
681527
636246
629365
631094
630933
644502
628374
634454
645846
646327
619254
625269
619734
632150
637078
629910
625878
638998
632502
629270
645846
661687
624277
633942
632790
636118
643670
639543
638998
637046
652022
636086
673304
648694
621589
656214
624757
621077
624726
628213
646902
635414
623990
629622
631190
650903
644438
627061
681176
645590
654743
628566
633494
631669
632886
636022
658455
648534
659063
636182
635126
671576
632150
626902
635254
657686
639414
630870
631862
638006
658166
646391
625173
632182
635190
634325
633942
623350
634934
634838
633910
632277
651158
659127
630902
632022
631062
638134
637462
658166
657623
642550
640758
638998
643190
663063
634389
623126
630070
629525
627606
649590
641014
631990
634454
633174
642007
650679
633781
625749
631702
622582
636918
628054
631445
645655
635286
633078
634390
654711
624117
641782
626998
621206
622805
628534
622421
626230
627702
627542
638550
649078
648054
632085
628246
627862
621877
633430
634102
638902
637302
629814
642262
641910
637974
625174
623413
632086
622485
637846
702136
651446
645015
634870
636086
677528
649655
664983
624053
629686
628661
636246
624533
623382
628341
636726
634646
652342
654423
647798
640439
630198
648918
624917
627062
640599
628373
627125
638294
631830
643414
641206
641430
627509
626454
623670
633846
640502
629846
633718
632246
641366
656055
632278
632726
632438
629461
625846
624662
675320
642934
639318
642455
641078
664631
664279
623605
622614
621013
620213
635285
694328
655606
636054
653143
675287
647671
642006
648854
617045
616341
626837
626581
630230
632725
635318
629174
629621
629302
643639
654999
618101
682328
634710
626678
620149
626486
630486
629398
635510
669719
630709
644246
630134
625685
630070
626806
625398
642038
629366
646167
631125
631798
674775
665975
728025
646198
629429
642646
642422
625174
662583
629237
631318
625014
636790
641718
650039
647254
626613
647511
636662
652599
632054
633878
637334
632406
630710
629333
633654
649622
616854
620085
620245
618549
659351
633589
632725
631286
634582
636086
645654
644790
619254
622198
627318
621621
632598
634902
633269
648470
640342
649270
662711
668343
627062
622069
626294
635382
640822
632790
636118
636117
634998
640406
648631
652694
638294
650230
629077
620821
628117
626134
633782
633334
626710
632918
653015
675511
677943
642134
633973
679831
637110
632726
630166
637238
637494
633461
630422
646135
648054
627797
636246
641398
633974
638422
651799
630678
629558
625813
649366
634838
643510
621174
622389
644438
634166
633494
627702
653655
630581
653366
630613
645910
652310
718969
660055
641558
633526
644246
640054
636982
633462
624053
633334
629109
651478
647734
628790
624310
624597
620534
630582
630678
630518
635094
632150
642102
650038
618133
626741
630293
624022
625877
630134
632853
642422
640822
636278
636726
657142
660598
619446
625462
634422
622869
628726
655895
678455
681240
686808
775099
702104
674424
651862
650519
734842
656567
661975
650934
630581
634390
621813
632981
638038
642422
640886
632054
633206
634966
637910
693143
654519
627734
628629
623510
634550
632566
635766
632150
634166
633782
648246
702168
704953
709400
762682
699321
732281
673687
649686
642390
681719
641206
636342
634998
630934
633782
643511
629142
625430
653527
668567
625205
627061
633238
642582
637558
653558
651158
633046
632021
639958
634006
652886
625238
642838
630774
630581
624694
634069
685560
641142
633621
638006
634614
652854
654711
632118
633174
626613
627606
634038
633430
639702
633974
638518
640854
653174
675415
627990
636662
628150
631702
638390
640566
629846
634134
638038
637302
647574
647382
633910
637366
634038
625174
635606
635446
637270
638038
633110
635222
648247
649910
654870
639318
626934
627285
633974
646006
638774
693848
655382
637846
641366
629238
643574
647415
626198
623957
627477
630806
622517
687960
648727
648950
627702
630454
651767
651255
647286
634678
631734
636470
627830
626486
640919
628373
627926
630358
639286
627157
650903
622261
624565
626262
620213
695832
648022
632950
642838
632086
628053
641527
647830
643542
622006
632918
655287
626645
635893
629877
626677
626485
626646
636086
708376
662519
623765
655862
627222
618773
621365
629046
665815
742970
729273
745369
672696
649430
648086
668023
699672
856093
829245
777627
841405
759483
637398
634230
655991
662679
633686
633494
624085
626965
632630
631670
631957
628597
629910
634742
643830
647286
626166
635126
630678
636854
640982
649494
640662
694840
641910
630133
624789
643479
643062
622038
631253
626582
623029
629590
642070
628981
628406
634646
622806
655863
703161
644918
626838
621269
637622
625270
626582
626582
625782
646487
630134
625749
653047
643574
639382
633494
632373
637622
641430
655414
625814
622390
626262
636406
654967
626518
636854
634454
707225
638518
631510
623542
624117
631382
627157
628982
639895
651542
648598
632246
622997
621845
624694
645270
632149
631157
622262
643254
655543
640406
619733
636150
628342
626966
636950
628022
644886
633430
629046
633174
645718
646710
630293
633078
628054
627573
636022
632438
625878
625685
629302
645271
641046
620149
628789
625430
629429
640726
630262
633782
657943
639030
637206
656599
647767
652566
620982
629302
624278
627157
628118
628373
650614
632502
636054
636310
658679
651350
628437
735417
656918
634998
624534
631989
683128
641782
645238
634134
631605
633173
655702
650966
624214
626518
629110
637590
627733
627318
632406
628342
637526
621430
650454
618549
628342
625046
625366
629269
626806
627894
631829
627734
631061
640630
641206
623669
635990
628053
642678
626613
628341
628086
641366
628886
624342
642966
652471
656503
631414
627286
625910
622773
661430
629909
628886
630902
630965
633046
646007
646743
636150
632502
631669
659575
640950
639894
692408
656151
659351
636630
635414
648471
654038
625142
622710
633910
623349
645078
634678
640758
632118
636502
644342
677880
657367
651223
633494
637910
650230
634646
636726
645366
649591
642134
647670
638358
675415
657014
637622
641078
641718
665303
639542
623669
627414
629046
631734
630037
630646
643062
676055
628214
628470
638070
624757
625749
698584
659511
635830
624437
622741
630934
644758
648534
625269
796412
714585
653782
644310
713528
690327
710712
830525
919231
917856
892191
717433
644054
648022
748058
768346
686327
676663
737593
712728
667223
718904
700153
689688
704376
709241
656758
639990
634102
645175
628693
673495
662263
669975
653687
721625
747289
677623
649270
648887
648150
645462
679032
638646
627222
627830
625269
639478
624981
645238
642422
621813
637078
645462
634966
634262
660535
643191
649782
627894
635062
623926
686263
645910
635670
625397
622005
622005
620309
628182
627734
641495
622613
625814
651991
646679
647446
629238
628405
630614
627350
629878
630774
657239
644790
625078
634997
646583
651863
620981
643958
630518
624822
629749
631670
627990
635542
632277
641494
658135
665175
664310
631542
630070
623254
629590
631894
632693
625461
637910
632118
635990
646935
629205
631254
623413
619029
632406
625302
630614
629654
631157
628246
664887
653494
625237
631670
621941
641206
667671
636982
634102
636214
637142
629206
638486
641910
646966
636310
620245
623638
627221
634454
634038
637366
634774
631158
654710
660439
686776
641495
628245
622262
645590
630230
639190
666839
658390
648982
632918
639094
655543
627222
627701
635894
660311
630230
634422
630550
639062
633525
644758
662359
657878
627765
631029
634998
624726
631670
636886
631446
632726
679992
653079
636790
657718
649398
622805
621717
634454
632118
638902
674231
642518
688695
656279
643702
638870
650263
650390
625429
623733
627478
637142
640598
641686
638358
639830
642390
650614
679031
655575
641046
653879
647318
627285
623893
627797
629429
627093
623221
631158
636278
648887
645718
632214
640790
632373
644054
635126
630198
627158
636022
629270
627382
649655
643734
627350
633206
630902
625878
628949
677079
639702
633174
634485
643094
631894
640086
637814
629974
621270
620373
615413
631318
633014
668855
643190
652503
632566
634102
640663
646071
634485
628565
625750
626550
633942
628117
633206
633525
633238
635542
654679
622934
692055
640726
629814
625174
643062
623861
622933
629557
626869
639254
641718
656310
618870
628342
628694
623477
633750
653847
644086
634486
638230
635958
651414
636726
616405
617909
658230
630358
632885
628854
626197
624342
625109
638486
649878
637558
623062
622261
641046
621717
630006
629078
632182
625045
631862
648343
684152
654103
630933
635286
627957
652087
634870
633045
640470
636278
644438
625781
646455
640406
627797
645846
623062
614933
619957
627734
630517
628117
629270
651639
642550
618293
642870
629782
620309
632181
628053
631862
629301
638454
653270
650806
654807
651990
623957
625558
632694
642454
623573
628470
631382
628214
660535
633750
633430
645430
659447
629109
634038
673719
660823
638870
632277
627766
633814
635990
638486
637398
664375
668023
623734
628117
632182
631318
646166
627893
628886
624693
623253
628918
650999
621525
623286
645750
630262
614005
643383
639382
625910
627606
628726
634454
651351
625781
622165
650551
629590
620021
638614
626773
667031
636726
639254
631574
640182
647990
689208
642871
626581
627285
641430
640758
637270
638486
638870
636502
649238
643734
638998
620437
620022
620789
627286
629046
635350
626838
635286
626549
649622
662038
618069
617301
622549
625974
626934
631254
634134
626134
627765
629622
649718
691416
662071
641975
627254
629654
646102
629718
634678
634582
642710
638006
626902
642262
657655
629558
642966
625973
629141
625078
639446
692472
657143
633622
628789
636758
645879
648982
619829
618005
617301
619349
627157
637814
635382
634389
656919
631701
631766
635062
649590
622901
627190
625942
629686
619317
623382
625077
633110
624405
629206
648118
626070
624341
619573
707065
642998
633462
632022
625045
629398
633494
625909
637302
658775
631254
617749
615126
619029
629942
634678
635573
632277
628534
639703
647734
647350
616917
621205
616886
634198
629109
633590
631126
636470
630742
654071
643382
638806
631190
628470
621558
640342
639382
639798
639862
635478
637622
648150
652470
648566
657590
646999
638646
627317
620021
636405
634006
646358
633910
642103
628694
642679
646487
622453
624086
623190
623797
634934
704984
646198
631126
638454
626230
631894
640278
640214
622933
633398
624693
620694
628374
631990
632982
627254
628822
647415
648727
625909
629302
621366
632949
639510
626422
632822
630133
635286
631381
643479
650358
639126
616949
624181
626741
627990
639446
633270
634966
648566
625366
643510
621973
642230
623029
646198
636438
643254
636982
640662
634486
647030
653558
658583
639926
643798
637366
636470
621142
628181
630645
629782
630966
625142
625142
712825
661655
620182
622005
623286
650358
634774
627989
630550
638966
636406
633269
650199
649495
629205
661366
636374
656439
643254
656791
632341
638198
630965
638614
630422
649750
646742
625590
626454
617206
622709
655446
626550
628214
632950
644822
628725
645398
644694
615317
620149
622773
624534
632438
657303
640502
625845
626677
628821
637398
650295
630102
626005
618934
697336
661143
628277
630198
628534
656951
637814
632310
651638
715736
695320
700504
741850
694264
696056
639990
633046
656630
671255
635318
702360
644758
637430
631254
649910
628309
627382
646358
645175
625526
631542
630102
632886
634358
644055
637429
630678
630134
629621
644887
667895
623477
623189
628981
710648
681176
702872
723737
666295
667159
664247
650166
648247
708024
654903
643446
633942
646934
651030
616821
626645
633462
631125
658007
649398
657719
646582
630326
627414
648214
654358
644215
637814
617973
623830
629334
621974
628982
640343
631349
638582
630230
693784
649495
660215
644023
624214
620853
645142
626774
635382
635510
628598
627190
626006
632214
650711
645046
662391
632117
636374
631190
622389
642166
637366
632470
639190
643894
633973
639638
614517
638742
648023
633142
620470
630581
632278
651926
688792
647607
635510
645430
647894
620598
622166
644470
623542
631861
634742
628277
632598
644918
641654
646166
640950
620085
641398
627829
621174
651478
633462
627670
640374
662967
646326
640758
653366
618869
624438
621622
646935
625045
650486
634966
652567
635061
625077
628437
636918
639831
621813
627382
635157
654295
640726
654647
643382
639254
634998
631766
633749
649718
665847
628021
629078
627926
634294
636694
630166
631701
633910
629302
635190
649238
647543
622262
659926
643222
623702
620917
640438
621781
626774
626870
629846
644182
653878
641910
630870
627989
642486
635638
625590
624886
631797
630582
638422
654198
645910
617493
622517
620725
631061
628278
635478
641398
630485
635734
682840
662871
655351
645079
619413
624118
626518
626677
638454
629045
631510
634294
632245
637046
651414
646935
618965
631926
626326
621590
631094
631093
645206
635574
636438
650167
651510
624566
631062
623158
639158
633046
628533
634358
643766
635702
643382
628149
644694
618486
624245
629686
618614
649495
626677
648086
654166
649270
632886
626838
627542
649718
620470
749914
665590
632214
636661
621718
633013
632054
634742
628054
627350
627190
651319
714072
660694
620469
629078
627286
632150
644663
638838
629653
628533
634550
638422
648342
653591
631126
634198
651639
622837
628853
640983
634197
627958
636246
693080
663127
647990
633398
638230
626741
629397
633270
634454
637494
638102
640150
636470
652790
648599
619093
620149
627029
645910
630806
630038
629750
635126
632309
632822
654454
651894
649751
631318
630902
630838
627062
635254
632662
631669
635286
644758
641398
640022
623637
638166
625941
630806
631286
631349
634326
633142
630166
635798
652182
650902
697528
639414
634550
647191
628374
641206
656983
650838
651126
630134
634518
625493
637942
668951
624822
623478
625333
616757
624405
629397
629045
623574
636470
633398
646743
758298
710392
831645
868510
779162
708121
675767
643606
658455
792827
852478
852381
868638
724889
674615
635862
620181
634678
631990
632502
635637
663671
641846
646358
627733
625813
643030
626806
625110
626294
622133
611381
661175
631862
636342
629078
631510
634742
645175
655542
622166
650039
627573
622645
632854
632214
634742
631766
650231
630134
636022
649751
617941
639926
627733
629462
630006
635574
633558
634614
629686
635670
642774
640215
617973
621877
630998
624886
625142
640150
634070
627670
623574
623190
641494
653431
622293
628534
626934
621717
652566
657623
637590
654678
633397
627574
641174
651735
654230
624758
634038
621685
620565
638454
628694
627125
658966
621814
629653
626390
641398
645750
632918
627190
624725
704121
657239
640598
630293
629078
629302
640054
630422
650871
633558
633590
633430
625910
758458
661687
652951
638358
635478
632694
634422
638678
659190
651158
650359
631030
633269
627958
637109
650583
632629
628470
631637
629718
714040
676887
661271
637334
636598
627126
631062
638358
632022
633558
634550
640918
646518
633365
652311
621494
630582
633718
628181
630582
628150
677591
641942
629046
633622
625686
658615
641878
619445
627286
625973
636214
629110
636534
628566
633014
638646
632758
650679
657047
624502
626613
623765
649271
657686
661047
632598
621686
635158
628150
633238
652247
654102
627158
633878
631382
628310
664247
634934
634966
633430
628054
726937
667031
654390
644790
641110
623893
618165
625589
636662
635925
655671
633942
631989
626422
641942
645527
625686
627350
644758
625782
637078
647158
644182
636502
630517
633846
634325
644822
713593
641559
629877
626965
625461
735097
702264
674711
673495
723609
671319
692920
659382
653302
725305
658807
646390
638038
648055
656470
624598
693560
637814
633238
633270
632694
631702
676888
640438
656599
654742
643638
652406
650134
658967
632278
637494
645975
648310
641270
636566
736249
717368
693944
675416
792251
700217
657783
649719
650102
644791
680760
661687
658550
630261
749786
816540
790939
913183
832636
691576
633302
634326
630870
621621
631318
640502
634646
634133
630326
637750
707096
647479
650582
662487
621941
622358
630773
626838
639734
640374
643734
640790
677304
642518
638326
666071
662294
632086
624949
625109
629397
633654
632374
634422
639894
644087
633974
648822
657174
620790
636117
637142
627061
627125
629206
629462
650999
639670
621910
637430
640278
620181
640022
626581
643862
628917
635126
632214
630806
630166
626613
642550
650358
637654
632534
627670
629430
658999
641078
634166
631606
632278
631446
653431
653815
622582
650679
626613
623894
632054
638838
632053
628405
655863
635190
647126
653111
623413
629270
626229
622806
630838
662071
642934
659799
626869
631093
628982
636758
650006
620726
627221
640950
641430
635670
625654
627382
631062
644406
629941
634582
747994
691032
660535
623798
631670
625013
632053
636630
636278
627510
623030
658583
632278
660503
643094
621430
627510
627734
628950
667351
631478
627381
628533
629237
630902
633654
646646
623925
632534
699640
653366
632149
638774
645014
631670
631894
635125
633174
650934
645591
629302
630966
628821
632662
621814
623189
633974
648950
634966
637110
625205
647095
642774
622998
628310
626774
627029
628437
634838
624469
689464
642230
633110
638102
637942
649494
627926
633749
621718
630326
627701
630294
626102
647223
662999
656983
646390
620853
651351
632278
627702
657014
638646
649238
654295
631701
625910
629814
645590
662358
647318
646359
630901
623221
642614
628534
630742
634838
629397
646422
629141
642614
640118
632310
629877
624822
628342
634390
643286
629878
631894
630902
627605
646550
650519
617845
624405
632917
634998
629910
663031
639894
635030
638870
628629
636662
651830
654902
745881
653014
638294
632182
622421
629814
633878
628886
628662
635797
630934
657495
647671
638998
628373
629749
628725
647990
634134
636118
634646
638614
638870
631414
646998
627701
628054
627830
626006
631926
630005
648791
644598
626230
631990
651158
638454
630165
629557
628054
627445
634742
635830
636854
632662
635062
663191
665175
656086
627221
628885
629782
634102
665047
639318
674520
641142
632374
630902
625525
647543
647478
621397
629302
627157
651190
634678
639510
642934
632854
637654
631734
722265
690423
667639
641014
625718
634998
627765
638294
630742
646838
642358
642903
631062
635158
649334
649430
631990
635126
637654
635286
648694
635254
638870
646166
641846
639158
727929
680056
672023
646870
624726
627606
636470
653462
628853
627029
628246
671959
641558
646454
663479
669687
631894
618901
624405
623637
629846
635702
631670
630037
630198
624789
648918
643286
623990
625109
619765
632694
623029
626614
634358
643030
645078
640406
654167
653718
628950
621206
622165
620949
630005
629270
631222
632662
643798
640342
644022
626806
637526
622261
623125
658038
641942
682200
641526
630965
628757
632470
645399
668183
620822
619894
637206
624917
626773
630902
631126
631894
631062
651670
631734
682424
664279
622261
628629
631253
624277
628502
635125
640982
634453
633814
633206
642710
651798
620437
629237
645687
630454
629045
631958
628309
634742
625046
626102
658903
647158
618678
624214
622965
637174
630998
650838
630710
624214
624373
626261
674359
663575
641975
621845
623830
622741
632470
628597
632342
654039
734489
669975
647798
636086
648854
676920
629366
623958
620341
626294
637654
629877
633942
633589
649207
633941
662582
652566
629206
626293
642230
619829
627286
636470
640950
648566
635926
636054
639094
663927
616405
620725
623893
621013
653686
639414
661431
640886
634549
628790
627701
636982
646198
627350
645046
644630
687288
679223
668663
718009
688184
686968
655255
742073
719673
669303
641686
634710
633750
627702
649238
648438
630198
625206
642646
619349
632374
630358
633526
632982
629078
634198
669751
648151
625781
663863
629974
631670
656695
632982
693112
697496
690392
779163
724665
680151
669527
651831
653303
706041
644790
660086
651735
619061
628885
628662
631382
633749
646455
634038
634806
633974
631222
659415
654038
624022
625494
651894
624789
628790
635158
635766
634390
644822
635413
633173
647159
676536
623957
629718
640022
628373
634230
637718
629590
632470
631733
635094
649302
640854
628758
654007
625557
635094
657975
663543
666551
647575
635126
630806
627445
635478
651094
654742
630390
630805
635541
636342
646647
640150
640630
632854
636757
690807
666711
655831
648695
624149
639062
631414
625653
650711
639286
633686
635510
632053
629301
630197
647254
653398
676023
629237
642006
630101
629846
629014
631542
632437
638710
637878
639254
651351
621845
624438
628886
680279
630806
646038
642710
642678
640470
654551
631414
646646
639606
625589
626582
624693
624597
625333
645238
636566
637910
626421
632725
633238
648023
670679
629590
628566
638550
626901
629078
641111
631318
632662
656311
631446
635798
658967
623638
621910
642870
634518
677591
646295
638038
638006
634870
632726
636758
645302
640566
624341
652279
655959
640887
630421
629174
629878
628661
630390
640022
630358
626997
659607
641206
621845
624341
628150
617429
626966
635766
713977
646743
630678
630870
645686
642647
618677
626806
636118
626358
624598
632021
629270
635862
652023
628054
635574
683256
659158
620982
652759
648182
631381
626838
632534
644055
632597
635190
643479
638070
653175
647990
630838
642038
646327
628566
632182
630102
657879
650774
631862
622550
635062
645303
622613
633173
626902
649175
629910
625686
621558
627605
628309
649431
648726
641398
629174
630198
626102
631638
631317
635190
630230
673175
636341
646295
647734
646391
624598
622102
631830
662103
629462
630709
632566
632662
639542
628982
635126
650710
637878
660214
658999
661463
635798
630677
631478
633334
689240
650518
633526
640854
645014
650166
641207
617525
622870
635766
617461
626486
638006
629365
627189
639191
628309
642678
734329
649943
629910
633494
629397
631958
633238
636662
638774
628661
633014
662550
651254
641622
618677
625142
622261
626645
627574
636310
686135
656055
641270
621109
623797
631990
644374
619061
629590
633718
629525
636790
633526
633590
635286
631222
624534
656118
639478
617078
621525
627510
657655
630774
627478
623509
628502
639414
630901
646998
646455
625781
634357
626038
629525
632918
630326
633334
641047
633781
644886
658743
629430
627126
646390
629494
668695
640247
641527
645078
631670
627670
633334
646262
661207
643639
654102
666519
623990
617974
630229
631894
631446
635574
685912
649207
640982
643830
643927
620982
626710
623829
636214
629909
704184
667991
646198
641782
639126
630133
649270
652599
641238
623798
631125
628054
635638
625589
629141
626069
620406
639702
646134
654454
626838
626293
627190
616757
631158
645335
664983
635318
631285
628534
673399
644726
623189
628182
646455
636118
636469
632342
633110
630806
653814
628246
629494
711448
682423
633750
630741
635734
636214
643510
629237
634806
633366
632789
628406
658199
641367
620245
630677
626454
628374
633973
638198
628629
627349
637590
633686
636342
649623
649271
632085
644662
627286
634774
624373
632789
639734
626902
633302
634006
647702
658198
646263
662967
633462
627446
635990
631478
633334
655798
637782
652151
641591
637270
656055
650743
626645
626230
623157
629910
627189
634742
635382
631541
632150
654487
635157
642678
661399
627093
628853
636630
694488
658839
632598
631381
633333
626358
626037
622421
646902
624053
629526
630646
638870
637174
638550
631318
639542
690808
642422
631766
643286
642294
641239
632918
626037
625046
635094
641782
630518
631382
638998
666007
650007
642902
622774
627477
632693
621589
626678
649174
628406
625846
630294
724121
844829
868765
734522
679959
661782
665271
1729659
699544
640726
626709
633141
638486
649974
638070
629685
641750
633365
646646
655063
626550
642742
635254
627350
626069
632342
653558
631382
627061
628598
630037
637782
658679
632374
635958
635894
636182
623958
627766
640566
628726
631830
634134
637462
665687
670135
624693
629526
625302
625398
629654
639798
628470
625942
631638
632790
646934
660086
624021
624566
622582
639510
628821
630422
631958
637686
637238
642775
659863
662998
624085
621269
620117
629013
624438
631093
640630
634998
631542
626774
649111
672375
708376
623509
620438
624341
645046
637846
637782
639766
639766
647798
635638
660310
652695
619541
627702
629941
621973
626486
625494
629814
635958
622133
623765
648662
646070
635478
625590
620533
619029
635094
649623
636086
631125
629814
626934
653078
643798
621078
632117
635797
625237
633238
633045
636534
641814
634069
628885
650038
663479
629814
623414
630198
622933
628854
630710
639478
634518
637654
638134
661718
660503
625526
632309
640310
631125
639030
634358
640470
632598
632790
655319
671447
653303
623349
624021
633462
630646
625046
632917
640470
636950
641366
633814
631829
650998
624885
623989
655350
622869
620598
625782
646262
630102
632278
636182
636502
644886
621334
635958
620885
623606
625206
673463
696088
649590
645846
683671
636406
636278
630806
655063
674071
651415
623605
632118
632022
621270
654103
690040
711192
678039
662839
670263
697656
667895
681591
672535
672439
701208
688952
693112
663799
657239
680279
672119
665463
670647
660183
664215
657398
648950
642934
642167
638614
629110
694808
665399
655959
661335
650903
621173
623605
622294
634582
633494
635189
635798
634774
637206
647447
728601
660887
642999
643286
630838
632054
628598
627926
633878
638486
634389
636246
639478
634390
659159
652887
625653
629334
644310
626134
631510
633718
635958
635541
648983
638070
655862
654519
630294
623445
630293
629717
632598
649814
633014
636982
635285
638358
650198
651798
621238
644631
630742
628950
639766
640310
632757
631830
627285
624534
671639
639574
634902
621910
623542
622837
631350
629333
635734
626357
626230
637366
640182
641878
623989
624341
638262
632918
641846
642038
642582
626614
625334
627797
657719
656694
638326
622262
625078
621205
649654
627446
631478
630998
642582
630742
626581
635542
631286
651319
624149
625654
627926
623126
630581
632406
644759
643959
641847
635990
650614
643542
622678
626806
621013
626037
635958
634262
625461
627990
627477
622709
653942
653590
619637
621749
619254
618134
625366
645846
635542
640822
640438
635765
644662
646742
624342
626614
640662
633846
638838
634774
643638
645750
641686
639894
661591
646038
626006
636182
624149
622869
632086
631286
630134
633461
626422
633909
655702
644950
620470
626422
634421
632406
638454
628597
629398
629270
624917
627381
655318
644343
619413
625398
620853
621621
628246
629973
634870
624693
628374
629685
657494
654455
624822
628758
624661
632534
633846
630934
630390
632150
641334
634070
668695
662935
631285
636918
627350
619317
632181
635989
627478
628886
629814
636598
683159
669847
632054
633717
627029
622806
629141
640118
635830
628789
631478
631542
650646
649142
633110
622837
623766
626005
643638
629974
631254
632246
635894
635190
656470
662519
627254
628021
628758
632694
630485
632950
634518
627446
634838
630581
665751
646070
622197
624598
621589
631926
627734
628726
630677
632022
650935
639158
650966
657911
633238
630838
628502
620021
628374
629878
645783
642454
622581
626966
643318
647926
618101
626582
624406
625654
632182
631701
628342
630582
635830
632662
642358
656662
620470
623701
620694
695224
637686
634070
633910
632982
631254
629334
634934
652503
648055
630102
641718
634838
625814
637398
645879
631798
630517
627478
629142
677335
645430
616117
622806
653399
621750
631477
636022
628597
634614
635734
634005
641878
657111
660150
627093
631349
633174
633814
632310
630293
639030
630422
632470
636086
664727
640150
622902
623254
628374
626038
627958
630838
624117
641334
630102
653526
652247
637110
623925
620757
627157
641942
641302
631062
623062
629910
635606
658198
642870
619637
626677
633654
620214
626678
639734
633558
635990
646070
626453
629302
661719
671575
622389
699384
676343
637654
646263
634838
632117
626037
635990
629526
625334
641239
638070
640790
613781
691512
687160
710200
681784
661751
671640
769050
726009
672119
649718
643382
634102
656215
648631
647478
638262
652983
662967
631830
648982
633494
629334
631318
636822
638646
630070
633974
630870
636662
660791
658870
627477
629622
633142
622838
629493
631157
632246
636118
629013
633270
649782
641238
622517
624693
635958
626710
631222
638742
637878
630294
628950
630069
645846
643382
624245
625078
624213
626870
630006
634934
634870
637526
644918
627414
647991
620789
627606
621269
616469
626326
635637
630486
624693
633462
623189
648918
659447
631830
623734
622837
626646
628694
630997
632630
626358
632470
639830
659639
649526
636757
624950
621749
624054
628853
639766
627030
629942
631125
656407
659158
617782
620790
631766
628789
628502
637974
639606
630838
629238
633910
659927
660663
638358
625621
627830
627317
621686
630006
630070
634134
630837
638486
661046
655415
625974
623094
623542
622550
633109
626134
633142
628918
628374
631510
654167
659031
624598
628886
632086
619893
629878
631958
641046
634070
624149
633238
658807
647478
621653
625077
624437
625045
629686
637142
635862
634454
635670
638454
677912
656278
627350
631125
622837
617173
626390
626934
627606
628758
623061
632086
655926
657335
621846
633782
617429
619957
624310
624693
630229
625141
624406
659894
647831
615157
646742
622005
625397
637238
637077
636502
634806
626646
630966
651959
664342
628566
630870
635765
628982
637750
638294
634518
634774
640406
635606
661591
650934
630102
633013
621269
622038
626325
634710
634677
636470
637654
635862
658038
643222
637846
633910
635638
640822
631350
636085
644182
641750
640470
635413
630358
654615
640854
643030
619765
627317
626902
642134
639574
631446
636566
635509
666039
658359
623125
623349
622293
629110
619477
628822
632310
629941
631573
629494
650295
669719
619957
620213
621110
621334
630838
639542
624661
626133
623958
638582
641686
648822
620661
622965
631190
620053
637845
632694
630038
634389
622166
628822
651734
646039
625974
619510
620150
622325
638966
630902
637238
635382
641750
635606
661975
648822
619350
622934
621877
624757
627510
633878
646742
631510
631446
646166
661751
619925
625110
627734
622517
632598
630869
627350
639318
633462
633430
637014
657271
645431
621045
628150
619925
620694
631446
650199
638102
636150
632054
638006
656150
652439
620182
623190
635830
619798
628438
628214
661271
625654
628822
623798
668183
661879
630742
628822
641718
622709
625558
631830
630742
638294
627382
631509
650614
617333
628278
625622
625878
626006
636789
632213
628182
628758
629397
661783
648182
623829
631094
619509
623446
649558
631638
631414
630389
640566
627221
642102
676695
624086
622262
626806
628277
650071
633814
629654
626293
626262
624086
665974
651095
625749
632630
630997
630454
631446
641366
630742
634454
626070
629110
648726
654519
623094
635381
619158
624790
625174
632022
633046
629686
635702
654742
647255
625845
633270
635702
639990
624085
624534
635222
629494
629654
625781
632598
657271
649782
617654
624118
619606
639830
630262
631190
634805
639990
634966
635094
648182
659447
624054
625333
630582
628470
630518
630101
631893
631509
627414
646166
653303
645110
630197
645398
618325
622165
653078
630934
624118
628086
630038
626933
646198
668215
624213
622134
619797
626806
630357
636470
636598
639382
633526
638646
644758
653686
622229
628309
622101
627222
631638
640982
635094
635446
635030
644534
650071
645910
624566
639766
628598
624277
627638
641846
643894
645047
625558
625013
636982
652694
657175
658615
637686
626165
625077
626998
639734
623862
628470
631318
631862
662455
653271
633622
639094
649078
623766
630678
649942
636886
628373
628566
634710
640662
662935
648502
626614
638614
627126
624117
635254
637942
634742
635510
632342
623605
653942
656599
618038
622006
622486
623349
643926
625941
625973
631382
628470
629846
659799
651478
625749
630390
633366
626005
632821
633366
635926
629334
634390
630998
661495
661271
625941
627382
621685
625749
632566
628214
694040
643766
635446
631254
628886
660566
647670
631798
627413
636150
627990
636182
628534
636853
636374
631286
627317
648630
644374
631222
633014
634453
626294
631990
640310
637878
642582
641430
643990
645974
645239
623286
637974
620629
623798
628726
637686
632630
633526
628438
647542
650999
640086
623573
624950
622934
619702
632758
630614
625685
630262
626390
633270
647638
661303
626774
630358
633270
628790
634198
637814
643286
632950
629974
632150
657462
651734
627350
630038
629686
628790
650135
648726
632630
634870
637238
640598
665111
660502
634582
632182
633174
634742
642166
638102
629942
638390
631605
651606
646647
654775
626198
639190
627733
623990
635926
634966
634486
638390
638710
638646
672759
649047
620566
624022
620405
620853
623957
630774
633749
635670
637142
631606
657687
666487
636662
632565
627445
628342
629749
631158
627990
627478
628406
628790
658167
649750
628981
624310
632758
640150
625078
632213
632406
646870
630678
634230
653398
675799
619061
623766
625846
631510
630006
637750
638390
634550
632950
626774
652982
645207
619189
627829
620054
626038
636758
633238
642903
636534
627158
630198
656694
649079
627446
623797
620373
623190
642294
642358
645495
642198
637078
627221
633014
647127
626005
625045
669239
634646
655190
633494
626710
626933
626805
628661
627605
638902
658614
626518
623381
626230
627734
634229
621590
628405
636117
635574
629237
654999
641494
625397
631350
627062
620021
629526
630198
635222
633077
633046
630934
656919
652438
629014
626261
629590
630390
630422
630773
634230
640022
629397
630741
646262
648470
629909
625878
624309
630838
637814
629301
632694
632598
634357
626101
661911
659127
624886
638038
621621
644438
629845
650102
634934
631126
632789
639030
640598
660791
654007
636406
633462
624950
623926
628629
633877
627413
643383
631606
627381
624437
649686
644694
620693
628406
633205
626517
632630
638454
631445
627029
632917
642198
656247
622453
622038
619221
619062
641463
633558
638678
639350
629782
624309
648982
646711
624213
643862
623286
628406
634454
637590
633174
635830
627254
629078
648119
648759
622293
627861
628022
624118
630901
635094
627542
627222
626614
651063
663318
621013
626517
625781
638678
632310
639254
642742
638454
636629
632854
644726
655671
639478
627894
625109
636117
633014
634870
628630
628982
634070
631062
643991
646774
617749
628918
619797
619926
628246
653494
630870
634198
631446
623669
663126
644534
636662
635542
626869
631062
626325
633270
637590
635286
636661
632886
627317
645046
618197
623894
624213
626582
627062
641014
638262
636790
640982
631574
642614
655158
651255
618358
622837
637302
621493
631349
633622
625590
633654
632438
645238
642902
616053
618486
624213
633718
619893
625557
625877
634070
626774
631509
654806
653590
615477
626325
623765
625974
634966
632086
637334
634005
630646
629558
647158
650103
620054
629366
624821
623477
632533
628694
629014
633461
629526
656502
657175
622326
622390
628117
621845
625814
627733
636246
635574
630613
634165
647927
647542
621077
623637
627637
656886
637814
631413
625525
626614
634678
627733
652247
645462
626998
624790
632437
626645
639830
630518
630645
627125
632534
624086
654071
661975
639126
621974
622550
623765
638294
635414
629654
633590
640246
634966
634390
650423
667447
619925
621238
621430
635606
626229
626870
626709
626133
631542
643638
674039
667895
632118
640150
631094
624598
636150
630837
636950
634581
627989
633941
634678
651990
620374
636790
636022
628118
619317
629814
633270
628630
629846
632405
631253
663574
655158
616853
621429
624982
622293
643606
629878
633014
632534
631669
633014
658871
666199
621366
627318
626230
633782
642295
649110
639062
644215
634774
628694
644758
643606
636726
621877
627125
633590
623765
630166
652215
627126
629909
629141
633109
657078
621590
626838
626742
617845
624886
633942
637238
631990
624469
626390
636982
651766
629718
635126
627157
623093
625429
628981
630390
630006
626134
650326
632949
645622
648246
627830
627830
632630
622805
629014
634870
626454
629910
628469
631222
645687
658615
624629
626166
621173
620501
622133
629718
631061
630101
626741
632502
653238
655159
624693
626006
625974
623350
625686
629494
650935
627446
626038
630485
652759
698232
626070
622997
619830
623317
626261
625622
624822
627829
630742
633846
625237
659767
622453
627926
644822
637462
627094
640886
635222
627638
642902
631062
636502
642550
645174
648470
632150
623318
620278
633142
629686
629142
638486
634806
632118
624437
621973
638806
667735
623029
625141
624342
624822
644086
629110
628853
625622
625782
628821
643158
645334
618197
639862
634806
626645
623189
625558
625366
625622
646550
627766
629045
645942
664695
628534
628342
618933
621397
630006
628886
636534
632885
630870
629302
661463
657110
622710
630582
624565
653335
662679
631318
628566
636150
624245
626998
629077
668119
655703
627125
626998
646871
620278
625910
628758
633718
636662
633526
628694
644983
649782
624085
617685
620086
640502
631926
638518
641014
641526
643062
636406
648310
650838
638710
617941
623957
623958
634709
632950
627638
635222
631157
646678
651702
642007
621813
642006
623829
625173
629558
629782
640246
626326
628150
626198
659863
643414
616854
628310
624437
622325
630038
630838
627446
631542
628214
623830
623638
641750
648279
628406
623510
629174
626037
632342
630357
626101
626101
630646
630870
642294
644823
626454
627893
630710
630838
628182
622837
628277
646582
628406
630485
660438
662263
620150
622166
626358
628213
625430
624758
630518
629109
633046
629686
660150
650743
626165
626357
624469
626806
628790
629462
634070
634358
632181
630454
645558
648983
624278
627413
623061
620085
626453
633942
627701
621622
625525
629493
659222
643542
625238
626261
625589
633142
634038
633494
630326
635446
627286
635958
640374
655382
620277
626261
631574
623894
629558
625718
632662
635926
638198
638646
647254
649526
624502
624149
626101
626901
621717
629365
634454
632950
625910
630774
658902
645750
623029
630934
632342
626517
644631
634102
640118
637494
636374
633174
627798
648438
637334
618037
627253
621941
622677
635862
640086
629206
629974
640918
629942
629846
655926
633301
632566
624982
625493
645239
634037
629878
631350
638230
629430
626294
649591
650999
625558
623093
627221
643350
626710
628117
641686
633942
640342
634966
638358
650198
624182
626390
623126
629014
621718
627862
627509
640214
635094
634037
656663
665686
619254
625173
621717
622645
633046
633622
631574
634773
635637
634677
655254
656183
630550
640790
627286
621973
629686
636630
629269
625206
629750
632758
647958
652151
615765
622197
626390
624885
632278
631990
632853
626166
633910
632597
637910
644790
646999
624214
625493
627734
631702
631062
626646
643191
639670
632246
630582
655479
639062
620917
629558
632182
633590
629877
633718
632054
642838
618966
625622
642903
654039
621718
629621
629974
633910
628406
632854
633078
646966
633430
627381
637622
652471
644663
628854
624278
626197
633270
642838
632310
630805
630390
625014
636054
650199
651831
626358
626518
630069
625718
629686
630774
635062
632565
634005
637270
655703
655543
620853
618294
628981
618326
626550
634934
631926
637046
624310
632886
632726
655703
623606
625749
622645
623862
635382
630294
630038
630390
628534
634197
631797
650263
660023
652247
615894
618870
622198
636598
627766
632214
636598
629877
630421
653942
664055
618326
619638
621173
628117
629686
641206
628629
632278
627222
642294
629813
646006
637750
630614
628373
625302
626230
626965
627285
628534
631958
627605
634166
639382
617430
630965
621046
626485
629142
638774
633942
627222
629494
633718
638966
647190
624341
621301
619189
653590
633494
631062
630774
627990
642038
629430
648855
649334
624981
622166
631094
625238
631638
629910
640566
630550
635446
634870
651062
678295
634902
636950
631894
632566
628374
626262
625398
634678
636406
630518
662775
658519
627221
630902
631254
632917
632630
631318
638326
635126
639510
641302
638422
652823
652758
627574
627574
621493
623285
633654
634325
633045
633430
629429
633014
660375
646390
626165
629430
631062
624630
635062
630325
626902
634262
640694
635478
635990
668279
652438
623189
624918
627766
625141
631478
629366
636373
629590
629621
632630
677463
657846
616981
628278
637046
651862
620662
622965
630069
629142
629878
629397
637814
644438
620118
623958
631510
614870
619702
628469
638038
627989
625878
638550
630325
660055
653943
622773
625109
630454
619190
625365
627094
629109
627094
623286
626998
657046
643350
644566
629333
625174
630837
632982
643414
638774
631222
631990
641430
658614
666807
628149
629942
626486
625493
628182
637334
628822
631605
630070
664695
635798
653975
625814
643510
624022
617494
621493
631222
644118
634070
632374
628886
633078
661239
649014
621046
620629
636278
631670
634230
632342
632821
633333
639958
628502
686328
659255
625078
628278
631958
627765
630997
635190
628342
635126
637398
638774
630133
655926
650006
618133
635286
629782
627478
629846
636470
634518
630133
624630
628565
648823
659319
641142
625845
625397
627797
629173
629430
632405
627030
627253
628022
652790
660215
617461
631189
620565
624597
638486
634293
628470
640407
626293
625269
629846
650934
646934
618485
620981
621333
634870
632566
627829
623253
639414
628822
627894
662679
653014
625654
623734
632566
629174
628565
627990
649366
630421
628534
631157
664887
658551
624310
628182
639350
623638
626997
629110
645590
626869
623158
625942
665303
660151
621685
632054
620598
618389
631510
635254
648791
630838
627446
624438
684440
640951
642582
616149
616885
627477
621141
631542
627478
645014
635638
646006
629942
646327
647574
621045
633974
637302
639382
628406
641174
644918
637078
640470
637206
638326
645558
665335
627222
624854
624181
619285
632597
627318
646550
633622
635414
627733
628342
642039
622869
618133
624277
620629
632790
634838
638614
628341
627478
624309
645846
651030
620213
624054
625366
622518
629494
627062
631478
629302
632085
626965
645878
645910
633142
628566
625078
619350
629718
641014
634390
631766
640342
639414
660758
662007
620853
619574
625429
637558
622325
629558
630710
629366
629782
632566
637046
652343
629430
621878
624278
619157
623798
638966
630741
635190
635797
630646
635318
637014
622741
626165
627318
627798
625429
637910
631798
645239
629046
626965
637558
659223
656822
623157
618901
621173
630966
629910
630230
629846
629750
631958
630581
645110
644951
627766
623701
626262
630518
639254
645847
633622
628469
626582
632246
648502
662614
625718
629941
630614
630166
642454
635413
630486
629270
634806
625365
666039
641494
631222
634358
633782
625845
626101
627830
633909
625206
626390
628214
646806
669399
627062
622006
628245
631222
630101
640822
638550
638230
638390
637238
654615
667927
622037
649815
637622
629046
625878
632118
628726
632630
631670
639158
631062
651830
663319
627670
624277
625973
622934
634198
639062
635670
629973
642230
632918
678007
651383
625046
625493
630550
629077
648438
624629
631382
640054
632918
629398
636470
663415
655031
628149
628790
628214
623478
621845
624310
633430
639702
625813
627445
649878
664951
629781
631638
627925
633397
628790
637526
636981
640246
630326
629526
628758
650550
654711
619317
624629
628502
625077
626741
622741
629750
630806
633110
625718
655766
679160
620917
623445
625525
624853
639158
632501
627637
632374
627190
630326
646774
654390
633878
624246
636118
630070
623734
627862
624373
628534
627766
627318
662039
653238
617493
616821
627222
625461
625877
627574
629174
628470
638102
635510
635830
647030
633910
621206
623062
649239
640310
627158
628310
629814
639414
631798
626454
652054
651766
630325
635670
631638
621494
626326
630869
631574
646454
639382
634422
632438
655959
649335
630294
623893
623734
616853
624949
628501
630710
631702
629046
632597
629878
659031
651767
620245
626293
624662
630229
636341
636758
640534
634166
634998
639318
672280
649494
618549
626550
627285
621813
641878
631830
633718
629174
638134
631830
647670
662007
633045
636438
635894
625814
625046
650071
634838
630262
627094
632565
629973
659127
659191
643030
629238
632118
626966
622581
637622
641334
629653
630902
634294
636374
649398
645782
624086
624374
627350
629974
642070
645366
630774
632726
621845
630710
646871
641942
623381
627861
624885
622261
629686
627158
629750
634613
651126
631221
658135
648087
627382
629653
626454
622357
624821
630677
632758
631189
643094
624022
627126
655095
646711
619317
619733
622806
640406
626294
632374
636150
629878
635478
632054
644118
650102
619861
621141
624853
634294
692536
652854
642710
639766
643927
643862
642582
657815
662871
626581
626006
633430
632054
627702
628822
637782
674519
657015
638422
626613
636502
668279
630294
618870
619253
619125
623542
649750
636374
626229
635734
633910
635093
638870
653046
623862
628725
642006
621941
625429
626870
642774
632214
630549
627317
651382
668791
619958
621814
620181
623573
620021
625174
635894
625910
628501
628950
630774
654934
620309
629686
624309
622486
622422
628214
631862
637205
630166
629334
636406
664182
617173
621525
624245
620373
646039
633653
629942
625366
639094
652727
632918
643574
655639
626614
628630
619541
622005
633846
629749
629206
631029
626742
631638
654582
647607
620950
626742
626517
627638
630422
628086
630678
635381
647095
634614
632758
646550
642198
628470
625493
626965
620757
624598
625782
628342
639894
631861
630229
647671
648630
634870
630358
626390
623541
641783
632374
628534
634646
628150
635414
651223
647862
620757
625142
628758
635926
625973
629013
630037
632982
632342
631317
641366
651063
630102
632246
627125
620629
623958
626742
639222
629333
627189
631925
651638
664599
626934
620309
623061
622358
628470
627606
631318
628118
625013
630358
652598
651703
618165
625781
622261
642006
622165
624053
627157
635030
635990
628182
639062
653079
663927
618101
626293
636374
626550
625270
630773
636438
632694
650871
635958
637782
646679
658647
617718
627254
627318
628117
644919
627254
626102
630038
622645
629942
652854
665686
642198
623733
626102
639350
631158
635798
630806
638198
630709
631925
630326
692119
656406
622453
624181
629013
624438
631126
633718
635286
630806
623190
627093
669463
655830
623765
629557
628598
626517
623670
632886
628662
626102
628821
630165
629782
668631
626166
631957
630773
633110
630422
625814
630454
630518
628117
632725
634486
648950
650903
625462
625590
621141
632086
626262
632566
628597
634486
635862
635510
650455
664119
618869
625654
628085
630870
633174
625813
628534
633654
635318
636502
642614
648342
645942
625462
622901
623317
626230
629878
638902
624437
626965
628118
639286
662103
643926
621589
621813
618837
622261
625749
628278
633942
629718
636694
626773
629589
657431
626421
632597
637014
627062
627478
648566
626710
629142
625942
632406
642742
641462
650198
625654
633525
627221
618581
630997
632502
628342
623989
632726
631542
646998
643030
619221
635254
625046
623894
627286
624214
627030
641526
627605
631093
662518
656118
623541
625269
629525
619413
621750
633398
630453
637654
627702
625654
625782
652214
638006
635894
627542
630709
627254
633910
634326
628822
624278
625109
628981
651351
650359
618837
623701
636374
632854
639606
639094
632758
626037
631222
624917
661783
660663
652054
622838
628374
625590
636469
629269
632022
628566
630453
631382
637814
645078
641782
616341
643030
625685
624213
635190
637398
632182
649463
630646
628853
623541
648662
637750
625429
628086
634934
620981
636822
629494
628566
628022
630230
637462
662871
642390
628341
639862
636726
628885
641942
640886
641142
644214
629334
626997
654166
672311
627029
627382
632342
631222
624566
640214
630645
625910
628565
640054
621590
640918
622101
625654
629782
633878
627766
630006
633366
632662
638102
633974
634966
654615
665047
624885
624533
618645
630070
635830
645399
630165
634166
631574
637846
646678
643382
617205
626293
626998
629333
628469
634966
629782
640406
642326
628917
650070
665975
651382
625110
620789
623381
629942
635893
628662
631894
624406
633142
642710
647863
655958
621141
625366
636342
622294
625526
630646
634421
629973
625654
627925
655927
673623
664663
622069
627701
630550
632022
633398
630997
631414
631893
630198
633398
644982
650838
622006
630486
620469
621365
631574
627958
640438
632758
629590
631862
627350
639126
654455
622901
619254
625333
623957
635062
626230
626261
625334
635734
632886
658199
650006
618741
620086
618421
623413
632790
631125
645110
639158
629302
633781
649878
652534
623093
624054
623957
622389
637142
632662
662327
639606
635286
639414
665655
655031
657334
626197
636246
627637
637494
633142
629749
631766
652759
632470
639318
655926
646838
662870
622901
641302
622262
632534
629302
639414
651159
626709
628758
628118
643894
650454
619381
628341
629109
620053
633142
627126
630006
629077
648119
635318
628342
648566
641782
623286
637398
622070
622358
628853
631670
626326
629206
623350
629398
661366
650999
622165
628150
621429
622230
628758
629814
636118
629141
636054
632950
669271
663671
627094
626358
633878
654327
628181
634902
631317
636630
632822
651543
632822
648246
647991
624726
623381
614933
622134
628022
634870
634198
640022
632918
631701
656791
665303
666391
643574
624597
620757
631958
638486
635126
638006
632726
629974
626229
649750
648278
625494
624949
622197
628150
640214
642966
641110
650615
627702
628277
647318
643606
624981
649398
627670
626549
631702
641750
627286
634006
622517
629781
644886
653399
631606
627381
627638
627766
632726
645462
631606
631990
627125
628085
645590
650166
620854
640822
621845
623637
625301
631926
629750
630742
631094
625398
627734
670231
657718
625749
633366
618965
623445
629525
628758
645078
628918
627254
628022
655447
651511
634038
624054
619317
619669
627862
629078
639638
628854
635574
628310
635990
651223
625205
623861
626294
641142
627413
625974
631926
632502
628533
636918
653495
645014
651542
619861
625205
626230
618357
619318
627926
625909
630965
638582
626133
628086
644086
618965
620662
621301
654583
624309
627894
625397
628854
629366
627446
632982
646358
643958
632278
639638
631157
631062
625622
625462
622997
644630
625813
627446
654967
643062
616502
623126
625558
620374
617461
623861
628150
641239
624085
621334
649558
653430
626069
625429
623957
629110
628886
634421
635446
632470
631958
634421
657143
659671
666295
624501
625525
625397
628694
632662
630581
628118
624949
629686
632950
650934
650294
622742
619317
617077
621877
637878
629334
626934
631222
628213
664247
639862
650871
645046
619061
624822
627701
619573
626550
626677
632278
630005
631446
630038
653623
647191
633238
624885
618390
617013
634550
629206
625046
643767
631574
629718
650294
669751
629334
622422
624534
628501
628693
631350
633013
639799
634038
630421
647894
660503
661335
628149
643094
641654
644599
629269
640886
641110
636502
633878
626389
626005
653558
652566
625493
630806
620853
627701
626549
623862
642582
628790
625845
632310
660311
649687
622261
628246
628150
629909
632885
640182
630261
627573
662327
630326
639734
649655
629046
623798
628533
625942
620373
629782
631414
631573
630838
635381
629205
652022
621333
627797
625333
623093
622069
621237
629365
651607
630965
626165
637046
657687
650230
624981
623382
618550
619286
634902
630549
637270
631605
636502
632950
659638
673591
626518
623830
621493
626390
634741
638102
636438
646102
640278
630902
659671
644790
627062
621525
627190
618613
637750
635574
645078
632502
632726
631094
634070
660791
624885
637974
625141
624278
631094
633589
647254
633110
630005
628054
635254
628214
651030
658935
620981
624054
622869
626102
629494
636822
628245
625685
627029
627701
655287
665335
634870
625685
622197
625046
630550
634038
642102
628213
627477
631254
633174
649271
626101
634070
629461
621301
621493
628821
635190
624053
624469
644566
632694
652087
641494
632630
620949
617333
617397
625525
632342
645239
632342
627926
632310
694776
657078
626902
636438
621270
620181
624021
633430
635221
635990
630837
631638
652503
650710
619349
633046
624662
620565
623957
627702
646519
626326
628086
635670
655991
657206
624085
625238
626197
621238
640246
639286
628917
626709
629206
632310
631669
661111
620917
622582
623541
624118
619349
633846
650455
630934
635638
634357
633974
673303
651926
621462
628502
639830
625142
623030
631318
631958
635285
633557
631061
631670
659191
666135
626838
632853
631446
623862
628822
626646
636790
634294
639254
631093
636342
658807
644790
620438
626742
625973
629845
627573
632214
628022
631094
629590
629749
648695
676664
618422
631030
621238
616086
636918
632854
636086
638294
653047
634838
658039
652310
636246
624725
626421
623925
649559
630006
627990
631894
634038
634710
631893
659767
660822
626325
630390
616917
620277
623062
633750
628661
633622
635318
627286
650423
643382
634390
618613
618037
622326
631734
641814
628405
629366
632182
630966
670263
663798
697112
629686
632950
623957
622325
633749
634646
640502
641623
632565
631381
628310
648150
655287
624214
643350
633750
626486
624438
630997
635990
634934
629942
633173
628918
652246
663831
617749
621622
625974
625078
637622
671895
638838
634518
646838
631158
632246
647319
644182
633782
622710
626806
625909
619734
626934
630965
633590
642582
631702
634390
658262
633782
625430
626453
628502
627477
637814
637398
645558
628214
634166
637046
645271
653238
625238
624854
623510
626901
633750
635542
629366
634357
637078
634614
647670
643958
627606
630229
632789
626517
634102
636918
646102
632310
634422
630102
643798
652823
628566
630549
629749
633974
623254
633942
629942
627989
632502
639574
648438
649495
618261
623925
626390
621590
635926
640726
638006
629110
628053
628758
651415
648790
650038
621365
620341
631638
621973
622230
627734
630902
629366
627126
627222
651702
647095
634166
622005
620726
621558
624726
640406
629494
629366
634550
630485
635606
650839
642262
625269
623797
627862
625622
625077
629141
629750
633941
638294
631478
649782
640950
617813
623542
630710
616981
628405
628469
626518
636726
631381
629622
648406
656599
623829
644886
625589
625846
632182
629718
634262
635062
633205
631701
646390
646166
621173
628502
629814
626134
632662
634166
634326
633686
639318
637174
664983
666806
649942
615829
625366
630646
639030
634454
625974
628694
643094
645462
637078
658806
641110
622037
634070
633494
631542
641078
658807
648086
638518
644886
635350
630070
655575
646167
624757
627477
626901
625781
632438
643703
637398
639798
632406
627350
638870
659798
636918
635318
626806
632278
633558
634390
639062
639318
631414
639382
635670
654007
621109
621269
619733
620949
626421
624789
626038
634997
639126
641430
640598
660023
653974
644310
635798
632758
631733
638230
642774
648887
636822
630774
632245
629973
652503
620629
620022
622293
629270
620565
639638
633717
634166
639222
633206
629334
650294
656631
626070
635349
626006
623317
630677
632150
624725
638710
632150
630070
638646
648438
626326
635894
621206
625301
631574
634518
638998
642998
629525
636278
681912
648694
637078
627605
632790
662487
654838
627030
636566
620758
626838
622133
631286
637654
640246
643734
637653
638134
656343
649239
620085
620309
618517
629781
630582
627542
621781
625046
626293
630582
651606
652183
640374
624757
624470
624886
638614
640982
631702
638518
641398
647670
632117
661174
653591
624950
623669
623606
614741
625654
626422
627766
640118
628374
634070
652247
641302
627861
643542
627158
616309
632118
627190
626966
624213
621973
634294
632982
641942
621205
624021
628502
625173
621589
629910
626805
627766
648214
629813
628470
652791
643222
626294
635030
624150
623221
630518
646198
630486
628694
629270
635029
648758
652246
629046
618934
618837
619413
629525
641814
634581
635158
635477
643670
687063
649366
658199
623286
629014
639574
624661
634806
640726
634582
638070
639478
629942
654231
656310
631926
624501
622134
641718
627382
631765
630550
628854
637366
630486
626869
651127
657846
617718
621398
625429
644790
635990
630581
632470
624790
632630
629174
654934
647735
622709
626133
628278
629910
631094
634837
629942
633718
625622
635894
651510
663127
622358
624246
628693
620758
619254
645622
630230
627190
625174
633462
638838
651126
650775
625750
628758
636790
622165
624757
627606
633942
625046
645718
633558
647383
642870
620470
630166
620437
627606
626838
628117
628278
629174
622613
629526
657655
647158
627062
632310
637782
622549
626293
647063
629974
630422
623061
623541
643158
649206
621717
631638
615765
630613
621974
631829
633686
628374
629749
627574
630934
654071
650742
627189
626389
622742
628438
654967
631862
624438
636886
639478
661078
630997
658135
663607
620981
625398
619413
625206
632789
626997
628437
629974
633238
633590
654711
641078
620470
624726
624021
622582
632534
628469
638966
631061
626774
628502
622902
647958
661783
631222
627318
618837
623093
635574
633718
629333
626966
631606
631254
664247
663703
620918
624950
619765
624118
633782
639702
638486
634614
632822
633270
653910
665431
618902
623414
621429
619637
628150
651319
630998
632662
632886
637590
663927
665655
632310
623286
626485
628246
638646
634230
630582
633782
640918
630550
641814
653527
650231
631286
622294
631029
630742
629238
644438
633078
637078
634582
638358
642262
679896
651319
633110
630549
626742
631253
638038
632789
623893
636054
631062
631766
647542
644502
618582
624597
629302
637878
632790
628661
626006
626677
627285
651830
647222
647926
622966
628950
662135
632502
627446
641078
642710
643958
639670
639990
637750
652407
667863
633174
631477
631318
625333
630294
626389
626805
625910
623573
632662
649110
658903
618773
623030
618997
628374
634582
636470
629941
631638
633686
632406
659191
652502
618710
624502
622453
623990
623509
629302
627381
630806
633750
633078
628693
651830
641526
623829
624950
620534
625750
622965
635158
631893
627670
636278
653846
645431
653654
622805
622806
620213
627062
633782
630806
630966
651862
633398
629845
637366
636630
618325
624565
626006
623510
629973
632885
634166
630230
632278
633270
635510
645782
641143
619221
626198
622453
624598
631958
632022
625494
627605
624982
625430
652023
641206
620662
621973
625973
624086
630678
632022
626006
625654
639638
622773
653143
615477
630166
632054
632246
626742
629782
626358
639222
633558
628918
631734
651607
638454
615958
619510
616021
626038
626453
629685
634582
649431
630326
624885
657943
618453
630453
625429
630390
624693
638486
647030
627990
634389
633942
629014
648950
660887
618805
625429
621078
624725
629942
628246
643158
630453
627350
633301
657782
644758
623190
630710
633526
626710
632790
631286
637462
645302
634390
633814
641014
654103
644630
624982
626261
617845
627382
629238
636406
632278
633270
634678
648279
648342
650262
621461
626646
624374
648246
634870
640566
643030
635413
638486
647990
645687
672695
651126
622389
632662
635606
644662
638454
634038
638966
638006
634518
633813
644311
659191
649398
645558
636757
624629
626102
640790
637238
638230
640502
639670
629429
649238
660950
619446
622550
623765
625269
630710
626198
637590
626070
627606
633558
659127
663383
635190
634006
631894
626901
638358
643350
642870
633878
633557
640598
652599
671767
625238
631702
631862
631061
636310
631990
638806
647126
645590
645078
645751
656982
630230
631125
630198
626294
633430
635957
632438
630614
650198
630933
625142
644310
649174
640022
625557
620149
624917
622805
639894
634006
631189
632598
628534
633430
650294
648822
622773
624213
623510
627989
632886
628438
630838
631254
638006
636502
654518
649398
635350
623894
623317
621077
623254
627798
641846
628822
626709
627925
659255
644182
620342
626453
624245
631062
639830
626614
629302
628470
636950
628885
646294
649142
628246
627253
642358
628437
624374
630774
628373
630102
642806
630549
626998
649942
663159
622486
623381
619542
618549
637430
626998
634070
632758
626838
629269
640982
638646
622454
623733
621206
617205
637110
643542
633526
632213
633910
627382
658198
659927
629974
624726
626997
625365
631829
636790
632822
635414
632886
641750
649911
669591
626998
624246
630006
623765
630358
633205
630197
629653
632182
631606
645814
651735
629686
622549
619381
616630
636214
633046
635574
635222
634582
635414
660791
644150
618453
624277
620085
626293
624469
629238
639318
629078
628438
629718
652919
660151
614709
622390
626645
632149
631510
645174
631094
630837
631062
644183
630166
650519
654998
621942
633654
624374
629045
630358
660086
637238
638646
631509
630646
642358
646166
627925
628694
625142
633238
629494
630934
632310
635158
643062
635830
648247
657494
623222
626646
624086
640567
634614
629558
630646
634710
628213
633590
647383
656663
628918
634198
637430
631542
631062
634582
635126
636662
628790
635958
632342
644311
655350
623829
631029
627862
626965
632566
632342
635638
631030
629814
636758
650518
648983
637814
619350
626709
623606
629974
630294
645079
629334
629942
627478
637174
650838
662135
624405
626166
631253
625621
629142
641398
625942
630038
639670
638390
649878
639670
613365
622581
621686
621333
632662
634581
633046
644726
626294
630454
625526
648054
619189
627670
626773
631222
628470
630453
634486
628278
633814
634774
633558
656151
665015
624981
624214
622421
632182
642902
626165
626869
629045
632214
634614
654775
668791
621174
623029
620437
618422
627158
634582
631349
636086
634550
638293
637174
646902
644118
628341
631094
626741
629110
624566
627478
623542
631670
647286
628789
670744
639830
635638
627894
637494
627093
612053
624374
629909
644183
625557
628854
639126
660439
662455
638134
622613
632597
635317
628470
634614
638102
636694
639958
633430
634006
649910
642518
623221
635478
626166
622005
626358
631221
632950
626486
629494
636470
653046
650390
625686
624790
634742
622229
634390
649270
631510
626870
635126
632405
629014
659478
624053
627766
625878
626613
628757
649046
629430
632054
631061
626070
628918
648630
624182
625301
644118
625525
659703
653142
636054
643414
628309
625718
629494
654550
643927
627669
636758
640246
643031
619798
627446
634965
631125
628694
631414
643478
660566
654103
634134
630710
621365
615925
623669
646486
628054
626069
623349
627926
643639
651414
630998
647447
620661
622614
621141
629525
628054
634838
629526
624822
655159
647126
622454
622518
625557
621429
629014
628886
630197
632502
632310
627285
631382
647190
642711
614645
622902
620054
624693
634486
633750
650902
630198
626486
631798
629910
652918
624821
622102
628566
619957
626421
637462
633398
638294
631478
658935
631862
661655
649942
631510
629333
635286
632950
640662
630166
626838
630070
649527
629238
628182
650806
649623
630198
635382
626997
622933
632918
629398
642838
635670
633813
633494
653622
662967
630453
626901
648022
624214
622261
633878
648854
630581
628213
630326
633302
651671
618805
621877
627445
618293
654039
629430
632374
631638
636182
636822
639894
653014
623862
643862
637942
626358
627638
631478
646326
631766
629589
626614
626133
624950
661846
641558
619702
624981
626006
638390
638070
629526
632886
633846
632693
637846
651415
654806
621814
626134
630422
623318
631094
629526
630549
630582
631349
638806
649430
656887
624054
628246
623029
634070
624629
625973
627350
629110
624181
626230
643926
650839
644406
636278
625334
622677
632502
649591
628502
637494
630166
628886
650550
649334
632758
623861
630966
634390
632885
628790
635926
625302
634294
632022
657750
646967
646326
632054
622294
618709
627157
618645
631062
625461
627510
640150
629430
673559
654775
618357
621654
622517
617301
630518
638262
634166
633046
630198
623350
650487
658198
621557
626326
628374
622005
621366
631190
640150
638262
648470
628533
624918
650390
651094
627254
625462
621077
632278
643766
633974
636886
638198
641078
632501
648886
639798
622454
626165
636726
630773
636406
643415
651702
633142
631318
628758
649590
649207
628213
628886
625878
632150
641911
645078
633430
631702
627862
624502
650455
646582
622550
630966
643798
621077
624661
626485
627061
631958
636054
632149
635829
649558
656022
616181
624726
624214
623829
633142
633013
641398
633046
625781
636182
666711
655447
639670
622069
623862
627573
627605
639702
630838
629077
634869
633814
653783
669559
618550
621174
625909
621557
632405
626421
628054
631029
631510
631318
644919
658103
617270
623029
627286
623701
638998
628981
630198
624693
635062
640822
627893
666135
653239
622742
622069
628950
614453
622358
628918
645462
629686
631094
657239
632214
658167
649590
613077
630742
620405
621782
627317
630198
649751
629686
631350
638230
668471
669847
621653
625590
629685
628342
635382
631381
627638
628118
628565
644598
645590
652534
615126
622261
622678
625653
647286
623861
623478
629557
625046
627221
651990
657111
633302
652055
624598
650391
625366
627734
631797
626677
624470
629589
649462
653014
623061
634422
618773
617589
623317
645270
631222
628406
636726
643254
637270
675031
623061
626006
629846
626774
618934
626741
632118
630966
654999
628982
638358
659479
674808
624245
636598
628822
627478
631894
639382
637878
641463
637206
640598
641270
655383
664119
623798
626838
627094
626486
645398
633814
629525
629558
631638
629910
666839
657558
627350
624502
622774
628853
639638
629365
628950
627126
625941
631094
667511
647094
621813
629302
624053
627894
647318
632790
627894
630710
629813
626166
635094
660695
616502
628181
642454
627862
621526
633014
629781
627926
628726
625429
647863
656535
659479
615958
624438
623445
627989
629302
624885
623862
625238
622870
624406
661398
652854
618517
620598
625014
618613
625014
627286
627957
635734
628213
630038
632693
654039
647062
623221
624470
626294
632310
628886
627126
622838
628598
628277
630070
653910
655702
622358
628470
638422
619445
629942
628117
634901
631510
629717
633814
632278
671351
658487
624693
619317
628693
619221
623062
623765
630453
627094
647446
631350
625269
650806
618326
634837
621750
625302
625334
629301
626262
624789
643159
626325
628118
653974
660823
614869
626166
626614
625621
630390
633078
637942
632182
633462
629622
656694
656214
626486
622261
621461
624694
626806
628405
624566
624629
625974
635510
647734
638582
613013
618613
626581
622005
627798
625430
634742
624725
630582
630646
647639
652214
620981
629622
628950
631094
630197
623989
627350
625685
631382
633558
648279
662519
621077
644471
626070
622037
620629
624214
626805
640502
628598
627766
638646
655767
662359
625238
629494
623574
626549
631894
635158
632470
644438
630998
635702
635861
665975
653526
624245
626998
622677
625045
630261
632917
634646
633878
635926
637910
668951
664087
626357
632918
625718
623029
623893
651158
632598
635830
634646
638582
636246
663127
658871
629206
627766
633717
627157
629622
642486
633397
632918
630518
626998
626773
658679
644982
621589
625526
623637
627606
627445
629013
635798
630454
631446
629077
655127
658263
622037
621301
623125
631957
628949
629653
625334
635382
634806
638326
641014
666039
667223
630934
626773
636726
633046
636854
626581
631414
636886
638646
641974
658167
654167
628118
631285
632054
628949
631766
629142
633653
635350
636150
631222
635286
652822
655831
632117
621302
621397
622389
625205
624022
631413
634517
626933
626837
631798
677911
644118
622070
626518
625142
626230
627126
641142
628757
629717
627798
634550
668247
680344
628598
622454
621398
623350
636534
635958
630966
634422
632501
627446
626134
650806
655446
634966
632278
632118
630581
630294
642006
638998
637590
638422
647095
634198
650551
647159
641078
624534
630582
624853
640182
635158
635798
638550
639414
642806
655895
656727
620182
629813
634390
636470
635797
625174
629526
635414
639126
636790
660439
649046
624245
622837
627030
642742
627669
626518
631669
632086
632598
632822
641686
651095
650326
628150
631669
616341
614517
623189
626230
656343
632086
629302
629878
664054
663702
634102
629685
629910
624373
621461
