118116
35233
31521
28001
28033
28289
27169
26721
26945
26849
27521
27105
26209
26049
1446354
31969
26945
26817
26369
25697
25153
25953
26305
26497
25729
24736
25505
26017
25377
25985
26081
29313
24801
27393
24641
24353
25921
25664
28161
23905
25985
26113
26017
26368
24641
25601
24897
25665
421678
25793
26049
24960
27105
24737
24000
24353
26913
26465
23393
23393
23585
26689
24097
24673
32897
26817
50114
35329
30401
29793
26881
27841
26081
25569
26432
25505
25505
24769
26049
23681
25185
25793
31233
23297
23585
24289
26113
25729
25536
24865
23841
25088
24353
24256
23681
23424
23457
24737
23457
26017
31329
24385
25953
25280
25889
25024
24193
25601
25473
26081
25152
25121
25121
25857
24417
23937
24097
26625
26241
24001
23617
25217
25377
25697
25857
25217
26273
24352
25601
24673
23425
29857
25473
26017
25313
25825
28737
24641
23777
24385
24161
23456
24225
25216
26017
23681
24001
25600
24097
23777
24192
25825
25793
24033
24289
24161
26241
26881
28769
25153
25281
25729
25921
25345
24513
24833
25217
27169
24225
51362
26209
25825
27393
25441
27745
23681
24833
23681
24225
24449
24481
31489
24065
23489
24160
24033
24417
26305
24673
24929
25185
25217
26689
24544
26145
23393
24801
28641
24833
25825
27009
24161
26080
27809
26273
26465
26817
25632
26529
27649
26017
26593
26305
24385
26145
24033
24225
26625
26497
27009
24705
73635
26049
26337
24289
26081
25313
25889
28545
25281
274474
30209
27009
24161
26081
24417
25216
31585
23488
26113
23169
26273
25025
25473
25281
26880
31553
23713
24065
24545
27073
24321
27553
23969
25153
31233
23809
26465
31201
23777
23969
26113
25985
24768
24065
24513
24033
24897
25440
25313
24288
27201
31905
24064
23905
24673
24224
26433
26689
24416
25697
27841
24161
24513
26145
23873
26081
24192
23937
24513
25249
24321
22753
23873
25089
25441
23873
25857
25761
26017
28225
28385
25025
24768
25409
24160
24225
26337
26401
25601
24673
23841
24513
24929
23873
26401
27777
23904
23937
24129
25120
28577
23521
24257
24833
25953
26240
27617
23873
25953
24353
24513
23937
23265
27649
23681
26401
23905
27585
29793
24545
24704
28449
25121
24833
23937
25697
24064
27361
25473
27617
24865
25537
28609
24961
25185
25953
22944
25601
25793
25697
28097
27201
23969
24065
23873
24033
23681
25088
24289
23585
25313
23745
24897
24320
23937
24993
23265
24129
28289
23008
24033
23969
26401
25921
28385
24801
26209
24032
25569
23617
24961
23489
25345
24641
24289
26689
28257
25664
25249
24129
25409
24609
23456
25633
23393
25569
27681
23552
23841
25665
23489
25281
23809
27489
26113
24033
23169
23905
22784
23713
25505
23233
25505
24193
24225
23105
27777
23521
24865
24705
24193
25409
27905
27841
23649
23585
23904
25633
27489
23841
25792
25985
24225
24993
24993
24353
23840
25377
24065
27777
25696
25569
25441
23585
27681
25377
25249
24289
25953
27873
26081
25409
25505
24257
25921
24033
23393
27392
26145
23393
26593
30913
23681
24193
25217
23200
24641
24032
25729
27841
23233
27936
23649
25889
24064
26401
23680
26209
24609
25344
23201
26209
25409
26561
26017
25473
24737
26177
26305
26081
25729
24289
24256
24448
25473
24608
25697
23617
26080
24129
24352
24577
26241
25601
24448
25537
24097
25601
23553
25569
24097
26336
24321
25665
27521
24865
23585
23649
25921
24705
26177
24897
24513
23712
24065
26017
24737
25953
31842
25921
24673
24384
23137
25633
23841
25665
25665
26336
24129
25217
23841
28065
23393
26273
25633
24449
23649
26401
24481
24673
24801
24288
24225
24192
23777
25377
27425
25729
26433
23744
24513
24033
24000
23649
29249
24129
26497
23585
25345
23809
23776
24801
25761
23713
24353
23777
23393
24896
23233
25377
25025
25281
26785
24897
25153
24448
24609
24161
27713
27425
26177
25537
23905
25889
26241
25409
24257
24417
24225
23937
26145
23969
25569
25153
25153
24608
25345
25985
24801
27041
26945
24929
23777
24289
23393
25025
23776
32481
24225
24385
23488
25185
25537
24897
23201
24257
24128
23905
26208
25761
25248
25857
28481
25985
26273
23873
27489
24929
28385
25633
23969
26081
23841
25121
24065
23649
24096
22753
24161
23904
23713
23777
23360
40769
25569
24353
24449
25985
24160
27809
23520
24161
24353
24865
24576
25985
23169
25473
24161
25601
24513
26176
23840
23521
23073
24033
23137
24289
24641
24224
24321
25345
25985
23457
24961
25665
25377
24929
24832
25953
28449
28225
26273
25633
26048
25249
24225
28545
24513
24864
28129
24161
24321
26177
24577
23873
23905
45953
27969
24193
26561
26017
25152
25569
24289
24673
23649
23520
23681
23041
23809
23745
24001
23649
24513
25441
28193
24512
28225
25153
25281
23809
24417
24033
23968
25505
24129
23009
24321
25665
24929
24673
24449
23425
25089
23841
24321
23841
26017
23521
23713
23489
24321
23777
23329
24961
23873
25377
24833
24193
23489
25985
25057
24193
24224
23969
26048
24641
23361
23777
23841
23969
24481
23809
24513
23489
23904
24033
24576
28033
25985
23521
24224
25281
24577
23841
24161
23072
25761
24161
25729
25537
26209
24033
24577
23712
23904
26336
25473
24544
25089
24512
25921
24417
24160
23713
24640
24865
24609
25601
25536
25505
24577
23585
23296
25057
26369
25793
25985
24097
23392
26081
24225
26560
24929
26241
27648
23873
24481
24193
23681
24577
25345
24609
24161
28289
25761
25153
24097
25601
24513
27393
23841
24065
26305
29025
28673
24352
24225
25473
26337
27681
25121
23521
23393
23552
24705
27169
24993
24320
24449
27297
26081
26977
24609
27905
24865
24097
26081
27553
25889
24192
24673
24353
24641
23648
23584
23713
24993
25665
25633
23713
24513
23169
25473
24705
46305
26433
25217
25440
24769
25121
27201
23681
26337
25857
25985
25281
26177
24129
23457
24577
23649
25632
47266
28320
25601
24513
24064
23745
24128
23425
25601
24385
24448
23201
23361
26177
24641
28737
24737
25889
28609
23552
24705
24577
24417
25088
24033
24128
24896
24193
23841
25921
28161
24449
24129
24449
26273
24929
26209
25761
25281
25792
24673
25696
24545
23233
25665
24032
26529
26433
24609
23713
24577
24320
25633
24353
26625
25792
24289
25985
23680
25057
26113
23937
25184
23201
25600
24481
25441
25761
23905
23681
26113
25632
40673
26561
25313
26305
24961
24001
24481
24353
23776
23201
23681
24353
25729
24288
26305
23617
24512
24545
27169
26081
24512
24097
24800
24065
24577
24737
26529
24448
24065
25025
24001
26081
23937
24705
23425
23616
24033
25985
26561
24225
23841
25089
25025
27713
23777
23489
25056
25249
24353
24608
25761
23137
22913
24321
23552
25505
24897
23585
23585
23585
23905
25345
24961
24481
23936
24417
23905
23905
23617
23553
23969
24673
27489
24545
23553
25505
24993
25217
24481
24001
24161
23777
27745
23905
23585
23168
24161
24737
23297
25248
27808
23873
27425
25793
25216
23809
23488
24865
23713
23937
23840
24865
23745
23809
24192
24033
24609
24385
27969
24097
23712
23361
24033
24065
24417
24065
24449
23936
23841
24929
24288
24097
23521
24257
24385
24449
26241
24961
23521
23360
24065
25888
24448
24737
25152
23745
26305
23777
25313
25120
24224
23905
24801
41282
27169
24481
25921
23520
23809
24033
23680
23425
25953
24065
26177
25280
23201
24256
25601
23617
26497
25248
24225
23937
25665
23777
24065
24288
26625
24257
24481
25473
24032
23681
23457
24833
25057
24225
25921
24737
25249
25153
25921
26017
25185
23681
23617
22817
25953
25697
24129
27041
26625
25985
27201
24961
32449
24321
25153
26369
25441
25537
26561
25889
24545
25825
24288
25761
23969
24449
25889
25761
27681
28417
27969
23329
23585
23905
25441
23841
25185
26081
24001
24033
26113
23681
26337
26337
25921
25888
23073
31905
26017
23904
24097
27713
24257
23905
23841
24673
23393
26273
26145
25153
23521
26497
24897
26081
25569
28193
25249
23169
25569
25473
23745
24704
22785
23777
23424
23361
25281
26081
25057
25185
25249
24161
50753
25665
26433
24929
24417
26081
24065
23904
25825
25601
25665
24417
25856
25601
24833
25665
24769
28161
25313
26465
26049
24065
28033
27809
25057
28609
27105
26369
25025
25889
24577
24736
25537
25697
24193
23745
26209
27008
24001
23969
25665
25857
26240
25889
26273
24705
25569
26433
27969
24609
25601
25793
25153
46562
24609
25761
25249
27937
28257
23745
23201
25217
22497
24513
25408
24641
25729
24417
25857
28065
23649
26721
24289
24097
26273
24033
23905
23073
23841
25504
23969
25249
24128
23361
25793
28097
25505
24513
23457
25856
24641
26081
25313
27073
24801
25249
26017
25473
25889
25281
24129
23777
25600
27681
25953
25665
25185
26721
28353
26529
25313
25697
25025
25345
27457
26144
26177
24257
23521
24928
22785
23809
23265
23393
23457
24705
25505
24129
24384
25441
23937
24833
24865
23745
27649
23585
25089
26849
25761
25088
24289
24481
43842
24929
24289
24449
25249
24833
25249
26465
25825
24321
25025
24257
29153
26017
25761
25985
25665
26273
26049
23809
25729
25569
25665
25505
25761
25889
27585
25825
26017
26177
24097
25088
28353
27841
24193
31810
25761
23617
26081
26881
26113
27681
28225
25185
26817
24001
26049
28161
26849
25697
25345
24673
26369
26497
27073
26017
23521
26017
22977
24321
25313
24353
25409
24064
25633
24705
25985
25697
27713
26304
24705
24801
24864
25057
28193
27073
31457
27777
26625
24257
24481
24288
23489
25633
27713
27681
24032
26145
24609
24001
25889
25185
25600
24257
24385
23552
23777
26369
22945
24737
23841
26209
24033
25376
27585
23873
24417
27361
23393
26401
25377
25601
24385
24225
25537
23520
24193
25985
25025
24225
24257
23681
26081
25857
25249
26177
25921
25953
23264
25249
24449
25313
25281
25953
23809
23553
26113
25792
24961
24065
27201
24737
23873
23937
23553
24577
25504
28577
27521
25217
23777
24737
26977
25473
23777
24577
26273
29569
24193
26017
25921
25569
23585
24769
23745
25889
26049
24097
23649
26273
28289
27937
25665
24961
23137
25888
23681
23328
24737
25569
24481
24097
25761
23360
25761
28673
23873
25697
23937
26753
24385
27009
25889
24801
25761
28225
23520
25281
26177
22784
31457
25857
31745
24417
24000
26049
24097
26337
26017
24641
24609
24321
27457
26561
25857
25441
25281
25473
26145
25025
27361
23585
24544
24225
23776
24897
25761
23873
25889
27873
23873
23777
25089
25089
25024
26657
26113
23841
31233
26273
26048
23937
25793
24225
25889
28161
25345
23424
25505
25985
24384
26593
24769
24897
26080
25825
24001
25121
25633
24353
28225
24865
24064
25793
25633
23777
24353
26209
24161
23905
23745
24961
23744
24577
24257
27585
25601
25697
26913
92740
33057
35905
29249
26145
27009
27233
28929
24833
25185
26337
24897
25345
25441
26657
27777
35041
25249
24641
24320
24481
24161
24097
24609
24288
24833
24737
25025
25793
24801
24672
25441
24449
25729
30081
27041
25601
23808
24257
25377
25281
25377
24545
24321
25601
24705
25569
24193
24480
24865
24097
26113
23841
23904
23489
24257
24641
25953
24481
24257
24417
24001
24769
25313
24224
26049
24673
26817
24577
28161
24257
26369
25984
24609
26369
25248
24321
25825
28001
26753
24257
25056
24449
24608
24609
24641
24897
24449
24929
25345
23905
26529
24033
24705
24545
26593
24833
25345
23969
24352
25793
27617
25249
24897
24481
25569
24705
24961
26561
24417
23329
24960
24097
24065
25408
25985
24097
23969
23489
23809
23777
25729
26593
26465
26657
24353
24449
24512
23713
24737
23681
24705
24448
24033
24033
23233
24673
24385
25729
23969
44866
24385
24865
24161
24129
24353
25409
24161
24065
23809
24385
24065
25281
24321
24865
25025
24577
25505
25153
24737
24513
24897
25953
24353
24352
24257
24449
23681
28705
24480
25920
25921
24609
24960
24417
24065
26817
24897
23681
24161
23969
26561
23585
23713
25825
24481
24097
24385
24193
24353
24929
24129
25728
52290
26561
24801
24737
24033
25601
24129
24769
23713
25313
24192
24385
26049
24000
24545
23841
23777
23553
32353
23969
24481
26209
24705
25185
24545
24609
24449
24545
23905
29793
24257
24385
25857
24385
24705
24257
24929
26625
24320
24449
23841
23681
26369
24321
26401
24640
24161
24609
27040
24129
26145
24417
24641
26945
25185
24064
23585
24865
24641
24737
24097
24545
24769
24897
24640
24257
24769
28385
24353
24865
24897
32449
24737
24352
25377
24641
24833
24128
24705
24129
23937
25057
28161
25729
24032
26241
26497
24321
26465
26560
28129
28929
24609
26720
25985
27361
25793
24641
24353
26177
25889
26048
25728
24993
26625
25089
32673
24481
26753
26497
24801
23841
24193
24801
24256
27617
23905
24129
23648
25025
25921
23873
25761
25728
28545
24545
26337
26624
24033
23969
25121
24736
25185
24833
24321
26913
24609
24321
23745
26145
24097
23777
26497
24449
23776
25921
24737
25761
24065
26529
25057
24193
25313
25601
25025
23905
23808
24737
24897
47682
24192
24929
24257
26433
24737
24352
54370
24321
24513
24289
23233
24993
24097
25313
24737
27009
24352
32065
23873
24864
25121
24609
29185
24417
24096
22849
26145
23872
23777
26081
26080
24865
24993
26689
25985
25185
25313
24225
24961
24513
26433
24737
24001
26337
25089
24320
25697
24449
24512
24289
25665
26465
24353
24321
28289
23905
24129
24641
23649
23873
26369
23617
24161
25697
24289
24449
24769
24032
24289
25120
26081
25313
23617
24225
24065
24161
24352
24097
25633
28513
24448
24449
23553
28289
26304
24033
25473
26945
24609
24065
23745
23969
24129
24033
23265
24033
28801
24865
24481
26273
23713
23841
25313
24641
28033
23873
24961
24288
24065
24225
23745
24257
24705
24673
24545
24449
24737
24737
24161
24929
24321
55650
25089
24833
25313
25408
24065
26081
25088
24865
23937
25025
24225
26529
24225
24481
26177
24225
24320
26465
24513
26273
24097
24609
24257
24608
24001
27713
23649
23969
26017
27360
25409
23937
24544
25153
24865
24577
24833
24193
24737
24737
24225
24320
25761
24513
24225
29089
24769
25217
25953
26369
26465
26593
30081
25921
26689
26113
25153
25248
24353
26369
27841
25889
28001
27105
25377
24193
24065
24417
24833
40802
24993
24193
24385
24193
24353
26241
24289
24609
25184
25537
26017
24608
24865
24449
23360
25665
27745
26273
24641
24513
26209
24769
23937
26049
24480
25889
25665
24097
23777
25408
23809
24033
25729
23649
25761
25473
26145
28385
23904
24481
26273
24705
26273
25953
24065
25921
24929
24001
25664
24129
25537
24129
26273
24065
25377
25761
25249
24193
27969
25633
23905
24384
25633
25089
24960
24225
26881
24225
24576
23873
26112
27809
25025
24065
24481
24960
25057
27745
25633
26145
25857
23937
27105
24833
25089
28640
24641
30337
24128
26465
24769
26081
25729
26209
26497
25857
24481
25985
25697
25089
25985
24257
24352
25569
24001
26369
24769
24576
25985
27649
60386
27713
24161
24801
24833
23744
25441
25665
23841
24288
28193
24481
27072
26497
25825
25729
24961
25281
24577
23745
24289
24832
24417
25633
25601
25760
25089
25985
24545
23873
31841
23360
24129
24705
25697
26049
25953
24672
26497
24545
27296
24289
24673
24929
25440
25121
24064
24769
26272
24321
24672
26497
25857
26369
25857
25953
24833
25153
28289
24192
26081
23937
24321
32417
23297
39106
24769
24897
25472
25857
26081
24417
25697
25729
24065
26145
26241
24257
26017
24225
23585
24256
25889
40577
25473
24577
26433
31521
23296
24417
26561
25057
24801
24961
32385
24416
26113
23649
26273
24833
27105
23873
26432
26177
25921
24513
24545
25121
25313
26625
24609
25505
25312
24545
23809
24193
23905
24289
26561
27265
25697
25185
25056
25729
28321
26049
27937
26145
24256
27297
26977
24064
25505
24737
25665
25825
26113
24929
25440
24865
26497
25024
25985
24801
25312
25121
24513
24257
24480
25857
24385
27969
24129
44481
28801
26529
25601
26145
23713
24672
25697
23809
25377
24225
23936
25345
24928
25825
26209
23521
25088
44610
26273
24385
26369
26241
25280
24673
24929
25633
28097
24929
26529
24609
24353
24129
23937
24225
24417
25953
25600
23905
25633
24960
25601
26625
24000
25569
24705
26689
26913
25377
25792
24353
24353
25313
23809
25697
24161
25377
24193
24129
24289
24385
25921
24289
24353
26593
26241
24609
27521
25024
24673
26049
48194
27937
24865
26529
28161
24032
25473
25761
23617
25633
24672
24609
24481
24705
24001
26593
26241
26145
30177
24801
26720
25697
23169
25729
27713
26209
25857
25793
25537
25601
24672
24449
24896
24097
23808
25153
28193
26977
25473
25761
26209
24609
26209
25568
24065
25632
26049
25697
24545
25504
25441
25376
23905
23520
26529
24001
23489
24096
25057
24513
24673
24545
24832
24609
24801
24705
26689
24993
24417
23969
26305
24033
23808
26241
24129
25729
23329
25057
25729
25760
28193
24481
24961
25921
27905
24545
23680
24385
24481
25505
26241
24481
25025
23776
23777
24449
24449
25025
25921
24225
24993
24065
24737
25921
26528
23968
24833
28064
24449
25281
25665
24225
24065
24865
23905
24289
24800
23905
23777
23617
24065
24385
24897
25665
26337
26656
27841
25761
25921
26305
24609
25089
25313
24001
23937
24065
25121
24897
24641
25601
24481
24225
25665
24545
24737
24416
25121
26273
29121
26177
24385
23809
24577
26945
25025
23808
24865
24257
26625
24096
26497
25729
27873
24832
24001
23105
25857
24449
24224
26433
26369
25697
24256
24097
24001
26209
24929
26721
24320
24577
24225
24513
28257
26689
25729
24065
23969
25665
25089
25761
25857
24353
26689
28449
24928
25153
28065
24065
26113
28321
26913
26305
25857
29953
27873
25345
24929
26401
24032
23873
24449
25633
26848
28353
25025
24801
28129
24225
24065
24769
24096
23937
24864
25697
25249
23713
27905
24321
24609
25665
26337
24321
25376
23329
25729
25857
24769
25569
24641
25601
24257
26145
23521
25792
27489
25505
23584
29377
24800
25953
27809
27809
23617
24097
25665
23648
25697
25600
26433
24065
24864
23873
25153
27104
24929
26113
23745
23105
23456
23297
26625
24161
23552
22945
23457
25217
25537
27777
27393
25793
28192
23841
23713
28481
26049
25153
24769
23361
23585
23905
23393
24257
22752
24609
23809
23937
23393
24289
24257
23649
23681
27649
26561
25025
23809
23712
23905
24513
24609
24033
25089
23169
24641
23969
23809
23841
25761
25793
26177
26305
25953
25825
26401
24129
24832
25889
28225
26721
26016
27745
24288
23617
26017
23872
25729
25249
26689
23969
24353
24097
23424
25889
24449
27521
23265
27617
24129
24705
26081
23873
23649
23745
25921
24768
26145
23808
27585
23584
25505
23521
23969
24065
23105
23808
23841
24481
23905
23841
25953
24385
23201
23777
25697
24385
25185
24769
24545
23009
23265
23457
24256
24065
26113
28193
24161
23329
24097
26081
26049
26369
24225
24001
22913
23808
24097
23296
24865
25217
24224
23905
23264
23713
23969
24865
24321
23585
25761
25249
24064
28033
23809
26177
24705
25089
24033
28065
23872
24129
24609
23584
25025
24096
24737
23328
23809
24609
24417
24961
25569
23393
23649
23808
23361
24321
24225
25472
25217
23553
23873
25985
24993
24513
24129
22944
26145
24193
23617
24161
54978
24768
25089
25217
24769
26849
51298
27009
25153
29089
24417
23681
28897
23585
24417
24929
24480
24193
24065
24928
28033
23681
24929
24385
24224
23521
24065
24513
24001
25185
27585
24417
23937
25761
23009
24865
25185
23809
24993
24161
24353
23969
23489
25185
23745
24481
23777
24097
28449
23937
24000
23585
24352
25601
25185
24161
26369
24321
26145
25537
23616
23905
24097
25536
23201
24417
29569
24865
24225
23553
24801
24097
23873
24065
25793
24481
23873
24352
24481
23904
23585
23649
23489
23713
32193
24993
23649
23937
23649
23872
23553
24864
23649
23488
23073
24032
23777
24961
23424
24129
27745
23456
24609
24544
24128
25473
25504
23809
24000
25473
24000
24641
24065
23617
23873
23297
24577
23969
24353
25857
28545
23808
24321
25409
24577
24064
24385
23937
24033
25217
24481
26209
23776
24641
23937
24513
25313
24065
24673
24193
23553
23585
24033
24672
25601
24544
23809
23777
23776
24353
24449
23553
24129
24897
24160
25761
29473
24033
25793
23745
24129
24033
25377
24289
24225
24353
24481
24097
24064
23489
23808
23809
25152
22945
29633
23841
23585
25569
22753
24929
23777
24801
24193
24129
23649
24225
23777
24224
25057
23616
24001
24257
40770
24160
25153
28417
23585
26049
24064
23777
23425
24001
24129
23616
24769
23585
24065
23617
23777
23329
24353
26017
24641
24000
24288
24321
23616
23969
24033
25729
23969
25057
24257
24097
24033
24545
25121
24385
28545
24577
24001
24032
26081
24833
24449
23969
23521
24064
24033
24481
24929
23360
25889
25600
24513
25281
31457
24289
24096
23649
22976
25601
23808
23489
24961
23969
25825
25729
23584
23617
24096
24513
25473
25953
42114
23873
23777
24161
25665
24352
23361
23201
23841
25409
24129
24001
24161
23969
23937
24097
23681
23873
23361
26273
23841
25857
24801
23905
37538
26721
24577
24449
23553
23361
23745
23969
24417
24577
23873
24385
24225
23425
23681
24608
24449
24865
25217
23681
22657
23712
24897
24224
24449
24161
23553
24416
24129
60674
27137
25441
25857
25280
29857
26561
25889
25217
25569
24225
24289
23744
23393
23457
23969
23649
23841
23904
24353
27617
26336
25505
24512
24161
23393
23681
24385
22849
23777
25473
24577
24577
24929
24449
24673
24673
24129
25921
23553
24225
28193
23776
23841
25153
24928
25729
25888
26369
24353
23840
23809
25665
24192
24257
23712
24897
24224
25761
31361
24449
23841
24513
24736
24992
24769
24289
26081
23585
24129
24032
25185
23521
24288
24289
23745
24289
26017
25792
23649
24193
24065
25120
24993
26241
23905
26369
25248
23617
24225
24320
26305
24289
24865
24161
24065
23265
23393
23553
25217
25377
22721
24449
23745
25537
24609
24129
24513
24609
27968
24929
29633
24193
25793
24097
23744
24225
25313
23713
25665
23585
24705
25377
23297
24449
23617
24065
24449
24769
24769
23584
28897
23809
25281
24833
24129
23873
23585
23457
23489
23489
23425
25377
23841
24065
23488
24193
23585
23649
37474
27873
24833
23745
23968
23393
26112
24353
24545
24577
24641
24033
25248
25473
25121
27649
24097
24897
25537
28481
24289
24065
24321
24064
24193
24544
25377
25377
26081
23521
24385
28321
24833
24993
24224
24993
24001
27713
23489
24321
27265
23329
27393
23777
28353
24513
27489
28193
25761
26689
26241
27649
25377
24417
26817
27937
23680
25985
28289
24449
24513
26433
26401
24705
25793
23329
25793
23712
24673
23873
28001
23873
25665
27841
23489
25345
25025
24705
25665
24449
24289
23841
23873
27937
24353
24065
25345
24064
24193
24545
27649
23488
26433
24065
25313
23296
23553
24449
24801
24897
23777
25185
25025
23585
23425
25281
25632
23969
27297
27393
24417
25729
25281
28193
24641
24481
23841
26209
25281
28193
23745
24513
25537
23904
24161
25345
31585
24769
24257
24897
25313
26081
27905
25953
23873
25601
24417
24544
25601
24321
24513
24193
24065
23712
26465
23617
26113
24641
23233
23393
23649
25249
24288
23873
24544
23873
25377
24097
26272
25025
24992
25729
25025
25889
23265
24225
25633
25505
24960
23937
23680
24961
24353
23969
26241
27777
25985
23137
25601
23873
27745
24641
26145
25665
23105
23265
26273
25857
27553
23553
25409
24097
23041
25921
23392
24161
25217
24129
31105
24897
25185
23777
25376
28001
24897
25441
24353
25856
25217
25665
23745
24673
25409
25184
24225
24161
25889
26497
24545
23872
24929
25697
26049
27681
24513
24608
25089
24833
25537
25313
23936
26113
23713
24033
24481
26465
25153
23969
24161
27553
23681
24385
24320
25025
25313
25409
25665
25952
26177
24192
26113
25889
26305
26113
26081
26081
26721
25249
23713
25409
25441
25985
24033
25473
25761
25569
25920
24321
26081
26017
25505
26145
26112
26369
24257
25985
27905
23713
26017
31489
24609
26177
26369
24353
24129
25921
26273
25825
28673
27777
24161
23585
23905
25985
25953
26337
25376
26625
24897
25313
26209
27905
25345
25729
28001
24929
25729
26369
25441
25345
27905
24449
25824
24065
26049
24096
25953
26369
26401
28417
26017
25057
28353
25089
31969
24673
24801
24097
24769
25889
24449
27233
26753
27617
25856
27489
24993
24481
25665
26433
25024
24897
28673
29857
26401
25633
25824
25185
25889
25665
28097
24961
25537
27969
24417
23905
24321
25473
25600
27233
24224
28129
24417
25665
25824
27777
26017
25857
27297
25985
27873
23617
27361
23489
25313
24001
24801
27585
25057
25377
23329
23873
26145
26689
23329
26017
24609
25441
24289
26433
25985
24609
26081
23361
25217
28193
23969
25473
25985
25601
24833
24289
26593
26113
26560
25601
23585
25537
25025
25377
23553
25921
24705
28001
25153
25697
28065
23649
25921
24257
25537
24961
25153
25121
24608
26273
23617
26241
24801
26145
44802
24544
26689
23585
27425
24705
23968
25249
25505
27553
23937
25441
31137
24033
25441
24577
25568
25249
26337
24417
25536
25857
26529
23649
25057
25057
28129
24897
25889
27969
27841
23232
25505
24097
24225
24289
28801
24833
23873
26369
23681
26401
24225
25569
24736
24193
31073
23137
24897
25217
24513
24512
24033
25024
28193
24097
23969
23329
24353
25889
24897
24609
23681
25537
27297
24385
24769
24289
25953
24096
25921
25153
25825
23649
25281
25952
24577
24289
25537
24961
22945
25473
24577
25345
27969
24353
23809
24480
27777
23841
28001
23809
25537
25408
26113
24096
23457
25537
27585
24289
24385
23489
26081
24833
24033
25601
27585
24065
40865
27745
24577
24321
25857
24193
26081
27681
24832
24065
25185
23617
24577
24577
24993
25601
24545
24961
27681
24737
23872
22977
23009
25697
24417
24225
24449
23937
25121
25281
24832
23713
24129
24545
23777
23777
25472
107812
60418
54210
54530
52802
51970
52513
32609
25729
28673
24897
25281
32129
24416
26049
31745
23777
24129
25665
31041
23648
22881
25793
25441
24609
24353
25441
26689
25632
24960
24321
31137
24225
26689
23969
25345
31457
25440
26849
24577
24897
25985
26433
25729
24320
24641
25057
28385
24256
25825
25217
23425
24736
35137
25153
28769
25728
25377
25089
25920
26497
24705
26241
25089
25185
23457
27809
25569
27329
24705
26081
25665
24416
26497
26272
25953
25472
24641
24992
24225
25696
25441
27904
23809
23777
23937
23649
24993
26305
25665
25473
43074
26176
24065
23233
25728
24705
26305
27649
24193
24225
23073
28417
23041
25793
27841
24097
25441
26081
28897
24033
25792
27105
24128
26881
24065
24289
25568
23841
24193
25249
25089
23777
24161
25217
25024
25153
31873
24833
27585
24576
26657
25281
23841
25088
25153
25601
24001
24384
23777
28129
23745
23873
27424
23296
26017
28257
23489
23937
23297
28065
23841
23873
25409
24001
25761
22881
26113
23937
24865
23233
24289
25281
26241
23361
27777
23297
25857
23873
23233
23393
24449
23137
23489
23296
23329
23681
25664
23553
23745
25857
24513
27681
24193
25249
25985
25537
24161
23713
23521
23841
23201
22977
22528
23777
24096
24385
23361
29313
24513
23713
28065
23425
25249
24417
23617
24320
25761
23681
23777
25376
25377
24321
26337
24608
23904
25825
25633
24353
24416
25665
24001
24385
24513
24737
24513
24257
25313
23457
23425
24513
25440
24353
43138
24609
25665
24257
24033
23297
26145
24545
27105
23841
23585
24161
24129
23808
23297
25025
23617
25537
46914
25601
24737
24129
24673
23393
26689
23713
23969
26177
24225
24321
23552
24641
24097
25921
24000
23649
25249
24033
23617
24545
23809
23617
24033
24545
23713
24481
24033
23745
24001
24225
24513
24385
23841
23233
25600
24160
24673
24097
23393
24065
24545
25857
24864
23169
23616
24033
23713
24449
24289
25793
23841
24129
27713
23617
23904
24193
23809
25857
25217
24065
23905
28353
24865
25441
24737
23649
25184
25505
24129
29697
23745
25633
23201
27553
24033
25248
24449
25281
24417
24897
22945
23905
24833
24609
24129
24481
23617
31553
24289
25472
22689
24065
25281
25089
25408
23873
24289
23937
25441
25312
25601
24321
22400
25569
25313
25601
23937
25345
23969
25249
24321
23233
24033
25185
24609
23905
23744
25793
24801
25953
23489
23648
25633
28033
24001
23073
23488
23808
24545
24065
23809
24769
24769
23841
24096
24481
23808
26305
25377
23872
25857
28065
25729
23937
23105
24609
22977
23969
24257
23905
23393
23777
23777
24225
23937
25537
23873
23201
25569
23585
25313
25249
23969
24289
24097
24032
23617
23393
25281
68995
27041
24193
25537
23585
25665
24929
23137
23809
24257
26048
31265
28097
24129
24737
24801
25089
25857
26272
28001
27905
24192
23649
24129
24640
40194
24449
24321
25537
24257
23457
23905
23521
25633
25024
23809
23681
24288
23777
24129
24577
24160
24385
24768
23424
24513
24065
24449
23969
24160
23553
23904
24577
23328
27713
24065
24417
24160
24225
23777
23360
25953
23585
25153
27809
23489
25664
31713
23841
23553
24961
23169
23969
24545
24033
23233
24801
24257
24704
26177
23265
23809
25345
23297
23905
26753
23809
25665
24097
24449
23585
25408
24225
25857
23329
24161
24513
25121
23713
27073
22561
23648
24257
24000
27297
25665
24481
23585
23649
25249
23841
24417
25025
22977
23552
26529
23201
23265
25025
24449
24129
24033
24993
27233
25281
23297
24193
24321
23361
24417
26977
23489
23361
31425
64898
25857
27585
24001
23873
24193
24801
23552
24513
24320
24481
23969
30977
24161
24353
23809
24609
24416
24577
26017
23937
24417
24192
24065
24160
23681
23745
25249
23457
24353
25089
24257
24865
25697
31713
23585
24641
24545
24128
23777
24416
25729
25600
25985
24321
23457
24001
24065
26337
34945
26241
25601
26465
24449
26529
24928
25409
23425
23297
23393
24641
27233
25441
23585
23777
25217
25856
23681
23136
34817
26241
24481
24513
23937
25857
25313
24384
24193
24001
25025
25537
23841
24192
24449
24448
24993
23233
25152
26081
23713
23681
25953
27041
24417
25409
25024
23681
24160
24417
24353
25505
25825
25121
24161
23553
25793
24289
23905
24481
26401
24161
23969
25889
26464
24161
26592
28001
28257
26177
24193
25921
25857
24353
26337
25857
25729
24865
24737
23553
24513
23841
24960
27457
23552
23905
24353
24929
24513
24641
24001
23681
25760
23969
23425
23425
23136
25505
23489
23777
25921
25696
23873
24417
23745
23713
23713
25921
25985
24225
53601
23937
23521
23585
23808
25728
24769
25248
26945
27201
25089
27361
25217
23841
24001
25441
24001
24257
25473
23073
24897
23905
23297
23552
23713
23681
25600
23777
23489
23904
25249
25537
24001
22369
23424
24801
31521
25345
23649
23552
25089
23361
25537
25697
25217
24545
26337
23745
23616
23233
22976
23777
25153
24353
31617
26529
26017
25793
25281
24737
24257
23713
24705
23201
24641
25985
24224
23745
24000
25025
24417
26081
27265
25345
24769
25601
23937
25313
25025
23873
24769
23969
26017
24929
23809
24481
23424
23553
24576
23521
29921
23937
23520
23777
24897
23329
25121
24257
24257
25409
23777
24673
23136
23873
24225
23616
24161
25025
30465
25408
24897
24449
25665
24929
23297
23969
24193
23137
23072
24097
25761
23712
24065
23872
24001
23328
26017
24512
23969
23137
24001
24065
23617
23681
23937
23873
23553
23681
24832
23809
23745
23265
24225
24065
38753
23873
25217
23969
23617
24001
23937
23809
24096
23265
24001
24897
24128
23105
23649
24097
23969
24769
23680
26305
24225
24737
25345
24416
24001
24000
24161
23009
23745
24224
23201
23681
23392
24545
24033
23232
24001
24673
23937
23937
23777
23969
23681
24193
24000
24129
23777
22849
23040
24129
24001
23264
23841
23745
23649
24481
23553
24609
23489
24065
24001
24193
23713
24193
24257
23905
23809
24512
24033
24129
24385
24224
24097
26753
24513
24321
23904
23425
23712
27681
24673
24513
26497
26113
23969
23329
23873
27233
23841
23905
24193
25121
23841
24065
24961
24545
24865
24193
23041
23905
24833
26241
24225
24097
24065
24001
24513
24577
23040
25953
23233
23904
23649
23681
23521
23841
24321
23616
25505
24065
24289
24193
24225
24256
23969
24481
24033
28865
23489
23745
24256
23937
23905
24065
25888
24033
24321
25633
24161
23329
23776
23169
23873
23905
23937
27361
24417
26145
24737
24161
24033
24673
23681
23745
27169
23969
25601
28385
23393
24352
23777
24257
23713
31617
23936
23905
25825
24096
23937
23809
24065
24801
24449
24160
24353
23552
23489
23297
23360
24481
24192
24225
25793
24033
24416
22849
27681
24321
23617
24417
23905
24737
23905
24161
23521
23488
23969
24065
24160
29729
24001
23809
23521
24097
23585
24097
23329
23425
25025
23713
24033
25953
23744
24513
23745
23937
24224
23937
28929
25825
24065
23649
24961
23777
23809
24225
24640
23585
24289
24161
23873
24321
23777
23617
24193
24321
26113
24097
23201
23520
23233
23681
24993
23905
23809
24225
23841
23745
24321
23616
24033
24001
24289
24449
28929
24769
23969
23841
25601
25313
23713
23329
23873
24065
23713
24448
23041
23489
23168
23201
24193
23329
26209
25312
23489
24736
23873
24097
25761
23584
23969
23425
24097
25889
23489
23489
23393
23968
23969
24353
28161
23841
24033
23873
23457
23969
23360
26625
25153
24193
24257
25313
24225
24289
24225
23969
25793
23393
41057
23456
23457
23617
24161
25600
24033
24193
23392
24513
24608
24961
25377
23584
25728
23457
23585
23681
38594
23424
24097
24737
24129
24897
23841
23969
25697
24865
25761
24321
24897
24896
24769
24225
24577
25409
23329
25888
25089
26017
25409
24193
24737
23969
24192
23233
24736
22945
22816
23521
24257
23809
23105
24384
23521
24353
27905
23201
24097
26401
24225
25505
24897
24352
25377
22785
24129
23777
25441
24673
23489
23585
23585
24033
25696
25825
24673
24289
24161
23521
24256
26209
23841
25217
25312
24673
26049
24641
23872
23361
23840
25985
23745
24097
25409
24193
24225
24449
25985
24385
23776
24225
23393
25985
25665
24641
23745
25345
24545
27809
25377
23136
24257
24929
23937
23809
26145
24193
22881
25697
25601
23329
24225
25441
24097
25889
25345
26241
24224
25505
23776
24065
24192
24641
25857
24576
25313
26305
23777
23521
26977
23072
24033
23489
24545
25505
23905
23393
23905
25601
24481
23713
23873
23361
25569
24385
25856
24225
24192
24033
24512
24225
24289
25665
24417
23873
25857
24097
24000
25729
24225
26977
26529
24737
24609
24801
24129
25889
25153
26017
43681
24929
24513
24256
24801
28097
25185
23841
26209
24385
25537
27809
24065
25121
24448
23424
23297
23713
31713
24065
23905
26273
24801
25056
23905
26625
27905
24385
26177
26081
24033
25889
24481
25281
24097
24065
28737
24545
24609
28161
23617
23840
23841
24769
24545
24449
24064
24609
23425
24256
24449
25281
23809
23425
23393
27361
24481
23808
23169
24609
23777
24161
24288
26625
24865
23745
25825
25537
25761
24001
24801
23712
24897
25440
26113
24257
23713
23648
25985
25793
25985
25953
25793
23744
23713
25057
26209
25857
25633
23777
27041
24385
26784
24161
23232
24801
25505
26272
25633
25761
24033
23649
25793
24385
25793
25057
25536
23489
26497
25792
23681
23457
23297
26049
24257
23393
23905
27745
24673
25857
24673
23681
23617
23905
24193
25601
27264
24449
26433
24737
24449
23585
24865
25889
23712
26176
25729
24673
23969
24160
32289
25601
27969
32066
24257
26017
26785
31745
24193
24224
25441
31521
23936
24385
23969
26337
24769
26113
32065
23873
26369
31265
24481
25089
27585
24193
25857
24001
25985
24353
26401
24640
25601
24096
26049
24992
24609
23584
38785
26081
31713
23713
23104
31329
23905
25825
25889
23969
32098
24737
24673
24352
26433
25697
26049
24000
43682
26241
24609
26144
25025
24449
24512
26113
26145
24065
24481
26497
24609
25889
24257
25632
24417
26145
32449
25409
24161
23361
25825
25921
24641
24097
24576
25569
23936
24993
25697
23553
24417
23809
23648
23425
26305
24161
24609
25664
23521
25793
28513
26337
23713
27905
23585
25569
24001
25984
25921
25856
24960
25441
28673
27681
27681
23937
24225
24033
26177
23425
25953
26017
23137
25441
24257
25793
24353
23841
23873
26209
28577
23457
24673
25633
24065
26081
24577
26049
25889
24545
26945
24033
24641
24001
24001
23617
22913
25505
26273
24737
24385
24864
25569
23968
24449
24193
27681
27457
26209
25057
23872
24001
25089
25217
26177
24769
32545
24864
23329
25633
24385
25889
22817
23329
25729
25057
26401
24000
26657
23361
27137
24033
25601
26817
38561
26337
23809
24353
26465
25921
25665
25633
23872
24609
25697
27681
23329
25088
26049
23681
23393
25089
26689
23905
24800
23361
26113
26081
23777
23713
26176
24289
23744
28161
26049
25121
23457
24161
22913
24161
30017
24257
23521
23617
24961
23777
22977
23489
25697
23808
24353
23841
27105
27041
25825
25153
23713
26241
27617
24609
24769
23905
23841
25921
23585
24513
25601
26049
24353
24768
24257
24097
24001
26273
24097
24257
27841
24577
24129
25729
25729
24512
26113
24193
25664
26337
26081
28001
26848
24705
26433
25472
26305
26177
24992
25729
25217
28417
27809
25857
25057
24992
24641
25185
24736
24833
26177
24449
25057
26528
24321
46082
26273
24641
24289
24256
24193
23649
26144
24737
24385
23649
24673
26049
24481
25697
24128
25313
23744
26017
25345
24225
23809
24449
23649
25473
24641
23841
24513
25601
23841
23809
23264
24321
25761
25569
24129
24769
24321
26017
25696
26049
24065
24353
25889
25249
26113
23649
24129
26273
26145
23873
27681
26144
27489
24065
24160
24897
26113
27904
28257
25729
30753
23393
24641
24833
28065
25633
23713
24000
24480
25665
28449
24641
24769
25984
24321
23553
24097
24033
24833
23713
24097
23617
24768
23009
25153
23521
23617
24352
27905
24129
23360
24513
25377
26080
23393
24481
24800
23393
26209
24320
24609
25185
24833
24673
24417
23808
28065
26241
25985
24865
24480
24801
25153
25985
24097
23617
26112
23937
23105
24257
23041
25665
25793
44865
24641
23777
25633
24417
24001
25697
24257
24129
25185
26529
26176
25889
23969
23553
25729
24096
23649
32033
24385
23873
23361
25568
25537
23105
24545
23713
24193
23521
26433
24608
25601
24033
24480
24577
26049
28097
24833
24257
24033
26241
24097
25889
25377
25312
25281
24448
23745
24225
23905
23521
23201
24129
23713
24801
23681
24225
23841
24064
23712
23649
25473
23777
23553
23617
25569
25025
24225
24096
26433
24673
23968
25089
24417
24353
25025
24929
27873
24513
25889
24993
24193
25536
26241
24065
24481
24513
24352
24001
23712
26689
24033
23872
23585
25249
27489
23809
23873
25504
25825
23201
23297
24961
27745
25761
24513
27809
25345
28001
24416
25377
25889
24352
25793
24481
25185
24128
23585
24289
24800
23457
24673
24417
25473
27265
29857
24929
24865
24353
24513
25473
24641
24001
23681
24097
24449
23777
25697
24225
23776
24097
23648
23841
38913
26112
24001
23393
23489
24481
23969
23905
24001
23488
23393
23168
26145
24097
23041
23585
24801
23361
27777
24449
24129
25633
24544
24801
24096
23873
24129
25441
23521
23905
23969
25601
23969
25889
23681
24321
29281
27969
26177
25953
23809
25121
24801
24545
23873
23937
24064
25889
24032
23521
23616
25537
23585
23937
30881
27713
25729
23809
23808
24192
23745
23456
22657
23872
27521
23553
23041
24129
24129
23361
25473
24577
28545
23201
25025
25120
23233
24064
24353
23617
23809
24257
22880
24321
24288
23489
23520
27489
23457
23680
31553
27169
27329
23233
24192
23905
23392
23553
23233
26177
23905
24097
25217
24033
24833
23136
25473
25857
24833
23137
23649
23361
24577
24065
24129
23393
24257
24161
24256
25537
25985
23873
25985
24897
24481
24897
25121
25985
23937
23617
24544
23649
24097
31361
24193
25664
24929
25537
25825
23393
23872
24033
23777
26017
24609
24129
25248
28129
23169
23777
24385
23552
26177
24097
24193
25217
24321
24321
24992
24225
26017
24673
26401
24608
25345
24193
24928
24961
24065
23425
26177
24545
23329
24609
24000
27425
26337
25281
26656
44130
25121
26177
24353
25728
27649
24193
23713
24097
23840
25665
25536
23649
25824
26369
23488
23681
24161
31073
23969
25313
26305
25217
25025
24737
25793
24641
26176
23681
23328
26145
25505
27841
24097
27649
24416
32065
23777
25985
25665
25505
25921
25377
24481
23521
24321
23425
23552
23329
24320
27777
24033
24672
23777
27713
24257
25409
25601
26433
25473
24065
27361
24609
24129
25185
27905
24449
23744
24033
23360
24129
23424
31809
26017
24225
25953
25025
23777
25601
24097
23937
25153
23521
26177
24225
23232
25889
23329
25281
25313
24673
24000
25601
25569
24064
25889
26433
28033
25985
23777
22624
23521
24320
25889
26145
23233
25089
25921
23905
24289
23520
25185
23425
24161
24065
24768
24225
24704
23969
23649
23905
25761
25344
25537
25985
24225
25921
23329
24000
23553
24993
24737
24129
24161
24065
26529
27649
23777
25857
24481
24289
25921
24993
43010
26081
25953
23488
24513
23584
23649
24065
23489
23392
24385
25697
27553
25377
23105
23937
26081
23777
27937
25601
26241
27969
25856
25249
23425
24225
27425
24833
22977
25697
23584
23585
27809
25569
26017
24161
25216
24609
23489
27905
25953
23649
23456
23361
25248
27520
25857
25345
25568
25505
27745
25665
25153
42145
26209
24097
26753
24225
26657
24001
24097
24321
25440
25825
23905
24097
23105
25824
25633
28033
25409
28193
25409
25377
23553
25536
26273
23297
26177
24897
23617
24321
24545
24577
24000
23905
25568
23873
24609
24673
23873
24961
23425
23201
25249
23745
25153
24864
24353
24032
25793
23232
25729
24001
26305
23649
24161
25985
24192
28193
28129
24417
24064
25601
26273
24097
24993
26081
27841
27329
23969
24641
24417
25633
23457
28000
23937
24193
25632
23937
25217
23393
25153
23425
23745
25505
24032
23585
24608
25633
23361
23905
41569
26305
24448
25697
23585
27873
24641
24097
23809
26144
23713
23201
23873
24321
23520
24385
23392
24449
27905
25665
23777
25953
24097
26017
26177
23521
24289
24385
25921
24097
24225
23809
24449
25057
23681
23713
32354
23169
25665
24320
27681
23905
25249
27169
23040
23425
23072
23361
23296
24961
24033
25152
25473
22881
31777
25249
23937
25857
23617
24545
24416
25825
24064
23937
23520
25217
23201
23776
24001
25377
25344
23553
27329
23392
23393
22977
24353
23552
26753
24801
24065
23361
23521
23713
23681
23713
24737
27169
23905
25697
24512
23488
23841
23905
22785
24065
23553
25281
23809
24097
28448
25985
23777
24225
24161
28001
25633
25313
25601
23936
22689
26593
24128
26081
25761
23745
23137
25217
25280
23329
23425
23105
23105
25537
26049
38753
25825
24641
25409
26080
24641
25697
24577
25505
24545
25504
25281
25889
24577
23489
23233
24448
25825
28065
24161
23137
23745
23905
24321
25888
23809
23777
23776
27713
23649
25441
25313
22849
24417
25601
23841
26465
23873
24545
25440
26049
24065
25889
23361
24160
28161
27361
26208
27297
24065
23553
25185
23264
25697
27585
25185
25761
26272
24961
27617
23873
24320
23617
23457
25889
24129
25793
24993
24449
24513
25952
31841
24481
24256
24161
25409
23968
23168
23905
25441
27584
23745
25537
25409
25793
26529
24289
23840
23617
27073
24321
26049
24417
25217
25793
26113
23968
25601
23904
25441
23809
25825
24609
25889
27105
24353
24193
25345
23745
25665
24352
25825
23457
26049
26209
24065
23329
24320
23585
23841
25185
25313
25761
24737
23840
25761
24641
23297
23617
23873
24385
24065
24128
23969
24097
26017
24225
26145
23393
23681
23681
23649
24129
26081
24257
23713
25248
25025
25793
24257
24129
24160
23233
23840
24641
24416
24033
24097
24257
25793
23777
25985
27713
24065
24449
24321
24961
24193
25793
24544
23361
26433
24193
25377
27649
27969
27265
24097
29665
24513
25697
25376
27745
24321
22945
25537
27905
27137
24225
26049
26145
25665
25344
124197
26049
26465
25793
25889
23297
25345
23873
23553
25921
26081
23232
26145
23649
24161
26209
25665
24353
23201
25825
50530
26049
24289
25184
25185
23489
23617
22977
23649
24737
25761
23841
24577
24481
25569
25345
24321
24225
146661
28417
28097
24993
24096
24673
26721
26273
26017
24769
24801
24897
25601
25921
22945
23840
24033
24321
26401
24065
28353
28257
23969
23873
24064
23777
23777
24608
24001
23136
23649
23425
23009
25025
23937
29793
23105
23521
25761
23809
25857
23745
23777
25665
23713
23617
27585
25057
23425
24801
24033
25217
24001
32065
23361
24353
23905
23041
24097
23041
23329
23265
23777
22753
24833
25249
24192
23937
25281
24224
24321
31874
24416
25953
23809
25441
23681
25665
24129
25121
25217
24513
25120
25249
24321
24801
26401
23553
25345
24576
25345
23457
24897
23488
24289
22977
23776
23233
23073
23680
23201
22944
23585
24609
23329
26881
23425
23937
25601
22944
59522
25057
24161
22977
23713
23969
23777
25089
23808
23713
27553
23521
24513
23104
30081
26433
25601
26177
23905
23777
23969
24801
24128
25153
23521
23649
24993
23713
24897
23617
24353
23329
26337
23233
25665
23745
24128
25537
24961
23777
23073
23905
25377
23745
24225
23360
23905
23872
25569
26241
25505
23521
23840
23777
24225
23585
25441
23521
24449
25313
25537
27585
26241
23649
23905
24737
27649
24545
26337
24160
23393
24065
22945
22849
24513
25505
24065
23616
23617
23777
24129
24193
25184
23681
23873
23169
25825
25377
24480
24929
24096
23681
25281
23777
24161
25793
23969
23648
23713
23520
25601
23233
25761
24129
26241
24096
23969
24449
24481
23425
25536
23329
23680
23105
23008
23521
23649
25537
25345
23777
25793
23904
26561
72610
26081
25056
23969
25377
25025
25441
25248
23745
25312
23553
24352
24257
24257
25473
24385
42754
23713
25664
24129
23809
25441
22625
24256
24065
26433
26337
25729
23905
24193
25921
24257
26081
23712
24225
24225
24289
25633
25440
24257
23521
24417
23233
24609
26145
24032
24033
23776
24225
25952
24449
26305
26881
24193
25824
27489
23745
25953
25889
24321
25792
25441
24481
24193
24673
24481
26273
24288
25633
24289
24385
24705
25889
23969
26785
24129
24705
25632
24801
23585
24097
24385
25313
23392
24769
24065
24160
25665
24769
25633
24545
25377
23200
25377
24704
24353
25248
25697
24001
24129
25441
24225
23680
24001
24256
25857
25889
24513
23361
23393
24000
24961
25857
24480
25345
27681
23680
25537
24865
25441
25281
25665
24481
25121
25889
24481
24513
24417
25793
23873
26049
23745
25057
24225
23937
25217
23969
23777
26176
23265
26561
24385
26465
24321
23777
24129
24513
24001
23200
24097
25025
23169
23776
24001
24833
23905
25185
23809
25377
23361
25633
28320
24225
23585
23777
24576
24833
24352
23873
24385
24384
25121
22977
26080
24129
25472
25761
23232
26433
24289
24416
23745
24193
23233
24161
24289
23777
23489
23296
23969
24129
23169
23201
23841
24065
24545
24481
24353
31394
23072
23681
24032
23553
23585
24993
25889
23617
23841
23809
23489
23745
25281
23936
25089
31873
23905
24353
23424
25537
24001
23425
31201
23777
24161
24705
24609
25345
25921
23905
24384
24801
23457
52098
26817
23809
24800
24097
25953
23680
25025
25441
24065
25377
23840
24001
25185
23969
26369
23680
42722
24033
24097
24448
24033
25249
23905
25761
22689
24193
24065
24001
24385
24033
23169
24865
23585
23936
40385
23713
24704
25697
24001
23681
23745
23616
24033
23520
24737
24033
23681
24097
25153
24225
25633
25409
22945
25921
25313
25889
23745
25249
25696
24289
24577
26305
23297
25536
26113
33057
30433
28256
36545
30785
25153
26465
24384
26145
25601
24320
26017
24288
24257
23681
25632
27521
25633
24705
25889
23489
25697
28097
23840
25825
24257
24321
25697
26049
26113
28097
22945
24449
26305
25984
25857
25120
24801
25761
42914
25825
25760
24225
25505
25857
24097
25792
26273
27649
25569
22880
23905
25633
25057
25825
25632
24097
24865
25377
24705
26017
25697
25569
25889
24673
23521
25569
25601
25857
25153
24353
24033
26145
27777
25377
31201
27809
24704
23553
24001
25376
25473
25729
28129
24097
25569
25985
26113
24513
23745
24033
23329
24481
26081
24417
23361
24128
24225
27680
25537
25921
27489
24257
23649
24609
25089
24289
25216
23681
23648
23905
26113
23361
25665
24609
24001
24128
24257
27552
25601
24609
23745
24257
25857
26113
25953
25633
25889
24801
24673
25441
26273
25729
25889
25601
25761
24513
25345
25409
25089
24704
24865
25601
25536
26465
26368
24033
26177
24321
26145
24609
28033
24641
24897
26017
23777
26048
26048
24961
23392
25921
24449
24801
25889
24481
26177
24065
24289
25985
24577
25505
25121
24545
24289
27905
28001
24608
23873
25921
26369
26497
25377
23809
27777
24353
25345
23713
24289
25825
25697
24225
24481
27745
27713
23713
24097
25857
25409
24544
23713
26305
28673
24289
24096
27137
24833
24960
28289
24001
24385
23777
25409
25409
25953
24672
23649
26433
26272
41186
29537
26624
26433
28161
24801
24929
28097
26337
25985
26177
26625
26081
26209
25825
25761
24225
24768
26465
26529
24705
26081
26113
24833
27488
25697
25473
25889
27681
25761
26209
26081
23744
24801
25601
26337
25953
24289
24161
26145
26273
26689
26177
26049
24353
25665
23649
25441
24513
23776
24321
25633
26721
42913
26369
26241
24065
24384
23457
26497
25057
26465
25248
24929
25633
25697
28065
24641
25889
26113
24640
46626
28097
23712
25633
27713
24193
25760
25729
24449
25057
23873
25825
25344
25633
25729
24064
25409
25313
25217
25921
25441
23681
25761
25504
25857
32033
25729
25984
28257
25888
26209
24737
26049
24033
25216
26049
28769
25249
25920
25920
27809
28257
25537
25920
25985
25633
24385
23905
23809
25441
24161
23489
23681
24001
26209
23617
23360
23937
24033
25633
24096
25601
24448
24193
24225
26048
26369
25793
24225
25249
25761
32034
24545
25889
23841
24769
24737
23617
26113
25696
24449
25569
25728
26401
24033
24545
25249
24864
24417
26017
28161
24033
25505
26145
24193
25633
25793
24737
26017
25793
26209
26113
26944
25024
26497
26081
25697
26017
26304
27841
26177
24225
25473
25761
24672
25665
26209
24577
24097
24289
24801
23841
26305
25761
26113
23713
26273
25857
24129
25889
25249
26433
27136
27457
26209
23873
27713
23265
23873
25921
27937
23233
26017
25312
25825
28353
24097
25985
26081
24448
23745
23488
25057
28449
23649
23937
25985
25441
25473
44098
26433
26240
25505
25825
24385
26336
24641
25665
25729
24097
24129
26209
23809
24001
24544
24481
24545
27841
26401
25697
26657
26561
26401
25121
25600
25601
24033
24993
23937
24801
24609
25889
24641
24961
24769
32097
24353
27489
24993
24129
24033
23905
24224
25345
25120
25633
24033
25889
24704
24033
23137
25793
26368
27969
25409
24481
25441
24736
24257
24736
26081
25665
26593
24480
23745
25568
24513
24256
24065
24385
24193
52546
26369
25057
25121
26049
24705
26081
25857
23969
23553
25089
28161
24193
29921
24833
26049
26433
25633
26881
24289
24385
26305
27873
24449
24033
24001
24065
26081
27297
24577
24033
25921
27233
24385
23457
32225
25153
25313
25761
25569
26017
26241
24641
26241
24353
25633
24993
25409
26113
25409
26465
26145
25889
24385
24384
24481
24193
24192
25281
25824
25473
23744
23393
24161
30497
23457
25569
24385
26305
25985
25857
26689
23841
25921
61730
25601
24193
25665
24097
25665
25697
24897
25505
25857
25537
28257
24257
23616
29601
24161
23489
24161
28065
24993
23841
25089
27873
25313
24833
24513
24257
24449
24288
24129
25857
25057
26145
24481
24097
25505
23777
23425
25889
26625
25025
26017
25409
24961
23969
23393
24129
23937
25889
25505
25761
24289
25857
24673
24033
24256
25889
24929
25921
26017
25793
24257
24833
26433
25025
24481
28417
24097
26017
27937
24193
27905
23425
26113
24577
28129
24193
26401
25921
26272
23617
25761
26465
25569
25537
24737
26241
24545
26625
25761
25376
23457
24257
25536
25825
24577
24128
23841
25601
23904
24385
25121
24384
31489
24609
24001
25793
25313
26209
28001
27745
25473
23232
24481
23777
25761
25761
27617
24129
23809
27649
25345
24640
27713
23809
25985
24257
25729
25921
25761
25089
26273
25889
24353
26112
27745
24033
26113
41729
24641
24416
25921
23969
24704
24801
26305
26048
25537
27681
26241
25985
24641
27745
26273
25729
25761
31745
25857
26209
25761
25729
26241
26049
42050
25121
25537
26465
27841
32065
25697
26081
24161
23361
24225
25729
26305
24705
28001
23489
25952
25825
26017
26081
24801
26529
26048
26593
25889
25825
25825
26433
26369
25441
24768
23777
25441
24865
26177
24577
25313
25761
26529
26080
31681
25760
25057
24705
23872
24353
25825
28161
23361
25505
26145
25985
23361
24417
27969
24320
25313
26305
31521
27585
24481
26304
25889
24545
26305
26080
25249
28161
25601
24577
24577
25985
24353
24993
25089
24577
26337
25569
24832
25633
25505
26273
25793
26241
27712
24033
27937
24929
26305
24769
24161
24705
26049
26305
26593
24769
27137
25601
26017
23936
26433
26337
26497
26113
23041
26113
26497
24001
25889
24257
25793
28065
26017
26209
26433
25889
26016
23777
24961
25824
25857
25761
25985
24481
26337
23937
25921
23744
38466
26017
26561
25825
26241
25217
26657
28449
26753
24353
23617
24705
26113
26432
25985
23393
23680
24161
31617
25729
26401
27777
24225
25601
25953
26145
24129
25441
26081
26529
24545
24001
24736
24673
23872
25825
25984
28289
25889
25953
25889
24033
26081
25089
24864
23969
24097
25953
23937
26689
23809
23265
25697
24321
25953
24801
25696
24065
25441
24288
23777
22721
23233
25089
25889
24448
28097
24193
23745
26401
24769
42850
23969
25569
26081
26209
26145
24225
24544
25281
24321
25697
27616
25729
25824
25697
25089
23201
26177
31297
24033
25921
25664
24225
26337
26369
26209
24801
27777
27777
24737
24896
24065
26049
26017
27841
24961
27937
25921
28353
25697
28225
26081
26401
27393
26561
28033
24673
28033
27745
27713
24641
25824
25377
29793
24193
26529
24257
23841
23969
26433
25793
28321
28065
25953
24577
24289
25376
23585
23744
23649
23328
25921
25440
24321
24961
26401
25057
26017
26209
26112
25953
24417
26144
24673
24033
25601
25377
25889
24961
26240
26209
23457
26465
25537
25824
26209
25793
24737
24064
24001
25857
23905
23649
24769
26177
24353
40546
24705
26112
25569
25025
26113
23745
26593
26145
27489
24161
25984
25761
26433
25217
23745
24096
23841
29665
26241
24545
23744
24641
25889
25345
23873
25761
24608
25953
25793
23969
24640
25377
23489
24001
23680
29473
25441
28033
28161
24864
26145
25569
25985
25793
26113
27905
27969
25537
23905
25696
25345
28097
27905
27745
25377
28353
24129
25633
26337
25761
28961
25857
26113
26465
26081
25696
24129
26049
26273
25473
25889
26081
26401
23297
25825
25889
24513
25664
26465
26465
26080
26369
27585
24768
25793
24513
23841
24576
29345
23521
24353
26177
26048
24641
23905
26273
27393
24673
23969
24417
25760
25697
25441
25440
25217
26208
27681
27617
24449
24769
25953
24929
24897
25601
26241
27553
23841
26177
24225
26369
26401
25185
25409
26401
28449
25697
25985
25312
25345
23905
26113
25857
24833
26241
25601
23553
25504
25025
25377
25697
23329
25856
25825
25281
25505
26401
25409
26657
26241
24545
25985
26337
24833
26625
24897
25473
24897
25921
25121
24065
26145
23457
23937
24129
25761
25665
25473
27361
24481
23809
25569
24769
26369
26593
22305
25793
23937
43841
24961
25857
25025
25697
23457
25761
27649
23905
25409
24481
26177
26497
23681
24033
23521
25600
24193
23585
26177
24481
26464
23553
25825
25953
25025
24481
25441
26177
25153
25441
25057
24097
24289
25377
25761
24352
26049
24384
25057
24608
23745
26081
24065
25089
24577
23521
25121
23617
25345
25089
25217
24032
24673
47873
26209
26561
26241
25729
24033
23840
24705
23872
26273
24353
23777
26433
27425
26081
25185
25441
28321
30657
24545
25761
27137
24385
24065
23360
24257
26369
25793
25025
26337
25889
25281
24769
26049
23905
26497
32033
25377
26049
24033
25665
25889
26305
28001
26465
28225
25568
25665
26305
24161
25761
25569
25665
23137
26689
25441
26016
23393
26017
25761
28097
24865
23041
26016
26305
25985
25313
25633
26401
26305
27105
24256
25761
25665
23777
23904
25665
25345
26017
25089
23009
25025
23361
25537
23585
25696
26241
24993
26017
24737
28161
25633
24737
24384
23489
23617
25409
26145
25153
24097
24257
26177
24865
24320
27873
25377
25153
31009
26433
24577
25536
24385
23808
26176
24929
25217
27713
23904
24929
25569
25920
26273
27745
23969
25665
28289
28097
24577
28065
24513
25569
23424
25249
25665
26209
26241
25985
25665
24032
25889
25633
26273
26273
25825
26145
28001
25665
27873
23969
24001
26081
26273
25536
26177
26081
27553
24449
26017
24897
24225
44225
24385
25633
24769
24128
25889
24512
25729
25601
25249
25793
24704
26369
24193
24513
25985
24129
24449
26273
25857
24320
24289
25153
26273
26177
25601
25985
24737
24448
24129
24576
24673
26913
23553
23873
27905
24065
28257
24801
23873
25889
25664
24929
24417
26081
23489
24929
25120
25889
26241
27553
27809
25313
25537
31010
24033
23713
25633
25345
25377
26305
23809
23649
24321
24929
24769
24769
24193
25057
23489
26177
25761
23776
24673
24512
24385
24353
26209
24001
26433
25793
25313
26049
26561
24161
25697
25121
23745
25185
26273
26689
24288
24097
23777
26081
25825
24001
23105
23809
25441
22657
23905
26144
24001
24385
25312
23553
25601
26241
26369
25505
23905
24416
26241
26145
24097
25825
26401
26241
23840
25729
26721
26689
26529
25760
45473
24801
26625
24481
24193
25985
27873
23553
26017
27969
25825
27489
23969
25089
23969
25568
27969
24321
25921
24673
25633
26496
26177
26017
25729
27937
25601
24448
26369
24161
26305
23553
24193
23937
25025
26369
28897
25793
27937
24448
26369
26401
24320
25953
25537
26177
26145
28449
24129
27521
24673
24737
25889
28257
23456
25665
24097
26113
24640
25761
23873
25793
25601
26017
25312
25153
24865
25600
23841
23777
24864
31713
23872
26241
23745
26273
26145
27393
24097
25761
23585
24064
27905
24833
23745
25505
23489
26145
27809
25921
28417
26177
27969
26112
28129
24705
25057
23457
25665
26049
26625
25728
25953
23553
25472
28193
31137
25409
28385
25057
24353
26112
25857
24033
25665
25665
25952
24481
24641
24769
24193
25729
26209
26273
26881
24545
24993
26593
26593
25985
24033
23713
25953
25697
28001
24480
26465
26017
26049
24193
25953
25665
24609
26241
26369
25313
24864
26337
24385
24576
24480
26049
25921
26369
27873
24193
25537
27905
23905
41409
24161
26017
25697
24257
23521
26113
25761
25665
24897
25825
24449
23681
23937
23745
26081
25280
25473
24577
25601
25921
26369
24001
26049
25921
23905
23808
23873
24097
25857
25985
23905
25889
24129
24033
26049
26465
23713
23328
25857
24929
25985
25889
26369
29697
24993
25313
23712
24257
25312
25249
25601
24385
25953
25985
24192
24225
25825
25793
24641
24897
24865
23297
24193
25729
23712
24961
24192
26241
26145
24353
26241
25057
24193
25953
27873
26017
24449
24416
25729
25601
25601
23201
25440
24705
23521
24161
26241
28065
25601
26305
25953
25953
25697
25345
24449
25825
26049
23872
24481
23680
25729
25473
25921
23808
24897
25921
28161
28577
24321
28353
25120
25729
23521
24673
25601
25665
23777
25377
24321
26017
27329
25089
26721
24609
23969
25921
26049
28225
24001
25088
25857
26689
26401
26145
28417
26369
24481
24993
24929
24929
28097
24065
32481
24352
24800
25761
25792
28321
24033
24353
24833
25601
25857
28321
24097
24033
23873
25729
24640
26977
24769
24449
26177
26113
23873
25632
24289
23905
26113
26049
23873
25473
24928
25857
24864
26241
25889
26112
25889
24577
24481
25249
24833
23969
25825
25153
26433
27777
27681
24897
23585
25921
24097
23392
24609
32353
24769
25344
25601
25729
27361
24961
24192
24065
24128
26017
25857
26689
23617
24481
24353
24097
25825
32257
25569
24737
24896
23361
24896
23585
24033
27969
23521
24673
24225
23585
26145
25249
24768
24225
24513
26112
23777
23840
25409
27361
24512
23937
26241
26945
24384
23777
26081
26241
25537
26017
25889
24833
25249
25793
25377
25121
23233
25760
24257
25249
25089
24001
24001
24481
25313
65858
26337
25825
24481
26209
23936
26433
25985
24097
26113
24352
24705
26240
24449
25953
23904
24097
26081
23777
26081
26369
25889
24096
41250
26273
24545
26497
24961
24384
25441
24161
23681
24833
26048
25729
25857
25761
27873
23777
26209
25665
26017
24097
23937
25665
26273
25697
25825
26849
27841
25761
24545
24161
24961
25793
28609
25729
24033
23617
27681
26017
23521
23841
23297
23393
25601
26369
25505
26113
25569
23617
24705
25921
26561
24416
24225
25697
26401
26017
24385
26049
23777
26209
25953
25857
27553
23585
27585
23361
23456
25281
23617
23873
27745
28065
26913
26145
27681
27905
26176
24065
24161
23488
23905
24417
25985
23425
24065
24289
25889
25985
25857
41601
25569
24961
24256
24033
25473
25761
24193
26081
25729
24033
24769
25632
24289
24512
25761
26241
24225
28641
24993
25793
25985
24001
23809
25889
25857
25056
25313
26017
24321
25825
27521
23841
23969
24897
23809
26753
26145
26273
25793
24225
24705
24385
26721
25985
26177
28993
24320
24417
25633
26305
23457
23617
28449
25473
25857
24161
25409
24353
24193
25441
23905
23905
24513
23713
23648
25537
24672
25377
25153
24800
29985
24513
24576
28257
25857
26209
23873
25601
30177
23873
25601
23489
26753
25953
27104
25569
23200
24097
25761
26113
23648
27905
25217
27809
26081
24353
27073
25793
26049
26081
26208
25089
24768
23329
25665
25953
26784
23968
24193
25729
25601
25729
26113
23809
25761
24129
26273
25761
27745
25345
24481
23873
25473
23745
25953
26016
27681
23265
24033
24097
24609
24193
24193
24289
25057
24321
25281
24001
25441
23233
23649
24417
26529
24737
24545
24032
23361
24993
23201
23617
25793
26145
23648
24289
25345
23777
25761
24481
23329
26144
26209
23776
25825
24161
23233
23616
23585
23009
25985
23169
27425
24704
23937
26081
23777
25153
24065
23553
25377
27617
24832
26081
26177
25601
25569
25761
23553
26305
25985
27649
24705
24769
23968
26145
27713
44481
24065
25217
25985
25537
26593
24065
25632
25505
24577
26432
25793
24289
26369
24289
26016
24673
24577
31137
26048
26209
25633
24385
25601
24481
25120
25537
26145
25665
26465
28353
26369
23809
26721
24161
25921
26624
26369
26241
26273
24321
23265
25760
26177
26241
25409
24353
26049
25921
25793
26721
24513
25761
30753
25473
24832
24769
26817
26241
26433
26401
26177
26113
26305
26049
28417
26689
24801
25569
24096
24801
26560
26561
28353
25153
27585
23617
25473
24928
24001
25825
25057
27937
25185
25889
27745
23329
25856
40961
26017
24097
25473
26209
23393
24353
25888
25312
25281
27393
27648
25569
24193
23809
25185
25729
24897
31457
25761
25345
24129
26401
26049
26208
24065
24257
23520
25473
25217
26081
25633
23776
24385
25441
26336
24353
26017
24353
25377
23841
25825
25409
25633
25473
26209
25505
25345
24288
23969
25857
25601
25632
25985
26112
28577
25057
26017
25472
26177
26049
25409
26497
26305
26240
24000
25505
25568
28129
24289
23936
50466
24897
26081
25505
26145
25473
24417
24129
25793
26401
23809
25793
28929
24288
26625
25121
26433
25665
25345
25921
25665
23745
26017
26273
23969
25696
25953
25313
25473
25857
24417
25441
25889
24161
23297
23553
25857
25889
25281
25857
25249
27873
27585
25793
25985
24865
27841
24385
24705
25217
24193
26177
26049
57346
26721
24929
25825
27905
23969
25121
26241
27201
25953
23841
24321
26209
26241
24097
26305
27873
25953
26081
25665
25953
26337
27073
25793
25537
25312
24800
24193
24481
25985
26241
24065
24417
25472
24161
24417
26849
28897
24000
26273
26689
25985
25888
24769
