360428
119684
118404
121252
110084
108868
108803
107876
109220
107747
104964
127812
105891
106179
109348
106436
104996
109636
107780
106980
108964
107299
107523
125316
120100
110307
109028
106244
109060
108068
106243
108195
107779
108484
130917
105379
107524
107715
112580
108516
105796
107747
108675
109155
108676
107908
106147
104772
106851
104260
107236
107396
108739
107587
108292
113188
109924
106499
104004
107748
106915
107716
106532
105316
107332
105155
105668
132772
105764
108836
107107
104419
108772
104804
107203
106563
104580
104611
110564
108228
104708
108132
106275
107364
108579
107267
107843
105476
104963
131940
104675
105219
106916
108964
105827
107235
105604
106660
108036
106083
132580
103588
104547
107652
104900
103140
106340
108739
107524
107940
107011
130308
106948
105764
106563
104228
105508
106403
105284
106724
105027
103940
126340
106564
104708
107268
106851
105732
108548
105380
107332
105028
106308
140037
106852
103811
105347
105892
107491
107043
105732
106852
106339
104932
105668
106723
103268
106339
111876
106723
105827
108580
105348
106307
103492
105763
107140
104131
106020
105027
103236
107556
106883
104675
106660
105604
108163
110852
105956
106819
105796
107075
107235
105155
104356
107651
104644
105316
109348
104995
107076
107684
104515
106595
105156
105731
107300
108291
105540
109476
107171
107972
107203
104100
105924
106084
107939
106948
105764
103044
112739
104100
104643
106851
106436
107267
104612
104867
106883
107236
106243
109219
107076
106980
107940
109028
106404
106052
104035
106308
105699
103524
135205
105603
106084
106820
105603
107267
103844
106244
106244
104835
104899
129700
103620
106276
106308
105188
103587
106116
103523
104323
105475
104100
106403
105315
105156
108035
103428
104579
106852
106243
105220
105540
104259
104324
106468
106436
107683
104932
106244
107940
104963
105220
107716
106340
105604
105859
105316
107972
104484
103651
105412
106212
103076
106724
104739
104739
112388
105828
107235
104388
104419
106628
103875
104355
107524
104963
108291
114788
103940
107235
108068
106148
107172
108163
105859
107331
106851
105251
134853
103748
104963
107300
104708
103940
108228
104131
106724
107428
105540
106948
105603
105924
108004
105124
104836
106052
105603
105828
106052
104708
104388
108003
108228
107588
104740
106020
106628
105796
104483
106404
104387
104964
130628
111556
107364
105571
105348
106723
107523
104932
107108
106500
103555
126820
105348
104835
106435
104548
105284
107140
105667
106116
105475
105475
135428
105475
109924
109956
107268
106115
104324
106436
107268
106692
106084
127524
106628
107812
107332
107044
106180
106692
104068
105828
104388
104452
125828
104323
106436
106564
108292
103491
105859
104899
104515
105315
104484
105572
104708
103876
106660
105252
104931
106755
105411
105507
106147
104964
104900
111620
104612
106627
108292
104195
105379
104259
108900
105731
106788
104291
109411
104675
106372
106916
102884
106468
104004
105987
106020
102787
104963
104356
107139
106244
106244
105283
105667
106179
104036
105028
104803
106532
106915
105188
104323
105540
108227
106148
106564
104740
116004
104996
106371
104451
106788
105444
107012
103395
105060
107043
107012
105379
106339
106915
106820
108676
104931
104835
107140
104163
106820
105955
102628
106788
107939
104612
127396
105092
103491
106980
105059
104900
105348
110020
105604
105251
105636
105315
107620
105348
106116
104228
104548
106820
105412
104195
107331
104356
106147
108484
105091
105987
105923
106212
106148
105827
106916
106020
104868
104067
109636
105092
106467
105924
105028
106403
108804
106020
105764
104548
105060
125508
104643
105796
106307
104484
107908
106436
106340
106275
108963
105412
126277
106435
108196
107076
106915
104292
106788
106180
104036
106948
106723
105380
108676
107492
106884
105060
106564
108164
104515
105636
106596
106243
107204
107684
108196
106564
105699
106404
107300
108548
106819
107748
106436
109732
106051
107716
107364
103652
106019
106051
107908
108035
106435
105252
106820
105764
104356
106435
113348
103844
106915
105604
105412
105955
108388
107939
110180
106147
106308
104099
106787
105859
106307
105764
107172
106532
108516
112740
105924
104003
106884
104483
104803
106723
106147
106916
106692
106083
123141
104739
106340
106852
106436
104868
105924
106372
105059
105252
106244
106340
106724
105092
108164
106212
106723
104803
105443
106531
106019
103652
105892
137317
104163
107332
106372
103427
107460
107364
106564
106852
107843
104580
127780
103748
104772
105540
104067
107075
106788
104771
106371
104291
107236
131653
105316
106212
107587
105636
106083
106787
106563
105636
106372
105635
107140
105731
106212
105540
107939
105860
107332
104548
104355
106051
104227
106308
104643
104707
105988
102692
105955
106948
105380
107332
106788
105732
106308
125573
104259
103460
105699
104099
105988
106948
105795
108676
108291
109987
108163
113156
106052
107876
107716
107044
104452
107235
106147
104099
106179
128837
104675
107108
106083
106436
107268
106436
104227
108196
106180
106180
124292
107843
106148
106500
104931
103043
105251
105284
107844
106947
127972
147941
113092
113764
127621
108611
120100
108484
105059
120644
106884
107204
129701
109027
123076
109923
106276
119716
107908
109572
128516
107076
119268
116772
107875
128357
107428
108260
123972
106467
121988
106948
111268
141989
110148
106980
121508
112292
120708
108355
106691
118212
106436
106692
121348
107428
118948
104996
106596
116644
106404
114148
121668
107300
122916
110372
109507
121540
109219
108836
120900
105412
118468
106467
109828
142084
108196
106884
121572
108707
119076
107908
105987
119876
106435
104932
140644
109028
105156
120644
109251
118885
105348
106627
119108
107620
106948
120644
109379
110915
121348
110596
120356
111748
107715
118500
116228
173734
113316
107939
119460
111843
122980
114436
112067
129189
119108
143173
115620
115108
129156
115460
121540
114020
111587
121668
110947
120868
116932
110020
121508
110884
109891
167590
111844
121444
108676
105956
124836
117316
123588
115204
112772
123909
110724
185638
119300
109796
122020
117379
121476
114500
108771
120612
112547
120644
114276
108676
159142
118020
121444
109828
110756
121252
115172
112483
149061
116868
132421
120132
127269
110628
110436
166886
120100
121764
114820
115780
127492
114020
124484
110755
112996
123268
114916
114660
122756
112196
142661
123908
125956
110756
111204
122468
109187
110148
122212
113220
164774
116036
110756
152549
119876
122756
109347
108004
122052
113668
120996
112644
110724
121444
112164
110915
121285
107587
149957
120548
125412
117988
111043
120901
115651
125380
116420
113476
123780
114659
113284
152613
112580
122052
111044
111748
121380
111108
122660
115140
110628
121828
110372
128836
107395
106628
119780
107876
106020
120452
106147
119780
110564
107299
146597
107812
110660
121668
108964
121669
108452
106340
121156
107172
107236
118500
110404
125700
106052
105795
115459
109540
107108
121797
105892
121156
107395
109603
120516
106372
105348
120164
108419
107748
120100
109668
118340
121732
111908
123556
107268
118724
106531
106948
137444
111908
107364
122532
106979
146245
114212
106531
119748
108292
107076
120420
109027
119716
112932
113028
123877
112228
203303
114404
106404
132901
108355
104228
103844
117124
108164
111716
105764
108388
106340
107748
108324
107588
106820
104772
105028
107236
105732
109732
107460
106820
104995
109219
103555
106019
104292
105507
105635
105796
107268
106340
104036
105028
109604
106788
105380
105348
106468
106820
104355
105731
106723
104163
103716
111972
105027
105124
107396
102564
107652
105828
105539
106979
105508
106435
108868
104643
103204
105636
103076
105251
105092
105859
106980
107491
104548
133125
102788
106820
105892
104356
105219
103428
105188
105156
103971
104643
104259
108292
105508
105284
105764
104099
104451
106404
105252
104996
105379
105444
107235
104676
107204
105315
105988
104772
107204
105252
107268
104579
107011
106947
106596
107299
108260
105732
106884
104132
107428
106883
103748
105892
105283
103780
103972
103844
106756
105924
104388
106564
105731
106531
104196
109827
103140
104612
104356
104195
105956
112324
105796
104099
105508
129892
107076
105860
106596
105475
105027
106915
104420
106499
107171
104996
123012
105284
107587
106915
107684
104355
106948
104963
105284
106916
104931
104484
110244
105443
107651
105027
105924
106692
113283
109348
110660
106788
131268
102596
104195
106051
103332
103523
106115
102692
105731
106500
104003
105315
105796
104259
106852
105827
104227
106019
104771
104163
104899
103843
105475
110467
106148
106403
105507
104644
107844
104516
104548
106468
104676
104963
106723
105252
106372
106820
104227
106211
103588
106339
106211
104868
105156
110596
104067
106307
106468
105412
106212
106532
103779
107043
104803
104228
127461
105731
104932
106244
105284
105699
105763
104228
107043
105220
104771
107267
106308
104547
107044
104004
105636
106884
104452
104195
106948
104228
106243
107620
105923
107939
103652
105156
107299
104099
103684
106148
103716
104387
114276
105571
105444
104483
106275
106371
106211
103908
105476
105540
104227
127876
104931
104932
106691
108452
109060
108067
114116
108259
108260
105220
110755
104163
105124
106115
104516
104067
105188
104579
105540
105763
111204
133125
105700
106820
106372
102692
106052
104964
105476
102948
106499
104643
104419
106819
103812
106084
105731
106147
108323
104131
104899
106595
102979
104100
105892
105155
106083
106403
103908
106660
106212
105348
106468
104132
109540
107844
106659
104580
106724
105924
105764
103972
105700
106979
105796
105796
108100
109091
104419
106051
103972
106852
106308
102916
104164
108900
103683
127269
106372
105123
104995
102980
107299
106883
107396
107268
103556
106819
105860
103683
105892
105188
104419
103780
105892
104132
104323
104707
105540
104644
108676
104643
106339
106564
103236
106820
104739
106788
105828
104419
103908
109828
105316
105252
104452
104420
106404
105635
107459
105155
106948
106628
106819
104068
105411
106947
103908
105572
103780
106212
105668
103171
102756
124100
104260
105667
106019
105988
104068
106692
104388
105763
103332
106180
105284
104387
104259
106787
104772
107395
106147
103524
105795
106339
103428
107844
106948
104420
106308
104931
103396
106019
106340
107076
107172
105475
104484
106596
103843
106371
103556
104420
106564
102883
106116
107364
107812
104707
108387
104676
107044
104099
106788
107107
105060
106020
105635
103908
105572
128965
105988
107396
106660
103523
105892
103587
106019
105763
103684
106308
126372
104643
104035
105891
105252
105891
106755
104387
106691
104068
106500
107556
109859
105924
106532
104547
105444
106467
108132
104292
106852
105860
108099
107204
105380
106404
103171
106627
106020
104420
106596
105668
109188
107236
106564
107491
106115
103012
104196
106532
107171
104740
106851
105220
103907
105572
106979
105219
104484
105795
105923
103684
106308
106532
106148
104387
114020
106756
104899
108324
104355
104900
106788
107395
106083
104036
107940
109827
103428
104580
107812
103715
106372
102723
106083
106275
105027
106435
127492
103139
108324
106372
104995
106563
106532
104324
106212
106372
103619
107108
105027
104484
106980
104867
106979
106084
104067
106788
106051
104644
105508
106340
106243
105572
106019
104387
107204
104899
105604
105828
103108
105892
106756
103619
106435
103524
106468
106244
104996
106276
105188
105155
107620
109795
104003
104452
106820
104163
108132
104355
105668
106595
106595
104452
130469
104388
105187
105923
103364
105188
106115
105220
106436
103491
106851
122021
105603
110915
107332
104196
107940
106884
105924
107844
103556
104163
127396
102915
103780
106180
105763
105444
107012
105124
106468
104163
104644
106020
109604
104900
107684
104035
107172
105348
106179
107812
106500
106980
106724
105155
105284
106468
104739
106724
106340
105284
106755
106308
105380
106947
106692
107844
104516
105059
107139
105667
104228
105796
105411
103779
103524
108516
107300
105732
104067
107172
106052
107492
105827
105187
106243
106083
108259
105699
105411
102980
105636
105636
104260
106244
106820
104291
106980
112772
105155
107524
106083
106340
105220
103779
107044
105411
107684
108324
126628
106051
106339
107076
105444
104868
106211
107235
105539
106116
106307
124804
105764
108419
106179
109124
106851
105603
104612
106627
103748
106435
125381
107075
105316
105828
104931
107204
106052
104035
107780
106212
104548
107460
105988
104899
107075
103075
107460
106083
108772
106852
107620
104867
108004
106820
106436
107332
106307
103588
105987
104420
107620
106308
108772
104196
106788
104675
105731
105860
106467
107683
103748
105667
107171
103780
106147
108356
105443
106851
108451
103748
107108
105315
106724
108164
105891
107716
124260
104707
106468
107620
105827
105603
105732
105572
106755
106596
107972
112388
103779
106180
106788
105732
107012
108003
106244
106148
104324
105443
107332
110660
106787
107876
106180
107204
104419
104803
106307
104771
105732
106308
109220
106148
107684
106723
108547
116964
129861
124420
112996
105156
128069
107203
124005
108387
108964
119748
107619
108388
122021
107620
106948
120516
105123
120356
105892
103619
119332
108612
105539
119108
110212
163622
115076
105284
120484
105475
106467
119268
108772
167174
109508
106276
131941
108484
120324
119396
105891
121668
106564
106659
118756
110628
113604
130564
110308
186566
111556
104547
119524
106788
119620
106468
105411
147141
107235
106212
118372
105795
119684
113316
108356
122052
106531
105892
132933
107076
105092
117924
107492
146725
106019
104516
121093
109092
105859
121668
108803
129925
113124
104419
118148
104995
118084
105380
104995
138757
107971
105188
126948
108323
107459
129125
107108
118852
107108
107428
139492
107172
104803
120676
107716
127300
106755
107267
234760
108419
106211
123972
110212
119556
105315
104356
119908
106244
103108
118660
112964
139493
108132
108131
149669
107204
106308
121668
105411
119812
106468
107651
122916
106372
104707
119876
108356
126085
107076
107907
230952
106244
105316
124197
108740
119748
105348
105219
120804
107267
104003
120228
107524
140869
110020
110307
162310
115012
109028
120164
106723
121156
106180
106083
124708
105124
119588
107619
105700
119364
106371
106852
119972
107267
109123
120773
111587
144965
107332
105156
119332
112964
126948
108708
106243
291178
108452
119428
108484
104836
121380
107172
104451
143909
104035
121540
115524
107108
119172
108419
109124
120804
105700
118660
105443
104420
140005
106660
103780
121508
108323
108868
130468
106276
121669
115684
108324
125220
107460
108132
121124
107332
120068
111172
106211
121573
106276
105635
128612
107908
119396
106947
103684
117668
107108
104164
121156
107652
108868
122853
106307
151717
114116
112452
122692
108004
119781
107076
104323
144773
109252
108835
118884
106820
108324
121636
105828
120004
105955
106244
120964
106052
106724
120868
109603
121093
105859
106244
113316
115652
108676
119716
106212
120484
106051
106307
119140
105956
105155
118852
108323
107939
123460
106948
146917
109860
106916
121284
107908
119780
105988
107491
148709
113763
109923
121828
108548
112420
119172
107715
119300
106819
106724
126244
107300
119364
110052
105892
120644
108964
107300
148997
109860
129572
112420
108548
113475
118692
109251
122692
110148
146565
108836
105571
148197
119972
106244
120036
106148
120805
104708
104643
118308
105443
108836
121284
108868
120996
106692
106691
113924
117156
107716
119940
108932
105571
122788
110532
121220
107620
107140
116900
106340
121668
106659
107843
123045
120644
108899
121764
107588
108900
121380
106340
120612
106115
106275
125668
107908
109732
120740
107140
117604
116932
107204
121092
106564
107396
124260
105667
107076
119524
112228
119844
112164
105924
127172
105572
107875
120580
106308
118628
108003
104580
121572
112036
107011
129029
107908
168326
118212
105603
120900
106564
104611
119524
107236
119332
110211
108580
138020
107172
106499
125476
107011
106243
119588
106532
121220
106468
106979
145093
116708
106563
118980
108419
115396
117124
105315
120868
105700
105316
122724
106148
120836
107171
107492
118948
105539
108036
148389
108227
107139
120388
111876
121380
110180
106147
120708
110084
107172
121828
108740
131428
116324
107683
122213
108708
106084
122180
107075
121381
110211
106308
124517
106307
125028
109892
104324
118756
107524
104611
120708
115172
108932
129508
118052
148165
110020
108484
123845
109955
111204
128100
107332
138821
106724
105444
130308
113412
105860
119876
107171
184135
111459
108292
120612
109027
120101
106244
108068
119108
110564
106948
121060
107876
141125
116228
109732
120964
112068
104676
119812
106275
120484
111171
105860
144293
106659
107428
127844
108996
122021
105284
106275
118500
107972
105252
120708
108163
106788
119972
108324
118532
114660
110756
120068
106500
107651
119620
106307
119236
112580
108259
119300
108035
105316
121349
107140
121412
107587
105796
119364
105572
106915
117700
110116
107363
119429
107652
128132
114212
106051
119300
107811
104868
118212
107172
118980
109571
106244
137989
109123
108419
124132
106499
119428
105412
104291
119812
104899
106180
121732
107044
119844
104995
106180
137732
115204
104484
119940
107364
118308
106724
105731
119044
106019
106244
122180
109188
107972
118212
106563
221352
118789
110500
120132
105540
119204
107236
106020
121604
109572
108835
121188
107331
118052
116004
109124
121028
106916
103684
117636
110467
118468
110052
108228
151654
114308
108548
120420
105763
129637
107108
105955
139589
107619
106660
119460
111812
118788
110212
105219
231207
115236
107364
123908
109060
122340
109252
104771
121061
106724
112900
122724
110404
140869
108036
106275
300618
107652
120068
105187
106052
119972
104836
105380
120004
105284
120804
111556
106435
121188
107203
106051
125092
107300
120388
109764
105827
120580
107011
104580
117924
108580
112164
120260
108227
145573
109668
104483
120804
105507
107043
120324
107204
118116
109380
107908
148805
107876
106564
123844
104931
118788
105283
105188
120964
106948
105091
120932
108996
107491
121444
105732
118852
105507
106404
119012
106403
106819
121540
108548
118692
109348
104643
120132
110276
106147
122372
106372
103300
123684
105636
121508
107651
105380
120292
110020
106788
120932
107268
107875
123332
110116
120260
105892
106563
119044
106468
104676
117220
108804
137253
106436
105476
113060
116420
105540
119972
109124
120036
105380
106915
136421
108131
105028
117732
108323
120708
108228
109156
272745
111492
146181
106691
104356
118212
106563
106724
121892
106852
118276
110468
106308
137509
105892
104067
128773
105187
120036
105923
107460
153989
110947
106052
123460
117092
125220
109763
106884
149061
107236
118532
108099
106596
142277
107043
105956
118532
108228
107652
119140
110276
153029
114948
106371
150373
112900
120260
107939
107428
120260
107843
105892
120964
108931
108932
127813
110500
118788
106628
106851
118948
106692
107876
119300
108099
138725
105476
105347
119492
113412
105476
121252
105252
120420
105412
106819
143781
105955
108100
119780
109860
120548
107396
106595
109412
110819
116836
127876
106212
107140
121540
106851
119556
105188
107684
118788
106756
109251
121284
107684
122212
108932
104516
119780
107076
105188
122404
108131
144964
108260
108004
119684
107267
105476
121764
105955
119909
105156
105571
135332
106340
106019
117508
109156
119172
107012
103715
117220
105764
107108
126724
105315
105219
119812
106116
119812
107492
104772
118692
108036
108132
119044
109092
119940
105635
106756
118852
106467
106052
120388
107492
105508
123108
111492
118756
107779
108772
120004
106404
104835
118949
105124
119684
106244
108292
121092
108804
105316
120644
106852
119108
108324
105188
140004
109955
105027
118948
105892
106019
174246
108356
120292
106404
105796
126468
110788
119588
107268
108100
120964
105027
108740
132836
110052
118244
108740
104323
121476
107428
107780
119460
113091
106659
120292
107652
139877
105892
105763
118564
108900
105635
121508
106467
120228
108964
105860
126149
108164
106308
130853
107587
120676
105124
107044
120100
105668
104835
120292
109411
110659
120901
111556
119332
113123
108324
121636
107396
105604
121092
106788
121092
110980
106883
124612
108068
106659
130053
108484
140101
104131
106660
119332
105827
106435
119716
112260
122853
109155
107076
139461
106308
105476
119044
108356
117508
106787
104612
119908
105827
107139
122244
108964
106724
118596
106531
120164
107012
107140
119524
107972
104867
124740
106883
116996
108196
109859
119524
108068
105763
127716
106436
104515
122820
107844
119620
107684
104995
120036
109444
108196
118884
109252
133541
110244
106467
119588
105124
105764
119780
106083
120804
110147
111972
136805
106948
108452
126884
107299
120356
106724
106467
121572
109092
104548
125060
110404
118308
108612
105283
121828
108899
106564
120932
108419
118885
113508
107812
122660
107588
104324
128293
113156
111492
232456
115588
120484
111940
127396
109667
105764
122148
106435
106276
120580
109283
119364
110660
107875
121444
110148
108451
119205
105124
117764
104771
104323
125380
106500
105252
120420
109316
121988
107139
106852
121316
108868
118276
107044
105444
120485
107876
105667
121668
105508
107107
118724
109956
121092
109700
104323
119236
109507
106116
119972
104835
118852
105507
106308
140900
106659
107300
119524
107971
105924
118564
107139
118596
109859
105828
125604
106467
120036
104836
104164
119876
110084
105091
119748
108195
106820
156197
107459
120356
107075
105476
119204
104740
106755
118596
108068
143077
110084
103652
119652
108260
105060
119588
105860
119076
106820
105443
126244
106148
105731
119268
109124
118980
107715
105412
119044
106084
107204
124069
109732
119332
106051
103875
119780
104964
105316
119492
110116
107492
119396
105860
122372
109796
107492
120132
106595
106403
119844
105476
140197
110915
110532
130404
112100
108580
119012
108324
120388
105924
106244
136901
111908
106340
149509
109668
110851
123492
107748
121316
107204
105732
119716
104867
120100
107939
104003
120708
105699
105475
117796
109796
122340
109060
107235
118884
108099
105252
119876
105507
120453
103812
107555
139813
105540
106308
120420
110340
120229
106499
109412
121508
106308
107300
123908
108516
108100
119012
106372
119524
105283
104515
117060
111780
107428
118756
107427
119652
107012
103843
119588
105668
105444
120644
106180
104260
120676
110436
120420
106372
106339
120260
108452
104804
121156
106915
118596
106084
104931
117444
108612
104867
120516
107012
106788
128741
106340
118404
105732
104676
119364
105284
104483
120548
110563
107684
119396
108036
118660
110211
107268
121444
105795
104676
119876
108068
105187
118372
111428
146117
106787
107715
146085
106660
119716
108196
105188
120196
104708
104419
126308
105251
104676
119460
107459
126884
111460
105412
120644
104131
104900
122276
107908
118212
107140
106884
120292
107364
103811
117732
111332
142021
108612
105572
119876
108868
109411
119684
105187
120484
106148
104643
126468
107044
107684
120196
111107
119044
109988
112260
119620
124324
117700
125189
111331
120997
108100
104196
119620
105828
120836
109860
106628
140581
110115
107491
147333
106724
122084
107172
106115
121540
105380
105796
121892
108324
117860
109796
105603
118404
105731
104868
121412
104835
105380
119588
104996
120612
106052
104867
117092
110692
105923
118404
107395
108036
122212
107235
119044
103811
108132
118660
106051
104740
119652
110276
134148
108164
106723
120132
105124
106660
117796
105220
105892
118884
106019
141093
105860
105860
120516
110660
108260
117796
107364
105571
120132
104516
136805
104900
104995
119972
105475
105124
120452
109508
118884
108323
109795
130341
112004
106244
120068
106883
119108
105252
107012
119780
106180
104611
121380
109764
129061
108804
108292
121348
108164
104131
119140
106372
104708
122052
110404
119012
104772
105731
117444
109156
105571
118788
107812
139653
112644
106755
120516
105540
105412
118308
108004
119812
112164
105028
121509
108036
111556
128132
108227
122020
114916
106276
122116
111012
110948
124036
108036
119684
109892
107972
119524
106627
106628
121381
108035
108356
120484
105955
121796
106276
107587
119653
109156
110404
121060
111043
136805
106211
105604
120612
107267
107876
121444
105892
118308
109795
105572
142405
108964
106948
148165
106852
121124
104228
105507
118340
104548
105060
221800
111140
120484
107779
104644
174726
111587
106307
119300
106500
141765
107620
104964
120260
110148
104451
120452
109124
121540
107780
106275
134757
115108
108452
120676
107075
117796
105284
105284
120484
105956
104739
122468
107459
106692
118436
107492
174118
109892
106979
120548
105956
104867
121060
109956
120164
109764
109444
118340
108612
107044
129220
108899
140389
105668
104867
117956
105924
105347
119940
111716
119396
107780
105219
205863
119556
109059
118884
108739
117700
105476
106692
119396
105411
104420
118948
109636
117636
107140
107748
142276
118340
105987
122852
108900
147653
105412
112036
118852
105987
121956
112195
111300
128996
113764
107044
124644
109252
127172
106595
108324
120900
106884
106852
119460
108227
136037
107940
106947
141637
115908
105891
121284
107171
119588
107364
105732
137669
106243
106436
118276
108355
106596
118180
106243
140004
116164
104707
121060
108356
123460
108675
105604
120292
107716
108996
120164
106915
232456
111747
103652
119876
105475
104964
119364
105059
119076
110404
108163
125189
108164
106019
161990
105764
120964
105603
105604
118628
105667
103908
118116
107747
118788
105892
107875
121540
106244
105348
119428
105188
141317
104707
105508
120868
105284
104963
121828
108964
107395
121412
108196
143173
106724
106724
119172
105923
104868
120452
104931
119813
107556
107139
137925
106851
107780
120868
105091
118820
106499
109476
121092
107491
104643
124452
109796
118468
111556
106819
119332
107652
104259
121572
107044
105859
117347
110660
119780
107748
104035
121156
109188
107875
120964
105924
136708
107588
104931
119140
105283
106916
121028
106948
120772
109668
108324
138820
111460
111620
147333
107620
113028
116132
107684
121956
105859
104580
148069
111236
121572
108356
106563
138277
114692
119076
107843
105283
146501
109283
107748
121284
110788
106340
122884
109796
119876
106756
106019
126596
107524
105955
119620
106628
118692
109540
107140
126308
111747
107300
129636
108292
120708
104259
106628
119620
105060
105892
119556
110788
109188
149989
105635
152325
108676
105027
120805
106531
119108
106564
104515
140325
108100
106851
123012
108420
105443
146629
105572
119908
106788
105028
125285
104420
105988
120612
109955
129669
110564
105348
262217
114532
149317
107203
108900
121988
106563
104931
119268
108228
118500
108292
106884
121412
106563
107972
123941
105988
120644
107107
105348
120996
107332
104643
125924
112548
122468
108292
105283
126724
110564
110276
121028
106979
136868
106499
105924
120676
113252
105379
123493
108676
115204
117188
104900
126501
107044
104419
119428
105092
117988
109860
106595
119524
106052
106915
126148
108580
104099
120452
105315
119716
108708
105156
118884
109188
106339
121124
109892
149477
108163
107876
120132
108004
106692
119044
110020
192998
111715
105379
149029
108004
212295
114052
105187
122020
105700
118852
107140
109476
121156
108484
105539
120836
106372
169990
113252
106084
126021
106755
106564
119588
106275
118212
109348
108932
120356
106307
104932
129348
104772
120420
105892
106436
121061
105156
105764
120292
108259
106980
121444
110020
122564
109988
106852
118180
106628
104931
119140
104227
106980
119268
108676
167461
106628
104611
207143
115652
122372
110051
106436
120260
107044
122564
112356
105764
121092
107492
105891
120804
106788
162406
114788
109219
120804
107268
106755
119493
106148
119332
108324
106147
125700
107236
106787
122852
106436
105284
119556
105571
118852
107235
103907
121284
108868
105988
119972
106628
108676
147173
107716
120516
111460
107075
117796
108324
117732
108387
108068
116964
107652
109892
128740
106468
105828
120356
108900
118916
107043
106756
118500
112228
110948
171366
114916
124388
107908
106788
146597
106372
119076
108804
105475
120676
110404
108771
130564
119684
126980
107044
107171
125893
108676
120036
106115
106852
139429
108132
109539
121445
109284
108196
128324
109603
123364
114500
109315
190599
109060
119780
107780
105060
118628
106052
106499
153701
107844
142948
114564
114403
121604
108324
121284
106596
109571
151077
112131
104963
128229
107619
120292
107236
106628
118532
106180
107716
146629
108324
135013
109860
108387
111172
118308
108675
119140
106500
119076
104451
106755
134469
107972
107076
122436
112484
117700
111844
108355
121732
105796
106020
122084
105796
104196
118788
104643
118852
106915
110563
121892
111780
121220
111300
104739
120740
106628
105219
119396
106052
107332
118596
105667
119844
116516
112164
129924
110083
109443
122116
110788
147397
112675
106532
125444
107076
105380
119844
106628
122820
107172
109923
115972
114756
121956
111044
105891
119460
111524
108996
123076
107204
104580
147205
106052
135428
107204
107652
291914
107684
120900
105220
106435
122116
107300
105667
122629
106019
119076
107108
114276
154181
110915
127844
109795
104804
269513
106115
120548
106276
108548
119972
109604
107780
119076
108292
137284
116900
107300
104739
122084
108100
121380
108995
129189
108227
106756
137861
108292
106019
145029
105540
121028
105892
105667
119172
106948
108548
129636
117156
150853
109284
106724
126980
106371
103907
120356
108356
147493
108260
106467
119204
119268
124356
108067
109284
168710
106275
107716
121764
106724
117444
107203
105092
118916
104643
105348
119492
110436
105699
126564
112004
118692
114884
106692
124292
105700
106244
122116
108611
122180
112548
110083
121285
115876
109188
145573
105955
123077
108836
105635
125573
108099
104388
118852
107907
118820
106564
105284
215239
107140
143621
106147
107140
119140
107843
104804
120708
107267
104996
120292
107427
138501
107844
105699
124644
112771
107428
123620
106692
121092
104995
109411
124292
103940
106147
118757
109860
147269
109475
106148
225447
115364
142181
103748
104099
119652
110404
104260
122820
108259
119812
109732
107172
152933
106019
107620
126212
110020
117476
106500
105956
121988
105123
105508
120164
109380
118948
106947
111140
126756
116356
108195
121604
109731
138757
105699
105860
121892
106436
106563
121989
113828
121348
107588
108996
203687
116900
122724
107011
108484
119396
105763
105060
118724
106788
135877
108515
108963
120933
105700
106916
127140
107747
105156
119364
109316
123172
110628
105892
119300
108419
120356
108100
108836
153925
111236
107556
121348
106308
118724
105251
108195
118180
106212
106435
120324
113508
152165
112131
107812
124453
110148
106564
111972
118564
119300
106308
105956
123940
105124
105155
119812
112580
119204
107907
105123
119108
117284
108483
119461
106083
119812
104420
107555
118596
105411
106052
119812
107363
121380
116547
105475
119012
116196
106115
120932
105412
104356
119140
106692
139300
105316
106755
117732
113732
107620
122692
108099
206087
114308
108772
122916
106756
119972
107011
106019
118692
107716
109091
117924
106627
134053
117572
105892
120164
104548
106595
118660
104708
106628
119684
111683
139813
109700
107555
129380
107811
107428
119748
106851
120197
107588
104708
124293
109347
108292
125860
111844
126692
108676
108740
120804
106915
106660
123781
107875
120420
109284
109252
128293
107267
108452
147589
107555
137381
107588
106179
119524
105796
106659
121828
112772
122468
108420
105795
161830
111524
107108
119684
106947
118852
106020
108803
120356
108931
105188
123300
110212
117668
107396
108387
225160
108836
122532
107268
107108
126436
106563
107332
119556
105987
118948
110404
105892
120228
111011
105924
125700
111652
119716
109860
106756
120644
106659
106372
118244
110147
106660
122596
108772
107844
125508
113252
120196
107011
117636
105668
107268
138501
108900
106851
120516
106500
108803
123716
108068
121252
109572
103363
125220
106467
104356
119332
109155
120644
105540
104099
143557
113636
105891
120004
106052
116644
106499
104132
118596
107844
107588
131780
112387
149253
115300
106404
119748
107235
104324
118852
107075
121412
112260
106980
121668
108196
108227
124388
110148
118276
108963
110340
119045
120901
109795
132356
115044
122468
117476
109956
107203
108068
104387
139109
121604
125573
113380
118660
108356
109252
124068
108676
120100
110116
106115
122660
105796
103811
120100
105891
122884
116484
107140
125989
111619
141476
110468
105124
146789
106628
106147
121317
105412
120004
108292
106020
125509
106724
113347
117924
110595
129157
105603
104452
150085
105796
128933
118724
106947
118756
107652
105860
118404
105700
127557
107971
105540
122340
108804
104355
120996
109859
105572
120324
109475
122373
108228
105956
179014
114020
122277
108228
105443
121092
108068
105156
119172
106724
107940
120036
110052
120260
107492
106499
115780
120196
107300
119236
106404
137733
106820
107556
120644
106660
107492
119620
109348
108324
120132
109667
131685
119044
106179
120452
105476
104516
120964
106115
118596
109956
107812
137413
111332
110787
130789
108964
119524
106595
105540
119908
107171
106371
117828
109188
118116
107075
107652
116644
115268
104419
121348
105540
105539
118468
105636
120068
105443
103652
120164
109316
105924
121988
109347
275177
111268
107235
119332
106980
120036
106756
104867
119268
107460
108260
120836
107172
142405
115908
107588
120548
107876
104323
119620
104484
164358
117508
108547
121092
107140
111524
130852
107524
120196
104931
108036
120644
106532
106627
120068
110212
110180
120964
108132
239848
116228
122052
114788
113220
170310
111076
108196
124068
110180
131780
107907
105572
117700
116228
120228
106628
107812
119748
107908
104867
119493
111716
106371
148229
107396
195783
112516
106563
121732
107715
119652
108452
105571
124036
105604
105603
118500
107396
120836
109891
107460
119236
106180
107043
121444
109252
120452
104740
107396
119396
108451
104164
119972
108196
118436
108484
106756
138821
112676
106212
121380
109763
106468
119364
104643
141861
104291
104708
117828
110851
109252
121316
108612
124132
114052
104996
123365
106916
106467
122340
107236
119268
110500
111140
120997
110180
108900
128740
109220
122212
106243
104292
120420
107652
105252
120164
108387
107716
122468
110436
126148
116548
109219
120452
105411
103972
120868
105283
136805
109988
106852
118692
107811
119492
116420
109219
120965
105604
105027
119108
106403
104068
119684
111652
122564
108995
109348
121381
107492
105283
120996
107044
121860
108259
104708
119204
105699
103619
117796
109315
105860
122309
108227
161734
120196
106116
119652
107716
106531
118948
107844
146853
108100
106531
117796
107108
111524
125957
111812
121764
114724
105955
122148
107300
120132
109668
105700
121476
107619
107428
164389
108548
143109
109572
110180
118948
108548
103620
119396
109508
118948
108708
104995
174246
112932
105859
122020
105412
118404
106532
106180
120228
106692
108323
121284
109444
109956
120324
110403
123749
113924
106980
118916
106500
106820
122372
109220
120324
111684
107332
152613
108484
149797
116004
107267
127941
108612
108484
119108
109156
119588
112739
108035
119300
107460
109124
127140
107972
121956
106083
105124
118820
106275
105188
117892
110788
127556
120485
107107
150213
107908
104803
121284
108356
119940
105571
107491
139301
109155
108484
119620
108964
106500
129412
106020
118820
107875
105220
122276
105956
103108
122404
110212
121156
107139
105220
145157
114340
104804
126117
109219
120708
109380
105027
120004
108580
104707
119108
112772
136036
108548
107395
122212
117252
115460
127493
109411
120932
110820
108036
118212
123204
109252
123364
109699
161414
120676
107715
120708
108356
129829
121572
109475
119492
108868
104643
121189
107876
105699
121604
112451
127460
113315
108740
122149
106179
151173
108836
106212
120357
108452
104804
129477
107140
119620
109796
109635
123620
108387
107523
127876
108068
106276
122628
109188
121092
107076
107620
119460
111492
110051
148325
108548
129284
121444
108804
120548
108483
110499
118948
106499
119620
108931
106372
117860
108292
108676
121668
108067
118948
106308
105347
120580
106852
108388
119012
109476
108771
118373
107620
219816
108932
103843
121476
107716
145253
105764
108547
121829
110244
106659
119012
107620
116644
119428
104708
120708
108164
103843
118052
104387
120228
107812
105828
119620
106595
107652
126020
106628
120420
104483
104612
120996
106179
104836
118436
107427
108804
120324
106116
126308
115492
107748
119780
108259
105348
122148
105891
147845
112772
110948
120260
105764
106212
121636
109412
119588
107780
104547
120549
105604
104483
125029
108516
117604
108419
107204
136772
114436
106660
121188
107812
120708
105923
107524
119748
105604
104707
119364
110244
105828
123397
106436
121508
117540
106308
149094
109636
106660
119684
106756
141989
109284
106147
120260
107043
105988
136356
110915
120868
106372
104964
227560
117508
120420
113540
109827
123108
107844
105795
146501
107300
144581
105091
104484
120356
106083
104579
118436
108420
122372
107939
107044
145349
115843
107684
120324
108451
119396
106148
105251
117988
106691
105092
118500
110084
117668
106564
108548
230984
115619
120645
110052
106436
119908
106244
103971
121989
105092
105667
121316
109988
117732
109220
109028
156966
106691
120740
106116
104675
120900
107812
103971
119908
107331
142053
108900
108036
129828
109220
105732
123364
108003
118980
106372
105700
118692
105411
106083
118980
110692
106180
164837
109059
196519
111652
108068
122884
105411
120676
106788
104900
119332
110051
106531
118628
108292
136996
107619
104516
118148
107364
106627
118148
104803
119044
107460
108643
118724
106275
104676
120068
105123
104196
116260
105347
119588
105251
106979
127524
111012
109892
120196
107972
117092
110820
105220
120004
107171
104772
119908
107555
117796
108547
109443
117764
108260
111235
118916
108548
136708
105412
106884
119940
106179
104740
120836
110211
127973
115268
104451
121956
105220
110916
127428
108516
119396
105443
106628
120132
106884
106275
119620
106723
107075
120868
109891
119972
107396
105539
120740
112068
140357
105380
107556
118276
110820
105539
122276
108323
122532
109188
107140
119844
110308
107139
121348
106788
121061
114788
104644
128836
108516
106051
123716
107556
119492
104963
105603
122468
107556
104899
119428
109924
108323
128388
112580
122244
108995
105444
121572
106596
108196
119268
105444
143045
106851
109699
120868
110723
120900
108227
105732
121764
109219
104708
119813
106692
108036
124996
114884
123076
111236
104548
122820
107267
104644
124356
106372
118500
106147
103332
119748
109700
109508
119300
109220
170630
111427
108516
119812
107044
120260
106467
105124
120324
108484
107972
129540
109124
122980
109476
108036
118148
106276
104740
120580
105091
119204
110948
107683
120805
113699
108483
187014
118180
122820
111716
111172
155845
108484
121028
108612
107716
124100
111331
109508
120836
106595
119684
109700
104420
120068
106243
106820
119460
108003
106883
127748
107012
140420
106276
104643
119460
108804
106147
119908
105956
118212
108996
111652
153862
111108
105828
123300
108644
119972
108963
104292
120260
106980
106851
118980
109092
111684
150726
111332
121668
110148
104195
128420
106788
143908
104004
105987
119140
109732
108964
119780
110404
120100
107716
106692
124069
105252
108131
120740
106308
118852
110052
104868
118308
107395
106147
118916
106211
104772
120900
107972
121988
105955
106691
118788
109060
135493
108996
106372
118052
106915
105220
119524
108163
106148
119300
107907
140388
106148
107779
120964
108868
107043
120036
107236
119556
106243
105540
124644
105668
106148
116900
108740
119652
111843
106532
120356
106371
106148
132484
107972
104035
120356
106340
120260
106307
105540
120964
112420
107780
121412
105987
120740
111524
104355
120804
104932
104675
121156
106180
105188
120996
109060
130916
116292
106691
120804
106180
103939
119844
107299
139908
106596
104515
119780
107428
104099
119044
112355
123492
110340
105668
131621
111748
118852
108580
105539
120292
107140
105891
118692
108932
148965
109348
106723
120228
111491
106212
120036
106276
119748
106532
105956
137701
117700
111044
121220
112100
146117
109380
104772
121540
110372
107523
129892
107300
120292
107235
107396
121604
106308
104964
117700
110404
108419
121956
107076
120292
106628
104739
120804
105507
117476
109124
105155
145957
107619
106756
118468
107492
107267
122116
106756
120708
106787
104036
120100
105924
106339
119044
110852
107715
121733
107555
129636
107396
104803
123140
107011
105347
118180
105508
120548
109860
106755
121316
107139
105828
128452
105732
116900
104643
104548
118340
105124
104228
119332
112387
105604
123780
107651
234632
117283
106116
118084
106051
118692
106596
105796
125860
107139
104803
119076
105956
119460
105251
106404
119877
104900
106340
122116
107236
104547
121220
107779
121188
108899
105540
121700
107364
104035
120452
105763
118404
106884
106627
120196
103428
104708
118116
110403
108036
122020
113156
172838
112644
109060
123428
108804
118724
108675
105508
126148
109700
106979
127204
109092
123908
109636
114948
122180
113476
110243
123460
107172
120548
111204
104835
145061
108644
106660
122308
109412
139845
106980
106852
118756
104291
104292
117124
107844
117860
106595
108292
122372
106244
103555
118212
104996
103780
117444
107715
118212
107428
103236
122405
108740
105220
119620
108292
116228
106851
104739
120548
104995
104484
125764
106883
104868
120260
106884
118596
108964
105283
118756
107332
105444
119108
105188
118884
106787
104612
118724
105411
104452
119492
112836
136901
107268
103811
119876
105123
104484
118980
105283
119844
104836
103684
136676
107908
104516
119748
109188
105796
120196
106532
119652
105603
103715
126564
105412
105251
118724
105092
118756
113380
110340
120228
107044
104643
130308
105795
120549
105860
105027
120356
104900
104900
123972
107587
135077
116420
110051
123172
108644
104739
119877
106052
120932
106083
103748
143140
109667
108708
117764
106115
111651
130117
106340
120036
106499
106084
123460
115748
109412
119620
109188
124740
110468
109924
120932
109027
128580
119044
106052
120612
105123
107236
119140
114116
119172
111044
108964
144549
108227
105444
119908
106500
107588
119460
107747
119972
105572
103363
119716
108227
107075
121924
107619
118468
107044
107811
118820
108452
130404
120356
105860
118980
108068
105635
118564
108579
117860
106276
104868
140229
106212
104291
118756
106500
106531
120324
108836
121348
108868
106467
129540
104900
105603
118692
108292
117540
108708
104740
117028
105411
105891
117220
113700
120612
105635
106244
120485
105316
105763
118468
105220
107587
121093
109667
119845
106660
106339
119588
109700
106403
117636
106916
138532
109444
105732
118372
106980
104580
119876
105411
105732
116740
114756
144773
108036
107491
122053
105923
107235
119748
104900
118596
106884
102819
123172
107652
106755
122980
110116
224712
113028
122500
106372
106883
155814
106788
104643
121636
112260
106500
118468
107683
120996
109220
109444
121540
108516
119492
108099
107684
118660
108740
110020
120228
109795
128100
127556
112004
119780
105956
107908
119940
106083
119684
107492
108899
121252
107043
105668
144453
108996
108900
130340
114020
127524
115748
108388
123140
114916
122852
115364
109668
119620
108355
107843
119236
107684
139493
109092
107779
118660
105220
108196
121540
113636
120100
106147
105444
119268
107908
120420
109764
106659
119556
105636
105220
117892
104707
106084
120644
109316
118724
108676
106916
119300
106243
107876
119748
107460
107619
118756
105027
119556
107299
111396
120036
109924
105380
121060
107011
139748
107139
104644
119556
106051
104707
122148
106116
117284
108772
107812
167334
107715
108003
119716
107172
120229
105828
104771
124100
106244
144101
109732
107203
118948
106596
107940
120452
106212
117700
105796
104707
136965
105667
104996
122021
108772
107331
120036
108868
120644
106083
105764
120516
107587
105763
120164
104739
119716
107459
105188
121540
108420
107076
122308
106308
120484
106755
106723
120196
106532
104899
120260
108708
105316
120612
107907
118596
109123
105444
118628
106307
106340
119620
107268
138980
108067
106404
119172
105956
109092
121124
106788
120676
106276
105507
135429
106084
109124
121252
114596
107748
124165
113668
119140
107491
109060
123140
107684
120484
106819
107235
122245
110980
106436
111908
120068
145829
109764
116868
122020
108291
108963
119300
106243
118980
108548
106435
118884
108484
107683
119204
105604
117316
105187
105284
118372
106340
103267
124196
107460
107779
121508
109316
120996
106051
107652
120420
108675
105540
120324
106372
119364
110180
108547
121060
107171
105540
120484
110276
136453
105315
105124
118468
108036
105603
117636
106115
105924
120676
107107
138853
105507
106916
119012
106468
105379
120292
106820
119460
112004
105091
123012
107139
105348
119972
105347
105315
121060
107651
120804
106019
104452
119300
107556
108036
117412
107012
121092
106019
105092
120900
104740
106563
124580
106755
105060
120773
108100
119428
107300
107204
120484
104835
104708
120004
106820
121252
104676
107300
117956
106627
104260
120676
108131
106372
121092
108292
122628
106787
106372
120900
106788
109252
121380
108036
147301
112259
106179
120260
107652
108771
122821
109124
122148
107587
104996
121956
109316
108612
118436
109156
120516
107619
106276
122084
108420
105827
121988
108035
105731
120836
107524
118308
108899
104036
120036
107780
109028
121220
108740
114084
120100
107555
117668
106980
106083
118948
106723
144484
110340
106307
119780
107204
108228
120356
103683
118020
105412
106980
138693
107204
104932
117764
110563
105572
119588
108163
123940
108579
108356
119236
106532
107684
118628
106115
118628
113988
110084
119876
106948
111683
122949
105635
120100
105060
107267
118916
104260
107972
120452
108739
138117
108004
106659
120612
107075
107587
120228
105092
107267
119780
105092
140036
104548
105731
119780
108707
109572
118980
106307
121604
107652
108995
123556
104612
107619
124580
111652
120548
108420
109923
121061
106819
107908
120004
105507
121828
107011
102531
119524
106947
103492
120836
107811
132485
121092
110595
120773
107747
106435
119204
107812
117124
105028
107492
136836
110436
109123
120324
105508
111940
119076
107556
119748
107428
114308
122180
107427
119940
111779
106243
119748
110020
105924
120100
106244
107844
120388
105059
119652
106244
108355
123204
112484
112132
119780
106787
139588
108196
106211
121348
107587
104068
119812
108996
121284
108931
109636
124772
107844
106755
121764
106308
117604
107044
104260
119908
105028
104868
120900
106179
106916
119364
108676
120036
106724
106084
119460
106596
105571
120644
106052
103652
119012
111427
120837
106404
106947
121348
108740
105700
120964
106372
119716
104996
107428
119620
108227
105988
120356
114020
138149
108868
105604
121412
107620
107267
120516
104996
104996
118372
105860
138213
110116
106627
120196
108260
109923
119620
106084
119364
107427
108004
123620
105924
106532
121412
113764
120068
107396
104483
119140
107491
104676
118372
105956
118308
107460
104195
119748
107395
109572
119332
112707
133220
128485
124612
127460
113956
110627
121732
107460
117668
107428
106819
122948
111204
120484
112484
108963
120420
107299
105412
119108
107331
105636
120741
106980
118404
108483
105603
119332
107844
105891
119236
107140
143173
106692
105315
117764
106115
106500
120708
107587
104963
117188
108868
136676
106115
105668
120260
107268
105700
120260
108419
119940
106660
105475
126244
107012
105667
121636
108388
120356
108259
108836
125060
110340
142085
109796
105443
121540
106084
105732
118884
104995
105731
120132
106788
138437
106884
109700
119428
108803
104356
118596
105476
118148
106532
105316
142692
109347
105635
120228
111588
121156
106852
105892
119428
106468
106819
122372
106244
107363
118308
105412
119620
106115
107780
120068
108132
106820
118852
109316
117796
105732
105316
119204
107940
105156
120068
107427
104868
123461
114788
119908
108932
107876
119204
111716
108964
119300
106627
142181
107428
104612
121956
110212
108611
119844
112964
204615
108868
107331
122628
108356
122084
105476
106915
118244
111812
105731
123333
108548
144101
114531
116132
131556
112100
107876
119812
111684
119204
111747
107396
123204
106436
106468
164965
106692
119845
110755
106756
118916
104643
106500
119588
113284
121381
109636
105187
116196
119300
106371
119812
106308
142565
104836
106723
121124
108868
108260
120068
107747
118692
109155
108100
114404
114500
107940
119972
106467
104644
119684
109892
121092
106275
109124
118692
109348
119908
108836
104163
114404
117476
107907
120388
106308
119652
119172
108260
120612
106307
107076
118852
109731
106788
118116
105796
202214
116868
107651
121060
106820
104067
117732
108932
119588
111267
105571
125252
107460
107364
130629
106372
119684
108452
106308
121508
108388
107267
119717
113475
119268
106339
106372
124708
109284
107076
118436
106435
142053
106820
106724
118212
109508
109476
146468
110436
119716
118180
108612
128516
112420
108419
120548
109988
107972
119492
110916
121924
105700
104675
195175
113380
120036
109252
106659
119652
109475
105508
120260
114980
147941
113636
109156
134788
109924
108100
121476
114468
126917
108260
106787
118532
110628
107075
160838
109603
119364
109444
106467
118820
107236
105732
120548
109027
121220
107236
106179
119396
104836
108259
117828
111300
127908
120004
112548
121732
110500
107620
120004
107747
121381
108740
107364
126181
109667
109668
117956
108707
120132
108356
105187
119524
106276
107300
119748
106756
120964
110308
108291
120580
108004
106307
127460
108259
106500
122884
106403
120004
107652
105380
119332
114980
108515
120516
107683
149893
108548
104580
120005
108132
106340
117412
106212
117668
107972
105859
148549
109700
106979
123108
108964
120517
110116
106691
119652
105347
105828
125157
108611
109028
149733
106467
147781
120164
105124
123716
106308
136292
110563
105092
118276
107555
106820
119813
109764
107204
148037
108131
142373
114532
111812
120548
107236
121796
108196
109123
119429
106723
106980
152486
110564
119588
107876
106915
117124
109252
107107
120164
109859
144228
109379
109028
121316
108580
108195
123237
108099
118948
105667
107044
140293
107715
107876
122916
112132
120772
107332
107747
119812
110308
111076
124068
109700
121380
112804
110692
119300
111172
117444
131813
109796
146629
111332
111715
122693
107587
107972
128196
107236
121060
106627
107332
126884
109635
120356
108932
108164
119300
111524
110276
148069
106340
107460
121924
106019
119364
109220
105955
118660
109091
108356
121348
108100
144869
106404
107108
121988
108484
108996
121284
107107
107140
120164
110756
136932
110276
107332
120036
108708
107555
120292
108324
118788
104900
106723
123940
105860
107364
118884
105923
109188
121572
108067
123748
107428
107715
120548
108451
120292
107620
106851
120676
109220
109860
119108
108323
133156
130404
108164
123300
106244
106884
118756
105155
107012
120676
113987
140549
105827
106628
153701
106660
109699
119812
106180
119044
106787
109540
124645
108580
107716
120356
113027
121604
106948
107780
119940
107331
106916
118116
105444
106980
119236
107779
119492
107428
107459
117732
108772
108100
117444
106468
120868
109124
109316
120868
105443
108036
119460
106212
124965
120612
110948
120964
108516
108099
119012
108355
107940
120772
108644
119108
105796
106147
119748
109892
105028
118788
111460
119236
105539
108004
123076
114084
113892
127140
112740
120420
110084
111556
127973
111395
147813
110628
107972
121700
107012
106756
127844
105636
106276
120612
110947
138404
106468
108324
122148
110820
108836
119300
106307
120485
110147
108227
127972
105636
105252
122852
109092
120900
109732
107555
120164
106500
107107
130788
106084
107524
120068
106307
119524
105636
108132
121284
112868
141093
107044
107011
169318
112452
107523
120868
105796
120868
106148
105059
120452
108164
108932
121220
108132
107139
144581
104419
118564
106947
106340
121348
105924
105571
120100
111364
121604
109667
109060
124228
108164
128677
118244
107396
121028
105860
105955
120132
104484
106596
119012
109156
126308
128260
109252
369420
108548
118564
107203
105572
120612
106723
105444
121444
109764
119684
106563
106532
120580
107492
105764
120164
109699
139973
106116
108836
118884
105412
106788
118180
109156
119396
106979
105859
119588
106627
106115
120100
108452
119716
105955
106148
119845
106276
107524
125188
112260
107715
120228
108899
120292
109476
106852
119428
105603
105188
118052
105123
107044
118308
108099
119844
107748
106884
147973
113572
122948
119844
107172
119620
106211
105380
117732
106915
105380
121700
110884
159429
107620
106979
119940
109060
106147
147301
108323
122053
107907
104772
123236
109348
105603
121700
108868
118564
107651
106948
118500
114724
108676
130436
110852
145317
108515
105443
120292
106820
104227
118884
108291
131397
120644
108740
120100
105860
105956
120036
105059
107203
119332
106435
144933
107364
108580
121701
110756
105796
120580
106852
105188
121124
107588
140069
105188
106340
118692
109539
110563
120996
105731
125732
113412
105380
120484
111556
106276
118372
109027
119876
109348
106756
128164
110916
109956
130468
109444
120580
109475
107556
120260
106691
107939
125380
108324
159845
108196
107363
146661
107396
106052
122565
106084
120996
106851
106627
119012
110884
109187
191335
106948
141573
121700
108195
121445
105731
140229
106083
107204
122212
112580
105988
119588
108387
107684
129796
108100
140261
106595
106787
119492
104804
105028
119300
109028
121348
107236
107427
125828
112643
110211
121604
107780
121284
107908
105891
118340
106692
107684
121220
111844
118116
108707
108708
112132
121156
108036
130532
113828
192903
107524
106788
127140
108643
106532
119268
108547
119556
107555
108612
125700
107876
106436
118660
108036
121348
109124
108484
119300
105891
108068
121668
108228
117668
107268
108900
120004
106660
104835
120100
105668
107139
122948
106563
118724
107940
108260
119876
109380
108740
120644
109476
142629
107075
106308
119300
107395
108132
119876
107204
121700
111844
107908
124165
105604
108708
128164
113091
105892
120260
107811
120516
105860
105732
125572
113796
107139
120388
107107
120900
108100
108099
119748
105796
107716
120068
105764
104068
121060
109828
119748
109892
105635
120836
106691
108260
118980
107684
104355
117380
105955
119012
105123
107555
121669
110180
108420
121860
106468
128324
109859
105828
120612
105539
108771
121764
104932
125188
120292
106756
123044
106115
107139
119428
107044
104452
120676
105380
138693
108068
104387
117764
105828
106500
119908
109284
107716
119364
108867
142821
111396
106243
118596
107075
118756
105636
106627
116644
107651
108899
133124
112132
119812
110563
108548
127493
107748
107172
127556
105379
145669
111971
107460
122340
106083
111396
131524
107940
121956
106500
106916
128421
105668
106692
120004
110852
106883
119012
106659
119748
109027
105316
121380
104611
104708
118180
109796
121604
109636
108836
122020
107011
108196
122853
107299
119396
108419
105348
120676
105923
106180
120612
110596
129380
119172
110083
113060
104387
106499
106564
103875
105636
109540
105316
103491
108579
107427
105827
107972
106467
105443
104804
105924
105348
104547
105732
106979
104260
105859
104580
106596
105796
106340
106531
104771
104995
107780
106243
104132
106404
104548
106179
103300
106788
104068
105444
106564
105860
124805
108227
105283
105348
103587
106884
105347
102404
105732
106692
104003
105732
104547
104227
106339
106468
107396
107620
103395
106948
105700
103555
105699
108035
105732
105891
105060
105923
105476
110052
108099
106787
107139
106532
107236
105604
105923
106467
104803
106244
109540
103619
107300
108867
105636
114627
104996
109508
105988
104580
105219
103332
106723
106531
104579
107012
126309
106595
105924
108228
104035
107715
106980
105828
104836
106628
105316
126981
109155
112612
108132
110212
107876
107363
107267
106724
107204
107620
124260
107012
106115
107428
106531
105891
106179
110788
106979
106595
106596
106916
107236
107971
106147
107363
106660
106724
107619
106212
107236
109028
106947
108100
104963
105636
106787
106148
106051
105508
106307
107236
105092
105860
111076
108772
105379
107012
106211
107043
105027
106884
105188
104484
105059
126021
104164
106980
106628
106371
107588
105059
107108
107267
105315
106148
106564
106244
105315
106531
103235
106212
106148
111620
106275
106275
103332
107811
109123
106084
106788
105667
103908
106915
104676
107428
105316
105604
107396
106724
105347
106020
106404
103428
106660
104228
106339
107171
104772
106852
123204
111204
106915
106211
104836
106755
104099
104260
107683
104132
105379
144677
103971
105732
105827
107780
106947
106019
107395
107076
105700
104868
125572
103940
106020
105091
103844
105604
106052
107492
105891
104995
106435
104132
111716
106244
106851
103203
106052
105796
103396
106019
107011
104932
106947
109411
105572
105956
106275
106340
105348
104804
104612
105795
108036
104100
106692
107780
103780
105316
107331
107491
108132
104324
106308
104868
106148
112612
103875
107140
106020
105636
106980
105859
108292
110532
108675
106595
107716
105539
104100
105444
105988
105732
105348
106019
106627
105252
103236
127652
106564
107427
107524
103907
105476
105700
105156
104932
106084
105476
126725
105539
103684
106052
104772
106851
105411
103587
105795
105251
104356
105412
105956
106148
108708
105732
107747
109444
107012
102852
105667
105444
103459
106500
102947
105475
105091
104196
105091
109763
106436
107844
104323
106628
105155
105220
103844
106276
106147
104771
107139
106659
105700
107396
107268
126341
104835
106596
106724
105443
106179
105731
106179
104900
105060
105475
104899
107523
105764
104963
107428
106340
106436
103364
106275
106084
105955
103715
106660
105348
103811
105699
105955
106339
105796
107588
105284
103523
106051
110019
104324
105028
106532
104099
105668
105411
104868
103172
107044
104899
133445
106308
104388
107940
103972
107076
105252
103844
107235
105571
104036
105220
109636
104515
106339
104996
107652
106916
104995
109539
106403
106212
104579
107459
106212
104995
106852
104227
106980
106532
106659
106371
107395
108355
111492
107204
104707
106883
105795
106915
107940
104163
106179
104964
109444
113764
104836
107300
106628
105187
106788
105316
104003
106276
103779
106083
126277
106276
103876
107332
104196
103556
106180
104708
103331
106116
103587
125892
106180
104003
105027
105764
107139
106147
104164
105091
106052
106436
105828
105572
107363
105283
105892
103812
106084
107267
104644
105796
104260
104259
105284
103875
106180
105923
106019
105091
106532
103204
106404
105443
105124
113891
104995
105892
107492
104771
106116
106148
104515
106755
104932
104419
127620
105316
106628
106052
105187
107652
106532
106276
106019
103300
105412
126564
102884
107076
105603
107012
104995
105347
104324
105924
105283
106276
107043
105668
103555
106179
103908
106179
107524
105796
103971
106339
103844
104547
106499
105284
104356
106020
104324
106532
106308
106980
106116
105635
106307
109955
106211
105124
106788
106243
105924
107172
104515
107332
105764
105123
105604
106307
106756
107555
105571
106532
104292
103587
106532
104035
106468
127204
103971
105892
107076
109027
108740
109636
107203
106083
107140
106628
112836
105924
103043
106883
104932
107524
107588
105955
107556
103620
105892
126500
102947
105796
107684
103139
106660
107556
103332
106243
105924
104035
127524
105859
105220
106020
103971
107204
105732
107715
105828
103844
107043
131685
105700
105091
106948
107491
103843
105955
104580
105316
106308
103523
105732
108451
105060
105764
106244
104995
106307
106596
107812
106308
104803
106500
107331
103459
106563
106499
106275
105475
104387
102916
106148
103492
107108
125892
104836
104003
106244
104067
108995
107907
103012
106308
106403
104132
126692
105763
106660
107076
104515
107748
106691
104580
106020
106116
113092
126276
107715
105924
105955
107428
105956
106404
103235
106947
106915
107331
125604
106628
106404
105540
105316
107940
107396
105796
107139
107748
103971
136100
105860
109956
107652
107491
104355
106211
107203
107139
104068
105508
128741
104964
106947
108067
104900
106724
108740
104771
106788
106116
105091
162502
126596
111044
121316
110884
109188
123941
110979
122948
110020
107012
121092
112004
129444
110212
105636
118852
108100
105700
118916
108835
134308
123812
110468
120132
111843
110051
172358
106532
121380
106820
109219
121252
114596
166405
112580
108548
122372
110660
120100
107524
104451
128837
107652
108260
118212
112516
122756
114052
108324
115172
126277
143045
106691
108708
126404
112932
106819
121541
110275
119748
113827
112100
122276
112708
129508
113348
109891
118564
113924
110595
129733
118468
121476
113316
110052
119812
112196
118340
112963
113892
120324
114180
145317
113156
115204
119204
116740
121060
109956
107012
119268
106820
131205
121604
110180
119076
107524
105572
119716
103972
106755
119524
109476
137797
106947
107300
117668
105412
108420
120260
108451
120804
107940
105220
124484
106211
103651
119268
112676
121892
105348
106308
151205
109091
131301
119492
108516
120004
108676
104900
119972
110052
107075
121892
109123
120804
121156
107972
120868
106787
104996
121220
103396
118788
108675
107844
124868
108003
106532
122148
108132
118980
105955
104772
119620
104867
106243
119716
113635
108355
120772
107876
130052
110244
104932
119076
108611
141349
104516
104611
120004
112036
107396
129380
107907
106883
125092
107172
144069
105156
105539
119300
114084
108675
129701
111971
121189
109668
106019
123908
112003
106500
119812
107747
119588
105924
107300
117252
107268
105572
121988
111011
119236
110275
106691
119268
106084
104419
119588
105476
129445
119908
106083
120580
108676
105220
119780
108196
105860
120484
106627
140965
106468
105475
119300
107396
105635
119812
116612
120772
113988
106884
128740
107236
109187
123140
108451
122212
107108
106820
118468
105699
107620
123012
111107
119172
110755
105060
118660
107395
104452
119524
104867
142469
104452
107235
120676
104772
107972
121348
108964
110084
119108
108388
124868
108932
107908
119588
109316
104868
119941
104964
120868
111524
106787
126372
106244
109572
124772
107492
120260
107172
107620
116292
105252
107076
119844
111396
107875
121125
107396
120132
106692
106212
119780
106532
105123
121412
104771
118852
110980
106467
120676
108260
106884
123652
106179
124676
121796
111972
121380
106948
103779
120452
110980
120132
110435
105444
125252
111076
107395
119940
108420
104227
119716
109156
118468
105636
105699
119332
110852
106628
120996
108067
117892
114980
112324
120196
119716
125732
119972
108100
119044
110820
108131
121156
106884
110340
125124
109860
126116
108899
107652
128709
107811
120100
112228
108099
118628
107076
104867
149509
109636
120676
106019
106180
119204
105316
104515
120036
107492
105923
117348
107587
119076
107299
105508
119300
105379
104452
119428
106051
138789
108196
110404
120420
110980
107651
131173
111588
122116
105828
105507
121668
106596
106563
120484
108260
121060
108100
107140
127397
109091
105316
123237
111300
122212
106788
104644
117731
105476
104131
118244
108548
125604
119812
105316
118596
107843
106436
120068
111716
119556
107812
105508
118436
107683
106084
121412
106083
109156
147621
108291
120036
105764
107204
148997
108484
105027
121956
109412
122948
106788
106083
119748
107716
106147
119908
105731
120676
106052
104931
120100
107268
104835
117764
108996
137093
108835
109284
121957
112740
104707
121700
108035
104515
118020
105924
137764
107620
104291
120324
108740
104099
146309
107140
121829
111011
104324
120932
105891
106020
120420
106403
119492
114212
106659
118564
107203
111684
151685
106340
120900
106948
104356
120516
114659
106724
120452
108259
143045
110916
108644
118244
105796
119140
108132
105379
120452
104676
106692
122308
108644
121188
106948
109603
122244
107012
105219
120164
104420
128996
120292
105444
118116
103652
104452
118852
107811
105508
119492
108612
118500
120484
107331
119460
106660
104739
120420
106788
118916
112324
105987
123333
107588
105348
119748
106691
104611
119396
108132
121572
113188
113700
122436
111172
118820
109027
105764
120196
106756
107812
120420
105539
143493
106499
105028
121701
106692
107907
118788
113380
118884
109251
106788
119876
105955
104419
121380
107268
122276
110724
106244
120708
108291
105892
121412
107204
119300
107428
105956
121252
108676
105283
119940
105860
107620
121412
106531
121988
106308
107811
119812
109924
107844
119652
114148
143237
109699
107043
118820
104804
105859
121860
107172
120388
108548
106436
122660
106948
107139
183974
107684
120484
107075
106595
120004
106724
108196
121796
113764
119972
107076
106019
120613
104260
104995
118820
107204
144709
110468
108900
120292
105924
110916
121124
108292
124324
108868
129380
133221
116804
123268
108356
106435
120004
106531
119780
115491
112228
136036
110980
112164
164453
111716
122724
109412
116996
106084
126532
143877
109379
105636
121604
109092
104483
164261
107812
330699
108612
144901
106884
108548
122212
106308
106020
119844
106371
127653
108996
105028
127332
108964
105540
124548
106564
122564
108868
104163
146149
108804
105700
130885
105828
121220
106756
105987
146085
109892
105540
127652
107043
146565
107811
108580
128644
108196
105732
146757
111620
124036
116580
113956
124260
115780
123556
115556
105316
146053
107715
131141
114116
108004
131204
111555
106436
124068
108132
129189
111140
107076
166821
112420
134564
300586
119908
123940
106756
121604
109220
102019
145477
107299
104739
162662
112516
154502
104836
112836
125636
106372
124389
111011
112228
129092
107108
107236
128869
105187
123268
107524
104292
122724
105476
105507
130885
112260
110852
129540
106532
151909
111300
105380
150662
105763
165734
105476
104676
121892
106435
117220
130949
107684
153413
114532
107524
136453
114340
124068
106307
107171
130148
119876
109924
127780
107364
149765
107140
106084
152741
108260
128421
108387
104740
202503
108388
113060
132549
111204
157478
108932
106212
148517
110404
104771
121892
108228
161670
106627
112452
147141
107523
106756
127940
109604
123140
104836
105859
105187
117988
105860
127204
107492
126244
108356
104803
130020
117572
109924
125124
111844
128740
106948
106659
126532
108356
107524
121796
108356
153221
110787
106692
136069
117476
111780
127332
105732
145061
106819
103524
156774
109828
144645
105987
110852
127780
105796
106052
124900
109604
135204
170502
104996
148261
105411
103748
122948
106595
125220
108227
104996
133124
110819
105796
122436
106339
103684
144389
106692
123204
111747
113475
130340
110244
128164
109731
105124
122628
113412
106499
123172
106852
144804
113604
111716
125636
110404
106788
167365
116067
122564
107171
104612
104899
120676
125348
105860
113092
122820
105892
107556
147877
108292
142853
120004
117540
126052
108771
131268
113540
108868
121829
105443
130276
159077
108995
146949
105667
128612
108708
105572
121444
106435
113251
123748
108451
149797
108099
105636
119940
105220
104292
126597
106211
105443
105091
124548
126917
113348
104260
121252
105540
103523
121476
104995
123684
142437
111972
121668
106436
103555
120932
105059
117284
121188
106276
129732
108132
102980
121284
104932
104227
121828
105027
121380
108643
112260
394989
110788
122628
109188
104003
120580
106819
119876
105571
104676
124356
108452
115972
123684
108356
106468
120069
106883
120868
110180
105316
105219
120132
107235
119204
105635
123397
111268
107780
117892
104835
124004
118084
106628
119716
107076
107683
118692
105828
104708
118436
105571
138533
122276
108036
120836
107076
104835
120004
104932
106787
118468
109796
123876
110372
108899
119140
104323
121284
110788
110531
118916
106659
135845
105444
105891
118820
109315
107684
120004
110724
158341
113156
107780
124068
107811
106947
120900
108515
119876
105892
109316
120196
110724
142373
110211
107364
121828
105604
106692
120292
106115
120772
105988
114340
127652
107587
113988
152453
120708
119172
106339
107652
122244
117124
142245
109028
118116
159557
116932
129028
123716
114052
132004
112324
128517
113092
108227
120164
106692
121540
107843
104900
155589
108772
107108
148037
107939
127364
107427
104164
121925
107779
105348
167750
108452
146117
114788
111907
148005
123108
127588
110052
105123
148389
107811
160965
107300
105924
119812
105124
108291
120900
104548
119428
107652
107107
121348
105668
104227
120325
103588
120005
105412
110916
121572
104899
106884
123332
106019
121444
104996
103876
119172
107108
106372
118692
110244
138277
103332
109540
121188
106276
105603
120004
106532
118788
106531
103780
122468
106500
112292
121572
107907
106788
121220
106628
119300
104835
103716
120452
106500
104227
118180
104579
121220
107076
107236
122308
108163
106020
121444
108484
119844
107267
105251
119076
104612
103332
118884
108195
109732
121956
105764
121444
106179
103780
116995
105763
103587
119908
104035
141957
103908
111587
118244
105956
106756
119588
104771
106851
120228
106212
143781
106180
105924
120676
110180
106884
119460
103812
122404
105828
104132
129604
107300
104868
120612
104547
121124
108708
108580
120708
105603
111876
120420
108548
120516
107588
104100
123172
116100
114820
122564
107556
143077
110019
107396
120900
104484
106275
120804
106756
120868
106211
109987
121508
106020
105283
120612
108387
116740
126437
110628
118852
104964
104356
121860
107140
118468
105092
105316
118564
104708
112836
118244
105187
125765
120996
107203
118084
106532
104932
119844
104291
103651
119589
104132
144037
105348
106403
121220
109924
107235
119492
104612
120484
106468
104228
122980
107235
103683
120612
104611
108163
118788
104803
121028
104772
105667
122020
103715
104452
119460
106500
103844
120068
104772
121988
105251
104260
122341
106435
104452
118980
104035
118308
103203
106724
118020
105572
107076
120612
105380
108388
119428
105316
119716
108419
105508
119140
104260
104228
121668
105955
118756
105348
106692
120868
105123
106819
119076
105060
103715
124388
106595
120836
107843
104036
122020
107652
109060
120068
107523
137509
106052
106532
118596
104003
103971
119012
104099
104035
119876
107940
123524
105636
106563
120228
108099
104516
120452
104900
116804
110755
111139
127396
110308
106500
121668
107556
121156
106148
103555
120516
105796
126084
121092
104003
120932
104355
104739
119428
106307
104004
118724
104068
142116
106788
104547
120804
105859
103972
119204
106787
103171
120676
104707
122948
106019
105636
120388
104580
109476
119812
103619
121828
105252
106404
120868
102851
104835
119108
103587
118884
106851
108036
120836
105219
111236
121444
106532
121444
106372
105348
