122884
34177
30305
27841
27329
27425
24897
26273
26305
25537
25313
25761
29473
26081
25953
26689
27009
25665
27104
25729
25792
26465
25441
29601
24225
26945
26401
25888
25281
25313
26817
25121
25281
25697
27489
26784
26945
24832
26657
25601
25473
24961
30721
26049
24928
27201
25601
28129
26177
27841
26561
25313
28993
25089
25600
26657
26016
26017
29825
26689
27329
26753
24705
24897
24097
28929
27169
26752
25921
28417
25153
26625
26656
26977
28737
29313
27905
26496
24673
28897
29281
26849
26401
26016
26433
27297
26977
27201
25185
27072
25601
29025
27201
29153
26817
25761
26945
27297
29569
28897
25665
26913
27297
29345
27521
25601
27265
25953
25185
32097
29345
25025
25633
26945
25601
25345
27041
26529
26881
27424
24865
26913
27265
28929
29217
26209
25025
26913
25057
29409
27137
27169
27425
29665
25249
26273
26881
28321
25568
26529
28289
26561
24993
24768
42657
24321
25953
26529
25825
24641
25121
26881
26657
23809
26561
26689
24609
24609
28385
24352
24545
24833
32161
27265
25089
25217
28257
26145
24609
26945
25344
25569
24672
26561
25473
24641
24192
26529
24352
25281
28929
28577
25185
25505
28289
26561
26465
24769
26817
24161
26113
26273
27553
24801
25921
25441
24385
25921
26145
26561
24481
26689
24993
26849
24896
24417
24737
24032
25025
24705
28545
26081
26305
24161
25377
32481
25793
26049
24481
26849
25793
24193
26657
26784
29313
26784
26721
27073
29217
29345
26657
26689
24448
26529
26657
26913
27393
26624
23905
26177
26529
28385
24161
23425
26529
26305
26337
25921
26433
24928
28065
25473
29409
27584
25473
24737
26561
32353
24800
26785
26657
25793
26528
24513
24577
25697
24481
39713
26721
26049
25985
25505
26913
25281
24769
25025
25601
87331
26113
25633
27553
27617
26561
28193
25377
33473
25121
27169
26848
27201
27968
28065
32769
24609
26913
24897
26689
28929
25089
28737
26433
26945
23969
28705
25089
26337
25280
26081
32833
24992
26433
26625
28609
26113
26369
24609
26337
27713
34113
26721
29505
24929
27073
27233
27169
25153
27105
27457
26241
25216
26689
26241
26112
24193
24705
25249
28545
25569
25249
25601
26305
24545
25569
24641
24737
25409
25632
24385
24897
24481
25153
25344
25697
25921
25088
24481
27841
24225
24545
25377
29025
25473
24449
24865
25312
25633
25088
25889
24449
26081
44770
25408
24769
24641
25953
26721
24865
26369
25825
27873
25633
25729
25153
25152
24641
25088
25089
25568
26848
25537
25377
25569
24193
25280
24577
25441
25249
24769
25057
24928
24833
24672
24385
24737
24480
25057
25889
25281
24864
24353
25184
26209
24833
24064
25377
25569
26017
26625
25377
25057
24993
24417
26081
25697
26625
25281
24641
25249
26401
24481
24992
26273
26048
25313
24192
25249
24673
24865
24929
24161
24992
24353
24897
24193
25057
25185
23969
24704
25953
25184
24225
24353
25665
25793
25217
24673
24896
25217
24897
26529
24993
24321
25441
24865
25089
25281
25057
26081
24449
24961
25312
25665
24609
25025
24769
25249
26465
27137
24737
24417
24929
24641
24673
25697
25153
24321
24961
25153
24929
24353
24897
24609
25248
24449
25313
25153
32993
25057
25217
28161
24064
24257
26209
24385
24769
24193
25536
27329
25569
24769
26753
53538
27297
29601
24800
27425
26849
25473
30017
25153
25216
31649
25057
26528
26913
27041
27713
29697
109443
44706
32481
31841
27969
26785
26369
26625
25857
27841
25473
25025
26433
26017
27073
26913
27104
25761
24737
26433
25857
29249
25697
24609
29025
25921
26337
30049
28257
25920
25793
27329
25249
26113
25761
26977
24961
24129
27169
28801
27585
29121
27457
25441
24609
26369
25857
25056
26913
25601
26465
26369
28033
25728
26433
26593
27745
25857
27297
26913
25249
27265
25665
25153
29025
27105
26433
27105
26273
25345
34945
28417
26465
26080
25953
29248
26081
26113
25921
24257
25601
25441
25825
24961
25569
24801
26337
24673
25921
25857
25153
25920
26209
26561
26560
25889
26977
25729
25089
25441
26337
26112
25377
25857
25729
25441
25345
25952
25473
25281
25217
25504
25345
24993
24705
25217
27169
26113
24257
27745
26208
27521
26113
24801
25600
25441
25377
26400
26209
26657
26593
27617
27137
27905
24032
25633
25568
25217
24897
25089
25089
27393
26945
25185
24865
25921
24417
25505
24481
27137
25953
28065
25345
26849
25088
26689
26593
26753
25345
25057
27169
27009
26784
25281
28929
25761
25569
24929
26465
32545
26304
25057
24609
25344
25761
25633
25537
25377
26657
23905
25025
25185
25025
25216
27329
25313
29121
26016
26081
27105
25344
26561
25216
25505
25217
25248
29441
29121
27745
28961
26913
26113
28193
26209
25888
25409
27841
26145
25217
24128
24896
28513
27041
26145
25152
27265
27040
25185
27232
29185
27649
45249
25377
25089
26817
27361
24321
27201
25184
28769
25025
24609
24609
25217
26784
24833
25153
27553
25121
26913
24961
26337
25408
25857
27809
32129
26849
27169
27361
24961
27521
25184
25665
25185
29825
27072
26529
26209
25537
25185
29185
26529
25153
26913
25153
28801
26177
26113
27393
27104
25953
25793
26177
26017
25824
26945
25216
25153
27073
26048
25121
27649
26017
25441
28961
24225
27169
25537
27329
28769
24833
27105
30689
25760
24929
24865
24801
25377
26689
24897
25153
27201
26145
32321
25121
27553
25537
24673
26017
25473
27361
25921
25281
26369
27233
24704
25313
27745
24769
27425
25697
25184
29441
27745
24961
25441
28833
29377
26913
25697
24993
25793
25217
25601
24865
24609
27297
24865
26881
25537
26880
25697
27585
26081
27073
25377
25313
26945
26177
26817
27265
25569
25441
25344
27745
26913
24641
26752
25217
27265
26977
28801
41666
29537
25281
27393
27585
25249
26465
25217
25601
25281
25281
25120
26977
25664
32737
25761
26817
24897
28833
26753
25505
25184
27457
27233
25473
27072
26753
28129
25601
27361
25825
26240
25153
25921
27328
27457
33313
26305
25696
25217
25728
27297
24833
24961
24192
25377
27489
24737
27136
24929
24897
24865
25377
27233
26753
27361
25121
23840
26817
24929
25569
28513
26048
24961
26497
26945
25953
27265
25249
26081
25281
27745
27361
27681
25217
26241
25921
24865
24225
27585
27169
26433
29377
25313
32513
27777
26209
27009
25185
24897
26241
25120
25697
26113
25376
27841
24705
26785
26273
25632
26369
26721
24609
27329
24417
25089
26177
26721
28225
26433
28352
25569
26368
30017
25889
26945
27073
31809
25793
25665
26529
25441
26049
26881
28193
32386
27361
26401
25281
25569
26529
27681
27265
24705
27297
27745
50082
26657
27457
28257
25313
26401
27521
24929
24704
26881
25313
25505
27073
26305
25665
25441
25185
25505
27681
25153
25185
25953
25281
24353
25281
26177
25537
24833
25761
25153
24800
25409
25025
25857
26209
24673
32737
24608
26849
25409
25952
25409
25088
27137
26017
24801
25473
24417
28481
26785
25057
25216
25793
24481
25472
25505
24257
25153
25409
24705
25249
25857
26337
25025
25153
25057
24961
25569
24673
26081
24929
28129
25569
25249
28833
24961
26465
27169
26049
25473
24929
24801
26849
25025
25537
25441
27393
24897
24193
25121
25568
24865
24416
24993
25569
25312
25313
24768
26529
25248
25121
28449
26529
25056
25089
26049
25569
27041
26049
24576
25825
25569
25185
25377
25217
25025
24384
25505
26656
25089
25728
26945
24449
25377
26657
25633
25249
25313
26049
27137
24897
25985
27393
26273
25185
25057
27456
25409
25057
24289
25473
25505
32994
25120
25313
25953
25281
25441
24352
25633
24033
26208
25344
25249
25569
24800
25025
24865
24865
25153
28001
25025
24609
25761
26529
24737
25121
24704
25345
25536
25121
25153
25696
24833
25217
24385
25025
25281
27265
24865
25921
25568
25825
25985
24961
25281
25281
25249
25184
26849
25569
24929
27073
25472
25185
26081
25857
24736
25345
25633
26433
26305
25280
26017
25473
24609
24672
24833
25313
24737
24449
26497
45282
26401
27201
26209
26273
24801
26081
25633
26945
28897
26881
26657
26145
25088
25761
25409
24609
24320
25472
25601
25601
25665
24961
26241
25249
25793
24609
25089
25696
25281
25441
26176
25249
25985
24769
41825
25441
24737
24737
24769
25184
25121
25440
25057
25281
24033
26081
25473
24673
25377
25345
24736
25025
30817
27041
24801
24705
24673
25313
24993
24417
26753
25153
24992
24897
25057
25249
26689
26305
25184
24481
26817
25857
26401
24545
23936
24801
25217
24225
26913
24001
24928
25025
24449
25057
24065
25569
26849
47170
27905
26881
25760
25505
25216
25377
24225
24449
24577
24449
25473
24865
24960
26785
25505
25473
25793
28865
25121
24737
24416
27329
25664
25313
26816
24929
25089
25697
26913
25633
24705
25920
25569
25089
24480
25665
27297
25057
24032
24737
25568
24929
25184
24705
25440
24737
24833
25569
24640
24961
25185
25089
42145
27200
25217
24641
27617
24929
24992
24769
29217
26113
24993
24385
24417
24705
25089
23617
25185
24224
25825
24577
25313
25217
26144
24769
24225
24801
26529
24993
24832
24897
24993
24641
27649
27137
25345
24673
27521
25793
26017
25600
24609
25057
25057
26977
25056
25281
27137
26753
24897
25601
25505
26785
26945
29921
25697
26529
24928
26529
25249
25249
25377
25473
25088
24641
24609
24833
24801
24864
25217
24289
25185
26560
23745
24544
27201
24129
24960
25121
26113
24608
29153
26497
26945
25249
24801
24097
24993
24993
25089
25120
26401
24993
25217
26849
25921
27457
24832
24673
24097
24993
24769
24993
24609
24672
25121
25120
31873
25856
24513
25089
25537
25089
24736
26881
25185
25505
113348
25569
29121
27265
25217
24928
26849
27585
28161
25312
24065
25729
26497
24065
24705
24256
26721
26689
24801
24673
25025
25313
25057
26528
24897
29793
26209
26753
24225
25313
24513
25185
25344
25025
25281
25089
26081
25313
25921
24992
24865
26913
25729
27392
26273
25089
25057
25152
25601
24705
24705
26913
25537
25601
24641
25121
24353
27041
25409
25729
44225
25313
25281
25345
25633
24833
25377
25761
25409
25025
25441
25313
25249
25345
25153
25505
24929
26721
29153
25665
25344
25025
25185
25313
27361
24993
24065
26560
25121
25153
26465
24768
27265
26977
26433
26657
27521
25121
25024
26497
25249
26209
25057
28545
25089
26048
24257
24385
25281
25665
25281
24321
24449
28801
25121
27009
25729
23681
23904
24705
24961
26048
24481
25089
24385
27009
24608
28065
24737
25089
25985
30529
25568
25281
24737
24673
26272
28737
27329
25504
27457
24097
24545
24577
25825
26209
25089
24737
33057
24801
27681
26305
24993
24737
24705
26112
27553
25728
26017
25408
25345
25409
24929
24769
24481
26176
32577
24865
25441
25249
25408
25121
25665
24961
25633
28929
25793
24673
24289
26369
25089
26241
26913
24481
26657
24897
25249
25409
26848
24993
24865
24481
25281
25120
24865
26657
26305
26785
26272
26977
26848
25249
27009
27137
27233
25441
26241
26817
25217
24961
26689
25441
24769
25089
24865
26657
28865
26625
26625
27329
24033
24801
24673
25313
25729
25793
24801
25185
24609
25216
24673
24897
24576
24737
26625
25473
25441
26945
28289
27265
25248
26497
28417
25665
25025
25889
26337
27617
25345
25057
24929
25057
25249
26017
30401
25664
25185
25825
25665
25025
24737
25377
29025
25153
26657
25697
27137
29281
25025
24736
24705
42658
25633
25377
24704
25249
26752
26561
26145
24608
24897
26945
26977
27073
26689
26049
24193
25569
25441
24640
26625
25121
24833
26273
24417
25697
25729
25601
24545
24513
24065
24384
26529
24929
24865
24929
42977
27361
24225
25857
25569
24385
25121
24896
24641
24545
24129
25441
24577
24897
25377
26273
25409
25185
25217
25505
24961
24609
28289
28769
25280
29889
25505
26433
24417
25601
25185
25345
24481
24865
25121
51009
24640
25473
25088
25697
24673
24609
24193
28545
27297
24193
24384
24801
23873
24385
24673
26496
24769
26593
27937
24832
24609
24641
26145
25089
24961
25633
25345
24673
24641
24961
25153
24577
26273
24577
29665
24481
25472
24769
24705
25345
25537
25345
25153
25664
25409
27361
25217
24833
25089
29089
24256
24801
27041
26625
25281
24448
25089
25280
32097
25441
26817
24993
25377
24736
24801
24705
24768
24961
26049
26881
27841
27745
25152
25057
24769
25024
24577
25473
24737
25249
26433
25184
27233
25088
26081
24993
24801
26977
27073
24993
26721
26337
26337
27969
26401
26113
25505
25441
26241
24225
25377
24417
24737
26273
33089
25697
26145
24705
25057
29057
25153
25057
24577
25313
24033
26081
25537
25665
24385
24961
26913
25601
27137
27361
25632
26593
24705
25473
26625
24289
25057
24737
24129
25025
24193
23873
24385
26496
26881
24513
26177
25601
25857
24897
25153
23905
25473
27201
25504
25153
27457
24096
25249
25921
24993
24993
27393
27585
25025
25025
26081
26049
24769
24993
29089
25281
24896
25601
24800
28353
25953
24641
24257
25089
24481
25345
25121
25345
24737
24193
24769
24225
24417
25153
26337
26145
24481
24865
24225
24545
23681
26369
23713
26369
26625
24993
25089
24033
28449
24577
24929
28865
25153
24385
25057
25153
25377
26273
24097
24608
33121
25281
30849
27873
24129
25025
25089
25281
25217
25697
23969
24929
25121
25025
27265
25921
30369
26177
25889
25056
24673
24192
24993
24609
25025
24737
24449
28065
24961
25473
25600
25601
25728
25793
25825
24385
24673
25025
25185
27585
24609
25057
25281
24545
24897
24865
25761
24993
24577
24897
24897
25249
28577
25345
25409
25473
24160
26369
25953
25120
25441
26913
25601
25313
25153
25409
24769
24033
26081
43298
26848
25505
24513
25761
25601
25953
24833
24833
26176
26977
26945
25345
25120
25217
25121
25729
25857
26049
25857
25632
25313
25152
25409
25952
25121
25025
25633
25025
26433
25665
25761
26817
24769
25121
41473
26401
26369
24960
24737
25089
26433
26977
25633
24033
24544
26785
24929
24897
24385
26657
25345
25185
27969
26689
25377
25505
26337
24673
25185
25952
25025
24416
25761
28705
25505
25056
26849
25600
25249
24897
25025
25408
24865
25217
25601
26497
24097
24801
25185
25633
26209
26305
25985
24993
27040
26657
28289
24513
27233
26113
26945
25665
26496
24801
24929
24993
27713
25185
24609
25696
29153
24928
26753
24353
26721
33057
28993
25664
26209
26241
24865
25632
25345
27361
28544
24929
26497
26497
24897
24545
25569
26880
25057
29025
25857
25953
25345
29153
25601
25377
25024
25345
25216
24705
24544
25025
24833
25121
25057
25153
30529
24993
25153
24897
25217
26369
25088
25377
25921
26721
26112
26657
24609
25153
24289
26465
24097
26017
27233
24737
25569
24961
26209
24257
25024
27329
25952
25569
24801
25185
28481
24513
25409
26369
24480
29249
26881
24737
24768
24833
25632
25281
27104
24641
25313
27905
24641
26945
24289
25345
27201
25185
25153
25537
24705
24609
24993
24833
25409
25665
24513
26433
24641
26145
24353
24673
25121
24705
24801
24577
27936
27169
26625
25473
24352
25473
25345
24833
26305
26625
26753
25920
25505
25312
26593
25217
24897
24513
28289
24097
25121
25249
26753
26657
24513
25185
25568
25025
25345
26017
26752
25601
24673
26145
26881
24161
26625
25729
25057
25568
25793
24544
26401
25024
25473
24257
25121
26849
26369
24961
25505
24705
25216
30049
24033
24769
25441
25217
25345
26528
24865
25217
24608
26337
26817
25697
25313
26561
24257
25185
24640
27489
24897
24513
26305
24961
24929
28385
28289
25121
24833
25473
25057
27937
25889
25185
26049
25409
25345
27104
25281
25409
25249
26209
25441
24993
26688
24705
24577
25921
25216
24001
24833
25057
24321
24385
31521
25761
25472
25729
24641
25441
25920
25441
24225
24801
24929
25697
25985
25313
24193
26593
25601
24481
25537
24641
26497
26817
24576
25025
23840
24737
25313
24385
24769
25153
26945
25505
26304
25313
25857
24961
26977
24417
24673
23969
25921
25985
26273
25345
24608
24353
25601
25185
25793
28513
24065
26433
24865
33569
27809
27073
24801
24673
27393
25793
24769
24224
25761
25537
25152
25025
25216
24769
25633
24929
25120
27553
25569
27361
24769
25216
26081
29249
24737
24545
25185
26881
25248
24449
25441
24672
26241
24417
25152
26657
25185
25729
24705
24833
26049
25313
25184
24641
24320
26753
25633
26849
24705
24416
24417
24449
25505
27392
25089
24832
24641
26017
23905
25921
25376
27905
24353
25249
24385
28801
24929
24193
24865
24673
40226
24769
25345
28161
26369
27552
25985
25025
25537
26017
25057
24641
24449
25025
25536
27265
25185
25281
33121
25633
24897
25536
25057
25185
26593
24097
24961
24320
25409
27073
24897
25377
25153
26305
26177
25633
27393
24929
25153
24705
25057
25409
25472
24769
25120
24769
24640
24321
24641
25153
26113
24481
24737
32481
25601
24577
24993
25505
24449
24608
24257
24545
24897
24737
25121
24193
24609
28801
24961
26817
26849
26881
25249
25409
26433
28545
24737
26625
26945
25856
25217
26945
25248
26017
24897
24737
26048
24833
32897
25121
24705
24481
25440
24641
24481
23617
24801
24865
25473
24353
24672
24545
24897
27233
24929
28289
32257
24800
26689
25633
25120
24833
24417
25857
28705
24289
27105
28705
27905
24897
25569
25217
24993
24001
29121
25857
25281
23841
25281
24961
25312
25345
25376
25409
27169
24801
24801
26433
24224
24033
24097
33090
25057
26817
24193
28673
25408
27425
25057
24033
24640
24545
24545
26433
25057
24001
24641
27009
25089
25120
26689
24993
25537
24257
25345
25409
26657
25600
26593
24865
24577
27297
24801
26496
24865
28449
29921
25697
24449
25697
25889
25505
24544
25345
25121
24961
25313
25185
25953
24705
24480
24193
24353
25056
28705
25120
26849
25249
25505
26305
26240
25185
25217
24961
25728
25121
24033
25441
25057
24993
24768
24801
26273
27169
24961
25440
25921
26081
25217
25184
26337
24384
25281
25313
24545
24352
23713
25120
24161
25601
26849
25633
24865
24833
24737
24800
24513
24993
24256
26721
24769
26497
24257
28641
26945
24992
25633
28481
25633
24801
24961
24928
27041
24992
25153
24801
24801
24033
25953
25153
25185
24641
24608
24257
25313
32545
25665
26784
25313
25121
27105
25889
27585
25824
24705
25248
25025
25057
26433
25121
25280
24929
26912
26752
25025
25025
23905
24385
24609
24033
25185
24480
25569
26849
24801
25601
26817
26625
24193
25761
29281
24417
24545
24833
26529
24481
25281
25761
27136
24609
24897
27137
28257
26145
24481
24449
24929
24673
24577
27392
28705
24865
25760
24705
24513
24608
24865
24481
24065
25409
24161
29184
24609
24576
24737
24801
27265
24961
26529
26945
23873
24065
24929
24513
28769
24929
24865
24673
25409
24289
25025
24961
25089
32578
24865
24321
24737
24065
26337
24609
24897
24769
24353
24384
24769
24641
23873
24769
24129
25089
23649
24929
24993
29729
27105
25024
24577
25152
25185
25217
24865
24609
25249
24385
25249
25985
24896
24577
27457
25153
26912
25825
27073
24961
26369
24832
29409
26657
26593
25281
26721
25889
24769
26081
26017
27361
26305
25281
25025
24737
24129
24641
26529
27425
24801
26913
27425
25153
26977
26433
26497
25697
24833
25153
28577
24897
25313
26401
27809
26720
24609
24417
24480
25825
25313
25345
25280
25377
24801
24993
24865
26561
25984
25313
24384
23969
24993
25697
24352
24257
25185
24993
24896
24417
25953
26689
25472
24705
25473
29025
25857
24801
24961
24545
26497
25057
24833
24257
25376
24481
24641
24672
26881
25345
26881
25121
29761
25697
25473
24897
27553
26049
25505
25345
24481
25505
26817
24641
24801
26080
25377
26688
25921
24513
27553
24961
24769
24929
26753
24833
24737
26625
26657
25089
25185
25601
28161
24993
25185
26464
25825
43713
27105
25792
24993
25217
25728
25953
25504
24737
25248
28705
27168
25473
25377
25089
24769
25376
26433
30017
27137
25985
25985
25569
25217
27425
25281
25185
26113
24737
26561
25249
23937
26176
25089
26656
25985
26785
26241
24641
26496
25121
24289
24545
25281
25089
25217
25761
25057
25377
25185
24641
25825
25376
41441
26017
24545
25089
26208
24801
26592
25537
25089
25697
24705
23905
24928
24961
25121
25953
24353
24193
26017
24577
25281
25953
25473
24800
24897
25441
26721
26497
28449
24513
25665
25793
25249
25793
25249
27105
26305
26945
25313
24961
26017
25377
24129
26401
25857
25665
24512
25313
27009
25313
25793
26945
24833
44322
26241
24737
25408
24449
24385
25569
25313
25185
27169
25793
25153
25569
24833
25633
24833
25569
24257
29697
24545
25536
26785
26305
25761
25441
27489
25024
25345
24929
24864
24769
24577
24449
24897
25984
24353
29057
25889
25665
26529
24417
25857
24481
25280
25153
27008
25249
25025
24608
25025
28577
25409
25920
24545
25441
28033
24609
27713
24577
25377
24321
25857
25185
25089
24897
26240
24929
25153
27361
25056
24673
28225
25377
25153
25441
24449
26081
25281
24129
25153
25120
25409
24993
25248
25601
24864
25537
25088
25345
28289
26624
25761
24481
26688
24961
25024
24993
24065
24321
25857
25024
27041
25120
25473
25825
28609
27745
27009
24897
26497
25345
25504
24993
25121
25633
24096
24609
24417
26849
24993
27040
25249
28001
28449
25313
28769
24801
24993
26145
25057
24352
24577
24353
25729
25249
26785
25216
26081
24385
24993
25600
25953
28321
27009
25985
24865
26337
25377
25825
24833
26817
26977
25377
25857
26881
24513
25121
26945
26593
26113
29953
25536
25473
25057
26337
24577
25441
26913
28321
25248
24481
25025
25473
25441
26881
24513
24769
26433
32353
24321
26241
25729
26401
25665
25601
27009
25985
25793
26816
24641
25377
25953
24961
27137
25825
27681
28865
26145
24929
26337
25345
28129
26625
27808
25217
25249
28833
26272
25313
25633
24769
25537
25025
26369
28481
25889
25409
28481
27969
24641
29377
25249
25504
25633
25665
25089
27009
25280
28705
25153
25185
46114
26784
25921
24864
27201
26977
26497
28769
24193
24833
25601
27073
26497
26081
25953
27265
27041
25281
24928
25761
24960
23873
25825
26689
28609
24609
26208
25601
28641
24961
24416
26817
26432
25089
24801
26849
28161
27297
26849
24832
25217
25697
25121
24769
28577
24225
24928
25281
25793
25857
26145
25025
24929
25697
26688
25281
24513
24769
25313
26433
25249
27137
28481
24961
28385
28609
26753
24929
24800
26177
26177
28961
26369
24257
25921
27361
26849
28993
29089
25633
27073
25153
24832
24865
28993
26496
28513
24448
26209
26337
24129
27009
25697
27649
27457
25601
27073
26817
24769
28384
27297
25121
25697
25505
25313
25056
39073
26753
25057
24224
26241
25953
26369
24385
27361
26849
25441
25153
24385
25121
24609
25697
24545
26977
25185
28673
25569
25281
24640
27137
27585
26817
27073
28801
28673
24737
25153
24673
25569
26465
24097
29345
28769
26721
24705
24545
26849
23905
24801
24705
29057
25889
24769
26209
24993
24385
24737
28545
25057
26625
26913
25249
25857
24321
25025
24705
24961
25217
25792
25473
25025
24513
24960
24801
25441
25377
25792
25601
26945
25761
24289
26497
24257
28577
25537
27105
25473
24353
24033
25536
28289
25024
26401
24673
25856
27777
24481
24609
27777
24961
23937
26593
26241
24736
24865
25825
23425
24608
24353
26113
24321
25569
24961
28288
24545
24705
24705
25760
24545
25568
24609
25249
25057
26849
25504
29089
25760
26241
25568
26529
25281
27393
25153
25025
24257
25121
24545
24257
26817
27265
24385
24353
26337
25249
28897
26497
26017
25249
44609
27137
26304
25793
25729
24737
26241
24033
25569
24385
24768
26817
25185
25601
25857
24513
25633
26145
28833
24832
25697
24929
24353
25185
24801
24513
24609
26880
25121
28577
25281
24929
25025
25345
25057
25056
29153
25345
25569
23745
26081
25473
25697
25601
24928
24897
25921
24769
26689
28385
24641
25728
25441
25217
26913
26880
25505
26625
25121
26369
24481
25761
25473
25473
26209
27329
24545
27873
25249
24352
24193
25345
25697
25441
24417
25953
26689
25921
24257
24737
24225
27937
24641
25825
25216
26657
28289
28641
26625
24416
28705
25345
28801
25505
26464
24801
24897
25409
25121
28321
24897
24769
25025
24257
24929
24449
24608
46178
25312
26305
25472
25217
24193
24513
25056
24961
26145
25025
25761
24865
25121
25409
24385
24801
25408
32449
25152
24929
25729
26209
28129
25345
25856
25057
25441
25697
28416
24737
26465
24897
24961
25600
26657
25345
26081
25153
25377
25568
24769
24897
24704
24865
26881
25281
24865
26337
25569
24704
27041
24737
25216
26912
24353
26113
27041
25665
25312
25281
24960
25473
25217
24993
25217
26880
26401
25185
24897
25441
28545
25441
25121
24705
25185
25025
25793
26304
24961
25056
24993
25857
25441
26401
26177
25345
26240
25793
28865
25185
25665
25057
26817
24929
25601
24577
25153
26337
25249
24416
26657
25857
26657
25665
25697
27041
33025
25664
25473
28257
25633
28577
26497
25249
25697
24641
25473
25057
26017
26881
25121
26465
25057
28545
27552
25985
25408
25601
25409
25025
25505
26273
26753
24801
29089
26433
24928
27457
25376
25025
25889
24736
26497
26945
25729
26753
24417
24481
24833
26593
25345
26849
25729
27457
25569
25921
24928
26049
25217
24481
28033
25760
24673
26112
27233
24352
26881
25409
28769
25153
24864
25313
25505
25312
25057
27009
27201
44033
26017
28449
25601
27969
25985
26817
24161
26529
25377
25440
26945
25761
25089
27393
24193
25025
25985
27009
25664
24193
25312
25409
26945
25313
25441
26753
26881
25633
25249
25313
27457
25345
25121
24673
26145
27297
25537
25185
25409
25057
25089
24737
25088
26145
24513
25185
25409
25728
25953
26081
25761
25537
42370
24769
24321
28449
24705
24609
24545
26945
26081
28161
24705
24481
24481
24609
24513
24385
24769
23936
26560
27041
24033
27969
25025
24737
27009
27329
26881
24929
26849
24961
28769
25632
26945
25473
25536
27521
25793
25377
26753
24993
24801
26241
25889
25441
26785
25761
24320
25633
25569
25505
25088
25121
25473
25601
25217
28353
25057
25633
26433
28449
25152
26657
25217
25057
26849
24705
25729
25537
25729
25409
24801
27169
25152
25953
24737
24481
24576
24865
25313
24865
26305
25921
24417
25153
25089
24833
25600
25345
25185
27201
26145
25216
24641
26817
24449
24801
24865
26401
24896
24353
26241
25185
23777
25985
25025
26241
33537
25824
24961
24769
24704
24833
28385
24385
26657
25281
24353
26305
24385
27040
25665
30881
25665
24801
24257
24353
25984
28929
28801
28609
28353
28609
26273
24384
25729
25953
26529
28320
26881
33537
24449
25665
24417
24929
24673
26465
25281
24737
25057
25185
24352
24737
24769
28737
24513
24449
25024
32577
26305
24640
25313
26305
24289
24576
24897
26017
26593
25217
24609
26657
24160
24737
25281
25377
27041
25633
24384
24833
26753
25024
28993
24481
26753
25600
25153
26465
24705
26945
25153
27105
26753
24065
28833
25185
26849
27169
25793
25409
25697
25313
26465
27297
26689
25985
25921
26561
26593
24993
28737
24993
41442
26209
24801
28193
25793
26849
26721
26977
27616
24769
25217
25312
24481
27425
25248
26081
25089
26017
52866
25921
27873
26753
25057
26849
29121
25729
26561
24961
25217
26049
25505
25472
25857
26081
24897
26688
32705
24672
25409
28289
26433
26817
28609
26497
28353
26145
27425
25216
24769
28577
24512
25025
24801
25184
33282
28321
25729
25761
24385
25120
25633
24385
26048
26273
26560
25025
24929
25377
24801
26881
25313
26881
27841
26817
25537
26305
25472
24289
25441
25409
54370
25441
25217
27105
25505
24897
24801
25601
24033
44834
26080
25953
24064
26561
24609
25025
25441
26529
25697
25217
25985
26785
25857
25089
25377
26177
25504
29089
24353
27201
28993
26881
24928
26337
25921
25601
26305
25249
26433
24737
25153
24929
25153
27008
27617
27169
25281
26017
28769
24641
23969
25472
25185
25473
24417
25377
25217
24832
25793
25185
25601
25793
24801
26401
26848
25409
24897
25057
25665
24001
25441
26433
26209
26241
24800
25025
27937
26752
25345
25824
25441
28865
25184
25793
25505
24832
25473
26561
25569
24224
31809
24577
25153
24673
28577
25761
25153
26401
24128
27137
24929
24065
25281
26176
26433
28417
24129
24864
27009
24609
25313
25921
24897
25409
26337
24993
26433
28449
24097
25761
26305
26593
26081
25409
25281
24640
27361
25793
26112
24673
24993
24288
24929
24896
24673
27552
26465
26369
25409
24545
26081
26561
28129
24833
24609
26785
25153
24736
27105
24705
29185
25984
28161
25729
26561
24641
26177
26657
28033
26561
28097
25728
26561
26721
25761
26465
24737
26304
26401
25121
31361
26145
25825
28097
25696
25505
27201
25473
28097
24577
24961
26305
26113
25153
26817
26433
27233
26432
27681
25345
25697
27969
24448
26689
28385
25377
25153
25537
25153
24705
27841
25473
26561
24993
26081
26561
27265
26273
27041
27073
27201
28033
28097
24993
25472
24577
27105
25153
24865
26497
25537
24513
24705
26849
24993
26817
29057
25601
24449
25409
26369
25185
25153
25889
27233
26593
24321
26561
26017
24897
26848
25409
26977
26144
26113
26657
26689
25377
28577
25569
28640
25057
25185
26561
25216
26209
25729
24993
26432
28513
26145
28353
26593
25025
28321
25408
25825
27041
25761
26593
26977
26177
24609
25441
26977
25345
26785
25505
27393
26561
25312
26401
28321
26177
26273
24992
26529
26497
26721
24801
26721
25025
26176
24577
27361
30785
25377
26401
28321
25121
25568
26849
26721
28481
25825
25889
26336
25313
24961
25089
25089
27329
26881
41185
25473
26593
25409
25248
26945
26145
25537
26881
26785
25953
24417
25313
26433
25761
26177
26689
24993
29889
25953
26561
26177
26369
26241
26721
25601
24705
26849
28353
24897
25057
24704
26465
26113
25185
24769
28673
26977
26177
26433
25217
26721
25505
26881
25441
25824
25249
27489
28577
26369
26593
26145
26945
26657
28513
25857
23873
25409
26433
26400
28737
24960
26977
24736
28481
24833
27297
26465
26144
27329
27553
26977
28033
26561
26817
26337
27264
27233
25249
24833
25377
27265
25825
26113
25153
26272
25217
25921
24513
29569
24513
25217
25504
24577
24705
26561
26209
24961
24865
25089
25056
24705
25057
25089
24960
25057
28545
25761
25025
24673
26305
25441
25825
24993
28865
25953
24737
24673
27777
24801
24961
25313
26113
24929
26017
25185
25249
27072
24865
25089
26881
26337
24193
23969
25217
25185
25121
24961
26209
28705
24641
25025
24769
27681
26657
24801
25857
25153
25825
26368
26433
25857
25921
26593
25088
25921
26720
27713
25633
26625
33153
25985
24897
25473
24544
26465
26561
25345
24129
25377
28289
27841
25729
26337
25665
25633
24641
25441
26209
24225
25473
25473
24640
24993
27841
26112
28641
25153
25217
25889
26785
26881
25025
24193
26721
27009
31553
24641
25089
24961
26849
28673
26433
24673
28833
24641
26241
25185
25408
28001
24737
25313
26497
24865
29153
25216
24577
24449
24577
26497
25120
25025
25313
24000
26497
25857
25057
26049
26881
24225
24865
24288
27713
25089
26529
24513
26241
25345
24897
25473
23424
25441
25185
25633
24929
25376
25153
25409
26465
25089
26496
26337
26561
26913
24832
24289
25953
26529
24577
28385
25537
25120
53506
25408
25665
24832
25185
26497
25505
28513
25697
25953
24865
26401
25280
25089
24737
25409
25024
25441
24449
25313
26817
25217
26241
28961
25825
27168
27137
24833
28641
25856
27361
25281
26625
24065
24449
26497
26593
26369
26977
25153
26497
28353
24897
27009
24769
26145
25889
25249
25505
25409
26657
25921
25217
25729
24257
25313
28065
28321
25985
27232
26689
25120
25089
24737
25025
25473
26081
25089
28097
26529
24737
24929
24865
24705
29217
25185
31361
24864
26145
26241
24769
24993
26081
26273
27745
24832
24033
27905
25345
26177
25665
25952
25089
26081
28641
24961
26305
24289
26529
26241
26657
26560
24449
24513
27905
24993
27297
25985
25889
24161
24449
25409
27969
26305
26369
28544
25089
24289
25216
26593
25569
26689
26689
24449
26561
25345
25025
25121
25761
24128
26849
25409
25249
25505
25121
25089
24801
24417
24064
25153
24289
24609
27585
25505
25665
25729
25217
26401
25953
26016
28865
26273
27233
24929
26433
25985
26785
28513
26049
24128
25473
28193
24225
27169
26721
26305
29089
26432
27457
25345
25953
24000
26945
28033
26656
25985
25473
26177
25121
27649
24961
25185
26849
24865
27649
24673
26048
24449
25857
67010
25313
24993
24769
23777
24321
24289
24449
24512
24609
24449
24417
32513
24961
25185
24289
25057
25120
25121
25536
26433
24992
24001
55874
25313
25441
28417
27873
25505
29217
25473
25920
26849
26369
25441
26529
25281
25505
26177
25601
24609
25344
24897
25569
28065
28512
25857
26113
26081
25057
25153
25121
23713
25601
25825
24609
25281
25025
25313
25697
25120
25793
24801
25281
25153
24993
25153
24513
26145
25761
25185
25217
27905
25857
25664
24897
24960
24897
26433
25313
26593
23936
25729
27425
25281
25152
26113
25537
25120
25473
25185
26273
25313
25921
24417
27297
24833
25728
25377
28000
26785
26816
26401
25697
26177
24609
25505
24481
27296
24993
27553
26081
24609
25345
25089
26785
27233
26369
27809
26273
27041
27137
25249
28257
25793
25953
28096
26880
25185
25889
25313
25281
25441
24673
25537
25697
26721
27137
28609
25825
25121
26112
24481
27585
27744
25345
25025
28321
28321
24865
25121
25665
27329
26145
26977
26625
24833
24609
26785
24929
26433
24609
24897
25185
24609
24193
24864
26753
25313
25889
26241
25089
26817
26561
25248
26561
25473
24801
25281
25089
24544
26465
28673
24289
25825
25057
26849
24640
25153
45986
25856
26657
24864
26081
24705
26689
28641
24833
26849
25281
26529
24577
28193
26881
25953
24992
24865
33025
26785
27200
25825
26529
27585
25249
27041
26561
25281
25728
26689
26433
24353
26465
28129
27648
26017
27041
26977
26241
25313
28128
25185
26273
26209
26433
26529
25697
29089
25217
25249
27553
24641
28384
49122
26240
28289
26560
28545
25441
25281
25505
26497
26593
25216
25537
28065
28737
24384
25697
26433
25985
28481
25313
27105
25185
26497
25248
25249
26977
25185
26881
25313
25312
24833
25377
25568
25441
25665
25825
28417
23969
24673
24097
24000
24289
24417
25121
25601
25793
28449
24929
25953
25953
24608
25409
24641
24577
26177
24257
25313
25921
25280
25665
24800
24929
24737
24129
27712
25313
25601
25729
24257
27969
23649
25441
25089
24961
26177
24993
24833
23777
24481
24321
24801
25473
25505
24481
26433
24865
24833
25857
24417
28289
26369
24833
24961
24673
26401
24737
24609
24961
24289
24577
28193
24609
26241
24832
26945
25409
26177
25089
27265
24417
26081
25025
24737
24897
26529
29377
25473
26209
24609
25089
26656
25505
25153
26369
25952
25953
27009
26048
26273
24993
25889
27841
25057
25249
25441
28033
24769
28481
25377
25729
25249
24993
25697
40994
25089
24481
25217
24545
25505
25024
24737
25409
24129
25857
25761
25057
25537
28641
24737
25153
67075
27041
24641
24801
25281
25216
24481
23457
25057
25217
23969
23649
24673
28097
25089
27905
24833
25921
25825
27617
26145
26113
24161
25377
25120
25249
24385
28353
26593
25601
24289
27265
25825
24449
26145
24417
25793
30081
24832
26273
28065
25217
25697
24801
24801
24864
25057
25985
25793
24961
25217
25536
25569
25057
24993
28673
29121
25153
25761
25568
24961
25249
25121
26305
24833
26209
26336
24737
25217
25537
24961
25537
24289
26817
24512
25409
25985
25025
24736
24641
24897
25089
25185
24897
24480
24513
25120
25281
26305
25633
26273
28129
26145
25249
24705
23233
25344
24961
25729
23809
26305
24577
25121
23776
25185
24417
24609
24769
23937
28545
26080
68130
25889
24417
24257
24545
27809
26113
24448
25089
24769
28224
24225
25696
27489
25153
23776
26721
24193
24545
24769
25953
27777
24641
25761
25281
24481
27425
24961
24416
28161
24897
23361
24865
24993
27297
24193
24705
28321
26113
27425
25313
24513
28961
25184
24865
24449
24993
25377
25057
24769
26465
28321
26849
25569
24865
25312
24737
25569
28577
26945
24865
24897
24737
26241
24993
25825
25857
27808
24129
25473
26753
24449
27457
28129
26561
27488
25761
24417
27617
25025
27809
24993
25889
24833
24864
28097
24993
24833
26881
24225
25856
24705
24673
24992
24321
23969
25121
23968
25601
24769
24673
25697
25440
25057
26433
25793
25889
27072
25089
28161
24896
25729
25089
25057
24897
25025
23681
24737
27713
26561
25985
25665
24705
25025
25345
26273
28225
25665
24801
25889
24769
24897
26241
25793
25633
23745
24832
25601
25921
24960
24737
25633
25953
26785
26497
24417
26433
26593
24896
24928
25345
28705
24673
25025
28129
26401
26753
24993
25088
26145
25953
25729
24064
24257
25697
25473
26561
25153
24704
24353
24161
25857
24705
24001
26177
25825
26273
25153
26528
25729
25889
26817
33250
25441
26976
25697
28609
26593
25153
24833
25697
24833
24961
26017
25696
26049
25985
25185
24801
24737
26209
24641
28256
24801
24449
26049
25921
25633
26177
26113
26337
24417
25153
24545
25825
26945
25248
24673
26017
26176
27777
25440
26049
25921
26817
25889
26497
27169
28865
25441
26625
25889
24801
27041
24385
26305
24801
24385
24993
24352
26657
25281
24544
24801
25057
26145
25857
25569
24993
27553
39777
27008
26305
26049
24992
26209
24225
26465
25409
24608
24481
25761
25089
26337
27009
25761
25857
25281
25569
27585
25600
25281
24321
24417
24576
24897
25217
24896
25281
27137
25440
24993
25345
25600
25121
24577
25729
29089
27137
25185
24417
26145
24737
24929
24609
26209
24801
25568
24737
24929
24288
25441
26465
24385
38625
27649
24481
24833
25473
25185
28449
28385
25120
24769
25472
25121
25312
24929
26497
24673
25121
24449
32929
24833
24416
24609
24256
24961
25697
25121
24865
25569
24864
24673
26657
25505
24897
28641
24801
24801
32514
25281
24897
25185
25728
25057
24161
25409
26305
26272
24769
24385
24448
28929
24545
24353
25057
26849
25633
25153
25344
24705
26593
24449
25057
25697
24929
28065
26273
25857
25121
25217
26721
25153
26977
26305
26113
25473
25217
24481
26304
26817
25761
26241
25889
24577
25025
28833
26305
27329
26017
25185
25281
26240
25857
26305
25921
26753
24641
26177
25665
24704
24673
24993
25472
24289
24321
24769
24768
24225
26881
24896
25025
25153
24545
26657
28545
24513
26464
25281
25409
24832
24481
24961
24865
28577
24737
25697
24576
26241
25217
25473
25408
26913
24992
27329
25633
25120
25953
26657
27457
24545
25057
24097
26945
25441
27361
25280
25281
26337
24832
25985
25921
23841
25089
24801
24577
25025
25952
25185
24577
24353
24865
25440
26657
25089
27136
25152
26977
25440
25121
24704
26049
26145
26593
25249
25857
24960
25601
27137
26977
26593
24992
32321
25345
25409
24801
24385
24321
24384
24577
25025
24865
24928
24993
25121
26145
24801
25345
26817
25473
30465
24385
25281
25601
24673
28417
25792
26913
24673
25889
24928
25153
25217
25664
25409
26913
25505
26721
25441
26881
24961
25409
25505
24769
25185
24673
24672
25441
26241
24705
24801
24289
24801
25345
23777
24929
31009
25761
26017
25185
24673
25281
26080
25025
25025
24737
24321
25409
25057
25889
25633
25025
24801
25377
28897
24417
26657
25313
26337
25249
25153
26241
25601
24929
27233
26401
26497
25505
25697
24353
25473
26273
32706
24833
28481
24481
25153
24673
24385
26433
25633
27297
25345
25601
24481
24865
24449
27073
24673
27809
27073
25953
27041
24993
24897
24961
24481
26529
25312
24993
25441
26785
24449
27009
25344
25121
24673
27296
29345
25601
25888
24609
26016
25345
24288
28705
25504
27041
25217
25153
26465
25089
28577
24993
24929
38914
25537
27585
24961
24865
24961
24609
24673
27745
25185
27073
24929
28225
26368
25249
25153
25345
28705
25792
24321
24865
24544
24513
26304
24833
25089
24961
24897
24896
25249
26113
24897
27009
25441
25505
25184
29473
25185
24801
25057
25217
24609
28417
24545
28289
24737
25409
25313
26817
28257
24737
24545
26400
25281
28897
25089
24833
25473
24705
25601
27041
24801
24641
27073
25857
25409
26945
26561
24737
24193
26977
24865
32193
24737
25537
27201
24865
25569
24897
24161
25185
26785
25601
26721
25089
24033
27041
24961
26497
24065
28865
25024
26049
25121
26081
24672
25697
25697
25345
24993
24577
25281
24993
26081
24481
25472
24449
28545
32417
24929
25536
24769
26561
25057
26529
24193
24545
25504
24865
26497
28353
25569
25281
24705
25025
25217
33282
24929
24545
26017
25441
25376
24129
24513
24737
26721
24257
27137
25601
24033
24576
25505
27489
25633
29505
25249
26305
25473
25377
24161
25185
24545
25633
25153
26336
25249
24896
24513
24865
24833
26561
26144
25153
27105
27137
26976
27969
24737
27041
28641
25089
24065
25056
26945
24608
24513
26081
24801
26017
27521
24576
26817
26657
26561
26913
27681
26305
28577
25697
25313
25089
26272
25441
24449
24609
24961
24865
29825
26017
24576
24065
24769
25121
24928
24481
26625
25569
26881
24993
25345
26240
26817
25313
25089
26561
32802
26401
25440
24993
24385
26945
25665
25057
26945
24833
24801
24705
27233
24897
25505
24385
24193
43041
26401
24928
25345
28801
25377
25280
25825
25537
24641
25153
25153
24737
25185
24833
24865
25057
24640
46177
27457
27041
25441
25633
24961
24577
25793
25345
25985
24577
28673
24673
25312
25729
26305
28545
28737
26209
24032
25089
24801
26816
25473
24353
26561
25825
25313
24928
24801
25313
25313
26337
25056
25249
25089
26113
25889
25985
24161
24705
27041
25568
25985
25473
25153
25441
25121
24225
24865
25057
25217
25025
24865
27265
25313
25633
26433
26657
25345
25025
24608
24481
25313
25409
25057
25633
24993
25473
24353
24321
25409
25760
26209
26977
24801
25377
25665
25185
26177
26497
25121
25633
25665
24577
26369
24736
26273
25152
44129
25473
25409
25281
25153
26208
25665
26593
24929
25472
26273
25409
26049
25761
24737
25217
25793
25825
29697
26017
25121
26017
25505
25601
25121
26304
26945
28513
25185
26433
25697
26753
25313
28609
25089
25281
26688
25665
26529
24897
24929
24384
25857
26849
25793
25281
24961
24929
25345
25921
25153
25057
24033
24897
27585
25857
25121
25345
25089
24705
25697
25536
25313
24929
24705
24705
25089
24385
25153
25377
25281
29473
25057
25153
26177
28609
25089
26593
26433
25408
26049
26593
25345
25729
26977
25729
29121
26016
28193
27201
24961
25600
24065
26977
25504
24929
25889
25569
25953
25121
24673
26977
26081
25665
26689
25313
27201
33377
25088
27105
26497
28769
28417
27137
26049
25313
26305
25505
26785
26592
27137
26592
25121
24065
25985
27616
25569
25121
26336
25153
25057
24481
24929
26881
24897
26049
24961
24065
24257
25088
26241
26113
26785
25184
25089
26305
25249
24961
25249
26401
25089
25089
25665
24449
25633
24321
24896
24577
25953
25249
28449
25249
26945
25312
24769
25601
24609
24897
24769
25921
25217
25473
26241
26273
25601
26497
25953
25089
26753
24992
24385
25505
24929
24833
26241
26785
27137
27489
26048
26145
26721
26369
26465
24897
24353
41185
27041
27265
26625
24577
24865
28448
25025
24321
26497
25953
25057
26017
25472
26497
26721
26977
25025
32193
26081
26241
25825
25985
27137
24897
26209
25409
24769
24352
25537
25601
24609
24257
24256
27585
27073
32961
24577
26049
26913
25152
27040
25409
24801
24897
27008
26817
25057
25825
27041
25857
26241
27073
26688
25537
27489
26561
25568
24833
25601
25121
24705
24321
26497
25537
24961
25409
24480
24577
24897
24704
48834
27264
25185
24897
25761
24737
26881
24289
25120
26401
25953
26721
25185
26337
24609
25152
25345
25409
44322
27201
25057
24865
25025
25281
25601
26401
26177
24033
24576
25057
25633
25025
25409
27553
24833
24065
29729
29057
25761
25568
25825
25345
24833
24896
25025
25152
24865
25185
24513
24769
25024
25120
25569
24961
27329
24321
24897
24449
24736
24737
25633
27137
25281
24353
25569
25473
25217
24897
26272
24385
26113
25313
26401
24865
25025
25025
25793
25761
25921
24673
24993
25153
25313
25761
24960
25281
25025
26816
25665
27425
26177
25472
24737
25057
27041
24705
25057
26464
24257
24993
24577
24896
24641
28481
24321
24449
25217
48098
26689
25281
24673
25441
25153
25057
24641
24481
24417
24865
25121
24641
25569
25857
27745
25185
24673
27617
25345
25345
24673
24928
25793
24961
26016
25025
24545
24193
25377
24321
26369
25025
25473
29473
25985
29057
26177
25281
25025
26433
25985
25281
29217
25217
25825
24897
26337
25280
24385
24833
24736
25601
25184
28193
25825
26977
26273
26337
24961
25473
25664
25089
26113
26657
25025
26369
24481
24737
25248
25217
24961
26721
26145
25057
25569
25281
25024
24897
26881
25441
24768
27169
25601
25153
26241
25025
25504
25377
24641
26209
24801
25153
25793
24481
26017
25281
25569
25281
25249
24929
25249
24481
25313
26561
25505
26017
25985
27392
24737
26369
24545
27425
27233
26753
27361
26145
27008
27233
28961
25857
27201
25888
24257
24033
46305
27585
28833
27553
25441
26945
29057
25504
27457
24736
26593
26593
26465
26817
25185
25121
25793
24833
32065
24673
25601
25248
25121
24545
25217
25089
28609
25377
28289
28512
27361
26785
27297
29153
26721
25153
24705
24096
26433
25185
24705
27200
26017
25536
26753
27713
28897
26625
26369
25025
25312
26241
26113
24672
27329
28001
25793
25569
25825
26145
25473
25665
24481
25665
24704
25057
25505
24961
25248
25185
24513
25441
27105
28577
25889
23905
24768
25249
24448
24929
28673
24833
25088
25281
25409
24993
24801
25057
24864
24897
27073
25665
24960
24929
25601
24545
28929
24641
25825
25889
24417
24801
25440
25409
24193
24865
24832
27297
24545
26721
27169
24481
25537
25248
25217
24513
24896
26753
25953
24576
25121
24961
25057
25185
24737
28449
25185
24961
25185
25377
25664
24833
25377
26017
24768
24417
24929
24481
25216
25697
25729
24161
24609
24993
25153
25505
26625
26305
25216
25121
26081
25473
25025
25537
25217
27681
27137
26401
25281
27201
27841
26465
24929
24641
24641
24577
26113
25025
25089
25857
29249
26529
25601
25601
25761
26433
26081
25473
41057
25472
25313
25633
25665
26337
25217
25376
24897
25505
26881
26945
24929
25281
25697
24960
23969
28513
29857
24353
23969
26401
24961
26400
25953
25249
24097
25697
24417
25633
24833
24097
24609
25024
28449
28929
27617
25729
25313
26497
25601
27713
26753
24673
25601
26688
24833
25312
26913
25953
27681
26593
24577
43361
27361
27617
26209
26305
24737
26368
26401
25793
26625
26113
25025
26657
25505
25121
24192
24673
24801
25473
25697
26529
26273
24513
24385
25345
25985
24992
24704
25089
24289
25249
24673
29217
24864
27361
26465
27585
24641
25505
26880
24897
26944
27393
24737
24704
24897
24577
24384
25121
24577
25568
25953
23937
29121
25472
25313
25184
25473
24929
28961
26112
25185
25313
24961
26177
26177
25825
24993
24865
24737
24673
24641
25184
25505
24737
24993
24833
25057
24769
24577
24609
24256
25153
25505
24928
24321
24673
24257
24641
27073
25825
25472
24289
23680
25153
24929
25761
24929
25569
24705
25089
24961
26017
25121
25249
25344
26785
24353
24449
25121
27265
29217
25281
25153
24449
24929
24769
24865
24641
26081
25409
25761
26177
27201
27041
26529
25761
24833
24705
24257
24608
26529
25153
24737
23905
23808
24833
25409
25345
24321
24321
24161
26977
23937
24929
23904
24993
25057
24097
24577
24705
24353
24608
25057
26305
26273
26337
25281
25185
26401
26945
25761
25473
24481
24960
25248
25185
25729
25249
26849
28353
24737
26561
24512
24865
24737
24288
32897
24705
25792
28161
24321
24705
24993
24705
24897
24609
25025
25121
24353
27136
27585
27105
24225
25344
27745
25440
25569
25569
25216
23681
24737
24576
25793
27361
24609
26081
25920
24481
26145
24449
28897
24800
24321
24897
25121
24609
24832
27265
26848
25409
25153
25057
25121
26273
24897
24609
24769
24800
26625
52545
26977
26433
27457
25409
23584
24801
27041
25729
24801
24352
23937
29409
24961
27073
24865
25377
25473
29152
25217
24897
25121
26017
26241
25313
24768
26689
25664
24225
25089
26688
25281
24576
25121
25729
27841
27265
26049
25473
24289
24417
28257
24065
25153
24416
27105
24353
25185
24577
24833
25409
25025
25249
26689
25537
24865
24896
27137
25025
27168
25601
24961
27489
25601
25217
28545
26720
27233
25633
24545
25569
35265
24897
25857
24929
25921
25601
26241
27169
25313
25505
25569
24385
24193
24641
25249
24449
24737
24417
25281
24352
24033
26913
24896
24545
24801
25409
26433
24865
24833
25632
24641
25377
25249
25025
25537
25889
25440
24641
24384
25089
24289
24161
24993
25089
24673
25761
25153
24737
25184
25025
24705
24033
25057
24545
25153
24193
25025
24256
25537
28801
24609
25313
24705
29025
24736
26337
23713
24321
24672
25025
25089
24961
27521
25313
24993
25536
26369
24673
26753
25280
24801
24001
24577
24736
24737
25025
24320
26401
25761
26177
27360
26945
26273
25569
24800
24961
24833
25057
25185
24001
25121
24577
24449
26240
27137
24833
25441
26816
25345
25057
24865
24417
24801
25537
27009
26913
26753
27169
25185
24577
25153
25985
23841
24865
24673
26305
23777
25633
24673
24033
24321
24353
24289
24833
24001
25057
28737
24672
26273
26560
25216
24353
24385
25728
24577
24801
24481
24928
24673
24673
24769
25217
25057
25281
25537
25056
24705
24897
24609
25856
32385
25728
25761
25472
24961
24545
24032
25121
24065
26657
27361
25633
25345
24928
23873
25057
24033
27041
41570
25825
24960
25217
25056
24737
25857
24704
23969
24928
25473
24225
25921
24865
24321
24961
25473
24641
24705
24705
23681
25889
26049
25441
25377
24993
25088
25569
25409
25345
24865
25121
24737
25825
24801
25025
28385
26081
25441
25633
24833
25793
24577
26177
24673
24768
25441
24832
25665
24480
26625
26593
24545
25440
28065
25761
25153
25089
25057
26561
25313
27393
24737
25569
24481
24769
25441
24449
26433
25761
25089
26657
25281
28705
25665
25505
25313
25281
24897
26689
24897
25025
27361
25057
27041
25409
25409
25697
44738
26016
26945
24224
24097
24353
26464
25601
26625
26721
24961
25921
28417
24800
26177
24673
24320
27553
27329
25889
26945
25729
24065
25409
28481
27297
24672
27009
26561
24737
25601
26337
24769
29217
24705
25313
26849
26081
24001
25889
28449
25633
25440
26273
25921
26625
26529
25377
24161
27745
25633
25505
25057
26113
27649
27009
24833
24993
25505
25281
25185
25409
27296
24257
25601
25120
25249
26497
26401
26369
24480
27713
25377
24897
25057
24481
26241
24705
25632
25089
24161
25153
24929
24257
25697
24897
25761
27201
25633
24673
24448
30369
24737
24673
24832
26337
25857
26753
25249
23840
24833
26049
24672
24065
24641
25504
24993
27041
26817
27169
25344
26913
26625
26145
25281
25057
26625
27553
26241
26913
24609
24481
26305
26881
25889
27393
27617
26209
27425
24544
27457
26849
24961
25344
26433
28545
24896
25953
25345
26816
25441
25216
26432
25825
25185
26209
25056
25121
25057
24609
25537
25184
26145
25473
25921
28609
28673
24353
25633
25057
30849
24577
27105
26561
25121
25345
24833
26528
27361
26305
25664
26497
24609
24577
24097
25825
25376
25025
27137
26113
27457
26593
26625
26401
26177
28129
28961
25121
27009
25824
25761
26177
25057
25281
24608
25153
26465
24353
25313
26049
25601
25825
25152
25953
25665
26432
25601
24929
24865
25312
24705
25505
25217
25217
27009
24417
25441
25025
26625
24993
24673
25025
24417
24097
24480
24544
24033
24705
26657
25121
24225
26049
26529
24481
24641
27553
24801
25185
24865
24641
28033
25217
24737
25920
23585
24417
24672
23617
23937
33025
24577
27137
26785
24225
26625
25409
24353
24289
26049
24321
25633
25024
26401
25185
25856
25153
25121
32545
24833
25345
24736
24353
24993
24833
25121
24704
28705
24929
25473
26209
26337
26721
25537
24961
25921
26369
26977
25888
26017
25729
25121
25217
25857
24385
28769
25601
25761
25985
25857
25633
25121
24705
32225
29377
24416
25185
24161
26721
25345
24609
26464
25505
24192
25601
24737
26721
24065
25697
25121
24640
27361
26081
25377
26209
24481
24769
25345
24929
24161
25185
24800
24417
24833
25985
25664
25409
24353
24417
27009
27585
24800
25665
26081
26273
24929
28801
24993
24641
26625
25121
26689
52322
25729
25345
28449
44993
26017
24897
28673
26433
24737
25153
26048
25089
26464
25217
26913
24672
25441
28385
24129
26529
25089
25441
37890
29409
25313
25537
26369
25664
25281
26176
28961
25025
24545
27553
24993
25537
25057
26113
25409
26241
26592
23873
24704
25345
24257
25985
25409
27425
25601
25473
26145
25441
24865
28161
24033
25345
24865
25633
25057
24609
25472
24416
27489
25505
26112
25537
25792
24769
28801
25089
25153
26657
24705
28673
24065
28353
25313
26593
31873
25057
24705
26529
25217
24673
28449
24897
26689
26849
27520
24801
26720
26657
25568
24993
24864
24833
25441
24705
24609
26337
24769
24928
24641
27361
24769
24929
25057
25345
24641
27777
25025
25856
24769
24833
25760
25153
25185
24801
24929
26145
25344
27936
26209
27489
24737
26849
27425
25120
25281
25217
24801
26625
23873
26497
25889
24544
25825
27009
32353
26816
24705
25792
26305
28097
24385
24545
26273
24353
24865
25441
25089
25313
26817
25729
24897
26977
26977
24865
24800
24993
26497
27009
25217
24481
26753
27329
24833
27233
24993
25825
27137
27040
26017
54690
28417
26465
25409
25057
25281
24320
25825
25025
24961
24417
26465
25473
26369
25121
64610
25441
26817
27681
24673
25697
25217
25313
26465
24673
25377
26817
24417
26593
24993
26657
24353
25793
24705
26913
47842
27457
26657
25249
25633
26561
27329
24993
26177
27136
24961
26177
29153
25473
25569
28737
27425
26593
27489
25537
24705
25728
25665
26113
26593
25472
28865
25697
25473
24832
24513
26016
25377
26208
25569
32065
27009
25889
27073
28225
26465
25473
25505
24513
25409
25024
27009
25313
26497
25825
25345
25313
27873
27777
26337
25537
24129
25249
26401
26913
25441
25761
23937
25313
28481
26881
26688
26913
24608
25377
32706
25089
26369
24705
25025
26209
28385
25217
24577
25377
24545
24833
24801
24833
26305
23841
25089
25409
32257
24449
24897
26369
24769
25281
24769
25441
24897
24897
24161
25313
24768
24961
25473
25057
24449
42626
27361
25697
24833
24929
27201
26624
25153
24545
28417
24865
24864
24385
27137
24321
25953
26753
25536
32609
24769
25025
26401
25025
25633
26049
25696
26337
24449
27040
25281
25473
26849
25889
25025
26145
24833
26849
24961
25921
24193
25601
26753
25441
28801
27201
24832
26625
25025
24833
27169
24673
26913
24481
32866
25633
25793
27201
24065
25697
25889
26177
27041
24321
27393
25216
25345
25633
25345
29121
24193
25761
26529
26433
26785
28417
25153
24289
26433
25985
26753
25793
26785
26849
24961
27073
24416
26625
25312
28705
24192
25441
28704
24193
26209
24864
24993
26145
27009
25216
24417
27008
24321
24545
25345
24961
24897
27553
25377
24800
25505
24993
24800
25633
25505
25473
25153
24769
24833
26721
24993
26177
25888
25153
46050
25185
24801
25153
25313
25441
24609
25089
24864
24801
25313
25473
25761
25953
25697
24865
24833
24705
25121
25441
24929
26113
25665
24385
24833
24801
23744
24193
24385
24737
25185
25313
25121
25729
24609
24769
27073
24673
25025
25025
25089
25633
24833
24769
25153
25441
25537
24865
26241
25089
25313
24576
23809
28929
24416
24961
24801
24513
25985
25089
24865
24801
24801
25089
25377
24001
24609
26657
23745
26081
24289
26465
25121
24929
24033
27201
26529
26017
24257
24833
24161
28705
26081
27585
26817
25793
27105
26497
43746
29889
25569
25505
24737
29121
25345
24353
24865
27777
25056
30241
24289
25281
24577
25281
24609
25344
25633
24961
24705
24833
26753
25153
25185
25217
25633
25505
25057
24481
25921
25280
24993
25761
24865
26017
24865
26113
27041
27457
24513
24928
24737
24961
24353
25505
25312
25345
23905
24513
24768
26849
24384
25057
25921
26241
24961
24961
25504
25185
26241
27649
24417
24385
26401
23649
24193
24929
25569
26337
32897
25665
25185
25601
24865
25185
25025
24257
25825
24801
24449
24704
25249
28001
25025
24928
25281
26241
25409
25120
25121
24577
24801
26721
26144
25377
24800
25825
25185
27329
24417
24832
25537
26177
27296
25025
27360
25281
26497
25440
25249
25185
24577
24577
24801
24833
25121
26625
26305
25377
26593
26113
24193
25376
23425
26145
25089
25217
25057
25057
25472
25121
27104
24577
25345
24833
24609
24833
24513
24960
24385
28257
26593
25377
25057
25249
26145
25569
25921
25696
24705
24033
25728
25473
24225
24609
24225
24001
24993
27104
26337
27041
25089
25025
26592
24385
24193
26785
26785
24897
26369
25729
24961
25025
24833
26497
25409
27553
25473
24992
24225
24737
26305
25153
24481
26145
25249
25600
25217
25025
25281
27169
24993
25025
33121
26720
25057
25441
24961
25697
24929
25985
25920
24961
25953
24480
24513
24481
24065
25440
24513
24480
29889
24896
24161
25153
25985
24481
25281
25217
28865
24288
25185
24129
24161
25953
24225
24385
24640
29409
24833
25089
26177
25729
25761
25345
25089
25729
24769
24577
25056
25057
26913
24513
24545
24097
24545
25473
25121
26624
24513
25281
24481
28385
26561
24673
24513
27265
24993
25440
24833
26145
25313
28737
39618
26689
25313
25665
25025
24897
24833
25249
24928
25089
24641
25601
24993
25409
24897
25537
24865
26528
32577
24641
25152
27809
25248
26049
25473
26785
26561
25121
26529
25601
24513
25793
28065
26337
24961
27297
25280
24929
28545
28033
25601
25345
25505
25952
25505
25216
25921
24641
24769
28481
26849
26145
26337
27585
25313
24865
24641
27009
27425
26017
27073
25057
25505
25153
25185
25473
25441
24992
26401
27073
27137
24449
27265
25440
25441
26305
24641
26145
25441
25569
26689
26273
26560
27361
28609
26369
26305
24609
26272
26753
25793
24993
25152
25473
26305
25185
24545
24737
26657
26593
24929
25568
25313
25697
25953
45089
25505
26977
25505
24865
24960
27777
25281
24865
25281
27009
25793
25089
25505
26017
25249
25377
25729
27137
25057
24705
24065
24640
24641
25185
28737
24833
25217
23969
24929
26465
24353
25633
25313
28577
26113
24897
24705
25761
24832
24737
25217
25569
24416
25857
25441
25601
25345
25537
26785
26369
25793
24545
26593
24545
25184
25217
25057
24352
26337
25921
24673
26625
25185
24929
27009
25793
25089
25057
25761
30337
25249
25825
25184
25057
25024
24705
25056
25377
24832
25089
26977
26689
25633
25281
25312
24673
25249
26913
25089
25697
24641
24128
26561
24257
24833
25601
26017
25345
23969
27969
24768
25249
24577
24641
24769
24705
23841
24481
24737
26817
25344
24641
24609
24545
23937
24321
24225
25121
24449
23744
25089
24448
27873
25121
24961
24129
28417
24481
24833
25409
23841
24609
25121
28289
23616
24865
26401
25248
24993
26081
25601
28801
25537
24705
25089
24769
24737
25056
25889
25025
24609
25793
25217
25473
25441
24769
41633
25025
25537
25857
25153
24929
24481
24449
25185
24801
23489
25184
23937
25440
25345
24257
24929
24961
30977
25185
25281
25025
25121
24545
23905
25089
25633
24961
24929
25345
24897
25057
24161
23808
24449
25217
25569
25601
25985
26144
24801
25281
25440
24641
24704
24833
24289
24289
24097
24001
24705
27105
24192
25825
27233
24833
24929
24896
23905
28865
25473
25568
25217
23905
24641
24961
26016
25089
24257
24801
54178
27585
25409
25345
24737
24961
24768
24801
24993
25249
26209
25281
28993
27009
25057
25441
25985
24641
26049
25313
24833
24609
24161
24929
24960
25057
25088
24353
25121
24768
24897
25728
24993
26561
24800
25185
26369
25057
24769
25313
25473
25025
25409
25857
25089
25025
25441
26912
24897
24961
24832
24993
24705
27681
25568
26881
26593
24257
25665
26049
25665
24512
25473
25281
24929
25569
25792
25505
24737
25953
25376
25729
25185
28737
25185
26305
25920
25377
25697
27745
25921
26753
27649
25921
25089
25185
23745
25921
27713
25184
25185
26177
25185
26049
26433
24065
25280
25889
24705
28608
27329
24384
25089
24800
25377
27745
25409
28353
24929
25153
24545
25121
25729
26145
25600
24545
25761
25313
23361
25825
25441
25121
25313
26177
25761
26753
24385
26721
24512
25505
25536
24513
24673
27489
25761
25281
25569
24673
25249
26657
25345
27617
25217
26145
27297
26401
25249
25281
25569
25761
26049
27073
24641
26785
26497
25057
25569
24737
26816
27105
24608
25825
24640
24193
25025
24673
25185
24801
24961
24513
25217
25377
25313
27105
24513
25281
28609
25185
24705
25409
26112
24769
23905
25057
25185
25633
24736
25697
24833
24833
24321
25473
24545
42049
26945
24545
24257
25473
25056
24129
24737
24865
24481
25153
24897
26560
24769
25633
24609
26081
23905
24929
24545
24833
24224
24193
26592
24577
24545
24609
24641
25473
24833
24897
24640
24513
26177
24577
33153
26497
24737
24321
24225
24129
24609
24160
24225
25345
27201
25089
24225
25313
25185
25377
24321
29665
23776
24481
24929
25312
25153
26369
25825
24417
31649
25472
26177
24609
25281
24833
25441
24864
24897
27041
24544
24289
24833
26145
24832
25153
25249
26433
24385
24512
26817
24385
25409
24864
24161
25313
32609
27329
26017
25729
26337
24480
24737
24672
25825
25569
24289
24929
25601
24513
25025
23937
24705
28897
24961
24609
24736
25441
25024
24705
24609
24448
24609
24929
24929
26048
24353
25728
24769
26497
25313
28929
25665
25121
26913
24833
25024
24449
25952
24257
24449
27105
28481
27169
24993
27201
26625
28353
26465
25056
25057
27201
24065
25664
24449
24737
26625
24096
25025
25089
24033
25089
24865
25312
24289
25889
26945
25601
25377
24896
25121
25824
24769
24224
25857
24704
25601
26049
25281
25345
24577
27265
24257
30561
25057
26369
25473
24961
24801
24289
24833
24768
25985
25697
24769
25057
24225
25729
25121
24448
24961
26849
24257
24737
24737
24897
25569
25153
24545
24833
25089
24481
24929
24993
24033
24769
24769
24641
45249
27649
24545
26177
24865
25313
24609
25440
27073
26561
24544
27105
25249
24736
25089
24640
26465
25345
28705
25281
24929
24641
24801
24929
24705
25313
24993
24769
25025
25185
23905
25281
25025
25953
32097
28161
24577
24192
24545
25249
24257
25632
24513
25345
25025
24481
25473
25217
25440
25057
25025
24801
25153
27041
24960
26817
24865
26497
24993
25345
26337
24545
24705
24641
25761
24961
24769
26721
24289
24320
25281
27233
25281
24481
24609
25089
25537
26272
26177
25825
26977
29025
26017
25568
25569
25697
26465
26049
25953
25504
24481
25281
25313
24641
24737
25377
25249
25121
24576
24609
24449
24833
25121
28929
27393
29345
25601
26561
25281
26369
25505
26785
24321
24673
24417
24225
24545
25473
24224
26593
24641
26913
25313
28001
25249
24768
25633
25793
24609
25569
25121
24897
26560
24513
24993
24929
26305
28833
28673
24577
32577
26113
25121
26368
25153
24289
24769
24961
26945
25761
24833
24160
24097
24321
26273
25057
24801
24801
26305
24801
24833
24672
24417
28769
24993
25057
26049
24608
25281
25249
24609
25153
24897
25121
27233
33121
24864
27009
25281
25665
27521
26400
24673
24256
25825
29121
27137
26209
24801
24737
25121
25216
28897
24896
26337
25889
24129
24417
24577
27201
27041
25953
25153
25025
25857
24961
26497
25825
24417
27072
27553
25473
26945
24705
26273
26305
25697
27105
24321
24577
25025
24512
24833
27041
24641
24704
24801
33442
26849
27553
24129
24929
26657
24672
24065
23776
24769
24992
25985
24577
24929
24353
24353
26401
24800
26209
25281
24033
24705
24545
25313
25761
25569
25569
24928
26369
26593
25665
25665
25729
25729
24928
25696
25057
24609
24801
24480
24833
24353
26144
25025
25249
23649
24545
24577
24928
25377
24833
24224
25153
25889
24864
25441
25376
25057
24545
24353
24416
25441
25088
24129
25633
25249
25601
27457
25408
25377
27136
26273
25281
25441
25793
23873
25441
25505
25249
24449
