171686
55202
100260
46721
42977
42402
41602
41921
42017
43425
41762
39938
39393
41026
38817
39298
39233
41089
39266
39074
47810
41281
39074
40257
41249
38177
39650
40417
40289
39745
38657
38433
46593
40993
39521
40514
40994
39649
39201
40322
40129
38626
39106
39905
40897
41217
39617
40065
39809
40865
39906
39905
39649
40193
39138
39105
40738
40962
38721
42210
40929
41698
39361
39681
40226
40929
40417
40065
41121
39905
40066
39265
40258
40257
37698
38882
37793
39841
39617
39234
39234
42081
41634
57538
47585
40993
40130
39201
39233
39394
39650
39361
40034
39009
38849
37921
38017
38593
39170
39777
37890
38466
38978
39074
39201
38913
38658
38658
37825
39681
39265
40417
38849
38690
39297
39841
41569
40353
38849
39234
40066
38402
37378
38593
39105
37793
38209
39617
39394
38113
36929
41826
37505
41633
41154
37153
39105
39490
39169
39425
39137
39329
38049
38561
38721
38849
38241
38433
41505
38625
40130
39713
40257
39681
38754
38273
39234
38753
40962
38114
38754
38657
40002
38817
39521
39106
39586
39809
38114
41762
39457
39457
38593
38177
40130
39649
38753
38049
38177
37793
38945
38849
40033
40258
40674
39330
39330
38754
38977
38273
39458
40834
40929
38338
39586
39873
38625
38273
39073
39394
39074
39138
102660
40897
39457
38721
38721
39425
38849
39297
38241
40065
46529
38050
38497
39297
38946
44481
38946
38241
37729
38817
38945
39041
37633
39330
38401
38401
37665
38082
37378
38466
38241
38882
43970
38786
39298
38561
45217
39329
39457
38849
38049
38081
37921
37217
36673
38753
38305
37250
37762
45378
38626
38370
40001
42178
38081
38017
39170
45729
47617
38018
38434
40738
39329
38913
40386
45922
38689
39458
37474
39329
69955
41377
40801
39330
39777
38050
39201
78946
43873
46689
46721
39809
42466
46082
38305
38754
40514
39842
38561
38818
38785
38338
38945
47425
38721
38657
38658
38209
36865
37761
37153
38689
37313
37346
38306
37922
38338
37953
37793
37985
38753
39361
38530
38017
39713
38178
37602
37601
39009
38497
38145
37218
37922
45857
38081
37890
38018
38145
37185
37601
39137
39105
38209
37505
38113
38497
37954
37762
37474
37601
37057
36833
36609
37121
38177
38561
39617
52674
37538
38593
36065
37665
38466
37857
37985
38593
38049
37601
38369
37218
37378
38690
37986
37633
38402
37793
37794
37665
36833
38817
37633
37058
37185
38177
39329
38625
37633
38017
39585
37921
38050
38882
38977
38465
36673
37313
38721
37025
36609
36993
35841
37985
37698
38594
36609
38370
37569
38433
37025
42049
36993
38305
37633
37953
39873
37409
38753
37857
38337
38529
37313
38370
38625
39105
37889
53826
39042
38466
39009
38242
39265
38177
37986
37186
37249
39457
37729
37281
36321
37857
37409
37346
36929
38977
38593
38081
37281
37922
38881
37922
37537
37441
38337
38305
38273
37761
38369
37473
38241
37313
38881
39265
37921
37633
37281
38465
40226
37698
37026
39042
37634
39489
36993
38945
39489
38657
37857
38337
39106
75170
36610
38594
39425
40705
37985
37442
39266
38465
38465
39105
39009
38785
39905
38882
41889
37313
37537
36737
38881
46593
38881
39617
41154
37921
37825
38113
39393
38498
38338
38402
39874
38434
38786
42050
37537
38754
38849
39361
39042
39265
40354
38786
36866
38721
39361
39682
55010
38306
37762
37218
37217
37633
38946
38657
37473
39937
39458
38050
46530
79778
39778
38465
43458
37889
39105
41473
38849
39009
39457
37537
37857
79267
40450
38465
37378
36513
38657
39714
39105
46433
38913
41602
39169
105603
39041
39553
38721
39169
39266
37058
37314
39137
38049
43425
38241
39137
38081
37761
37793
38882
38721
38049
38369
39618
40609
38273
37889
37537
39105
37857
39361
39233
39265
37953
37633
37826
38401
37633
37153
37857
38465
37089
36993
36865
37282
39298
37537
38721
38433
40193
39073
37473
36865
38402
37730
38337
38145
38977
37377
38753
38530
39745
39457
37153
37249
41122
38785
37633
36897
37185
37985
38625
37633
37665
36545
39041
39906
42145
38465
38849
38498
37601
46465
40001
39202
38561
37505
38561
38338
37441
37921
38658
37569
37121
37889
36258
38530
38850
38977
57570
39745
38689
38689
38626
38818
37538
38273
37665
36737
37793
38337
38306
37218
38434
37729
37729
55073
39681
38562
38081
38209
36801
38881
37153
37666
37729
38753
38241
36961
37537
38785
36897
37441
37313
38050
38466
38913
38561
36577
38241
40193
39138
37826
38433
37569
37954
37954
37026
38786
37698
37185
40609
37729
37697
36705
36801
38017
37890
37826
37730
37922
39362
39105
38017
38049
38466
38082
37409
56642
38017
38913
38178
37857
37794
38082
37121
36993
37313
38721
38433
37473
37537
38305
38049
39041
65635
41762
46145
38049
37505
39137
38529
38530
36514
37794
37986
37250
36930
37217
38241
36961
38178
39329
39490
38337
37281
37025
37985
37921
37505
37089
37089
39073
37377
37729
37506
37922
38017
38881
39745
38241
37889
38497
36834
38466
37890
38498
37313
38945
38209
37793
37537
37985
47521
37697
47042
39809
37858
40321
40097
38945
40834
45602
39489
39393
38497
38626
45890
47233
39649
40802
40961
39393
40354
39425
38945
39937
39682
38881
102340
39233
37505
37921
46146
37601
40898
42210
38689
39745
39201
38657
39073
37857
38593
39041
38273
38177
39489
37345
39169
37313
37601
37954
41410
38241
39713
39585
38945
38466
38114
37346
37698
38689
38113
38273
38241
37633
37921
38081
38081
39809
38561
38145
37793
38305
37826
38658
39265
38209
39074
37730
39010
37473
37409
39041
38081
38274
45985
39265
38849
38529
39585
38945
38913
37729
37217
38529
42657
38337
37857
37185
39457
38306
37793
39777
38305
38913
37185
39105
38466
38529
38337
38017
37761
39105
39393
38561
37890
37665
37634
39649
39233
40609
37473
38561
38049
37985
39137
40225
38177
37858
38818
37505
39617
37889
39137
39297
37921
38209
38594
40034
40577
38977
38241
38657
38177
39361
38817
38497
38402
37858
37473
37761
38018
38690
38946
39425
39297
39586
38369
39041
39266
39649
38465
37825
39266
37249
39297
38369
38273
37410
36866
38401
38529
37761
39009
38209
38945
37793
38689
38850
37825
38881
39170
39233
38689
39873
37666
39170
39202
38945
38465
37793
37665
38785
38337
38146
38306
38114
38178
38721
37185
37601
39201
37985
40193
66946
39714
45890
37762
36961
38529
40129
38145
38593
38849
38657
38049
37602
37761
39169
38305
40161
40193
39585
38690
37889
37761
37953
39649
37858
38561
39265
37346
39073
39777
39809
38465
38625
97411
75811
47522
38850
38689
37858
39745
40001
47426
40129
39937
39329
38498
41058
37601
41442
39617
38145
37729
39521
38241
39074
38817
40161
40322
39169
65634
39681
41313
41154
38913
39713
39170
37570
38178
37185
39554
40833
38113
37761
38113
37889
37506
37217
39362
39714
113188
42242
39681
38689
38625
38113
38786
39330
39554
38722
37026
38594
37313
37889
37473
39330
37474
37890
37569
39777
38306
39041
38273
36833
38881
38177
38177
37409
38081
38305
38850
37122
38529
37090
37314
36897
39586
39106
38690
39905
38753
37825
37313
40545
39073
39298
40258
38145
39105
38881
38562
39169
37921
37506
39041
38113
38082
39169
38721
38113
39937
36833
39714
39073
42529
38562
39937
39297
37857
59074
39746
38337
39681
36769
39202
39842
37954
37794
35586
38594
40098
45634
41730
39554
37793
37665
39425
39489
37377
36033
37857
38338
39809
39361
37537
38945
40290
38018
38530
38306
38401
39841
39009
41538
38593
38145
38529
38146
38401
39713
38114
38178
39426
37793
37697
37441
38178
39201
37570
37505
58114
38978
40097
39618
38178
37890
39170
39585
40194
38305
39361
40578
38433
39809
39202
38210
37825
45250
39329
38497
39329
36770
38241
38817
38177
37505
37985
39970
40258
38753
37857
39361
37569
38977
46081
38978
38658
37153
38113
38945
38305
39553
37217
38753
39266
38433
38849
37857
40225
37953
39521
44737
38978
40578
37922
39393
38689
37697
36897
36577
38785
37345
37506
38274
38433
39713
37089
58018
40898
38977
39617
37250
38817
38049
36642
37506
36642
38977
46817
36897
38882
37570
39714
44481
39201
39713
38498
39426
38498
39233
39265
37282
36866
46625
39682
37473
38658
39745
39457
37633
44705
39169
37857
38114
37858
38562
38401
40193
40321
40577
155589
39617
39042
37505
40738
57122
40258
38401
109828
38402
39489
53282
46914
91203
40321
39842
41121
40898
46274
42114
40930
40738
38657
38209
37922
37761
39394
39042
39810
39810
39617
38753
37729
36321
36833
40737
39521
39777
39393
37825
37761
37186
36001
38977
37985
38017
37762
39906
37474
40386
39361
45665
38402
38530
39618
39265
39041
40257
41218
40130
39841
39330
37634
40354
40001
38721
37697
39010
39650
40674
39810
38977
39265
38689
37793
36865
38977
39010
38817
43298
39778
39809
37825
40065
38882
39393
41377
39297
38882
37730
39425
38145
37537
37793
39713
38529
37601
39137
39297
38433
40129
38978
39298
39649
39266
37537
39073
39009
135877
40929
40193
39810
40321
39233
39170
39650
38945
39874
39042
44226
38913
38433
41089
39586
41281
40481
40322
40097
39425
38498
39137
37441
39489
38306
40098
39137
44898
38818
40001
39393
38818
39522
40161
41698
40545
39457
40898
39905
37345
38145
38593
39746
38978
39298
38658
38690
39553
39458
37665
37922
39713
38913
38465
37378
41121
43234
40289
38401
38049
54978
40641
38882
40225
39010
38561
38113
39553
39137
38401
38274
38306
39202
38945
38113
38337
40129
39041
42178
41986
39713
38785
38881
39970
37601
39361
38721
39745
37857
38689
38337
37473
39137
37378
39777
38433
40642
40641
40289
38689
38082
39809
39297
39458
40353
39554
38817
41377
39842
39137
42945
38049
38945
39266
38913
38753
39265
41730
39553
106084
40737
38626
39937
38497
42241
38273
63106
38178
38306
37473
47329
37378
40641
38850
101283
79363
41537
39713
43393
40705
41409
47522
39874
39361
39105
39553
38529
37345
37346
37346
40802
37601
37729
38721
38529
37377
37601
80323
41601
40802
38721
38561
38594
39745
37825
38306
45602
38593
40225
39873
37825
39649
38081
38978
41537
39233
38466
37793
37761
37986
39297
40129
37793
38210
37890
37345
37569
39041
108868
37121
38881
39201
39234
38529
38818
38241
38274
40129
38434
38849
39393
39746
89603
39586
39393
38305
40482
39553
38401
37473
37793
38721
37761
37377
37026
38338
38625
39362
38881
39393
38786
39265
40130
36418
39233
39905
38914
38721
40609
38753
37441
36961
38754
39329
39393
38658
40609
38913
39073
37858
38817
39041
39809
39426
38753
38593
39138
39201
38977
37794
38369
39585
38337
39426
37377
39393
39265
41570
39809
41985
39426
40514
39873
39905
39393
38946
39009
39554
39201
38625
39009
40002
39361
38849
41346
39457
38721
38882
39169
38593
39458
39426
37793
39393
40290
39841
37186
38786
40257
39937
62786
38657
39361
40130
39329
38593
39777
39298
39489
38626
40290
40065
39714
36961
38209
40162
37953
62082
37345
38177
37889
39298
38081
40321
37890
37441
38337
39969
36769
37121
37474
38722
39329
38434
38881
38145
38017
38178
39009
37857
39617
39617
39106
38881
39777
38945
36769
39233
38433
38529
39585
43553
37953
40833
39681
40449
38497
39714
39905
37377
38305
39585
37986
39105
35937
37825
39842
39457
39041
38626
38178
38241
39137
38498
40353
39874
37345
38081
39265
40802
39553
39330
41537
39682
40482
39938
40769
39522
37985
37761
38849
39937
38081
38337
36225
39489
36481
38882
37378
38785
40225
39425
41121
39169
39809
38786
39297
39745
38305
37089
37185
38529
38369
38658
37538
38849
37665
36161
37025
37185
39042
37825
38178
36033
38401
37889
37378
80802
38337
38945
38081
36833
46209
38561
37601
64962
38786
38210
37698
39746
38337
38018
38977
37633
37186
39713
40418
38049
39393
38593
38465
40193
40578
38945
39266
48514
41570
39937
39266
37569
39937
40545
39905
39394
38017
38242
38977
41825
38145
37729
38017
37889
37281
37281
38081
37569
37025
37570
39969
47554
42177
38881
38017
41057
98404
38626
41985
41986
39329
38850
38593
40129
38177
37185
36961
39362
38850
38946
37089
45281
39265
39393
39873
39681
39266
38081
107204
38113
38945
40385
38145
37602
38466
37730
36770
37410
38337
38625
38145
38658
37537
38977
38209
36642
36129
38785
38433
37858
35681
37825
38145
36993
36609
36609
38433
38913
37025
36929
38946
36610
39553
36993
38818
37314
38017
37953
38338
38018
37313
38049
37761
39105
37697
37921
36545
38562
37602
37890
36577
38306
37026
36449
37122
36482
38817
38114
37025
36865
39713
38305
36930
37698
39489
38017
36898
37537
38209
37313
36833
36993
36609
37729
38049
37506
44641
38081
37377
38498
37633
39969
37793
37122
36738
39010
37474
37410
36097
36129
37921
38017
36962
45154
38849
38017
37281
36001
37793
36513
41250
37441
37217
39393
38017
37281
37153
39009
37601
37473
57890
39617
38433
37505
37249
36609
38081
38593
37153
37217
39937
37793
37345
36354
39457
39681
37633
82691
39393
39169
37089
36290
37666
37890
36833
36545
37409
38305
37729
36770
36418
38562
38274
38625
38785
39810
38434
37729
37985
38882
38818
37089
36609
37057
38977
40546
38017
37441
38050
37057
37441
41825
39297
38177
38434
38369
38305
37665
38017
37121
39073
38850
37378
36353
36129
37825
38274
37602
41153
37986
39553
38593
37281
39394
40066
37921
40226
40257
39009
37730
45122
39585
37697
36833
56066
39105
38210
38402
37345
37121
38081
46242
37665
38498
37537
38754
37793
37506
39553
38273
37633
124068
42497
38882
37089
37281
39553
38529
39105
37217
38753
39105
38273
37185
38497
95875
61346
41857
54561
50850
46786
44770
43073
41089
44833
42497
41313
41665
38465
37122
37026
36129
43233
40993
37122
43969
43169
41665
45378
42081
39137
37634
39489
40930
37953
37153
37281
37441
41185
38209
37249
38914
41729
40001
38498
37602
41281
40417
38177
38433
41762
40161
38145
38210
40258
42721
39233
38210
38721
43105
37953
38721
38529
40705
38241
38529
38273
42722
39393
39265
39009
42561
38593
37089
36865
35873
41442
38113
36993
36737
42658
37985
39778
37569
42497
40481
40481
39521
44098
45281
41922
40705
40962
41570
40450
38433
42273
38593
37569
38017
37922
41857
40737
38049
44194
42689
38241
39617
38402
42689
39937
39009
39074
42177
38209
37153
37569
37409
43649
39778
38338
38241
41857
39649
38657
37057
42402
40770
41057
38305
40962
41313
38721
38081
37409
40641
40417
38689
45729
40834
38658
37858
37025
40705
39329
37665
38849
42017
39650
40193
37953
36962
43105
39905
40066
37026
41794
39425
37889
37762
40705
39265
37793
38114
41474
38785
37793
37441
37889
44194
39713
39074
40577
42242
40705
39970
37889
42786
37954
38050
36641
42338
38114
38786
36802
38145
43042
40545
37729
37954
42401
41537
39841
38017
40961
41666
38561
44418
45153
39650
37121
36321
42881
40002
37026
56961
44578
38658
38945
37281
37345
44001
39170
38146
36386
41569
41505
38977
40129
43265
39841
39106
40289
41953
39425
37602
37378
43201
38369
38177
37473
45025
39874
40737
38433
41761
38882
37954
44865
41953
41634
93315
38977
44226
41281
38466
39457
42625
49794
47554
46753
48194
38306
44834
39201
39105
37825
38113
44098
38273
38497
82626
38306
38433
38946
42209
39937
37921
39201
41634
38689
38529
37666
41537
38530
37985
37697
36833
42850
40609
38337
37313
43809
39841
37217
40034
41986
38657
37729
37025
41185
37473
39329
37377
42498
38242
36834
37825
37057
42433
37985
37794
41890
42241
38273
40290
36994
40257
37537
36961
38530
41889
38273
40098
39201
38113
42049
38401
40289
38689
41729
38497
38017
37825
41314
38017
37729
37793
36385
42626
38273
39010
37281
40289
38977
39554
38466
43585
39617
38306
39266
38178
43361
39329
38465
37858
43265
39585
38305
37825
41729
38977
38049
37665
43042
38753
39489
40001
42337
39042
39073
37921
38625
43746
38338
38626
38689
41793
38306
38210
40641
42081
38497
37505
37442
43170
39553
38849
38274
42625
38369
38273
38274
39553
42273
39810
38178
38081
41314
38722
37602
37345
40961
38081
37377
37121
38530
43265
38914
37825
37889
42530
40833
37633
38273
42434
39490
37601
36865
41602
38433
38689
39426
41633
39393
37665
37057
36481
42946
39329
39233
37537
41026
41793
37569
37634
42721
38113
37537
37569
41473
38017
38529
38721
37441
43842
40161
38241
42337
42242
41345
38593
37697
42402
39969
38209
39105
36322
48994
39202
114564
43169
39010
37442
42050
42913
37921
37409
37345
39585
43170
40865
38497
41025
42241
38946
45377
43106
40833
39553
42049
105348
47137
40129
86883
43393
39777
38273
41729
40257
47842
41953
44481
42113
38722
111331
42914
39265
37665
37729
41762
38530
37633
37665
43553
37986
37313
38017
41954
38754
39233
58242
43138
40130
38369
37633
40866
37858
38241
37153
37345
42209
37697
37409
36705
41154
38881
36897
57890
43521
38113
38434
38785
41697
38850
37666
37089
37666
42370
39553
39361
39298
42914
38785
36961
64802
42433
38497
37570
36545
41185
38753
39553
39169
37634
42721
39745
38370
37345
41953
38305
37570
59938
41537
38466
37377
36097
40833
38050
36673
36353
37249
41921
39202
37889
36321
40962
38369
38625
42498
41953
38593
36769
36705
41762
38146
36834
35970
37058
43457
37409
38050
35938
41409
37569
38593
38145
42370
38209
38210
37153
42594
38434
36737
36865
37665
42018
38498
37985
36321
42209
37409
37473
36929
44385
38625
38209
37025
42626
38721
37889
36449
37569
43138
37826
37441
36545
41313
38177
37281
56098
41281
38337
37761
36833
40194
37729
39169
37249
37857
43010
39137
38465
37153
41410
37217
37409
36225
43457
38145
38017
36258
36097
43457
38657
37121
37697
41986
39041
37825
37153
42049
38786
37921
64002
42146
42561
37473
37186
42273
37377
36226
37089
42594
38210
38017
35809
36641
42818
39201
37858
37410
41570
41122
37793
39938
48546
38017
36449
36609
42434
37761
39393
37729
43489
39457
37154
38690
43106
41314
38209
37185
42081
38401
37442
46945
42658
39041
45025
36769
40641
37537
37122
36898
38817
42497
45474
39457
41249
43458
75075
40962
38242
88675
41313
41122
42209
46881
63010
46529
43266
42530
40482
42370
42082
40801
39777
43041
40865
40514
38849
43202
40578
39714
40418
42273
37217
38977
37281
41378
39713
36993
109412
43969
38306
39841
37025
42338
39137
39809
61314
41954
40193
37986
37698
42081
42081
39265
39617
41121
38818
37922
37314
37378
47490
40129
43074
41761
39394
38690
38913
42274
38754
38498
39745
36993
41538
40289
39842
38561
42114
38049
37793
39105
41025
38529
38721
37249
41186
39778
40993
38465
48546
40642
38882
38369
41249
38626
38178
37345
39041
40962
40769
40225
39554
42017
43873
37634
37473
40450
41026
39873
39138
41537
41345
39298
38050
37633
42530
40705
37538
37634
39777
39265
37569
37025
41121
39745
37281
36993
37121
43042
41730
37665
40737
42562
40097
40577
37729
41826
41089
37121
36897
42625
37537
38497
36673
40802
40161
37825
38210
140420
47361
40417
43554
41537
39074
39489
40929
41314
38689
40609
37954
38049
37697
38849
38753
38114
37602
38338
39905
36833
37922
38113
37185
38017
37473
38881
38017
37762
38369
37346
38049
38657
37985
37506
37986
38081
37857
37153
37473
37186
36545
37505
37249
38114
37985
39233
42914
38146
40673
37057
37410
38466
38274
37506
38113
37473
37377
39810
37954
37186
37889
36929
37346
63042
37858
37601
37825
36770
37346
37441
38017
36354
36801
38337
37761
38145
35777
37377
38753
38498
37090
36577
38113
39137
36961
38018
37442
37921
37153
36577
37569
37857
37889
37089
36993
37281
37505
36481
43041
37218
39457
38209
38145
37217
38049
37441
36737
37441
37537
38529
38337
37218
38145
37506
38178
59522
38690
38401
37505
37537
37569
37729
37729
38177
36705
37857
37665
37313
37473
38497
37185
36929
37154
38657
38465
38273
37921
38017
40770
36962
37633
37346
39202
37954
38209
37473
37089
38178
37761
36481
40289
38657
38882
37729
37505
38721
37825
36705
37153
38401
37377
37250
36770
36577
38849
37921
37057
46338
39009
38465
38913
38049
38690
37378
37409
37185
37153
38178
37314
37410
37986
38209
38113
37601
36737
40481
37249
37633
37025
37377
38017
37345
37697
36993
38177
38209
37409
37602
38498
37601
37793
37602
38561
37505
38593
37409
37409
37505
38817
37921
37569
38753
38945
38177
37858
37281
37889
37793
37537
39585
38018
37762
37569
36961
38753
37377
37761
37346
36897
38145
37665
37761
39010
38018
37409
37441
39073
40801
36577
37825
37185
37313
38977
37953
37313
37281
38498
37921
37889
37057
38145
37473
37505
38689
39585
37953
37698
37730
39906
38785
37762
37314
37186
37633
38369
37793
36994
37185
38113
37858
37538
58242
37057
39297
37889
37889
38337
37889
37633
37601
36673
37154
40770
37793
37826
37922
38530
37345
37825
37346
37666
39138
37025
37825
39009
39489
36546
36546
36769
38754
36481
37377
38753
37697
37505
37377
40257
37633
37377
37953
36738
38274
40321
36897
37249
36961
38690
39202
36738
37409
38273
36737
37857
57058
38018
38241
37569
37089
38722
38401
37409
37601
37890
38689
37601
38721
37729
38561
39585
37409
37409
37602
38434
40130
37314
37089
37889
37345
37697
37409
37537
39777
37313
37281
36929
38017
38113
37473
37345
37506
38209
37218
37666
38177
37473
37666
37154
37825
39137
37121
37729
37857
38562
38018
37730
40034
37441
38209
36513
36833
37473
37633
37697
37121
36577
38305
38881
37793
36609
38081
37409
37345
37025
40033
38369
38465
37505
38818
37857
37665
37217
37473
39073
37473
37378
37058
36577
37986
37057
38017
42658
38337
38593
37633
36897
37441
38273
40033
37441
38113
37250
40993
38306
37857
39138
37730
36577
37505
39745
37537
37922
37217
37409
38178
37921
37569
37665
38945
37985
37121
37250
36770
37506
37186
36897
45857
37826
38017
37217
37090
38305
37601
37025
36961
38081
37473
37537
37217
36513
37793
37953
37057
45570
40289
37889
37153
36449
167046
38849
37409
37281
38369
38145
36673
36897
37377
38465
37409
38017
36833
38049
39201
37633
37441
39009
37537
38273
37569
37953
37921
37185
37057
37217
37666
38433
37569
57890
38306
38754
37282
36866
39233
38881
37825
37121
36673
38369
37889
39778
36450
38849
37794
38146
36994
39105
37793
37186
37281
37249
186406
37954
37794
36994
38370
37570
36961
37249
38242
39522
36674
65667
41058
38113
37665
36961
37665
37889
38369
38017
39234
37442
38401
38081
37473
38273
38241
37569
37793
39169
38657
39201
37505
36897
37697
38113
36929
37089
38273
38497
37057
37089
36993
37953
38337
37473
36801
38914
37569
37217
37793
37057
38178
37474
37570
37858
37537
37665
36865
37345
37569
37921
38721
37121
36673
39169
37921
36321
36897
38146
38274
37537
37249
36801
39105
37985
39873
37025
38497
37089
36866
64867
38369
37217
37729
37633
37090
37730
37986
36930
36194
38082
37826
38081
36929
38337
38337
37985
36641
37410
38658
37410
36994
36385
38209
37697
37793
36354
36482
37410
37890
37505
38082
37953
38849
37953
41825
37825
37730
36546
36769
38497
38369
37794
37121
37089
38946
37538
36961
37217
38657
39553
39201
37697
37473
37921
37889
37249
36738
38081
38978
37665
36737
37281
37409
37153
37313
36289
37985
37057
37089
38305
37985
37601
36673
37090
37570
37762
36609
37985
36802
38114
37922
37378
37761
39489
38561
37089
37537
40673
38401
39202
38946
39521
37601
37153
37025
39169
39105
38465
40097
37538
38210
37954
37185
37986
39777
38689
37569
36481
37057
38466
37570
36738
37121
37249
38274
39234
37794
36418
37858
36930
37346
56034
38113
37889
39266
37026
37986
37345
36417
35265
36193
37601
37601
36386
36417
37601
37281
37569
37761
40097
38273
37858
38977
37313
37537
37569
37282
36737
37633
38177
38145
37122
38274
38593
38305
37089
40546
38466
37505
37505
36929
38913
37377
37601
36866
37825
37922
37314
37218
37410
36962
38977
38913
39778
38305
38497
36353
37441
37985
39393
38498
37634
37601
37505
40065
36834
37249
39137
37602
37569
39457
37633
39330
37410
38786
37377
39554
38690
38466
37858
37985
39425
39457
38497
39137
38081
39201
45090
38913
38273
37057
36929
38529
39169
38625
36513
39553
39137
37761
37377
37057
37761
39521
38881
37505
38978
38465
37921
39649
39169
39041
39233
39425
39617
37889
37121
39425
38946
38625
37889
39457
37825
38785
38081
38401
38178
37442
38690
37922
38690
38754
38754
39073
37601
37377
36705
37633
36865
36449
64258
37889
37985
38113
36993
36642
38306
37377
36417
37473
37953
38689
37089
37505
37505
38433
37249
40130
39105
38657
38017
39713
38273
37730
38434
37986
37058
38594
38018
37089
38498
37665
38753
38369
37826
43425
37633
39458
36898
39042
37537
37441
39521
40129
39202
38530
37858
38785
39105
38017
39233
38498
38946
38946
38274
39777
38337
38530
38274
39522
38913
37089
38241
38562
38561
39233
38497
37825
38977
37281
39234
38113
39329
39393
38241
38177
38785
37921
38242
37122
38722
39361
36513
37474
39170
37473
37857
46241
37601
37761
38369
38914
37890
38882
38946
37505
39138
39361
37921
39361
39425
37089
36737
38754
38977
41410
36866
36802
36418
38465
38561
37473
37762
39361
38209
37633
38913
38465
38209
39873
38849
38721
38209
38593
38625
38754
38690
38242
39713
39041
37345
37793
38593
37633
38209
38209
38209
37825
36961
37921
38113
39713
37185
37281
37217
39170
37730
37250
36993
37889
38305
37313
35521
38209
38913
37761
58466
38466
37633
37186
36865
38657
37889
37345
38529
38465
38209
38881
37729
38273
38017
40161
37665
37473
38817
38690
38305
36418
37346
37538
37633
36961
36897
38657
39489
37538
38818
36609
38530
39074
37346
38561
37922
37762
36706
36929
37633
39809
37761
36385
39202
37665
38945
37345
37601
38529
37281
37793
36993
40161
37409
36610
37378
36769
37409
36962
35970
36577
38689
38850
36993
35777
36673
37569
37121
35937
44129
38177
37633
38785
36545
37633
38017
37282
36002
36577
37826
37633
36961
37282
38178
36866
38722
38850
41154
39298
36833
37218
37666
38242
37761
36417
36866
37409
37505
37313
36577
38433
37506
39458
37345
41665
38017
40065
37409
37602
38114
38082
37698
36961
36993
38849
39361
38049
39074
38434
38818
37281
37313
40865
39329
36609
36417
37441
37921
36993
37441
36929
38849
37601
38657
38305
37569
37281
38817
37601
37761
38625
37761
37953
36129
37857
37057
37249
38241
37121
37057
37473
36449
36033
37857
37377
36481
38209
38018
38242
38690
38145
39137
37537
37313
37537
37473
38305
37538
37698
37570
36577
38049
39010
37761
37185
39009
37185
37153
36737
38337
38529
36609
37217
37793
39105
38881
37729
36706
38465
38625
36449
38274
38593
38754
37345
36673
40705
38082
39554
38241
36993
37825
37473
37089
36321
38210
38050
36738
36706
41474
37122
37762
37345
36577
37313
38210
37154
36002
37378
37537
37377
37537
37601
38561
41186
37889
39009
38370
37602
37314
36705
38369
38561
36865
37153
38593
37857
37473
38754
37314
37474
40897
37697
45122
38402
38146
38113
38433
38913
37217
37569
37410
37154
37762
37954
38433
37697
37473
40001
37410
44546
38977
37793
39361
37634
38530
39009
37345
36737
38177
37793
37730
37250
38081
36513
38882
39233
37697
40898
39841
38273
37025
37313
37281
40737
38178
37506
37857
38946
37505
39490
38818
37442
37122
36129
37986
38273
37633
37025
36290
37345
37634
36418
38273
37857
37761
39809
37089
37634
39265
36354
36354
40994
39841
37986
36610
37217
38657
39041
37761
37761
38177
37057
37697
36129
36033
38977
38337
36545
39842
38273
38049
37473
36865
38433
38049
36449
36577
37729
38401
37121
37057
37121
38497
37185
37697
36705
38913
37057
39937
38210
37346
38210
40066
38433
38017
38530
39522
39009
38753
37697
37153
37665
37345
39457
37186
40513
39073
38498
36641
37025
40001
39458
36161
39105
41313
39650
37409
39873
40737
66595
37249
41474
37985
37281
38465
39521
37729
38401
38273
37153
37122
36034
36161
37025
38145
37442
71810
37889
37762
38497
43106
40801
39681
37697
37313
38466
40194
38721
39170
38881
39617
39489
37058
36641
37761
37313
37057
37185
38242
39490
37217
39873
39073
38145
38433
37473
37602
38658
39713
39202
45442
39009
39649
40705
40098
38273
39393
37377
37153
37858
39649
39714
37378
37057
37729
38113
37025
39617
37634
39969
48577
39458
38465
37505
38625
39202
37346
37794
39809
37697
38306
39202
37346
39105
37090
39489
38850
38529
38209
36769
39810
38177
38146
37953
37921
37186
38498
38338
36673
37025
36129
36577
38113
37441
37665
38977
37826
38657
38945
38593
48226
42785
40002
40002
42081
40129
40034
40065
39490
42721
38274
37313
39553
37122
38946
39585
39233
41218
36897
36065
36673
41378
38529
37153
38754
37218
40769
38561
36161
36993
40961
37409
36065
36705
39873
39745
38913
38882
37218
41250
37026
37474
38849
40802
38370
37633
36610
40417
37857
37761
37153
42241
37633
36161
35905
37345
41505
38817
38146
62850
41410
38209
38401
36354
41633
37665
39393
38561
35937
41633
37633
38625
36833
41249
39682
38017
43426
41633
36289
36609
35585
36641
42658
36770
37410
36417
40930
37569
37793
37601
41058
37666
37121
36929
36513
41505
37153
36097
37057
41857
40353
38017
37633
41057
37570
36194
35394
41122
38529
37857
38465
38881
40770
37953
36737
36993
40417
37985
37217
36961
40929
36705
38369
38177
37602
41538
38145
37345
44993
42114
38081
37153
38881
41345
38369
37666
37249
40738
37922
39457
37602
37058
42177
37889
36929
37346
40705
38914
37250
37026
40481
37473
36769
38241
41345
38305
38210
37858
38593
40002
38561
37025
39681
41922
38018
37985
37281
41538
37698
37538
37922
37762
42337
39233
37633
37377
41121
37601
38530
43586
42626
37953
37921
38369
36641
46017
38561
37729
37761
41282
37122
38497
39554
41698
38401
36897
36865
42146
38178
39906
38625
37825
41409
38881
37217
36961
41505
39553
36481
36481
40354
38594
39457
39297
39074
41761
40001
38369
39329
41922
37922
38082
40001
42530
38529
39713
38466
38978
42849
37857
37570
40129
42050
40769
39937
39329
40130
38178
39682
39553
40929
39361
39042
37057
38049
41666
44034
37921
45378
43329
37794
38593
37601
41345
38145
37313
36929
41249
37601
39105
38658
38945
42081
38145
36609
45153
41217
37985
36353
37026
41058
37474
37026
37186
36706
41058
37666
36833
36834
41506
38530
37473
58626
43297
39265
36514
37314
40577
37057
37409
36833
37153
42145
36257
35841
37249
41185
37697
37089
36705
38497
42881
38113
37057
36929
45538
37506
37697
37569
41250
38594
38882
39714
37633
41185
39425
36929
39521
41954
38434
37474
38241
40897
38945
38818
37666
38017
41441
37857
39329
37538
41057
40002
36930
44865
42593
38177
39394
37921
41729
37473
38817
36193
36161
43170
39553
36737
37377
41826
37794
38338
44354
73154
40066
38881
36545
42945
39073
36545
36929
37441
42657
38305
37153
36897
41474
37858
37857
39905
43585
37537
37346
37346
46850
39170
38242
39170
48353
37409
38977
36673
38593
41538
39842
39297
42017
42530
39969
37793
38913
40609
38817
38561
38497
39554
41282
37761
38913
38209
41921
38082
36641
38785
45185
39137
39490
39425
36417
43042
39970
38882
37377
41857
38210
37474
36962
41442
38145
39329
39393
39777
81347
40258
40065
39297
43330
38401
39105
38625
41506
37633
39137
38945
43105
37889
38882
58210
43906
38689
38913
36417
41825
37281
38273
38914
39042
43489
37505
39521
38817
41890
37889
40610
55362
42209
40897
40001
38498
38337
42882
41313
39298
39521
43937
39873
40993
40834
43426
39585
37633
40225
43041
39041
39169
37857
40193
39137
38466
38657
42274
36769
36481
36450
38626
42081
38945
39490
44386
41313
40193
38561
38753
41122
37826
38785
38593
38721
41409
40385
38497
38497
41057
39041
39137
39810
40705
37730
39170
39618
43073
38081
36929
37985
43425
39746
39201
37697
38977
42401
38145
39810
40033
36865
43073
37537
37537
41698
38401
42018
37921
41922
38369
37889
37761
42018
40705
36769
37249
36769
35457
50114
40289
37889
41057
38082
37281
37121
131525
38305
38209
38050
42242
38466
36610
36866
42881
38114
37665
41217
43458
39105
38049
37985
37666
42178
38337
37953
37473
45793
40705
39073
40289
42274
39489
38306
39009
41697
39234
37986
39489
40993
41282
39649
37953
42401
38657
39106
62659
43457
39458
38753
39041
42242
38946
39521
37761
39010
42177
39841
39458
39105
42465
37729
38178
40737
40577
38497
38305
38721
38657
41057
38561
40290
38722
41602
37889
37089
38657
41377
38241
39394
71330
40289
39809
39713
39298
41602
40065
39265
38881
37505
49025
39042
38177
37345
41282
38113
38561
41185
42145
39106
37985
37825
41698
39714
38529
39425
37538
43393
40546
38785
41506
38849
37089
37250
39074
36225
42114
37793
37537
41058
39809
38850
37218
41697
37697
36961
37825
41186
40577
38209
37122
40321
3175340
85443
38369
44162
39489
37410
42145
38689
38498
43874
37761
43746
39009
38305
40834
37441
37729
43170
41090
41057
37249
38978
41409
38401
37025
36865
36577
42145
39329
40098
39457
43714
37954
37537
66978
41826
40609
39809
39169
39874
41601
39458
37058
37185
41090
39426
36226
37090
40865
38977
37281
57538
37058
44065
39105
38338
37921
77091
41537
37281
36705
47970
37825
36289
36833
41505
39297
37025
58306
41089
38721
36897
35745
67779
38145
37537
37409
64738
40257
37953
38914
39746
41057
39842
36737
38817
37185
39553
38210
37314
37410
38369
36993
36545
38497
38369
38145
39713
39362
36450
40513
40961
39041
39329
40193
37729
37794
38178
38274
39458
39809
38561
39361
37217
38018
38626
39425
39489
39009
37601
38082
39073
39330
37345
37281
38721
36609
36865
37441
39809
38721
37922
36705
37697
39329
37185
38049
38498
37473
37057
36641
38177
39233
36289
36961
36929
38017
37698
36961
37537
37313
39202
37313
39649
71523
37313
37409
37601
37569
39009
37314
37217
38049
37634
36993
36929
37889
38753
36801
36897
38753
38337
39778
36961
36705
37698
38017
37089
37730
38753
37825
37697
36545
36609
37442
37122
37250
39586
38177
38145
37121
36961
38721
37345
38434
37985
37665
38177
36898
37474
37281
44866
38529
38721
42434
36513
36993
36929
36225
35265
36993
36289
36417
36449
36161
37121
36897
36833
36289
37473
39457
37793
38369
37409
38113
36385
37410
37506
37313
36417
36673
37921
40226
37602
37090
38657
37505
37633
38049
75203
74114
114692
64034
61794
62019
60258
58786
59682
59874
40641
43202
38817
39105
38625
38658
38625
39842
40673
39553
39458
39138
38785
37793
38465
39233
38913
38530
38498
36194
45409
39202
38913
42049
40289
38529
38370
42497
41057
38817
38113
38274
41154
40385
39201
38753
41761
40257
37953
37857
44034
39489
39969
38337
41442
39297
38402
37858
41953
38817
38433
62082
44225
41537
38977
38241
41217
37953
38401
37633
42242
40002
37761
38305
37569
41858
38370
37249
42497
42145
38305
39266
37953
40737
38177
38914
38145
42305
39041
38434
38401
41538
39458
38114
38178
39842
41569
38433
38273
37537
41858
40130
38946
38081
41569
39553
38754
38082
38241
85635
42722
71331
41729
39202
38530
38977
38209
41793
39970
37953
38625
42113
39170
37858
37889
42402
39778
38017
38081
40705
41698
40353
38305
37985
42178
39553
37697
37345
40162
39745
39521
38594
41153
39233
38882
37985
39553
41826
39010
38305
39393
43010
40034
38817
37985
42338
39554
38593
39009
42498
38882
38562
59618
40641
39393
38273
38849
38593
41410
39969
39969
40258
41602
41057
38753
40001
41794
39714
38529
44929
42210
38946
37986
37601
37473
41537
38881
38786
38305
41761
40929
38434
38049
40769
39617
37121
37921
39777
43042
39329
40385
40609
42274
41025
38433
39778
42433
38497
39745
39170
42753
39585
40034
45986
42753
40161
38562
37633
42529
38626
38529
37601
38593
42434
38530
38049
37282
43361
38178
38177
45921
43266
39425
37569
37281
42114
39522
37505
39713
42850
38945
37313
37250
37250
40545
38273
37441
37761
41410
38145
37025
37281
41569
38145
37057
36961
41602
38210
37409
37825
36641
42242
38466
38850
42498
42017
38018
38657
38017
41889
38369
37889
36898
40161
38881
38177
37953
37154
41826
38881
38594
39169
40961
39362
38721
37345
41985
38209
38401
37345
37025
40737
39585
38177
37633
41633
39041
36641
37729
41762
39266
39202
37601
41090
39521
37218
37569
42145
38241
39170
37857
39297
41442
39681
37665
38657
42178
39777
38306
38241
42657
39362
37249
36930
41793
38561
37313
36898
37825
42242
39266
37986
38401
42754
39809
39265
37857
42594
37985
37569
37633
41729
39042
37890
38561
78979
38786
37985
41089
42114
38082
37985
38657
38337
41730
39330
38722
38242
41761
39521
37634
38817
48673
40129
38082
45793
42978
38497
37569
38338
71714
41505
40002
38529
41505
38337
38818
39073
38689
41217
40289
37666
39426
42689
39266
40002
37921
52738
40481
39745
38530
45985
39842
39489
37217
42145
38434
39074
46017
40834
39073
37601
36929
41633
38305
37986
38242
37185
47777
38721
38657
37985
72515
38209
39297
40002
42945
39489
38850
38146
41985
38241
38721
37729
43490
38466
36961
37281
38273
41409
40481
37890
38786
41889
40417
38722
38561
42818
38530
39073
39778
40481
40385
38945
39297
38946
41857
40226
38369
39809
43745
39489
37729
37890
41697
38337
39361
38178
42369
38465
36769
37345
39809
47362
37922
39234
39138
42433
37857
37633
37697
42690
37826
38817
38369
43650
40321
41026
38113
42657
38882
39809
39169
37633
42881
38274
38401
37825
42498
38273
37857
38657
41921
38401
36993
38593
41346
37505
38625
57250
42690
39009
39394
37377
41889
39169
38786
37697
37313
42754
39234
40289
39105
41506
38722
37889
45666
42849
38337
37345
38049
41601
38177
38497
37825
38177
42945
39330
38657
37185
40386
38434
37698
60418
41793
38017
38178
37602
38945
41313
38337
37697
37313
41793
37633
37697
36897
41506
38274
37058
37698
37665
41410
39362
39426
38657
42177
38113
37826
36738
42625
38945
37313
37761
37409
41537
38305
65602
41986
39009
38081
37601
36961
42498
38146
37441
37378
42369
38369
37825
38370
42018
38945
36481
36545
38689
46722
38722
37345
37281
45377
37121
37729
38017
42082
38850
38145
36577
37121
43905
38434
38113
39362
42882
38625
37441
37729
41793
37378
37826
38465
44226
37569
37825
38081
36897
43041
37825
38465
37857
41729
38881
38049
37346
43681
38721
38817
37282
41313
38785
39809
37089
37633
72258
40577
38209
39393
42434
37858
37633
38401
78051
38753
39425
37217
41282
38721
37825
39425
37153
43905
37954
37762
42561
37441
39233
38594
37506
46306
40929
39553
39362
43810
38881
38433
37857
41314
38722
36897
41634
42369
37761
40289
37762
41025
39073
38113
39010
36642
42049
39425
37409
37441
41985
38625
40001
45506
41537
39297
39105
39425
40802
39810
37537
37121
39105
41985
38466
38625
38370
48481
39969
39426
38017
41154
39489
38753
38306
42465
38466
38049
37985
41665
37985
38146
38402
38721
42945
38465
37890
38657
43138
39425
36961
38370
41441
37601
38241
37729
41281
38977
39522
38945
38977
43170
37858
38210
38721
42978
38881
37601
38657
42530
37953
37921
39265
37378
42465
38753
39202
38113
41538
40609
37665
39777
43522
39169
38593
36609
41698
37698
37441
36993
39106
42273
38785
37281
37570
41953
39553
39137
44321
42497
40386
39073
39297
40706
38497
39329
38434
42849
37825
37698
36769
38305
41057
37249
39105
42497
41314
39265
38177
36642
41250
37633
37761
38625
38753
42274
37985
37601
37473
43393
38401
38689
40513
42306
37730
38721
37313
41217
38561
38433
37826
36417
41793
39489
37473
38465
42242
38465
37121
41570
41825
38273
38786
38498
38209
43009
38561
37793
37185
42210
38081
38369
37666
42657
38177
37601
36769
37025
42754
38689
37825
42305
39938
37186
37697
38433
40962
38434
39457
38497
41122
38050
37665
42401
41537
37953
37697
37217
36737
42690
39074
39297
39073
42434
37666
38881
38978
43073
38497
37569
59906
43425
38178
37794
37345
37313
42497
38081
37857
37058
41505
37889
37761
36929
42337
38177
39298
37473
39393
42114
37794
37697
39265
41825
38466
38050
37570
42465
37345
38689
36417
41537
40129
37505
63906
43841
37953
39553
38913
41761
38977
38209
38529
36705
42690
38210
37761
38690
44321
37889
37601
42017
68002
39361
37249
37249
41761
38977
38401
37569
37761
41345
39138
37922
38017
44481
38657
37569
44546
42049
38433
37793
37761
36929
42977
38529
38241
37602
42818
39425
38145
38593
41378
37858
37858
36578
38722
49377
38241
39298
38081
42593
39874
38689
37057
42018
38497
37761
38369
42818
39329
37153
54818
41794
39393
37217
36673
36833
41889
37761
37185
38818
40962
38689
37633
37921
41730
38754
38721
37793
37217
43233
38498
37921
37793
43393
39361
37921
38178
42657
39169
40289
37666
42274
39873
38881
39010
38241
44546
40065
37538
38081
41697
37697
37602
37026
42625
38817
38689
38434
38561
42913
40161
37633
37505
41377
38401
39522
39489
43489
38145
37218
37986
40929
40129
37889
37281
41569
37889
37505
37185
38177
41634
38370
37218
37090
42817
38337
37985
37153
42018
37474
38146
40033
37857
42178
38529
38210
42754
41985
37953
37442
38626
42017
38049
37441
38177
37825
42530
37857
37697
38305
42050
38146
37025
56898
48226
38818
37698
37858
37442
70083
38785
37793
37890
67682
38913
38209
39041
42241
37218
37378
44801
48994
37825
38082
36993
37762
41505
39553
39969
37921
42081
39041
37537
37153
40578
39362
39265
37249
37441
42017
39073
38530
37761
42370
38434
38178
38049
43394
37314
37889
37473
67330
37793
38113
40225
42722
39106
37762
37665
36705
41793
37985
37313
37857
42338
38210
38210
39330
42753
38465
38049
36705
37474
43586
38401
37281
37537
42273
37569
37825
37217
42401
38209
37313
36641
41794
38658
38306
38081
38146
41954
39201
37121
36578
40897
38337
38529
37825
42050
37730
38177
36993
41313
38914
38721
38722
37505
65282
38145
38370
37634
41729
38849
37090
36706
41569
37697
38497
38178
41121
38754
38593
64770
40994
38338
38178
37506
37377
42721
39873
38242
37185
41377
39681
39233
37218
41025
37953
37217
38273
37825
41921
39105
39170
37185
41473
38785
38497
38274
41762
38241
37153
36897
41026
37889
39106
37217
38593
42306
38593
37122
38017
50978
40449
39458
36769
41922
38945
38241
37569
41217
39873
38401
45601
47938
38849
37857
37057
37058
43234
37730
36929
37441
42593
38369
39009
39009
41314
39554
37985
60098
80963
38434
37825
38529
41794
39681
38018
37985
42402
38850
37313
37825
37281
71426
38978
37666
41154
42337
39745
38274
38146
42850
39233
39234
39745
42241
37889
38850
38817
37377
43137
39170
39873
37858
42337
40193
38017
37538
41793
38529
39617
38562
41090
38049
37761
38049
37601
41569
39841
38530
39137
41570
38658
37985
36129
42658
38178
38466
36769
38466
41058
38561
37921
37121
41474
39490
38049
38305
41666
39681
38113
38818
42977
38209
38082
39106
41537
37921
37953
40386
38209
42273
37922
37666
39266
42529
39361
39617
39810
42657
38049
39137
37282
41953
39297
38209
37442
67042
38241
38050
37506
36897
42050
39170
37217
36833
42626
38882
37185
37569
42017
39361
39841
39009
46722
38273
37537
36897
37218
44770
38657
38273
37409
41441
39681
39874
38177
43073
39521
38337
37185
37185
41154
39426
39682
43778
42273
38465
38849
37825
41634
38562
37793
37537
37793
41633
38113
38529
38337
42786
38946
38273
45089
42050
39009
37473
37473
68514
38753
36609
36578
39297
48001
38369
37537
37793
42817
38817
37666
41794
42369
38689
37378
37889
40929
38977
38082
38626
41826
38977
38145
38594
38081
42625
38561
38402
39489
42977
40162
39361
38050
41665
40065
38306
38209
41761
39905
39106
38785
38273
69059
38049
39233
39586
46593
38273
37666
37794
42146
38977
38241
39137
42401
39489
38466
36833
38273
73058
39361
37153
37249
42753
38753
37217
37666
42466
38337
38145
37473
42369
38209
37633
37185
38690
43041
38977
37730
39522
41538
38081
37953
37793
41761
40737
38113
38689
47714
39298
39361
37826
37602
43489
37089
37441
36929
42561
38722
38305
37281
41121
37953
38209
37121
36961
43458
38305
38209
38690
43265
39425
37537
39489
49474
38785
39233
38177
41922
37954
39617
38785
37058
42753
40578
39905
38401
40354
38690
38241
46369
42274
39298
39617
39489
41410
38561
38017
38658
37313
45409
39009
38306
36962
41633
38497
37569
63010
42626
37506
42017
41729
38849
38018
38305
41762
38849
38369
38017
37473
43170
38434
38082
41441
41090
38785
37633
36705
41249
38369
38081
37890
37697
41729
37633
37921
38209
41633
37857
38017
68930
42113
40034
39457
38114
41154
38401
38561
37569
39745
41602
39809
39329
38818
42049
39937
37921
44417
40962
38561
38081
38113
37602
42081
38689
37217
37857
41378
38274
37986
37409
40321
38593
38498
68930
41025
40097
37441
36289
40961
37601
37089
36705
36545
42818
38242
37474
37346
40993
39553
38914
38434
38529
42210
37249
39489
38402
41537
38593
37857
37601
41441
40225
38178
37154
40577
39713
38914
63842
41474
38274
38049
37473
36961
42114
39265
39297
37057
40321
39041
38017
38113
41730
38369
37633
37345
37922
41313
39329
38658
37537
41409
39265
38529
38657
42754
38497
37985
37377
42113
38945
38369
67874
42625
40098
38849
38337
36385
40353
39105
37377
38497
43074
38466
37761
36738
41858
38593
39009
58850
42561
38945
37697
37313
38946
42434
38722
37793
37665
41794
40481
38017
37729
41954
39905
38753
39073
38562
43169
39361
38626
36833
40225
38273
38273
38529
42338
39297
38209
37921
41154
38593
38273
38241
41409
41922
39073
37697
41985
39041
38977
38050
37153
41537
37730
37506
38210
43009
38433
38241
61474
36449
42561
38177
38530
37602
43201
38753
38433
39137
41954
37794
38818
38593
43010
39169
37345
44994
42337
39169
38562
38561
39138
42049
38497
38401
38466
40898
38402
38626
38785
41473
37985
38145
56354
41921
39938
38337
37345
38657
42657
38753
39361
36802
41633
39009
38433
38497
41346
39649
38785
45634
40833
37889
37377
37089
38114
78467
39009
37729
38434
41121
38434
37826
37026
41346
39490
38305
56514
42594
39521
37505
37729
37761
42561
41218
37953
37153
47490
38370
36994
39170
43137
39201
36801
58466
43233
40161
37825
37633
38721
42145
38689
38241
37377
76547
38593
38209
36929
41857
37889
38593
45634
67746
38562
38178
39425
41090
38178
38082
37473
38722
41730
40065
39234
39393
41985
39265
37857
62818
42561
38881
38977
36065
37986
41121
37473
38817
36577
41473
39234
38370
36642
41249
38241
38401
54434
64130
39489
37313
39521
36385
66274
37474
38658
37121
40929
38561
37057
37569
41985
39265
37249
37858
38369
41057
39041
37889
37569
49218
38850
37889
37345
63874
38177
38145
40002
41889
38561
37857
36897
37441
41153
37697
37217
36545
41538
38210
37858
39617
42274
38242
38434
37474
36577
42401
38785
38338
37729
41922
38817
38625
36257
41698
38370
36450
38626
39105
41890
38977
37473
37729
42049
39585
36833
44546
43393
37505
38882
38465
42594
38369
38689
37729
38145
41729
38497
37698
38177
41953
38337
38561
38273
41281
38017
38913
37954
38145
42369
38273
38145
37154
42593
38593
37409
37313
41217
37377
37537
36961
37473
41826
38849
38177
38721
40610
38850
36993
37377
42785
38881
37921
37889
37633
42754
37826
38210
40898
42753
38465
36641
38145
41570
37249
37985
36929
41570
39298
39457
38305
38850
41729
38465
37697
38178
40801
39649
39042
36834
41921
39489
37601
36449
36898
41730
38913
38337
36385
42114
40673
37601
42817
37185
48994
37793
38017
37761
42337
37858
38690
37089
41185
38657
37890
37730
41377
38017
38337
37185
36962
42049
39457
37185
37569
48514
38466
37505
36289
42433
38337
39489
38178
43458
40418
39713
59330
43138
40866
38881
37697
37698
49442
38625
37857
37729
41217
40130
37121
37505
42017
39585
38594
38818
38626
42753
39873
39105
38882
41985
39905
37121
37953
42146
38690
37058
36641
42177
38561
37857
37057
37217
41346
38593
38433
37698
40673
37825
37569
36897
41281
38978
38050
36898
36610
41345
39425
36833
38722
49026
39041
39810
37345
42306
37570
38658
36418
37762
41026
40321
38273
38306
42626
38145
37473
45249
43298
38050
37633
37025
42049
38017
39266
38689
36385
46529
39425
37729
37057
42914
36865
38465
39169
44194
38465
38178
38146
41761
37729
36641
37601
41537
38113
37505
36801
36545
41313
39233
38497
45313
41410
37921
37953
37825
41953
38465
37569
37281
36801
41666
37506
39490
36930
70978
37569
37089
41153
41153
40033
37538
37698
36801
41953
39265
39618
38113
41377
38497
37025
38625
42017
39873
38882
65123
44226
38178
38369
39777
43874
39682
38337
36961
37537
43554
38402
37442
36834
41921
38209
37409
58722
42433
38337
37665
37249
37057
45761
38561
37825
37057
41089
37634
37633
39489
41314
37729
37793
37601
38210
43170
36929
37025
40001
42274
38114
37570
37825
41665
39393
39809
37697
37634
42049
38497
37729
41346
41857
38529
36897
37217
43937
37217
37761
37281
36769
42530
38050
38018
37410
42305
38209
37441
41186
42561
38689
37633
37217
37121
42146
38050
38370
39617
42561
38625
38529
37729
41601
37921
37666
55297
47457
40546
37922
38050
38050
69955
38241
38402
36673
41761
38657
37313
37441
42338
39041
36993
37249
36993
42530
40162
39745
37346
42657
38305
37665
37057
41313
37793
37601
37089
41858
38370
37378
37506
38690
41441
37537
37825
39650
41794
38273
37697
37793
41825
40994
37665
37153
38722
42177
38017
37377
37857
42273
38146
38434
38626
42401
39329
39873
38017
39009
42049
37985
37889
36993
41058
37217
37633
41857
45633
38849
37217
37377
38082
41378
38177
36833
37601
45473
39137
37313
37762
42498
39649
39489
66050
42497
39937
38434
38146
42562
38306
37825
37057
36769
41473
37569
37569
37281
40257
38242
36546
37186
36641
42882
39617
37569
37697
71779
37666
37026
37346
71619
38401
37025
36833
70114
38465
37441
67426
42593
37857
38594
37762
36930
40994
38241
38273
37313
41793
37473
37089
37313
69603
41345
39618
54242
42274
38178
36833
37505
36833
41857
37569
37921
36417
44770
38113
37313
37633
37601
42465
38914
36961
37762
48290
38721
37249
37249
42977
37921
37089
36802
36770
42242
37538
37025
36897
42753
37249
38241
38625
43457
38626
38274
38018
42146
37857
37346
38178
37922
42369
38145
37217
36961
40033
38017
38113
53602
42338
38177
37537
36641
36673
40738
37570
38529
37185
41537
37313
36801
36577
39681
37473
37953
37505
37697
42337
38369
37921
37473
41026
37858
38082
37922
41249
37121
37058
37665
36609
44577
37889
37857
37505
42657
37665
38369
37121
41345
37857
37889
37121
42530
37890
37697
38081
36865
42817
38273
37345
42785
41218
38786
38465
37889
41409
38689
37634
36802
36578
42018
37570
37346
36738
42114
37857
37953
41858
41889
37793
37889
36961
37889
42850
38178
38178
37122
39873
37058
37409
37345
41314
38690
37570
37186
38690
42402
38657
37569
36769
41313
37697
38049
37185
42273
38049
38817
39457
37185
42049
38145
37601
44737
41730
37793
37217
37858
41570
38114
37474
37058
72418
38882
37922
37217
36481
64771
39009
37346
36513
42146
37570
37314
36898
41474
37282
37218
37825
41601
37505
37185
36449
37313
112291
38145
37185
37921
43137
38721
37537
37729
41441
39042
37506
38049
129284
38561
38241
37505
47490
38850
37154
37345
36705
41025
38209
37025
38465
42337
38689
37570
37410
41665
37921
37377
37313
41601
37665
37057
37858
39586
41954
37825
37505
37313
41569
39873
36961
37250
41473
38178
37410
38338
37826
41986
38401
38017
37634
40705
38274
37058
37697
41954
38625
37857
36929
41633
38274
37090
37281
37601
43073
38466
39394
37633
43618
37761
38017
37665
42113
37729
37857
37505
42082
39650
37570
37601
37185
43361
39042
38562
38082
47969
38242
37378
37154
41345
38465
37601
37409
37665
41409
38721
37505
37826
41409
38753
37665
38849
42049
38529
37633
38241
72930
37377
36513
36961
36609
41441
42785
37922
37281
40961
40033
37953
39265
42081
38081
37697
37281
42434
38465
37345
36385
37057
42241
38593
37121
37057
42689
38689
37601
36994
37793
41122
39105
37793
37345
41313
39329
37921
37121
111396
41057
37794
38274
67362
39393
37377
39425
42625
38401
37313
37249
41121
38049
37633
38049
36513
41921
38081
37218
38113
41057
38113
37281
54242
48386
37697
37985
37697
42049
37377
36737
39041
38977
43105
39074
38146
37921
40673
38497
36705
56386
42882
39041
39233
39201
38594
42562
37953
38497
38529
39713
39041
38273
37634
41122
38625
38945
46145
41922
39649
37057
36865
38177
67586
38242
38113
37153
63682
38049
37313
39649
43649
38049
38081
43714
42369
39777
38529
36865
38497
41762
38210
37890
38433
40962
37826
38178
37090
49793
41377
37154
56706
41890
39234
35970
37186
38625
41634
37506
37217
36705
42274
38242
37634
36449
36289
41409
37921
37057
37442
40898
37474
36994
36674
42337
40161
39169
39233
41602
39746
37505
37473
37345
97123
38337
38305
38625
36993
37345
38017
37442
36577
36865
36609
42978
39937
41922
38498
38018
38082
40609
37121
38145
39713
41313
40034
40449
38305
40897
42978
37921
38306
41697
38753
38978
38689
42818
38913
38113
37953
38146
41537
39361
38082
37442
41441
39969
38370
38274
41409
39233
37761
37249
38114
40769
39617
37505
38081
41826
39841
38434
37505
41281
38625
37378
37473
41377
39842
39233
38882
41249
38913
37954
44514
68930
39873
37410
37185
37409
41793
38625
38209
38177
40962
37537
37153
37505
42369
39330
38305
39553
42146
39233
37089
39138
41953
38945
37858
38018
37889
42305
38018
37953
37857
41537
39074
37762
38145
42817
39714
38049
37761
42465
36865
37826
37346
37506
41313
39873
37537
38146
41698
37665
37121
37537
42722
38689
37793
37634
43105
38241
37473
36801
40961
39746
37377
36801
39937
38529
37442
36481
36865
42337
38593
36930
36353
42369
38497
37569
36961
42562
38881
37537
36705
42594
38945
37697
55490
41538
39426
38689
36770
37185
43201
38529
38049
37538
42145
37825
37473
37345
42018
39394
38754
58050
43137
39490
38817
38145
36609
67970
38785
40065
37377
42786
39778
38241
37985
42178
37954
37730
39713
88547
40353
38305
36993
48354
38561
37793
37121
41569
38497
36737
36354
36866
42242
38177
38081
42273
41346
38082
39073
39297
43618
38049
37889
37505
46786
39265
37185
38177
37634
79459
38369
37857
37953
82211
38593
38209
38050
47586
38817
37921
37090
49026
38977
38273
36897
36801
40929
37697
37537
38945
42561
38946
37858
37633
41249
37313
37249
37281
42050
38113
38241
37410
37346
42242
38017
37729
37762
41634
38402
38369
37569
47809
38145
37505
37057
41634
37953
37730
37122
37474
42049
38497
37665
36961
42145
38561
38561
37313
40673
38945
37633
36577
36834
41249
38882
38050
37345
47937
38882
36770
39106
48002
38913
37313
37473
37089
47010
40482
37761
37474
42338
39522
37250
37218
47681
37857
37953
42017
42306
38370
37666
37441
37121
43329
38434
37537
37889
43298
39009
37409
37185
43265
38305
37921
56802
71331
39170
37218
36897
43297
38913
37921
38241
36929
41857
38337
37122
37634
42881
37793
37410
42530
42913
38209
37825
36865
41249
37633
37409
37345
36833
42402
38530
37409
37793
41698
39297
38401
53538
41314
38530
37665
37281
36545
41730
38466
38562
36929
66466
39041
36801
37698
45826
38337
37793
42882
41761
39425
38785
37442
36993
68930
38753
38049
37665
43266
38178
37953
37249
63266
37409
38177
39362
42305
39233
38145
37986
36930
42114
38177
37697
37441
42593
37985
37793
37409
47649
37345
37665
37313
36897
47778
38466
37985
37313
41825
38401
38370
38145
42018
39010
37762
37473
41986
39041
37505
37665
37154
42401
38338
37666
37057
43874
38338
38146
37313
63650
38082
37377
37473
35233
36769
41985
38753
39265
40865
38946
37921
38593
41729
38465
37026
37186
47329
39042
38145
38209
42977
37794
37601
36609
37953
42209
38081
36929
37025
45730
38753
36673
36929
42018
39490
37665
37121
37345
44609
41761
37986
39681
48930
40289
38081
37410
42689
39521
38721
37217
43553
37889
37569
36674
37154
108099
41986
37985
38178
41282
39489
38145
37441
41122
39234
37409
37345
42785
38241
37953
37762
36577
40033
38177
37633
37665
43266
38305
38913
37826
41250
38401
37505
37761
41153
38658
39393
36897
41345
37857
37761
57666
42562
38113
37217
36545
36737
40929
38113
38881
38881
66050
38241
37314
37602
40769
38817
38977
38114
38978
42465
38466
37025
41058
39490
37665
37697
37697
42018
37793
36673
36161
41890
38209
38305
41409
40929
39298
39329
38497
37665
43361
37921
37890
39266
43617
39681
37665
37441
42370
40034
38337
44705
46690
38274
38177
37569
38593
42017
39554
39073
40129
43554
38465
38625
36865
41665
39009
38369
57346
43938
38306
38337
37377
37409
43106
37794
36961
36833
42274
37922
37794
36865
40641
38721
37505
37410
37921
84739
40417
37633
37761
48578
39617
38593
36993
42850
38593
37153
37377
41090
39297
39169
42882
42242
38817
39233
38594
37281
40801
38402
37505
36641
40897
38210
37249
36833
42369
38305
39554
39298
40577
38785
37249
36481
36929
41409
40289
37249
36385
40929
39457
37058
37058
41698
38433
37953
37345
36353
41313
39266
39105
37505
41122
38786
37922
36961
41697
38561
37217
36993
37409
46850
39265
38785
37217
42850
38306
37858
36641
42881
37697
37537
37057
37505
42050
39521
37473
37313
43010
39585
38113
37633
41409
38689
37185
37345
41378
38498
37985
36769
36897
41314
37570
37249
37185
40833
37601
37601
58722
42306
38369
38242
36961
37217
40705
39169
37474
36802
41602
39617
39458
37601
40769
38337
38370
41602
41058
39585
38561
37537
37474
41473
37665
37345
37217
41410
37570
37601
36994
41985
38049
37665
37601
37985
41313
38913
37665
36930
42242
38977
37890
37090
41922
39777
38433
37729
42594
37858
37313
36705
39041
42337
38593
36546
37057
41121
39233
38209
36929
41058
37538
37122
38465
36993
40386
38241
38273
37569
39745
39169
39137
37153
40929
40353
37954
37698
36481
41026
37570
38913
37249
41569
40354
37250
37281
41857
38017
36737
36449
36130
41762
37537
36321
36514
44258
38369
38433
39585
42113
38210
37441
37410
38274
43458
38401
38145
38177
43586
37793
36642
36642
41794
39745
38785
36609
36673
41633
39169
37666
36417
40321
37825
37249
36930
40065
39873
37121
37985
36961
41217
39873
39265
38177
40450
37345
37441
44290
40193
37249
36769
36129
35809
41090
37569
37921
35745
43457
39137
36993
36257
42721
39777
37377
36929
39009
41474
40481
39042
37506
41409
37921
37537
38082
43073
39329
37889
37281
42657
39746
37058
38785
38561
42753
37506
39425
36641
36353
42465
37697
36865
42337
37665
37345
37826
37569
43297
38561
37569
38338
42497
37249
36897
37793
41250
38178
37506
38145
36097
42305
39457
38113
35905
41122
39681
36641
53698
40674
38050
37057
37249
35809
41249
38017
37249
36865
40705
38913
36833
36865
35809
40865
37729
38785
36993
47105
38465
36897
36449
41474
39842
37186
36482
36801
42626
38146
37921
37825
41633
38593
36705
40386
40865
38401
36417
37217
36641
41249
38497
37857
38817
40961
38049
36833
36866
41986
37602
37089
37954
37089
43586
39233
37346
36226
40321
38401
37633
37282
41762
40546
36674
36450
36706
41154
38850
39841
39650
42049
38369
39649
39297
43938
38114
37345
39265
37089
68930
39201
37794
38146
41377
38561
39329
37921
42081
38593
37410
37410
41857
38081
37345
38210
36162
42785
38945
37729
36321
41890
37665
37857
58178
36705
41377
38401
39553
37697
42562
38433
37281
37089
41665
39458
37058
37058
40962
37729
36930
38785
38689
42753
37985
38338
36642
42305
38177
39745
37185
47746
38465
36609
37185
36385
42017
37793
39522
39361
42530
37442
39266
38210
41025
37569
38433
37057
41665
37793
39233
37249
38305
42146
37538
37730
45698
42305
38337
37185
39233
42082
37505
36961
36929
36609
47201
37537
37345
39265
42369
37825
37537
44546
41889
39489
37601
36961
36929
42497
40161
36769
36866
42625
38049
38561
37217
41954
37985
37473
36641
36545
40642
38050
36578
36417
66883
37666
36642
38817
41633
37793
36929
37057
35649
40801
38049
36769
38177
42146
38913
37281
37313
41410
39138
37058
36770
37921
42241
37858
37890
36770
41442
37953
37154
44738
41889
37666
38242
39170
36610
41633
38017
37633
36065
41633
39649
36929
38114
42274
39041
37473
36290
38625
42593
38913
37921
36641
43554
38273
37090
38497
43073
39009
37569
36289
36641
42017
38018
37218
40994
42849
40034
37121
39457
41697
37633
38337
39041
42593
38593
38401
36577
36962
40737
39457
38017
38241
42850
39841
37665
37057
42081
38466
37377
37441
36257
42306
38945
37474
39585
42370
39393
38241
41794
41505
39201
37313
37313
42178
39042
36642
37122
38881
47842
37889
37057
36609
41346
39266
38497
53794
37697
42690
38114
37761
37442
42305
39841
38817
38146
40417
39073
37793
37890
42338
39298
37858
37410
38146
42466
39233
38657
38401
41954
39585
38338
38273
42850
39362
36417
37793
36546
69027
39713
38273
38561
42145
38977
39137
38593
41441
39970
37986
37729
39169
43745
39553
38465
38114
41378
38754
38401
43873
41153
38593
38818
37538
41537
39618
39010
37474
38113
42913
37761
38849
38465
41090
39265
37825
56097
41089
40322
38785
38241
42913
39137
38721
38562
38786
42465
38561
36673
38465
42689
39809
37089
40577
41986
38689
37921
36993
37025
43777
38817
37825
38273
41186
39425
37633
36545
43650
38401
37697
58082
37762
42689
39041
38337
38369
41506
39009
38593
39554
42274
38913
37153
38657
41762
39553
38497
38593
37410
42497
39041
38178
36993
42690
37858
37889
37153
41441
38369
39489
38370
38402
41857
39330
38049
39681
40866
39457
37506
37345
48674
38850
38114
36897
36449
53570
40129
37665
37313
41794
37729
37633
57794
41090
38017
36546
38018
37890
44097
41250
37057
37025
40897
37569
39041
37185
47298
38338
38722
37793
37538
42017
38433
36897
37921
41921
38305
37633
36673
42369
37857
37793
36993
36513
46210
38593
36897
36514
64547
39457
37889
36833
42306
37282
36866
36833
41666
38242
37057
38369
38081
44514
37794
37698
37473
43266
38529
37601
35841
42818
37569
37378
36930
36737
41794
37377
36577
37377
43362
37218
38178
52866
41569
37345
36961
36513
36417
67906
39425
36385
36993
41473
37985
36577
36833
36289
41761
39681
36705
37154
41313
38497
38241
36385
41473
38721
38081
37026
36482
42978
38721
37345
36257
40897
38210
39521
38306
41505
38241
39233
36769
41057
38561
38050
37922
36641
36065
39905
37762
36770
38114
38018
36450
57506
38689
38305
37121
36450
36481
37409
38017
37537
36257
38145
37505
36769
37121
36353
38402
37889
36801
38018
38049
36449
37185
37697
38114
38050
38722
38850
36738
38338
37409
37089
37281
37825
37345
37281
37921
38690
38466
39425
37857
37473
38369
38561
38689
37313
37634
38113
36801
37409
36321
38337
38498
37793
38241
38626
38689
36641
36769
38433
37889
36961
36930
36930
37762
37186
38562
36994
38050
39393
37441
36449
37922
38082
37121
38849
38465
38465
38913
38049
36641
36386
38114
37218
37698
36706
37697
39233
37153
44961
37794
39106
38210
36642
36226
38818
36642
37537
36897
38850
37441
37089
36129
38049
36289
37633
36993
37473
37281
38113
37537
37089
39521
37953
38049
37793
38273
38145
38145
36801
37857
38049
38434
37122
57506
39330
37410
37378
36642
39042
38081
37281
36865
37569
39041
37761
36897
37185
36961
38625
38593
38305
37410
38082
37570
36482
38465
38209
37857
36801
36386
37122
37889
39585
37441
37537
38305
37569
37121
57122
39458
38786
38530
36929
38017
37985
38017
36993
37537
37698
37986
37826
37442
37346
37218
37634
