2247660
1336205
1063524
1013442
999938
989249
1010818
1017250
1056323
1073476
1006210
1035395
1038211
1075044
1033635
1043267
1018914
1008066
1031651
1024515
1073220
1064612
1043043
1064772
1040963
1051556
1059460
1023042
1053860
1037988
1094693
1048675
1027459
1043811
1059460
1047363
1022531
1002434
1006306
1024995
1016803
1040484
1002082
1043971
1058788
1029635
1066148
1008002
1055908
1040387
1045155
1026403
1029475
1017507
1005986
1013954
1026179
1018851
1015330
1043619
1025794
1104870
1010210
1030787
1028835
1040163
1009698
1013507
999138
1002978
989409
1008450
1011011
1004418
1043203
1022883
1074724
1018242
1073605
1017475
1032355
1024578
1059876
1038660
1084196
1050499
1004514
1041955
1091461
1046980
995681
1014306
1034467
1039075
1477010
1029923
1013602
1050404
1034051
1036420
1057700
1042595
1019523
1014306
1003330
996322
1006370
1003458
984930
1041443
1043683
1042308
1095653
1035427
1032067
1035523
1003522
1020322
988194
1004642
1005602
1000098
1039235
996129
1022498
1001218
1026658
1002338
1019107
991138
996642
990402
998274
989890
992514
995553
1036611
1038499
998786
1061348
1048995
1024771
1004738
1038531
1063076
1027171
1017763
1022883
1028355
1044676
1036675
1025987
1058916
1025219
1070436
1014402
1079525
1027170
1006466
1038627
1471090
1049795
1060932
1019170
988930
1011362
1016226
1011874
991425
1020323
1051587
1009058
1030019
984065
1017763
1012835
1050020
1019202
1035651
998305
993057
1020195
1055780
1040995
1003906
1021858
984098
1018755
1019362
1016386
999010
1030563
1060036
1008099
987329
982401
1024322
991425
1024771
981633
1023875
1008706
1021090
1027939
1027299
1030563
1023426
1019619
999169
1023874
1006530
1021027
1021795
1016995
1032739
1054564
1012578
1038980
1043395
1010370
1038980
1032579
1073444
1016579
1022307
1003170
1028131
1022979
1023683
1022178
1009506
1026594
1032131
1033603
992993
1015490
1014147
1001634
1082917
1013378
1003202
1008802
1012994
1022658
1034339
1002881
1039491
1017731
1049571
1009826
998241
983010
995745
1241674
1010690
1005922
1002722
1028067
997474
1046340
986306
1038883
983201
1017379
1010018
1004994
997186
1062692
983873
1004418
1012514
1020834
1022178
990018
1004450
995106
1026371
1006434
1012354
992129
1020258
999266
996769
1001698
1001090
998338
1006978
1034115
984481
1010818
1009634
1068036
1019043
1041827
1007426
1006370
1006242
1001890
1008162
1016706
1019490
1012386
1062916
1012515
1002946
1004482
1021443
1010914
1022979
1026467
1088069
1035331
1004450
1034691
1017154
1045539
1001186
1008003
1025187
1019299
1034403
1010531
1008418
1028227
1013922
993986
1023267
981537
1050947
1044996
1018083
1017570
988994
993826
1058820
1011618
1020194
1007650
986210
1006018
982561
1026018
991233
1025763
1005762
1016419
1001154
1000930
994210
1008226
1007171
1003650
1000322
1006562
1034115
1046243
1037603
1004706
1070852
1014306
1026787
984065
1011234
1006690
1002978
983554
1001602
1043972
1007458
1020418
1033251
1028899
979841
1020546
996130
1047747
991010
1001442
990146
996930
996482
1044611
970528
993154
1011170
999394
1032419
996097
1115974
1020514
1016514
1059908
1021443
985889
1020835
989281
994658
1057892
1002242
1052835
1019074
1057188
982178
1008515
960928
1055235
1003042
1037955
992098
1038947
1036803
1100965
1055108
1023523
1022019
1022851
1002178
988514
1003234
1009410
996610
1037219
1004930
1025187
1045315
1027587
1044707
1015554
1010819
1026850
1107493
1016802
1021379
1033091
1027619
1033507
1018915
995777
1054724
1016867
1018850
1003170
1017250
1058308
1090725
1006594
1028131
1033123
1004130
1031714
1002785
1018179
1018114
1020355
1017698
1018243
1040835
1021282
1034819
1007491
999618
1007970
1027363
1002850
1021314
1004418
1024611
1024931
1044067
994049
1007491
983745
996482
1033219
1000962
1038883
1002146
1039203
998818
1030594
1009570
1020994
1007426
1009475
1008163
1084101
1029667
1007298
996770
974433
1059332
1013123
1025475
1003138
1035363
996994
1013762
997186
1045795
994658
1006114
1026115
1000450
1006498
989281
1000354
1020067
1029699
996994
1067045
1000450
1004354
1001026
1017730
999042
1003522
994338
998210
985089
996450
1053731
1017379
1048067
1000930
1024386
995202
1004514
993794
1018946
1013890
1008898
996610
999554
1029635
1040483
1022691
998625
1019299
1006050
1021283
1023650
1032515
999842
1016994
1002530
1003330
989825
1014530
988769
998082
1084580
1035651
1036963
1025091
1051555
999073
994626
1004706
1028131
1041667
993505
1004386
1042499
1016291
1008418
1027843
1018754
1049668
1022690
1026083
1027363
1040356
1015714
1016034
998498
992225
1063460
993122
1055780
1020963
1021602
1005378
1059748
1009666
1004578
988002
1009922
1020739
1067332
1002242
1011522
1059460
1049603
1030435
1006306
1032067
1013091
1013282
1022403
1012291
1006147
993057
1026243
1012162
1003714
999329
1040579
992321
1023971
1054724
1073637
1023171
1004994
997186
1006018
993537
998818
1039779
1040003
1010787
1006722
1039715
985697
1015939
981090
1034467
1191273
1097189
1146407
1114630
1130182
1035267
1125158
1132134
1044707
1132038
1064869
1097029
1076740
1069444
1103462
1063492
1095333
1099334
1041283
1042755
1051972
1064868
1065572
1088132
896382
919167
877981
918815
1014370
1117158
1075748
1072516
1160871
1112933
1119878
1101637
1052835
943392
869630
1182088
1201256
1148230
1152295
921279
952289
1096805
1064004
1163336
1084933
902078
872766
862589
868509
1374223
996129
909471
916159
881918
1294828
1079460
1018114
913471
1487538
8067441
1049539
1032995
986401
940864
911935
873181
912927
893054
911103
1369934
1137190
4018632
1071588
899326
872830
863198
852893
1250922
1127718
1127078
1091941
1107269
1218729
1064420
938048
877917
901023
864317
1202440
1103461
1058692
1089733
1029219
1008098
1166151
1072804
1015938
997570
992002
979745
1041316
1139847
1014818
1053955
1063428
1043331
1670297
1191464
930111
899870
1061284
1139366
1058180
862622
880542
838397
865885
836508
1029507
950784
1059204
1061796
1031939
913119
852509
856989
855709
960897
1088741
1055460
1094725
1089797
983778
1040355
1031267
1705402
1079045
1069892
1051268
1051972
1053731
1010466
997602
1004194
1001186
1003874
1011554
991778
989729
991745
1005922
1003842
961377
981058
967073
1004098
987777
990658
1003938
967456
973153
981249
967041
971073
973761
974177
1001378
978849
1010882
981921
1015842
990561
1018914
995266
1045667
1010370
1004386
999874
1004834
978561
993121
1047331
1016642
1052515
1035267
1039843
1005794
1008034
1019747
1039075
1045283
1038019
1060292
1045892
1063172
1032355
1019266
992866
1069924
1024771
1037731
1038979
1026307
1029027
1072004
1030819
1009634
1038083
1007394
1011075
1009923
1017731
1091685
1011906
1019555
1013314
1017090
1011650
1025602
1005090
1019011
1015138
1024259
1018787
1024387
1016386
1012515
1016899
1028291
1020739
998658
1022947
994850
1037412
1009154
1020867
1003874
1006754
989569
1013122
1000578
998722
994146
996834
1038467
1001826
1036675
1035331
1107269
1019939
1037155
1045667
1021891
1015874
1021059
1027490
1024035
1030627
1028482
1055267
1004194
1030339
1010722
1039171
1013219
1018083
1023939
1439921
1022082
1033219
1042276
1015170
1052068
1016162
1011459
988002
993282
1018882
1013346
987041
996514
1003746
1014979
997890
1000514
1019746
1002498
1021379
983522
1037347
1022658
1036355
1020450
1033347
1019235
1024610
999490
991681
1006178
1018563
1040804
1006306
1036739
995938
1023907
1005986
1015746
992354
998178
1009379
1020130
1018979
1014050
1011202
1009026
1035651
1019363
1006594
989185
1007106
1043588
1028675
998658
1013667
990113
1031139
1025251
1023267
1014914
1014915
1037027
1019906
1049987
1387759
1046275
1002882
999233
1008834
1015330
1023939
1018338
1034659
1015138
1045572
1024675
1015778
992289
1114085
981057
1026179
1023587
1017762
1004770
1018211
1004994
1007522
1008035
1023970
1044547
1027619
1044067
1003042
1036419
1008130
1010627
1047044
1005090
1007362
1003842
1031010
1022371
1015139
992353
1010050
1000802
1020483
998753
1012194
999522
1004930
995746
1022275
1069668
1013411
1050564
991585
1009475
1002914
1010434
1007970
1067908
1005154
1009187
1041796
999905
1007778
1014562
1007010
1015778
1069636
995298
1016963
993410
1030403
1008706
1028515
992354
1025987
986945
988610
983009
1014915
1015971
1038787
1006210
1038691
1019970
1021763
1030147
985985
1011298
1052036
1014371
1031939
1010819
1045923
1026019
1017090
1037411
1021347
998529
1023587
1002818
1027939
1009506
1330029
1056164
1030019
992961
1001410
1002018
1014946
1035107
1017186
1021314
1000034
1149479
1037475
1007938
993281
1003138
1003874
1002466
1006403
1009474
1002754
998658
1018051
1010179
1028707
1006562
1015555
995714
1021059
997922
1041155
1006914
1006306
1011938
1019202
1001505
1009538
1016995
1014691
1015330
1001057
1016355
999906
1035427
998658
1012515
1008738
1039363
1004258
1004962
1005186
1004642
967968
1093989
1082181
1032995
1350734
1042883
1030947
1019747
1030531
1046852
1012706
1040803
1031779
1049604
1050660
1043171
1090405
1057348
1018754
1050819
1055940
1026755
1056324
1035139
1076645
1038307
1042851
1047428
1011906
1043619
1026627
1042756
1028035
1046564
1016930
1041059
1214697
1032867
1032418
1025282
1051043
1011106
1034979
1009442
1065316
1020674
1027586
1025059
1011170
1018114
1013922
1058692
1019555
1067909
1018883
1038756
1028578
1028194
1022723
1012259
1018659
1019395
1034243
1026883
1029635
1001282
1022851
1009922
1030339
1022914
1035651
1030339
1015075
1014978
1027395
1040451
1022979
1040803
1080452
1054436
1019363
1005666
1019843
1043107
1036227
1017891
1038819
1008707
1034563
1014242
1047172
1013858
1041155
996417
1003426
1020899
1005410
1023874
1011554
1078725
1035939
1021923
1008834
1007106
1009154
1022082
1025667
1009090
1080037
1004194
1028386
1038339
1037219
1000066
1021251
1008450
1015714
1029891
1028259
1046052
1041027
1032387
1021251
1043684
1022883
1034563
1013058
1016515
1025155
1010466
1031619
1020738
1041572
1019266
1053380
1030915
1024611
1031715
1019074
1049892
1024034
1054020
1033635
1083652
1038083
1037475
1012354
1046883
1003586
1035107
1060452
1020867
1047075
1034051
1027907
1009986
1036643
1014691
1010914
1013954
1020034
1038979
1077604
1030531
1005762
1025091
1036739
1015875
1016227
1012706
1014114
1012418
1021442
1010530
1058052
1017250
1021123
1042563
1024995
1006818
1017923
1012450
1063396
1039331
1013090
1089125
1017698
1023171
1014690
1018690
1018531
1046756
1008226
1180744
1038051
1021379
1034211
1024227
1027331
1017986
1027011
1027106
1056195
1272491
1034371
1049571
1023107
1031235
1012770
1037379
1021410
1008418
1006466
1011298
1026435
1013922
1025539
1086981
1010755
1046020
998497
1006690
1012867
1051107
1015171
1035459
1012642
1043811
1010914
1041283
1018435
1005378
994946
1032899
1000322
1035683
1035267
1045699
1037603
1041219
1032611
1011458
1030403
1030595
1022435
1023235
1013283
1042275
1027363
1038595
1022275
1056740
1015938
1033635
1017059
1031779
1076773
1024354
1018338
1022563
1061668
1017123
1029539
1030083
1075684
998401
1026339
1017890
1016098
1000225
998722
1001378
1018883
1013379
1049091
1015427
994882
1023651
1008675
1038244
1009762
1046915
1056388
1035747
1032579
1034787
1052164
1025507
1056676
1010946
1081284
1024771
1025891
1000354
1025282
1026019
1031363
1012290
1011330
1045955
1045668
1034595
1021634
1041027
1012483
1025635
1012226
1009699
997345
984961
984033
1008354
1024611
1001986
1047555
1017539
1061956
1028770
1025410
1595990
1018882
1009634
996802
1041539
989569
1017795
992833
1020866
1074308
1019075
994241
997410
1005378
1019618
1004002
1017507
1008835
993665
1036324
1012514
1031235
1014242
1056452
1018978
1021827
1009315
1027523
1016163
999553
1008834
1009538
1008770
1010914
1034499
1016259
1024514
1004962
1013218
1000034
1017635
998434
1015554
1030659
1013667
1028131
1064548
1007106
1013442
1282220
1029283
1026883
1019362
1067428
997442
1019554
1011906
1012418
993218
997698
1026082
1005538
999489
1005186
1014946
1000994
1053060
1014690
1011651
992161
1014626
1006210
1003906
1009026
995490
988929
988097
1009986
993761
1013986
999457
1011202
1000354
1014370
1030083
1015235
1024931
1008930
1010306
986241
1002946
1000802
998561
998881
1028451
1031683
1024515
1032195
1024771
1013890
1019842
1040419
1009090
1049795
1004642
993090
1016962
1030275
1010051
1057636
1016611
1018691
1011458
1023043
1049828
1027715
1028355
998434
991041
1004354
998274
990785
1042468
997986
1019107
1032994
1033411
1005634
1021954
1002402
1030691
1041539
1024610
1276971
1034883
1049348
1024259
1027171
1028675
1002114
1014851
1039011
1001634
999138
1005474
1005570
986178
995618
1012931
1001985
1008706
1002657
1018883
995425
1033379
1023491
1009570
998594
1018530
1006466
1002241
1005826
1002369
1005026
1011555
1035363
1006402
1041187
1005634
1053380
1006850
995073
989409
1001154
1020066
1052452
1039619
1036291
1016162
999554
1022434
1010082
1036611
1013827
1020163
1007330
1025763
1018914
1018914
1002850
1013346
997026
1041603
1030499
1021859
1017378
987105
1003650
985889
1046211
984449
1024579
998210
1009923
1001409
1002370
997793
1004482
1032003
1012770
1037699
1011971
1089061
1019875
1168103
1010466
1013219
1005250
997857
996482
993633
1010562
993665
1016194
1069316
1062340
1011746
1049859
1065892
1020259
1013634
1023139
992226
990177
1051715
1044324
1031971
1006082
1008290
1013218
1043108
1011138
1078148
1034691
1027203
1037380
1042563
1011107
1008994
1030307
1007555
1021442
1022434
1013698
995298
1414896
1019010
1012066
1010146
992738
992737
1005603
1023683
1024195
1034403
1008194
1024226
1002274
1008738
1017411
1005634
988225
977761
996002
992610
986754
1042787
1036579
1000129
1066020
1002210
1026819
992226
1005666
1001314
1013731
1003010
1023267
1043044
1010658
1010882
1042467
1017698
1013635
1024323
1013154
1020674
1006274
1008546
1004802
1008771
1048836
1006786
1002914
997794
1007426
1009186
1029283
1040995
1014082
1011138
1030179
985281
1001506
995521
1003330
1006178
998402
1003138
1012259
984673
1062500
1057956
1026883
1067108
1014242
1017602
1000930
1003842
1018594
1001378
1003746
1003202
1001442
1000514
1042788
1016770
1046660
1013762
1054595
1020450
1047844
1021314
1036355
1034115
1055268
1043843
1033987
1122726
1039235
1063684
1010562
1001026
997922
1011459
1012546
1014562
1003842
1003970
987105
1002466
1008514
1037795
1029251
1009538
1024739
998338
1027330
1027523
999042
981665
1026019
1075365
1026306
1060516
1030947
1032099
1005538
999874
1008578
1021571
1010594
1016930
1016611
1011330
1008610
1010371
1015491
1015234
1011138
1018691
1041859
1033027
1025507
998657
1009763
1016386
1019011
1005186
999682
1014691
1002498
989889
1000258
990082
1008578
1023235
1003938
1025346
1007010
1013923
1006626
1064196
1059204
1001153
1009602
1019907
1020387
1061252
1048420
1045443
1032835
1015170
1025955
1005059
1012194
998210
1014850
1078757
1025314
1022146
1002914
1036035
1000514
1047428
1021027
1053572
1000034
1010114
1054148
1013250
1045924
1001890
1020547
1012674
1017475
990370
1010786
997249
1029443
1012578
1006914
1000866
1005090
993858
1010402
1001986
1008162
1001410
1009858
1017474
1035139
1076613
1053347
1031363
988578
999682
1002338
994434
988065
994177
1033635
987873
1002914
1043044
1024483
1003682
1041251
1025059
1033475
987938
1009442
994785
999810
1000226
1006370
1007234
1022595
991521
993377
1013954
1010530
1080901
1010435
1010658
1030051
1004226
1018562
1016610
1012610
988738
1009922
982113
995938
1027683
1025762
1005730
1056611
1011746
1037219
1024515
1031459
1017154
1031171
978881
997570
996802
1002754
1015330
1039235
1026690
1008386
1016770
1016546
1019234
1014275
1015587
1001442
1005602
1013154
1015426
1002370
1004450
1003074
1013090
1028643
1004098
1020419
1051684
1037699
1019810
1044164
1039971
1285900
1019522
1016515
1031203
1034115
1034531
1040708
1038179
1049444
1036963
1030435
1034915
1016514
1012194
1003426
987073
986369
985986
1012898
1016354
1031042
1001250
1015235
1011522
1013635
996930
1033635
985954
987778
1056292
1007202
1014275
1004514
1040260
999010
1095814
1171752
997281
1007682
1007330
1003330
1011363
1016898
1053443
1028451
1056196
1024194
1019234
1051043
995618
1032675
1009922
1021922
1018626
1018242
1009122
998369
1001378
998241
1015266
994658
1040323
986593
1035172
1012770
1060516
995874
996322
991106
1006338
996866
1001570
987745
1005634
1010978
1018499
1044100
1011746
1036387
1007458
1023618
1041827
1027714
1065156
1027203
1049763
994721
1006882
1063108
1036483
1003074
1032355
990177
1024962
997697
1012355
991649
1011202
1039395
1028899
1007266
1006658
1012227
1014083
1025314
1011266
1024483
1006563
1018051
991234
1017506
1013987
1022242
1016355
1003170
1008483
983074
967936
977537
991105
990337
991874
1017827
1045732
1005250
1010339
990689
1003042
988321
997474
976769
1051652
1000705
1005538
985474
989922
997410
1005730
1007682
1009730
1003586
1007874
1016866
991393
1020322
1150887
1018530
1011842
999106
1013058
999938
988034
987041
1015395
1039971
1019778
982209
1022306
994114
1015747
996641
1004770
986274
1012034
997826
999650
1057316
993890
990850
990178
1020483
992258
1010018
992129
1009730
993666
1069956
1002721
998882
994498
1005858
1017922
998625
985090
999234
1003554
1003170
1040835
999714
1007234
991394
1022467
1006050
1023490
1009090
1021186
1001953
1133671
1001154
1015842
1012162
1034563
1028387
1023427
1031395
1019330
1050596
1003202
1013218
1028771
1050691
1008802
1007138
1002050
1004770
1041699
1019555
1017603
995618
1023651
1002530
1027779
1006434
1019778
1014370
980449
1000514
1053475
992162
1021091
1021347
1022434
1038243
1032515
1052996
1008898
1035843
1013410
1010466
1023075
995074
1016931
1005602
1008706
990338
1006914
1000162
1003554
1004098
1024963
1037763
1046787
1000546
1003906
1001250
998626
989377
1012738
980737
1016866
996321
1020963
1015587
994306
1020355
1027523
1013826
1024675
1033987
1018146
1047556
1087172
1015330
1019491
1035907
1057091
1024739
1035267
1013666
1046308
1021411
1059652
1040516
1034883
1015491
1016387
1002850
1037603
1053987
1026338
1037571
1024419
1032611
1025411
1027011
996130
1025091
1008866
1018339
1008866
1004002
1007202
1005058
1015459
1040740
1035427
1028002
1037283
1030819
1041859
1007842
1007842
994818
1018147
1017186
1033155
1019938
1026563
1058052
1037219
1065892
1008962
1030947
1010787
1020995
1001730
1021666
1020803
1019043
995138
1004930
992770
1021667
1032291
1008898
1040963
1007458
1023523
992449
1062820
994146
1006882
999874
1011778
1001986
993954
1043971
1039427
1006498
1001474
1002978
997121
1023619
1042500
1018530
1004418
1033571
999586
1000674
996545
1039619
1020802
1010498
1016163
994818
1068836
973153
1019554
1008611
1035107
989601
1009154
1029699
1008194
1032387
971361
983169
979169
987585
993313
1019491
1041092
1051044
1006914
1111110
1011362
998402
987681
1079940
1003810
995298
1027171
980097
1009378
986082
1042435
981601
1021346
978817
1033059
1016130
1040996
1013090
989153
992930
1002818
1007330
997090
1015938
987041
1002658
987394
1006114
992290
1004930
993666
998754
990625
1002050
1030082
992098
982881
991938
992930
992866
1025058
1020994
1024707
1026563
1090373
988001
985601
1030403
986593
1014082
985442
999426
1016034
998498
989922
1019362
990177
1031267
984385
1003298
962945
960801
954817
978593
1003170
1030531
1031011
1037667
1059876
1021346
1086277
1001314
1013058
1032195
1038116
1042244
1023203
1030179
998210
1009186
1063204
1044323
1005442
1056324
1045220
1037699
1057316
1055811
1049636
1045540
1059363
1040611
1031779
1011106
1216201
997474
994818
1002050
996353
1064452
1040291
1043587
1065412
1020227
989345
1012642
994401
1012099
1000738
1045827
1000226
995361
1014370
1015394
1021090
1060516
1035363
1016642
1033539
1024802
1032867
1028802
1018147
1005026
988674
985345
1003394
1017090
1022626
1068740
1014338
1008899
991265
1014882
1006082
1038499
998178
1013090
989666
1018498
1053188
1011458
1090661
1033026
1005858
1005026
1011394
989121
998978
1003009
1010210
1017058
1037539
1008771
1008578
1031939
995426
1014722
979713
1011298
993025
1009411
1001154
1024035
1062468
990881
979714
994690
1007394
993058
984801
1012931
1016322
1046052
1037059
1003041
1021187
1005122
992994
986466
979777
1005026
1017090
1004354
1039939
1008770
1053283
1053092
1015522
1026851
1001506
1027650
1014786
1019235
1013186
1028003
996194
1002946
1014978
1000322
1010690
990914
1005122
1000002
1020706
982881
1035139
1032387
1020930
1015234
1014466
1098598
1040035
1028995
1015042
997570
986209
1025378
1011330
1024163
1007714
999970
980705
1004770
1005954
1004322
1033699
998786
1022370
1003426
1025411
990145
1001378
992578
997506
996258
1011779
1063268
1014498
1065444
1052260
1009314
996674
1011299
1005570
1007650
1001761
1011395
1036099
1026915
1021571
1012130
1027554
1019331
1024386
993730
992482
986913
1006690
1010146
999778
1009154
1040740
1035747
1015043
1036867
1042243
1019811
1007330
1007586
1014274
1005666
990657
981601
989377
987265
989666
997345
1020963
1035235
1024355
1013090
1007138
1007042
1023715
994657
1007266
1010562
1004290
997474
995810
991969
1013283
1018658
1002914
1026851
997601
1042788
1011106
1036291
996578
998145
998658
1018691
1001602
1089765
1041059
1027779
1043363
1024290
1053988
1008898
1050979
1022499
1012066
1048612
1009986
1011362
1004130
1021410
1005090
1009986
1000674
1002466
986658
1049635
986914
1026179
985441
1021123
1034659
1010978
1000225
1007522
1028130
1050691
1025986
1038659
1069060
1021827
1027491
1008610
1012994
1021539
991554
1018082
986817
1013890
999394
1023139
1000226
1022722
1001730
1016386
996002
1012002
1000002
1045284
998722
1000706
1020322
1012642
1015874
1008162
1024642
1034435
1012035
1009218
1040099
1004450
1014402
1004706
1005346
1037539
996386
1026883
1018818
1014595
1006114
1025219
1004610
1045764
1008130
1005346
1001922
1015107
1002690
999010
977153
993921
1012162
983809
1005634
1017826
1023746
995938
1017634
1006658
1016066
1001698
1008738
1012099
1024003
1008130
1001506
1004002
1003970
1029603
1035907
1041347
1002274
1040995
1026274
1034147
1012098
1011746
1004610
1026851
1007874
1020483
1009122
1019426
1032483
1011971
1033667
1010722
1035683
1009122
1031235
1011330
997249
991842
981537
981281
981953
986209
966016
991746
999105
1022722
1051779
1045475
1001762
999746
974305
982049
1015970
1154503
1018755
1012706
1007362
1017090
1028707
1015683
1023267
993729
1003330
993314
999426
1003938
995810
1007458
994530
1018466
1001186
1012674
988193
1020035
1017283
1026787
993762
992226
992545
1006978
997858
988321
982849
990433
992674
1001666
1301196
986977
1019746
1016290
1024546
1067396
1033155
1047395
1034595
1030915
1024866
1037827
1012418
1050244
1030019
1032163
1015618
1000450
990082
982754
997922
997538
989217
1003106
1006530
1003394
982977
991266
1014306
993857
1031971
1019523
1022562
996226
1015939
1008482
1017538
1004066
1016131
986562
996258
987202
1013442
1018883
1009218
1022755
1003810
1057732
1006274
1010018
1009922
1009826
1004738
992962
1012930
999714
1019298
1046691
1026787
1015138
1079109
1026083
1033891
1007330
1017987
1007938
1001218
1007394
1013986
1038595
1029091
1031682
1015587
1031747
997570
1020963
1005186
1007202
1013282
1012322
1013187
1020258
1018882
1013218
1018338
1007874
1076420
1009314
1036099
995425
1014434
991074
1035075
1006786
1036099
982305
1005346
1058980
999906
1022147
1009922
1038147
1017986
1051268
1019874
995714
1036643
1018242
999874
1005154
1032483
1003138
1024642
1012418
1018179
1014435
1011522
980801
1008450
988226
1006914
999138
1008098
1039587
1004066
1032579
1034211
1018210
996258
1023459
1011874
1027554
1007106
1014306
1104582
1002274
1015331
1012290
1008514
1003650
1022338
1003810
1066052
986594
1043204
1001474
1021795
1001378
1004962
991937
1002914
973889
986177
1021059
1041668
1008354
1071108
1045667
990530
1015714
1037603
1006114
998370
1015970
999330
1009154
1000450
993922
1009410
1016354
1001954
983618
1074404
1032899
1040996
993377
1012386
1020386
1004034
1004994
1007842
1012834
1001762
1009122
992354
1018722
991681
1026723
1045635
1038691
1062308
1016994
1012099
1084677
995105
986977
991745
996130
1018147
1007203
1053604
998434
1038659
1018755
1038052
992993
981570
987841
987714
997410
994914
1024930
1001218
1013538
1021218
1010627
990049
1021187
994977
1015875
997858
1010690
1004706
1016098
1000738
1005538
992674
988546
1044932
1028034
1010882
987042
1038723
992386
1024354
1027170
1000418
1025763
1012994
1003458
998882
1003266
990530
1008642
995842
1001890
1006306
1004962
985025
993281
980225
999426
978849
996674
995522
1020483
1013154
1017571
1049572
1010274
1041827
1237994
1026243
996609
1015747
986754
994081
1009474
998274
991041
991938
996610
1010147
1308333
1010562
1019427
1026467
990497
1016066
1022499
1022595
1001826
994849
989505
1028963
1018530
1009794
1031587
1062212
1005122
1036067
1034531
1007234
1019938
1013538
1006530
1004258
1028131
1304268
1039139
1017763
1048740
1013058
1013026
991458
1009858
1006978
1072804
1008482
1013955
1035811
1003170
1032707
997890
1014306
988258
1091237
990177
1001858
1001634
1012962
1004514
1007842
1008386
1022243
991330
994850
1011554
1008162
1044675
995874
1024482
1009506
1019459
1086085
1005794
994562
1001218
996609
1002850
993602
1013507
1016707
1010403
1224457
1002081
1178184
1012259
1011971
1039939
1013667
1024834
984769
1055748
1006178
1029379
1037283
1058499
1009282
1009314
1026083
1007586
1006466
1004002
1077157
1001890
1021410
1010627
1024642
1065348
1089445
1024867
1025443
1043044
1019362
1034787
1025763
1041251
1147847
1055300
1000002
1016675
1067812
1012162
1003010
1000610
1113158
1027138
1042051
1010179
1134694
1058468
1025571
1004002
998369
1001314
1011298
1034275
1031234
1032995
1013922
1025795
1018146
1021954
993570
1004674
974241
1010978
995618
1039428
1020195
1017442
1036547
1041859
1063844
1022338
994977
1004354
1074693
1022274
1009762
1029347
1006594
1046564
1011586
1022339
1017667
1054595
1018658
1031843
1012067
1001250
1002881
1018850
1005635
998721
1015491
1011490
1025603
1010178
1080804
1020066
1092389
1040963
1050083
1027235
1055396
1043011
1048676
1042692
1026211
1044676
1013347
1020674
1003522
1010850
995970
1020098
1048868
1041156
1043651
1010243
1039747
998690
1005474
995649
1011138
1008834
1004226
999137
1005026
1003330
983137
1070245
1004706
1014755
980673
1011522
991042
1020514
992353
1020162
997954
999330
984737
995521
984738
999522
999650
1002466
1020835
992258
1008706
1000738
1014659
1000482
1023171
1003458
1007746
993601
1024770
1007202
1000417
995362
1001474
996258
991137
1032131
1019554
1006498
1017186
1008003
988962
1011394
994786
1000386
999169
999874
990114
1237098
1017347
999809
1058339
1007618
1017379
991426
1008130
985089
999074
996673
1016130
1064228
1024226
1056803
1017346
1017219
1011330
1032739
993249
1027011
1008546
1037891
1015458
1024259
1015523
1004866
1005026
1011938
1006338
1012931
1025571
1047492
1031811
1020482
1041539
1000769
998626
1000929
1009378
1021442
1024163
1000354
1015394
1023682
1000162
1033827
1003074
1010722
998210
1015330
1032931
1027235
1035011
1025410
1012707
1015778
1071204
1006594
1032451
989601
994017
989889
1009154
984481
1035427
1028259
995810
985666
985217
999746
989058
996450
985057
977505
1392687
1032547
992354
1012322
1007138
1012451
1013539
1002050
988129
993729
995554
997442
1000449
1039939
1038979
1003170
1001506
992386
1066596
988161
1003170
992738
1002498
1000514
1001729
1032003
1036772
1005122
1024163
1015170
975265
1006754
987874
1039715
1003778
1023394
1001538
1026498
1017026
1010402
990178
1002562
998946
1000610
1337389
1011266
1052932
1013475
1114502
1035011
1019395
1001314
977121
994337
998786
986529
1002434
1023171
984929
1012418
1019747
1012258
1001090
1038083
1010498
1033859
1013186
1049155
1074820
1018626
1023075
1018115
1023490
1005314
1020066
1022947
1016738
1008994
1047555
1027267
1059268
1009346
1024514
1036675
1002530
1026722
1027811
1036547
1041059
1028067
1004514
1041764
1006370
1026723
1007522
1018755
1032739
1032579
1015170
995810
1019427
1004514
1023299
1032163
1012387
1015554
1009986
1010819
998818
995298
1000194
1011490
1012930
1027779
1007171
1026371
1003362
1030755
1029571
1031715
1005538
1022019
1001730
1012642
1010466
1022627
1035715
1054148
1031843
1010370
1030243
1014754
1014946
1012770
1048771
1041987
1021795
1010242
1016258
1021474
1022307
1191336
1025699
1010882
978465
1000706
991745
1032002
1014210
1005570
1005346
1002402
1011779
999457
993602
995394
998785
1000930
1013090
1004706
1041891
1016034
1010402
1084965
1013795
1022946
1032066
1024419
1028706
988257
1001922
1024195
1004482
1011074
1018083
1034979
1061412
1023970
1002978
1012419
1007970
1018082
1006178
1016162
1012610
1052356
1035171
1018562
1031523
1011266
1042179
1012770
1084837
1011138
1051491
1002241
999490
999202
1009731
999362
1010978
1020387
1018690
1046819
1012867
1019362
999842
1012674
1003170
990882
1026051
1053988
1008802
1014594
990018
989858
990721
982146
1022402
987906
1028803
1005026
1013538
1004898
1050212
992609
1013986
983298
997154
982657
1012835
1028099
1066948
1086373
1001762
1044516
1022915
1007394
977761
995394
1028131
995521
989282
998306
1008578
988610
980769
981313
1000418
987297
1007170
984770
1049188
1015074
1053124
1074628
1022754
1021506
1018146
997698
1018531
1045347
1077701
1080485
1068580
1060740
984545
999490
996194
1059940
1012866
1005154
985121
991553
993857
1000354
1061444
1004130
1022627
1012450
1020802
1007842
1043396
1049795
995522
984897
985570
985697
994018
991490
983714
1004514
1034435
1017762
1001058
1023587
1014242
1028163
1015779
1040771
1017826
1030211
1006018
1005154
999106
1015586
1016258
989794
1004002
1006050
1037667
1010787
1016323
1004354
1032995
996481
1012482
1012291
1012675
1057283
1031363
1022275
1003490
1038179
1003938
1014242
1019075
1024835
1008930
1016003
982945
1030595
1015810
1027778
1011682
1017090
1021987
1014402
1018115
1015778
1092965
1000258
1036387
995105
1053027
991105
1013058
1018371
997602
991170
998914
1007234
995394
990370
995554
1023619
1012002
1022018
994945
1018147
1059396
1011042
1014978
1024163
1027459
1018883
989474
1006018
1015650
1014563
1006274
979201
1016707
1053380
1025731
1015747
995873
991585
1001186
998530
1019331
995650
1006530
1013699
1009762
1033411
1004066
1000802
994946
1049187
1004674
1025571
1000929
1019010
1034083
995841
1033763
993570
984097
1001378
1015458
986306
1040835
997698
1112038
1007394
1025282
1003938
1029347
1020642
1039171
1033091
1017058
1016323
999202
996450
988705
1018562
1010754
1011651
1039268
1045924
1006818
1189833
1003778
996610
991297
998338
1000322
1004514
1001506
993666
1018594
997793
1018978
1010306
1027747
1001538
1029059
1012931
1029155
1008770
1068228
1053860
1015235
1010851
994914
1014819
1006850
1018211
1021091
1045252
1014178
1013570
997250
1006146
1008354
1036483
997282
988418
1019651
1000354
1026595
1041027
1033123
1033667
1047300
1015138
1005666
994529
998722
1029698
1004226
1042851
1010786
1032515
1024226
1038371
1006274
1020066
1021347
1025346
1006402
1024739
1018018
983809
999010
986658
995714
989505
1010722
974177
995809
992193
1025027
988225
1017954
1014434
1015714
985857
1023235
1043043
1036195
1020867
1022626
1038691
1013826
1045795
1019011
1044196
1018531
1042660
1025667
1023299
1022659
1026594
1035107
1018499
1019811
984417
1032643
997858
1009859
990882
1038083
1000930
1039619
1023395
1031491
1033027
1034883
1012706
1027202
1050596
1025987
1037700
1094405
1044419
1006306
1007042
1044739
1029827
1032419
1033635
1014627
1018050
1008162
1014178
1026274
1008451
1033923
1021826
1026530
1020290
1020899
1019459
1012771
1066948
1038019
1007522
1008130
1014467
1014530
1047204
1016387
1053156
1004386
1017475
989506
1031395
1038915
1028835
1014210
1028002
1012451
1034947
1040612
1007874
1021314
1003746
1018306
1009859
1040355
1003490
1019139
1011107
1029571
1020675
1020035
1023171
1014690
1001762
1011522
1027267
1026979
1059236
1059780
1050275
1031907
1034243
1039395
1042340
1007874
1020003
1016002
1013539
1038659
1044003
1036643
1023202
1034627
1032419
1029315
985825
976545
992610
978977
998050
998146
1026851
1108614
1027715
1004322
1016451
1052772
1011650
988770
1040835
987586
997986
989089
991777
977025
992930
989890
995394
998274
1012930
1009027
1005794
1006914
1035171
1028963
1013026
1021571
1000258
1000354
997249
996322
1004194
1009250
1046595
1019267
1071940
992194
1025283
1007586
1044804
1008738
1024515
1004354
1019938
1003266
1016610
1006562
1034179
1017570
999746
1021699
995105
1007042
989249
1023267
1010018
1019042
998370
1002466
1016738
1023298
984833
979041
986978
997634
1007074
1023330
1131207
1021698
1035555
1039107
1031523
1000897
1029987
1037795
1006498
1000898
985921
988417
993154
973953
989537
996002
991137
1025059
1016098
1007010
1003714
1021731
1034851
1008738
981985
993890
1015331
981089
981857
988322
978849
987681
1019490
1004642
1015715
1021250
1030595
988322
1012386
992482
1000130
986114
1032387
991681
980961
1025090
1009090
1014274
1000514
1007234
1008482
1011490
1058788
1031011
1062052
1020099
1007010
1018370
998242
1019907
1011363
996706
1018915
987074
1007810
986658
1021443
993794
1025922
1006723
1287115
1001922
1004418
1000354
1015554
1020035
995810
990466
1025891
1015075
995521
1054435
989058
1008514
1001282
995906
979137
998657
1004674
999650
1009315
1017283
998274
975105
1094021
1018050
1059460
1056451
1045891
1005250
1006722
992738
1005218
988162
1019171
1002626
1032867
1017282
984833
1009186
982818
1033955
993313
1020194
985090
985601
1310156
995425
984609
1048260
1013731
996258
1033155
996578
1053636
1038179
1027363
999042
1030179
1002146
1017443
1000610
1006530
1005058
1006338
987522
993090
988289
992738
1009762
994946
1017538
990881
1027203
999554
1016578
1010370
998626
1012354
1025283
1001794
999394
991521
1011778
1038243
1012066
1043075
1024707
1064324
988514
996930
994945
1002434
1006466
1011427
1020547
1021634
1016003
1020483
1018562
1015235
1057220
1011618
1054723
1049955
1042723
1016451
1001922
1060420
1021186
1041283
1009826
1036355
1017315
1018787
990178
1016674
992193
1011746
993281
1003617
1033411
999586
1509204
983362
1011714
1006178
1038371
1026083
1095653
1001986
1332205
1009474
1004930
1008002
996482
1022595
1003362
1030371
996738
1005218
999490
1020995
1043972
1021507
1021827
1005026
991713
1003458
1029731
1013571
1034147
1013314
1045188
1027746
1062084
1020418
1039588
994722
1015394
995682
1019810
992481
1006786
1013123
1022690
1004898
1028771
1025251
1016451
1039267
1021347
1034851
1014786
1025059
1030626
1024771
1043939
1047427
1019298
1004386
1013570
1031107
1035107
1042371
1032995
1013858
1023939
995554
1018594
1004834
1055492
1002466
1025762
1049411
1040483
1051299
1026946
1044004
1030819
1038339
1011394
990177
993858
1004578
1000481
1005314
1000129
1008898
1034051
1009026
1026850
1032739
1019107
988513
1043555
1026083
1055331
1008962
1006882
1139719
1060580
1068196
1025699
1060516
1021635
1037219
1069509
1041988
999330
989345
1013666
992417
1418640
1094341
1053604
1001954
988033
1013698
1006818
1021891
983938
992321
970881
991938
1012962
980449
975617
998114
998050
994241
1030819
1036291
1043492
998178
1012995
995170
1026563
1003938
1013346
1059812
1034435
1008738
1019234
1028771
1004610
1018338
1007874
1010018
1012546
1023139
1003266
993026
1007267
994466
1011874
1018083
1050691
1015778
1024707
998178
1025283
999778
1022915
1010882
1006914
1010851
1082340
1009602
1000834
1022658
1028898
1019650
1011907
1020066
1016259
1052068
1029795
1012227
1034979
1050308
1003042
999394
992770
1008578
1037027
1022274
1051236
1034339
1048868
1020386
1023523
1032515
997889
1003490
1016803
1018050
1041252
1027779
1005058
1026627
983490
1021666
1004162
1030722
1029955
1017026
1073412
1007042
1021411
989665
996930
1012386
1009122
994657
1020450
984449
1009091
991298
1010627
992354
1010371
1010083
1022147
1005634
1005890
1008386
1035459
997794
1009186
1002754
1063300
1038883
1025859
1024579
1001474
991969
1008514
1027875
1035491
999426
999778
995042
999298
1033251
1021315
1045028
1008546
994817
1031651
1013154
1024738
1074341
1008098
987073
999938
1059332
1042307
1028835
1009826
1025571
1014595
1023810
1004994
1031235
1001602
1019490
1014338
1042051
990049
994882
1026275
991682
1006882
1020675
1025730
989505
1049188
1012194
1028963
1021059
1019394
1023234
1005954
1026275
1008930
1028003
1001474
1035171
1017059
1034627
990945
1017635
998370
1035427
997090
1026819
1018115
1006306
1011586
1028675
1033091
994946
1015906
992673
1012355
985026
1005218
1004578
1013154
981921
1031362
980257
992034
991074
970273
1009570
1028867
993442
1023779
1069508
1001026
1012643
1004738
1010434
979457
974081
1011202
1014626
1087365
1062340
1018627
1059460
1085893
1030562
1066020
1031971
1051556
1031619
1043588
1039875
1053796
1043523
1033251
1042787
1072293
1099973
1039908
1040259
1015970
1015394
992962
986242
988258
994978
1006178
988290
1021827
1004130
1076164
993698
1022435
1016706
1019074
981761
998818
976321
996642
976257
958784
985409
987745
986018
979329
1012930
989762
998178
986626
1007714
1003682
1032515
989729
996578
988481
987521
1063620
981153
997378
991777
1014051
985538
1049763
999874
1032963
991394
1032035
993762
992674
1003874
1010370
1009058
1021923
1015491
1000450
1004546
1005218
1037251
1009474
1022243
1012098
1021058
1015810
1020482
1020643
1020995
1027139
999682
1066724
1005410
1018306
998305
1031170
1030691
1042052
1219369
1062564
1038051
1017411
1041507
1055524
1029091
1013698
1015138
991778
1041412
1021570
1070628
1046308
1026467
1044899
1021539
1028387
1015074
1025635
1013698
1018818
1001314
1039428
1021891
1028386
1028770
1007202
1002530
965281
990465
978625
994210
1000481
994082
1012706
1023843
1020003
1069412
1015394
1006818
1024162
1018882
1066468
1046275
1059843
1034691
1021346
1017283
1024643
1015555
1015906
1045572
1081028
1054660
1012642
1014147
1006050
1021858
1009794
1011938
1055268
1008514
1030307
1025795
1020034
1008898
1048931
998242
1003874
979777
981281
971553
987202
979393
1000610
987617
986049
971649
987777
992962
1018275
1020162
980961
1054692
995618
993633
976961
994562
984225
974977
1017986
1024770
1010819
1005858
1009794
1024834
1051716
1058755
1044996
1015715
1024995
1008162
1024899
997985
1009859
1024611
1027619
1024002
1013699
1034595
1020099
1053827
1020546
1028259
1005762
1009826
1017090
1035075
1031299
989121
1069636
1077381
1110982
1010594
1024995
1033635
1002082
980385
989409
1008642
995778
1020739
1018947
1029731
1013635
1032483
1004354
1018530
1011874
1019523
1021859
1003010
1035811
1022755
1037059
1050692
1031907
1023395
1070660
1009538
1023363
1020674
1017506
1036803
1006370
1063492
1008834
1036547
1000514
992866
993185
1010146
997250
1023171
1014562
1007554
1036772
1009538
1018403
1005378
1024899
1016418
1093797
1030339
1021507
1014946
1009218
1051844
999361
1027075
1005698
1025378
995169
1017954
988706
1007522
1012994
1012514
1026498
1019714
1046627
1020707
1041507
1089029
1016098
1017090
1006050
1009922
1010242
1023171
1045699
1044068
1006786
1037027
1005763
1019426
1004898
1074821
1014402
1038403
1036995
1016226
1034275
1001538
1019874
1016419
1012962
1008738
1019075
1005634
995713
996738
1017026
1027939
1043427
1030691
1012003
1019875
1012834
1031298
1003234
1014370
1046500
1025218
1051140
1011266
1040707
1009154
1019299
993602
1005602
1001794
1002434
1022211
1027331
1023714
1005250
1020162
1010787
1035107
989026
1004994
979105
1012483
989057
1026307
1004450
1041188
1007522
999426
1040515
984354
1015683
1025762
1008451
1059780
1030371
1018242
1033123
996706
1000321
989057
989985
988545
988962
998338
1001186
1019619
1032963
1010626
986241
1020706
1186216
1015523
1014787
1008738
998018
1000737
989026
998209
994817
982786
999618
1014627
1026179
1000610
1008610
992257
999042
1031491
1016834
1022179
1006818
999041
987361
1029379
998594
988866
1028098
1018466
999266
1016898
1033347
1014914
1010562
1383535
1003522
1008707
1000354
1002498
1001314
1004802
1030531
992513
1008034
1002434
1019746
1013890
1023202
1041572
992225
996226
1019075
1001762
1047619
1001346
1046723
1027235
998114
1024418
1006434
1029315
1002337
1021923
1000994
1006306
986338
996642
1012803
1004930
1012483
1020258
1053732
1013858
1006274
1013891
1013922
995681
1002946
1020546
1006786
990338
999458
1018819
1002722
1018402
1017826
1074436
1004994
1054307
998977
1028963
1000610
1057796
996001
995362
994242
997250
989377
996066
1029634
1002401
1087300
1010882
1035043
1004898
1050756
1003458
1217801
993058
1002370
1003298
1004482
1004706
995874
1008674
1004578
1045668
994306
1023107
999138
1016738
987745
1027907
1019299
1016899
1026850
1021506
1001634
1006626
1031139
1006786
1040483
1015939
1066308
1040547
1030051
1007490
1014050
1027683
1057060
1045060
1018530
1029571
1044483
1013058
1023267
1018979
1035747
1018851
1011522
1044644
1023490
1030403
1027779
1005282
1029602
1019363
1015714
1023586
1014242
1018755
1020418
1031715
997730
1019010
996129
1011202
1001825
1017699
1011426
1012354
999106
1018498
1024931
984513
1038179
997537
1015458
992450
1023522
995969
1031683
1084069
1032387
1025923
1030499
1008482
1017826
1074788
1009667
1030691
1007074
1020642
1012066
1024771
1030659
1039427
1012290
1005858
995042
1005859
1040387
1010498
1071172
1005442
1050788
1016867
1019874
997890
1031427
1009026
1018947
1044548
1003042
1062404
1037635
1049412
1032611
1030786
1040227
1033283
1037219
1027746
1071396
1039939
1063108
1025603
1051556
1011138
1029026
1024675
1022146
1031587
1003682
1029603
1033347
1075460
1039267
1044164
1030243
1033539
1057892
1028003
1069732
1011554
1032963
1022626
1108486
1034531
1027010
1015235
1033187
982722
998690
987361
990242
997410
997890
1037859
1007106
1017410
999554
1022051
1011266
1029379
1010850
1019747
1015490
1000002
1044035
1025763
1039139
996898
1022755
986498
1030403
1002850
1018275
1006626
1012322
1027139
998850
1064100
995618
1022531
1004418
1010178
1008994
1059940
1006242
1020195
1011298
1040835
1030883
1008098
995522
987746
1000962
992962
1019106
1027458
1067684
1019426
1031075
1009378
1085285
1039971
1021442
1007554
1016962
998466
997666
1006274
1000481
981697
994786
994850
988257
1036931
1003650
1001697
1003298
1018179
1008738
1036547
1027010
1018051
1026435
1016450
983554
981505
997185
987713
1006914
979681
1015939
1017315
1044644
1014723
1044899
1030531
1019458
1012291
1042500
1010434
1025091
1037891
1025219
1037155
1035395
1036227
1008706
1006050
1020547
1005090
1006242
1018114
1018147
1018275
1012067
1009858
993665
984705
1010210
1003618
1025571
1009122
1018114
1011234
1014914
1009794
1006819
1012738
1011938
1000418
1009475
1020611
1024675
1028579
1017315
1007298
990658
1036803
1020418
1026115
1015267
1013250
1013986
1017379
995810
998850
1037507
1024930
1013091
996098
1036355
1006498
1035587
1026274
1016771
1007779
1013922
1008770
1010114
997794
1010210
1085925
1003586
1020226
1015746
1024803
1007427
1060932
1009443
1021570
998466
1057475
1001090
995234
1038180
1014594
1025890
992546
1027266
997250
1033027
1013442
1023779
1002530
997250
1002914
1047171
1020994
999010
1014626
1000642
1010755
990242
1028066
999361
1026723
1019138
1023715
992961
1006722
988033
1004130
1006018
1028227
1008290
1069860
1014018
999714
1019747
989729
1004834
992578
1053444
994241
1016514
1008834
998754
989601
997026
1001281
983425
1040003
1004930
1004610
1022467
1019395
994242
1033315
1002369
1086276
1026531
1020514
1021570
1000834
979041
1012514
995010
1006050
1034147
1020322
1078052
1019106
1062436
1012995
1032099
987361
1000450
1017442
1023779
1012994
1024226
1035331
1015106
1040196
1054852
1040707
1029315
1065028
1005282
1056420
1013922
1023267
1000738
1031875
1039076
1065476
1076132
989154
1008098
986274
1018018
1011234
1028483
1000482
994114
970721
1010531
1027619
1001410
1026531
998946
1042467
997825
1018786
986273
1038275
996289
1092101
1003010
1012355
1013122
993121
1006050
1003938
980225
987682
1032675
999362
1017187
1024483
1018435
1005378
1029699
1028738
1017027
990242
995810
1000962
988513
1003682
1013155
987457
1025539
996193
986882
1038147
991009
1017186
1023555
1050115
1007202
1013762
1037667
1024355
994081
996545
981857
999970
990241
1005635
1028163
1025987
1023555
1001058
1036931
1024163
1009378
1007586
1004994
1009730
1011394
993058
992322
996450
1039587
1019362
1009954
1016546
980033
1067364
994946
1024195
998561
1000706
1042499
1011298
1025059
1005218
993857
995554
1031779
1018050
1002114
989121
1012322
985442
1004322
1005954
1009026
987170
1004898
1028515
1006146
999490
1005762
995682
989698
1025923
1022115
1044579
998114
1013474
1010210
1026179
1019331
1024195
1028226
1027715
1008258
1000610
1019138
1002850
1022786
1014019
1076580
997890
1005314
997090
1050659
1026147
1008386
1079397
1021090
1013634
1061092
1007458
989057
1004354
993090
1007010
994913
1036835
1001346
1046179
994817
995426
985601
1004994
989026
1000226
1047396
1041763
997026
1013859
1010178
999554
1005890
992098
1013090
1000418
1013922
1044803
1032355
1020451
1003746
1016259
1007554
1040515
1012259
1045571
1023779
1069381
1063108
1025474
1033571
1013730
999234
1006722
1037059
1031555
1040259
1060995
1018338
1016258
1022787
1025986
1016931
1011042
1013731
1039811
990497
1045156
999362
1021123
991522
1178504
1002466
1041507
1000737
1014146
1015907
1012674
1018723
989761
1020611
989698
1020867
1005122
1024003
1002914
997826
1004002
1002082
1021794
993410
1012867
992834
1032867
986561
1110501
1005091
1052036
1013858
1028835
1010850
1021123
1020707
994178
1018626
996898
1017347
1005378
1001026
1009474
1008482
999266
1028515
1034627
1022274
1016834
1036643
1032067
1014370
1044387
1006595
1054596
1024578
1033379
1003202
1020579
1001122
1015395
1030275
1032163
1023875
999330
992578
994625
1006466
1005890
1026755
1023235
1020034
1010499
1031939
999490
991201
1007330
994050
1008674
1019042
1022370
1016930
1001666
1011554
1047460
1036643
1030307
1005730
1023843
997090
1017378
1013474
1003650
1002722
984609
1019843
1220873
1007330
1005890
1034371
1003938
1034179
999202
1021283
1051427
1015747
1025187
1020515
987426
1006402
997377
1018595
1019266
999809
1018178
1010338
1043300
1006018
1012738
1004738
1001314
996161
1002466
1051491
1016834
1022178
1012290
1009570
999746
1016675
989345
1009570
994401
1077093
1019618
993953
984961
1036771
998210
1003874
1004226
1007811
1014019
1035491
1041315
1020195
1030275
1050435
1040259
1013314
1016259
980577
997057
1028099
1004738
1012322
1062276
1011459
1006850
1026723
1025283
1046372
1022370
1028707
1017667
1009538
1037827
1024259
1015395
1072420
1032867
1040483
1032578
1035299
1092773
1032867
1018018
993986
1032035
1063268
1014882
1045763
1025923
1033922
1011906
1016995
994369
1020546
1002402
1029187
1014402
1025123
1023330
1073797
1036515
1048579
1047044
1029475
1056419
1022946
1045764
1038435
1053060
1064964
1040547
1018115
1002562
995585
1001730
1008835
1005858
1053956
1022531
1030883
1002306
1066340
1025763
1028354
1013794
1031106
1030595
1017666
1005698
1067716
1017475
1022243
1042595
1016706
1035619
1043811
1040035
1027747
1021475
1002146
987490
980001
979521
1004418
1025827
997185
1146662
1018562
1013379
1243914
1021859
1024387
1017890
1028163
1010114
1013538
997858
1000546
1027522
1061828
1004546
1016386
1012322
1005250
1042851
987969
1124518
1018659
1019394
999490
1012835
1033315
1008674
1038083
1019810
1031971
1015235
1020387
979201
1024706
1006594
1007970
1001570
1004674
987809
993665
1015138
1000066
1004930
993474
1010530
1003266
1023619
1056292
1025442
1005122
1017986
1026883
1041924
1038883
1029507
1013506
1027683
1025955
1016867
1073509
1031235
1037987
1027427
1040035
1018851
995618
999458
1018115
989538
1028771
1011490
1028579
1040163
1029346
1067940
1001506
1014178
996706
1011938
997698
998722
1078917
1038371
1004706
1018050
1008290
1016099
1032035
1005506
1033667
1007875
1033347
1006082
1021667
997826
1026979
992418
1002497
992962
1003682
998882
993857
1008034
990818
1010946
1056868
1011714
1014947
1137383
988482
1000513
1003330
994465
990593
987426
1004354
1002370
994850
978529
1014595
1003074
1029347
996482
1030019
1021474
1009026
1025826
1007010
992642
1000322
1016610
1026499
1001730
1040963
1032931
1015874
1040388
1048579
1029411
985698
1056804
1016514
1005730
994562
1007362
1003714
1007042
1019651
995618
1022499
998305
1020163
1006658
1014434
995106
1012898
1010914
1014434
983842
985506
998978
993057
1034947
1000546
1036675
1005634
1026019
1018403
1023298
1017378
1030723
1038403
1056099
1005250
1002082
1009506
1022147
1013218
1012643
1061348
1038755
1020834
1002402
1029507
1007075
1035907
1024835
999394
992673
1015714
993026
996546
1004354
1007074
1095205
1001090
998786
979265
1038147
1003266
1009634
1019651
1005922
1006562
1013475
1003266
1001409
1009826
1027907
1058980
1031843
1030018
997218
1011362
999874
1033091
999841
1052195
996290
990049
1023362
992258
1010083
1004706
998562
1042915
1023906
1008066
1023683
992674
1032771
1028866
1002786
1019715
1015330
1020003
1009442
989794
998497
1045059
1033635
1065156
1020514
1040387
1068420
1005922
1053283
1059940
1028099
1033763
1040131
1029763
1042948
1046147
1019363
1004770
1024867
1053028
1018594
1014242
1021442
1049892
1056292
1025378
1001634
1026211
1002658
1032259
1032899
1026018
1010786
1007298
1023811
1027459
1028899
1070500
1075109
1032163
1052324
1019970
1002881
1008322
1013987
1032867
1042243
1062052
1067748
1009378
997730
1007042
1002178
1027426
996130
1036387
1049123
1014178
1024227
1022403
1040867
1069700
1054948
1035683
1029411
1043395
1024194
1015330
1030019
1028387
1018947
1065508
1032163
1033123
998882
1016643
1003458
1009442
1007970
1008994
1021507
1014083
1031939
1000354
1039427
1005730
1009154
1011298
1003297
1017762
1009730
1041347
1019523
1046307
1058916
1040004
1010114
1014594
1035171
1044356
1017795
1025859
1348558
1017026
1011203
1001218
1000770
997473
999905
1017794
1032387
1028291
1003266
1034371
999330
1060836
1024227
1053956
1018595
1015715
1045923
1022402
1014690
1024931
1056356
1010818
1039939
1014018
1025218
1066340
1017250
1012610
1073637
1025795
1005634
1015106
997793
1027939
1027875
1039683
1036739
1024419
1009474
1004482
1004994
1017379
1031139
1033443
1058788
1046980
1066276
1013411
1011138
1005026
1016675
1011171
1033635
1038947
1039811
1042339
1049092
1070373
1070949
1034979
1031619
1026371
1056740
1027970
1035395
1009186
1063044
1064548
1029091
1031298
1032003
1023042
1028898
1015779
1027394
1030595
1021635
1035907
1012322
1020354
1012867
1011779
997666
994274
1009986
1020770
1032611
1005506
1039235
1027139
1043491
1026146
1025475
990114
1022242
1015618
1024707
1045635
1017922
1010306
999554
1030915
1025635
1067940
1041348
1039779
1063812
1026019
1021251
1033506
1036163
1026563
1000770
1052772
1042660
1078981
1017475
1001634
1018787
1021698
1016418
1020226
1018274
1009826
1001666
1019682
1025091
1036996
1017123
1031907
1022146
1026914
1052932
1016834
1030179
1007554
1027170
1011522
1051876
1009858
1045604
1013891
1022307
1009346
1015682
1010114
1066468
1006818
1013922
1005699
1038243
1041283
1019554
1041412
1035908
1096229
1030371
1051812
1025123
1017858
1023523
1021603
1037508
1008130
1046627
1020451
1078117
1004994
1014466
1047204
1023874
1033347
1053251
1024482
1279916
1045379
1024419
1010274
1034243
1054980
1023906
1018147
1023139
1030691
1018850
1017602
1035331
1011938
1026082
1024771
1036675
1011042
1029859
1018179
1012066
996866
1015458
989346
1024323
1013603
985633
1014019
984609
1002305
988545
1070212
998721
995105
982754
978657
980449
987938
987393
1048163
992577
985474
997570
993665
1019651
990977
1015970
1013635
1052996
994786
1029859
1010946
1013955
1028323
1016546
1005602
1024290
1008834
977569
1005890
1020195
1001058
997954
1005730
1007394
1095205
1001634
989217
990305
1018563
1029763
1001666
987426
1013122
1037251
998913
1019811
989441
1008898
999969
1038371
1004578
1003586
999714
1002274
983746
998562
1023395
1002338
988225
1007970
1003426
1039043
1098469
1017346
1017347
1025475
1016578
1007970
1004258
984065
977697
976641
985697
991585
996257
1050244
995169
1057859
1007266
1039587
994722
1014370
1002818
1004738
1011170
1023906
999457
1030755
1008514
1003746
1067364
1001890
1034563
987585
1023138
1008066
1029635
1006370
1009538
996001
1015139
1054692
1016226
1008802
1041059
1044676
1023555
1044963
999266
1035555
1002338
1009026
989250
1008610
1041059
1018818
1009251
1018594
1002082
1018082
1011618
1019555
1037763
1018147
1040900
993282
1016258
1004962
992929
1011874
1009506
994625
992513
1003682
1003202
1020803
1012482
1044036
1041155
1038435
1008163
1016163
1006754
1045412
1034435
1015683
1025411
1020354
999137
1024546
1017794
1041923
1101189
1023203
1044643
1032259
1007266
997569
973537
999778
992514
1008034
1005090
1032067
1015459
1122982
1010722
1020898
1421488
1021827
1008194
994306
1020930
993122
1052963
1100741
1230634
1050884
1025666
1042275
989986
981409
1026179
1061156
1068645
1048419
1010403
1038692
1011778
1038083
1002786
1043747
1011875
1059492
1122918
1024003
1032835
1022755
1026659
1003490
1054052
1027011
1014371
1019011
1005730
1013058
1011682
1038787
1009538
1014306
1019203
1038691
998754
1028738
1006882
1018434
1014402
1003522
1052772
1007010
1019427
1037539
1013891
1006530
1041476
1027651
1052387
1049124
1042339
1156199
1038724
1024322
1020002
1011970
1012514
1016899
1023586
1032739
1063140
1014306
1045763
1055460
1016547
1049539
1018882
1115142
1056708
1042275
1030019
1298604
1035683
1008450
1017730
986401
1016098
1014466
1050531
995713
1050948
1098661
1109061
1062980
1042275
1073668
1043619
1071012
1055620
1046691
1050244
1057667
1058948
1071013
1054276
1031779
1047428
1050115
1051331
1077188
1079940
1083397
1055332
1057219
1051876
1045603
1058755
1043651
1063876
1025091
1023907
1010338
1045347
1034211
1036099
1073988
1028387
1038595
1017827
1006274
1006498
1003394
997410
1012962
1071972
1030530
1038403
1065348
1024643
1127398
1018723
1001474
1005954
1026147
1061860
1036899
1006402
1023874
997954
1030371
1015010
1018915
1006082
1002946
1024418
1010691
997794
1047235
1033539
1009474
1040163
1027555
1039780
1031203
1021282
1022562
1020674
1013410
1037027
1040931
1016675
1040836
1020066
1041284
1012354
1038531
1007010
1023587
997730
1006627
992097
1022594
1004354
997345
1027203
1001954
1027523
1031714
1046883
997826
1068516
983937
1005538
1015747
1057475
1041220
1005442
1004162
1001794
1025251
991777
1000866
1028450
1050980
1024547
1033251
1064196
1031363
1012611
1033411
1019555
1004322
1067620
1030819
1077860
1026659
1023555
1004994
1084388
1030307
1023458
1038531
1012290
1071397
1012418
1063332
1007234
1029539
1003618
986753
1004994
1028322
1100006
1113350
1114886
1077252
1071428
1074405
1089796
1065604
1050724
1059044
1055620
1056835
1036419
1084133
1073316
1061092
1043332
1026915
1067524
1025571
1026403
1046179
1051204
1065860
1031843
1119270
1062436
1056675
1056324
1057667
1088741
1054276
1070084
1075716
1060419
1061380
1017346
1014211
1004514
1026179
1228362
1007426
998178
992225
1007874
1014114
996674
1013154
1025187
998850
1036803
1006402
1000706
986241
979073
1032291
1079716
1008386
1007682
1080356
994337
1039075
975265
1003106
977153
1001090
1000226
979970
1005282
1074981
1012099
1017219
1021314
1036163
1020994
1033059
1056899
981505
996481
983201
989281
982530
990850
991138
986081
983777
980097
1004930
981217
1032067
993570
1020643
1011682
1006722
986817
980417
1013282
985505
977281
1000546
1010786
1015971
1035491
1013154
1055171
1012194
1039139
1024482
1004130
992546
997858
993569
996418
991746
982658
991586
1017410
1005218
980417
1016514
983777
999554
993985
1005538
991778
1026051
996962
980449
984097
989985
976257
997954
1025411
998273
1029859
983201
1035395
984130
1007490
1010114
1009826
1012642
1028131
988097
1040035
976289
1015138
1052612
983330
1006082
991042
1003298
1005602
1017954
999970
1027587
1022691
1009218
1039619
998754
1004898
1025987
1011394
1021699
1049700
1032803
1041700
1049123
1023842
993697
1010883
1061860
1007202
996002
1003074
997954
1014690
1004258
1023330
1025891
1031395
1027971
1014563
1012450
990210
1023235
1016002
1025826
1050691
1005794
1013986
1017379
1038435
992354
1015618
1006594
1041731
1013026
1064708
999042
1053732
1006051
1001346
999874
1022274
1007458
1051299
1029443
1003714
1031779
1020419
1037507
1053924
1017955
992386
1023042
992129
1020387
1001986
1020707
1020387
1025762
1009026
1051908
1022627
1015043
1012962
1003394
1018851
1002178
1009666
1011107
1005154
995586
1062052
1004802
1019074
1019171
1022595
1049763
1035747
1026979
1028163
1038371
1040035
1034947
1004002
1011586
994722
991266
999169
989666
985953
1023106
1050276
998530
1017314
1000642
1013123
993954
1062436
1004034
985537
984161
1026179
998274
990401
1045859
1016546
1025155
1004610
1012802
999106
1049476
1008546
1017730
996577
1022786
1003938
996353
987714
992161
987650
985633
987746
982978
1016099
991425
1018178
1047204
1049348
1023715
1033731
1015810
1024291
1004386
1019554
1006754
996802
993217
1000194
1025155
1002786
999746
1048899
1036388
995970
1019906
989793
1018690
1016290
999298
1040931
1006178
984609
1003138
1019778
991266
1033123
1045924
1021987
1005346
1055107
1018307
1084293
1046659
1019810
1005986
1025795
1051364
1036707
1046467
1015587
1040932
1016611
1034499
1013411
1027171
1007714
1020131
1036739
1017251
1046115
1046308
1025347
1031075
1014531
1074085
1070436
1052612
1016962
1015874
1019331
1011170
991234
1022978
1001186
1059204
1013795
1065956
1025251
1008034
996354
997089
1000354
992129
997345
1001538
980993
994945
1021827
1007106
1004930
1017667
1014274
1003266
1047011
1019075
1008354
1011682
1024643
1093157
1028259
1036099
1063364
1045763
1055108
1043012
1025411
1074532
1041572
1057892
1025667
994785
996897
992929
1059620
998370
1013475
1014179
1021187
1016835
1040323
1051331
1007843
996834
1014594
1013763
1012514
1024835
1023554
1002530
1021923
1017474
988898
1010243
998145
1013250
1016962
1012258
983585
1005666
1047300
1007715
987681
995650
995138
1015971
1004098
988065
1029347
990594
1023107
1006658
1051652
1017058
1019203
1022210
1003810
1006306
1000098
995842
995362
999938
1010722
1019778
992578
994850
981762
1009858
997026
1023746
1015522
1004130
997730
1006338
992354
1023043
987842
1004642
995362
993666
1007618
1011522
1002978
1000866
1029699
1039171
1031395
1022722
1025475
1030883
1015682
986593
999458
999746
1015843
997985
993282
981313
997922
1018466
1012258
1012834
974593
1013315
990882
1020355
1010050
1010210
1007714
1029347
1009986
1043107
1006178
1004194
1004674
1009059
1013474
987234
1016002
1010850
1022979
1005474
1004130
998274
987873
993665
997953
1006594
1036099
1000866
993345
987970
986881
1023939
994082
1014562
997345
1026467
994369
1048419
1049668
1025731
1029859
1011586
1017251
1028227
979682
1122214
1039204
1031331
1047747
1003650
1025731
1048451
1007138
1021923
1017026
1014275
1017794
1028355
1003810
1032963
1020034
1031363
1006434
1024515
984578
996386
995874
1001954
1001186
1016835
1022018
1011458
1022083
989889
1013218
999362
1007458
1003554
1018051
1013218
1016643
1013571
1024035
1061284
1001602
984097
986017
1016227
1002882
1002690
992993
1020451
1007298
1049955
1013443
1040963
1007458
1059844
989889
1008130
992705
1003810
995106
1006626
1029731
1025059
1033731
1036451
1042051
1023971
1019843
1017634
1022531
1029122
1009410
1003106
1063492
1075844
1016803
1062340
1025539
1035587
984897
1001154
1016898
1017475
1001666
1005026
1038628
1029187
1054243
1015714
1015938
996546
1016002
996193
1020483
1000833
1033859
1009602
1019075
1015811
1022499
1005474
993826
995809
1003490
1016866
1025922
1028707
1008514
1025123
1011746
1021154
1064708
1009858
1020131
1024803
1050180
1051428
1022691
1036003
1042244
1014018
1038019
983521
1021251
1004546
1017282
995041
1014978
1013315
1016003
1002018
1019459
1022722
1008962
1002626
1047715
1036708
1036035
1052964
1035907
1051715
1057283
1040547
1032323
1037988
1009474
1012610
1024707
1026851
1056707
1033251
1061028
996130
1021090
1001762
1016290
1016227
1025507
1041252
1068612
1055972
1018050
1054628
1013890
1035171
1038212
1036355
1020419
1015747
1008642
1012258
1027842
1024515
1011683
1004578
1011906
1023362
1013858
1003522
1027523
1001666
1029699
1032963
1017698
1006690
1012835
995330
1006786
1000002
1030371
1065764
1050212
1035043
1075172
1034019
1032611
1044643
1016514
1004834
990593
994145
1002434
1002658
1005986
1018754
999906
1007490
1019811
1014946
1033059
1051075
1033347
1023971
1035715
1020867
1033827
1049123
1008578
988353
998433
1011522
1023426
1022179
1086245
1020195
1025923
1027523
1002722
1020610
1043427
1013922
1012003
1010818
1009890
1010530
1017506
1017155
1034979
1010434
1037219
1014659
1030403
994178
998338
1017603
1008162
1068964
999810
1019554
1030563
1033475
971105
1058564
1068101
1103973
1028483
1133414
1074181
1045860
1027939
996802
1019074
1002401
1084773
1010658
1027811
999265
1001922
988738
1023042
1008162
1022243
1012130
1009090
1033091
1026083
1046115
1064100
1054403
1010690
1059780
1046852
1022083
1002978
1007298
999170
1014307
986817
995234
1025411
1019778
1051140
1002818
1030147
984705
1025794
1008290
1012450
990465
1005442
989793
1010210
993762
1000130
1030690
1012803
1027426
1043235
1034947
989314
1071780
1048420
1037379
1000354
990402
997025
991969
999202
989217
997794
1018563
1015938
997474
1025507
1016611
1050595
1004994
1046820
1002690
996898
1015074
1005890
990209
1012386
1007682
1004098
1083077
1012323
1020995
1005826
1011042
1015042
1000130
1010338
1067524
1044291
999106
1004930
1005474
1051812
1004418
1025219
1001634
1019587
997794
1075460
1008738
1028163
1015779
1017698
1048804
1000674
991042
994818
1044612
1029026
1036259
1015458
1025571
1021858
1027234
1015554
999778
1029571
1077957
1019907
1033155
1016098
1018627
1052483
1017251
1087685
1022499
1051076
1016131
1036419
980609
980353
984161
1001505
987746
1040548
1010403
1016067
1031235
1011746
1006658
1013538
1032771
1024642
1031971
1038659
1007330
1005442
1041603
1011810
1015906
1009954
1014146
1029442
1005154
1055012
1012258
1019906
1010850
1025602
1004290
1002146
1013506
1014850
1005122
1020451
1009730
1014403
1023106
1007362
1036387
1045571
1013122
1008706
1024963
1010466
1009506
999841
1004738
1013506
1003458
1010082
1006114
1002242
1005378
1025635
1011906
1038531
1005250
1037219
1027267
1057508
1024067
1028643
1000033
987425
993345
1052131
1004546
1001058
1074853
1015267
1034691
1018882
1035203
1032451
1051204
1058916
1040707
1022243
1022722
1016226
1041987
1014274
1013506
1045603
1016163
1022275
998882
1057123
1016163
1025923
1072773
1014914
1030563
1019267
1007170
1017442
1037475
1041667
1072933
1075300
1053316
1044547
1028387
1041059
1035267
1089445
1039075
1027523
1020706
1067332
1002210
1042659
1042179
1006146
1014178
1016194
1067300
1008514
1043235
1031971
1067780
1023715
1046852
1041443
1060036
1017923
1050244
997698
1007202
998658
1004994
998817
1015427
1002594
992034
983233
1019331
1034531
1002914
1034179
997985
1034787
1018594
1047075
1029027
1051652
1026883
1043588
1058179
1032675
1028163
1020482
1045028
1021059
1050116
1025219
1009506
977217
1027107
1010850
1009026
999969
1000802
997634
995137
1004578
997537
1004930
996066
1009954
1010370
1022819
986114
1011715
1012643
1004322
1002082
1008003
995618
1004962
1007170
1012483
1034243
998210
1009187
1003298
1046371
998946
1025090
994978
1019043
1013187
1013026
985281
998626
1028802
1015842
1020354
1012354
1022754
1006306
1032451
1072997
1029922
985505
998338
988065
986145
976545
1019043
1005250
1008130
1001410
1007778
988289
997250
1017250
1014850
1029731
996994
1018819
981697
1009826
1000802
997986
1023459
1017538
997377
1000578
1001698
1024547
1000449
1017826
1017123
1012995
1034115
1004578
1026179
1017762
1022402
1000545
1007874
997506
1019331
1038947
1047716
999074
1008162
1037699
1022274
1051267
1007970
1023875
1014050
1038595
1052580
1019010
1001698
990881
987810
991938
976065
993794
1022275
1066148
1019875
1002242
1158279
1001602
1180904
1016898
1008002
999298
1006146
1020034
1015267
1034723
1013410
1018306
1040739
1018179
1070597
993569
1017058
1006818
991810
995265
992834
998786
1037699
1027459
1030403
1004322
992034
1006946
1015618
989313
1013571
996930
1601526
1001441
997186
1018434
1028259
1033251
1004226
1025635
988065
1014690
982817
1005922
1015843
1001506
1015811
987586
1018946
1050052
1055684
1008514
1039171
1016802
1019042
1028163
1002562
1006850
1002594
1008290
1077029
1061860
1055556
1078309
1053860
1044099
998721
996258
992034
1006882
999169
999778
997569
1027011
1045155
998370
1026978
997666
1001090
998497
1011874
995969
1014498
991105
967969
973729
990529
1000802
1018690
1049091
1023011
1036579
1009538
1040451
1029122
1038275
1022979
1032259
1021443
1036003
1020579
1011650
1035235
1018530
1034723
1029411
1032451
1033411
1045987
1026723
1023971
1022691
1041603
1020035
1031555
1070916
1003714
1009794
992129
1028003
991649
1030562
1027714
1003585
996290
997250
980993
1016995
1013795
1008194
996258
1013058
1062628
1015202
1027107
1015330
1009602
1005282
1025794
1003970
1051076
1003297
1022274
1029474
996866
1005666
988898
1001602
985761
1045795
999234
1043172
1009410
1027586
988866
1021410
998818
1013698
996513
1004322
1004002
1036675
1023010
1321773
1055332
1003810
1018690
1034947
1008930
1022082
1022754
1027747
1027427
1063300
1056868
1035939
1020611
1050500
1022211
1045411
989122
998914
1000290
1000354
993153
1009282
1004354
1011618
1013442
1015906
1018466
1024739
1021763
1014690
1025570
995297
1023810
1010658
1028483
1019459
1035523
1042147
1023330
1020066
1026658
1017410
1010210
1049699
1033251
1015650
1005058
1021602
997026
1048900
1011170
1042115
1018403
1035139
1028195
1016355
1017058
1022530
1040131
1011011
1010530
1055620
1013603
1011779
989314
984673
1000514
1041059
996322
1003778
998850
1021091
995842
1006370
997858
999458
986018
1006082
1002722
1015811
997794
1043044
991906
1037443
1000546
1014850
1000449
1027939
1004226
1003170
1015619
993729
1010434
993410
1047972
1008930
1043651
1030211
1049859
1029762
1029890
999106
1021090
1007298
1003874
1002018
1006914
1050307
992993
992130
1034755
1008738
1065860
1063556
1004674
1037028
978241
1013218
1044931
1017570
1022978
1048259
1030531
1039331
1030050
1009314
1038659
1007650
1060420
1022530
1221866
1025922
1025538
1043811
1031843
1018114
1031043
1030723
997889
1028706
1024866
1004418
1004354
1049316
1017827
1025219
1046340
1031683
1041283
1035779
1048772
1028259
1016675
993857
1000194
1025667
1014883
988129
997762
1000194
987938
1019843
1031427
1019170
1009154
1040516
1009154
1020867
1026595
1014722
1012642
1002114
1015074
1033155
1014051
1022147
1035523
1010786
1006338
1011906
1017955
1020899
1052164
992898
994466
990529
994914
996674
1002658
1007554
994530
1024259
996546
1036804
993153
1006530
989313
1016162
1002850
1030499
1060804
1018019
1011714
998722
1005410
994274
1037411
1002434
1028867
1018499
1035523
1001026
1028931
1020419
1025411
1008258
1035971
997794
1010498
997569
1012643
1003362
1012738
1003873
995618
1009411
1045603
1032643
1006914
1049955
1009314
1017698
1020386
1003810
1044708
1014114
1000098
1044323
1027907
998466
1048708
1000290
1018050
1039491
1036003
1014786
1002242
1009698
1008994
998338
1291755
1031139
1015650
1075845
1034755
1031363
1028227
994882
999074
995297
994721
1001474
997506
1043427
1072261
1003618
1029219
1016034
1033667
1006210
1024514
1009442
1029795
1006306
1000322
987490
1040036
999169
1025538
998497
994721
1012482
1005314
1012290
995554
1016610
1009506
1007074
1019458
1010914
998082
1007234
1023875
1017474
998913
1002018
1037923
1032643
1049956
1040099
1032515
996225
1026403
1013283
1001602
1026947
1006946
1006626
1001410
998017
1010434
1006434
993410
1016450
1023523
1031555
1010083
1022946
1043395
1387791
1006146
1017346
1026690
1046788
1032035
1027074
1063140
1040772
1042436
1004994
1014755
1011491
1026627
1025794
1011970
986017
1296332
1019106
1011746
1024355
1020898
1035011
1006242
1014978
1020643
1020611
984609
983105
1000578
998177
1010403
991777
1048132
1041091
1070245
1028450
1017602
995714
1016866
1014178
1032323
1038372
998242
1028995
1011715
1020418
1036931
1015746
1006082
1031619
1033667
1028802
1014850
1029475
1032291
1021443
1049604
1053060
1075140
1038403
1059748
1036771
1047299
1065828
1048003
1070020
1044131
1067268
1061892
1047140
1026595
1039299
1049668
1043171
1067716
1040195
1049667
1038019
1068805
1023746
1021666
1021251
1215561
1048451
1034179
1083429
1044035
1077925
1073988
1084804
1047043
1022370
1000418
996641
1008130
1013250
1040419
1016162
1044579
1016707
1038979
1024322
1035203
1034467
1008738
1018466
1020707
1041731
1018403
1022434
1036835
1056964
1023683
1064100
1032611
995458
1043427
1012803
1022147
1010818
1027139
1041379
1027107
1047427
1034147
1023778
1027779
1022978
1027266
1009826
1018146
1018914
1021315
1033539
1015810
1040227
1010210
1054980
1017411
1041539
1024034
1032931
1030467
1021763
1030499
1052356
1048003
1014114
1030403
1015043
1045123
1032899
1019395
1063044
1018979
1034659
1017859
1035491
1018531
1072836
1017891
1056676
1032771
1033475
1023971
1032899
1047172
1018338
1053187
1064100
1060452
1049731
1058275
1035011
1046115
1093125
1036163
1065220
1020995
1054019
1001218
1008418
1007682
1032611
999329
1017730
1061188
1027203
1047427
1030947
1047428
1009410
1000834
1034083
1030243
1007746
1054404
1094789
1065636
1087653
1048196
1052900
1044515
1052388
1112486
1096517
1099653
1056068
1049028
1056195
1056964
1057572
1060932
1089733
1046691
1065220
1050276
1095173
1049252
1062532
1069316
1059268
1094117
1079844
1064548
1118854
1051011
1098181
1042180
1051684
1046595
1061668
1013794
1018723
1023394
1027299
1035619
1027875
1055811
1032291
1032803
1002178
1008578
1012738
1011683
1022787
990593
1019299
1017571
1024515
1021219
1014371
1050755
1092613
1045572
1107270
1068228
1027907
1057188
1045379
1092037
1029187
1043812
1025058
1002274
1031427
1005154
1048483
1006306
1053667
1035139
1062916
1014370
1018211
1014050
1004354
1024195
1035523
1019810
1000290
1005698
1005730
1047267
1077221
1018659
1022083
1019106
1027619
1017667
1000770
984193
1000290
1036707
1032707
1016963
1012611
991490
1060964
1004770
1026307
992353
1081893
1024707
1014787
1005218
1012322
1035780
990625
1014786
1039876
1027779
1019362
1021731
987906
1031875
982593
988577
979233
996290
1036131
980193
1007106
998626
1028259
998625
1034563
996386
1021443
1081668
1014306
995842
1018659
994242
1005762
1034659
986913
996354
982882
1003970
1012130
1020899
997410
1016130
1001218
1004930
992417
988930
999841
994497
999394
1001730
1014275
995970
985441
1006626
1007714
992482
1016547
1003138
1008962
992002
1057188
1005826
1001570
1021922
1023298
990593
998178
977249
986146
993793
996258
1010882
996258
1033859
998466
1037859
1028515
1008226
1029186
994721
995362
1030435
1015011
1009122
1006306
1007394
1009794
1005954
1025891
1002434
1023235
1014883
1033443
1041763
1032259
1007490
1012035
1008226
999874
993250
1000706
997313
1022179
1036579
1042371
1076421
1027683
1020066
994561
1016610
1046435
999458
995586
994882
994913
993345
1038051
1018818
1022243
992322
1061284
1000801
1017251
990625
1040163
1014146
993794
1018626
1003042
1002306
994881
1049123
1001378
1034627
1007170
1027010
1014531
1023171
1043428
1036611
1007747
1008130
1009603
1024003
1013187
996130
1012514
1011106
1024195
1009186
1025251
1006274
1023299
1005922
1009219
989794
1040323
1019042
1019202
1049188
1032739
1061443
1080229
1169192
1056772
1063652
1058340
1048259
1056644
1049411
1198345
1067044
1082693
1079492
1062276
1041475
1039651
1028611
1005346
1010179
1006434
1013954
1012002
1035043
1012258
1029474
1063012
1021314
1068932
1038019
1058180
1056803
1061060
1054563
1045283
1061060
1022819
1024962
1014051
998562
1024706
1008834
1014082
1079333
1041699
1040163
1026787
1022370
982273
1005570
984833
1048323
1021923
1016258
1070340
1029635
1050403
1022210
1062180
1048739
1053348
1034307
1025731
1034083
1024675
1032323
1041891
1036835
1001506
1015554
1016386
1013667
987809
987362
989857
994146
996610
1021922
1019138
1000002
1023523
987426
1016354
1007458
1015874
989922
1021314
1004354
1030819
997730
1006178
993953
985121
992002
1018114
988162
996962
1027907
1002497
1013986
997282
1016866
992802
1198504
1027554
1022307
1007650
1011394
1006658
1012738
1013058
1028067
1025539
1018530
1021314
994434
1071556
1014882
1008034
1027747
1018946
1025251
1001121
1007170
1006722
985665
995297
1019939
999522
1014275
1059748
1027522
983457
999842
976129
1000386
989057
1055203
1022083
1014275
1039556
991106
1019490
997506
999394
1028003
1016259
982113
1004994
983265
1015234
993025
996098
992194
1007394
1012514
994114
1013858
1031619
1011138
986113
1022498
983522
1019203
992961
1047716
1016066
1016066
982689
986017
983521
994402
981506
980513
1017955
1005794
1018658
1007202
1023842
1019138
1059492
1025922
1028995
983425
992994
996994
999266
993281
995650
997121
980225
994050
970624
995042
980769
1001186
1005794
1028547
1029795
995521
1003970
979458
981857
967008
981537
969921
993089
972320
1001730
971329
994978
968833
987169
970976
1006210
974881
995873
983618
982113
991906
981954
1010499
1004546
992706
976385
1001057
964736
997282
944192
981249
967233
997218
982914
998785
983169
996994
1015522
982274
969441
966273
972641
998050
980449
1039939
1016194
978817
1002050
973921
1005314
969825
998402
998434
1006370
982690
997506
981409
1011010
982434
959584
981986
992001
1016674
997346
1021987
1005186
1045923
1002338
1016130
991873
1003234
981953
999810
1008514
998593
1036355
1026883
1077381
1021986
1035715
1013058
1025315
1016131
1016610
1021027
1033635
1028834
1010562
1076228
1047524
1080613
1029123
1030051
1014562
1040643
997026
993474
989058
1024259
999969
1012898
1015010
1013634
1007330
1024259
1034755
1016674
1001762
1024898
1028259
1015202
1036451
1023202
1025186
1024131
1027363
1000802
1269867
1021187
983554
1013122
978497
1034947
1011682
1030755
1008834
1030786
1015554
1025443
1013602
1023523
1027715
1049635
996673
1009059
1005826
986721
1020674
1031107
1031651
1026179
1073892
1009282
1015970
1011042
1034211
1028931
1017954
1007298
1028259
1014722
1002242
1032099
1005090
1045155
1027907
1051651
1012163
1039363
1028707
1030050
1020578
991777
992130
996898
1026371
998306
1016034
1072036
1047876
1001250
1014371
994594
1009634
1003266
1036547
1018659
1025890
1048899
1016162
1078468
1029443
1054020
1016098
1017474
995554
1040099
1051364
1026019
1026307
1033763
1027459
1017250
1018530
1015682
1041123
1052580
1019074
1016771
1025379
1023074
1031234
1030851
1028931
1034467
1048164
1057316
1014594
1046019
1038179
1036195
1001314
993985
1024962
1000770
1014531
1016387
1006466
1027747
1036803
1024803
1046851
1038723
1027010
992290
1072484
995841
1000418
995778
1026627
1005282
1004386
1004642
1001346
1012130
1008802
1020547
990625
1007651
994017
1010466
988545
1010050
994657
1002690
997954
1008738
996194
1003202
1023363
1038371
1011490
1008226
1021955
1019203
1170152
1017698
1034083
985826
996098
1025410
1013411
1009058
994498
1012611
1046500
1029795
1012034
1039107
1052643
1014018
1004066
1015586
993250
1001698
993858
1028675
1003682
1013410
986817
973921
990753
1033923
1027267
1019075
1063940
1056740
1030595
1009122
1065540
1011618
1002754
1051588
1015971
1006146
1028227
1015554
1011554
1024963
1011586
1016963
997313
1024802
1012162
1037699
1019426
1027491
1041380
1086500
1038212
1083813
1035459
1026851
1003842
1049379
1044452
1056996
1054979
1051363
1070980
1016578
998722
980545
988834
1045763
985985
1031651
1024195
1025699
1001281
1111398
1025667
1042115
1028867
1025411
1008866
1057027
1013442
1027010
1072420
1024962
1050244
1026306
1050756
1024835
1040515
1019810
1021251
1012387
1009442
1036515
1007970
1020323
1042275
1035299
1012802
1006594
1017603
1009218
1006754
1006530
1052228
1021282
1044963
1012482
1050275
1018530
1036835
1010306
1018403
994786
1000514
997761
1013507
1324845
1027523
1033283
1007714
1010914
1024803
1018914
1149319
1021539
1007554
1005250
991074
997442
1019042
1000098
1048739
999393
1002690
1044867
1032067
1026082
1018498
1028355
1020131
1021123
1016419
998498
1035491
1021602
1088133
1056996
1017091
1022179
1008738
1018850
1014882
1017314
1053763
1020259
1019170
1031939
1044899
1026659
1049891
1032899
1059459
1028034
1027747
1004034
1021346
1070276
1053731
1058116
1047556
1047619
1020643
1024834
1011394
1017699
1010690
1021731
1050852
1029026
1015074
994273
1035043
1006754
1111941
1014722
1021827
1039139
1023779
1021635
1029763
1015106
1004706
1008930
1025123
1016546
1010882
1039779
1013730
1009923
1016834
1042275
1014722
1008258
1017538
1031235
1009442
999874
1020419
998786
1023778
1023106
1008290
1003618
1005890
1011458
1015970
1002082
1011810
984385
996802
1006946
1018883
1031619
993794
1015299
1037091
1022723
1021955
1048323
1003874
1003042
1007362
1008802
1029475
1011042
1026691
1023715
1061220
1008834
1037027
1005186
1015107
1016738
1007106
1012067
998242
994977
1004994
994497
1001090
1005218
1003170
1013922
1000066
1028450
1017410
1025634
1016834
1031267
1013474
1021346
992001
1010978
995202
1002946
1001378
1005538
1036803
1014562
1038276
1006146
1024739
1019138
1045283
1018402
1044771
1005122
1066468
1015170
1022275
1062436
1024931
1022882
1031427
1007042
998882
1015458
1021923
1026659
1049316
1028067
1029443
1021699
1010658
1044931
1108517
998690
1010178
994753
1035587
1007010
1029059
1010755
1040035
1008706
1032515
982401
1011075
1007714
1014338
999074
1010498
1014306
1012482
1023426
1016130
1012355
1005858
1009602
1016674
1020131
997729
1020739
1026850
987041
1004098
1006018
993953
993762
988642
990401
990081
1003362
1020163
1007170
1025666
1012163
1032291
1012738
1051139
1012771
991554
999874
999138
987265
995521
1005698
1025634
1008322
1043427
1035331
1013442
1016098
1007586
1019170
1000706
1059940
1039011
1023586
1017570
1017154
1019362
1028418
1024707
1001826
1030243
1008450
1021731
995490
1056068
1043299
1028387
1010338
1025058
1006338
1014659
1028099
1078692
1047236
1015875
1024771
995586
1003298
981505
1008354
1004194
1011939
1023235
1010402
1014115
1021058
1010370
1016098
1037155
1027139
1025027
1288396
1072804
1066852
1018594
1025091
1019554
1042755
995138
1004162
991458
1045155
1010723
1047491
1032611
999970
995041
1019650
1029507
1006082
1005634
1032514
994178
986497
1010466
997826
979969
1031875
1016834
1018115
1073028
995202
1011906
987713
1026531
984130
1006914
1041539
1010562
1044483
1009282
1050404
1006050
1044708
997314
1015458
1004386
1036579
1016130
1033571
1029635
1024515
1010658
1025763
1015107
1024355
1014883
1006754
1021891
1021283
1031715
1020835
1026211
1001666
1017315
994914
1008866
1011490
1019907
1004514
1026530
1043972
1028291
1029251
1030851
1049988
1024866
1041027
1029027
1039587
1006946
1047076
999714
1016290
997090
1009442
1018083
990722
990881
987842
1011427
999393
1004130
999394
1008610
1013378
1022467
1035491
1022691
1010050
1012994
1014307
1008578
1025346
1011714
994497
999938
1051524
1002882
