2530678
1321389
1097829
1060964
1057284
1041507
1172424
1112230
1040035
1061476
1066724
1074116
1048483
1073413
1061700
1100677
1066084
1082405
1061060
1074853
1077413
1065380
1073989
1083653
1042371
1034019
1132294
1040099
1043363
1015683
1045891
1060484
1030051
1052451
1115910
1038371
1042851
1072901
1038691
1062020
1072484
1063044
1060675
1080068
1087301
1066756
1057988
1067140
1049668
1058372
1049252
1044996
1064548
1044739
1083364
1072709
1050724
1053603
1068804
1045699
1049155
1057316
1065476
1054147
1101605
1072036
1078052
1067460
1080836
1065700
1076772
1076228
1091013
1054596
1041411
1052419
1038532
1038948
1062564
1034883
1094245
1109125
1132358
1107558
1161415
1115782
1124326
1076292
1090341
1067717
1089317
1147303
1033827
1066564
1086724
1050276
1054980
1062563
1046884
1049572
1066436
1112293
1091493
1137126
1139591
1058308
1084676
1217898
1184424
1083685
1078980
1172936
1092645
1064932
1062308
1093317
1087237
1130215
1093669
1194056
1084997
1078981
1099206
1076868
1106758
1100006
1089284
1094373
1088613
1155111
1366190
1102501
1089733
1071876
1080292
1083908
1090917
1141639
1081413
1105093
1185800
1152487
1144839
1108005
1061572
1085093
1108261
1088101
1117478
1113157
1174888
1090757
1054691
1070052
1057124
1065476
1122982
1058884
1059972
1096869
1054276
1054852
1088069
1064292
1093829
1087013
1056644
1044964
1044387
1056740
1054499
1041220
1051363
1080676
1046980
1069252
1066436
1057540
1081637
1111174
1060772
1046723
1092452
1070117
1078468
1106694
1054595
1058724
1087973
1060804
1049859
1076708
1069764
1057572
1082564
1060419
1078404
1098277
1076932
1068228
1106086
1112389
1084900
1145159
1127334
1099525
1130662
1052483
1144999
1126374
1140902
1037955
1058883
1096869
1070277
1051236
1074085
1093061
1089989
1084293
1082437
1079332
1105158
1085893
1079557
1101285
1084005
1097093
1119782
1042275
1045219
1054788
1044964
1065796
1094181
1055716
1065348
1066372
1052868
1047044
1114182
1042211
1055652
1069956
1059524
1087845
1073797
1053027
1069188
1082372
1059876
1081925
1083685
1052931
1062276
1074373
1061060
1082789
1087557
1053347
1051043
1076709
1062756
1064804
1082916
1065732
1109701
1069956
1075332
1059587
1058756
1057060
1063620
1060868
1074628
1082597
1050019
1053092
1077445
1054564
1068676
1080965
1064260
1072836
1066308
1043843
1040835
1069444
1051427
1037827
1074276
1054660
1059684
1076388
1071844
1038276
1071140
1040132
1050116
1068676
1064612
1091461
1075204
1105061
1097189
1067140
1067684
1043556
1067652
1043939
1091109
1076741
1065764
1044707
1075940
1052708
1049668
1076005
1060164
1063204
1074692
1071556
1072196
1080805
1075877
1063908
1080165
1131878
1085477
1075717
1084005
1049284
1067428
1061348
1055875
1080324
1071236
1064164
1080421
1091300
1064196
1063716
1058692
1084708
1067908
1086469
1053796
1056388
1064324
1063908
1080357
1077668
1092229
1055012
1056132
1056355
1066404
1077092
1117414
1066853
1060804
1076645
1047619
1072900
1081989
1080837
1074469
1074725
1086244
1059108
1071460
1050531
1061636
1109253
1066500
1051684
1111622
1057380
1064228
1084325
1064708
1069445
1073348
1055363
1053892
1081989
1042339
1056772
1066820
1044419
1072773
1091173
1075589
1080324
1069604
1057476
1059332
1074724
1083589
1071205
1111046
1170183
1100165
1164199
1110694
1073348
1089061
1078821
1067140
1131942
1088421
1079621
1109318
1085605
1097862
1125031
1062020
1070276
1092101
1079941
1077157
1095525
1069604
1070916
1078052
1072997
1065700
1087109
1163399
1057924
1067268
1064036
1077989
1082181
1056676
1064836
1094693
1068676
1070564
1085509
1073284
1078372
1099142
1112485
1088197
1099366
1075556
1078884
1088293
1057924
1063684
1075333
1067812
1067300
1083940
1063908
1070820
1093509
1064644
1077828
1112581
1087557
1052355
1080069
1073700
1063972
1089573
1071908
1068420
1094085
1060324
1053636
1082212
1054147
1086437
1100837
1094725
1080837
1107078
1046884
1060900
1076325
1067812
1071268
1093733
1078853
1081541
1169703
1060676
1049476
1081284
1053828
1048740
1109798
1065764
1047460
1082469
1067781
1069797
1100614
1074117
1078757
1093061
1101285
1107750
1077989
1048452
1044803
1078756
1059491
1079429
1093509
1051715
1053380
1084965
1056484
1065348
1085285
1098533
1073860
1084965
1065444
1069988
1099077
1075620
1081188
1103718
1067268
1159624
1115974
1059780
1048291
1085509
1050532
1069380
1081348
1060835
1061028
1081797
1066468
1073476
1097893
1074245
1079108
1095717
1076549
1088421
1079940
1065156
1058564
1116678
1077125
1084581
1074212
1054020
1058052
1087173
1063908
1075141
1085604
1069924
1049443
1068260
1053828
1069092
1067268
1069221
1087268
1072069
1050660
1061828
1080133
1073540
1058052
1100293
1067588
1078181
1104933
1071396
1073733
1090500
1067172
1068196
1094085
1062020
1061540
1104197
1059235
1072197
1054884
1163527
1193192
1251979
1209161
1114566
1091525
1118630
1087909
1094149
1099205
1155239
1230601
1183240
1258570
1269515
1232810
1120710
1084517
1049412
1104613
1077349
1051396
1067268
1092101
1068676
1054083
1090373
1059044
1062052
1075044
1065092
1071460
1081156
1066628
1070213
1088900
1061284
1057796
1175432
1047715
1052932
1074916
1062244
1056740
1080197
1064228
1081093
1088357
1075748
1078437
1071429
1073508
1079525
1062276
1069860
1068324
1063940
1055875
1061444
1170728
1088037
1070628
1092229
1076644
1108102
1119430
1113158
1112070
1094341
1149063
1176104
1054307
1075876
1139431
1078373
1102405
1096421
1133062
1226217
1167656
1119462
1110310
1129766
1119494
1123750
1166503
1094373
1140806
1072996
1074468
1073829
1074532
1086116
1087173
1070628
1088197
1056515
1052260
1074308
1134246
1045859
1074821
1068612
1066116
1095653
1064900
1069892
1068164
1121382
1110213
1114086
1140295
1106277
1202153
1179272
1132359
1115333
1121926
1086885
1091941
1112709
1094213
1117414
1143911
1062788
1050884
1070404
1075716
1068676
1092805
1059779
1058820
1063876
1040548
1046819
1037923
1048771
1061124
1107653
1074980
1069956
1058436
1061028
1058532
1033667
1052419
1060708
1037379
1038851
1066596
1048804
1058244
1053988
1045955
1039748
1082821
1054051
1056323
1050980
1058243
1028291
1043811
1054051
1060772
1049891
1053923
1066756
1022211
1046116
1058244
1031939
1042339
1067876
1037187
1021762
1048900
1039075
1070980
1041059
1031395
1054948
1024771
1038596
1063812
1094853
1044228
1062820
1037412
1020450
1072932
1051075
1047172
1045667
1067973
1029347
1014819
1042851
1057348
1025891
1027843
1044836
1016643
1013282
1042083
1040483
1019234
1016419
1022243
1032611
1014946
1037443
1075045
1012898
1056676
1113670
1053827
1036420
1065828
1017186
1043651
1039203
1024066
1030435
1048611
1019234
1018307
1009058
1034339
1049828
1002050
1021091
1021122
1009218
1020867
1009442
1022403
1014434
1008738
1023714
1050276
1042499
1023651
1023586
1030179
1008547
1024259
1038211
1020131
1014690
1023394
1074308
1006882
1013986
1025475
1029411
1032227
1052484
1036995
1032771
1029315
1033635
1048419
1043971
1010275
1023106
1000386
1021346
1039459
1025507
1036483
1039300
1019842
1026658
1008162
1018915
1028451
1018115
1047331
1046340
1018882
1021890
1024706
1040867
1036707
1019522
1028067
1063876
1043651
1039619
1047459
1065348
1029538
1056707
1039011
1046820
1026755
1012450
1017635
1024067
1014562
1063140
1017794
1014659
1002114
1012706
1036675
1042755
1020899
1030755
1005602
1017539
1061700
1022979
1046755
1081765
1020098
1038499
1038627
1026403
1028579
1035907
1040483
1069445
1039107
1024099
1068196
1018787
1037507
1069380
1040451
1034307
1063044
1061796
1048771
1071877
1054276
1069764
1039715
1062820
1074469
1045091
1034307
1037315
1017795
1020706
1034883
1075236
1040228
1067524
1039587
1046499
1050947
1053795
1024003
1033699
1034659
1034243
1061636
1048483
1059300
1052451
1059780
1075236
1013314
1051524
1041347
1045284
1048740
1057348
1041731
1053316
1024643
1028163
1048484
1030883
1020035
1058916
1037923
1031555
1046947
1037988
1044931
1047012
1033827
1067332
1029827
1040387
1053156
1043939
1062148
1044804
1021346
1034979
1044228
1031235
1048548
1057315
1023970
1072196
1123270
1114374
1152935
1088133
1089157
1097829
1045635
1007170
1004450
1027779
1015746
1012451
1052100
1016130
1054500
1091973
1018787
1028866
1014498
1032067
1047012
1017538
1028611
1027202
1014595
1023139
1031075
1047780
1032387
1026946
1032547
1068516
1016514
1023811
1056835
1033059
1047556
1044740
1046307
1057412
1088421
1065156
1071492
1062724
1043331
1039139
1042563
1053795
1046691
1048643
1014818
1030307
1043331
1047043
1040835
1055332
1070948
1054436
1047812
1055620
1014274
1005762
1047811
1026530
1024707
1029539
1040323
1054788
1032995
1029251
1044419
1033795
1047299
1057732
1040099
1077092
1028675
1032803
1055076
1038692
1038052
1082276
1040611
1036291
1050627
1054180
1043715
1023746
1039203
1041124
1035171
1037955
1061700
1053316
1042755
1025634
1030467
1045219
1064548
1013922
1038435
1036355
1045988
1075844
1036739
1047876
1064548
1042947
1053891
1056484
1052548
1044068
1070340
1027587
1056067
1060356
1018179
1075524
1037955
1023490
1043267
1023138
1027651
1052388
1037283
1030659
1021378
1033795
1063492
1020706
1021347
1061220
1013954
1017666
1035459
1011522
1026755
1015106
1050244
1036259
1059235
1065860
1047843
1027875
1024355
1038659
1020162
1012867
1040611
1028323
1022242
1017731
1028483
1038659
1024451
1025538
1058372
1034467
1030306
1047395
1011554
1024514
1020642
1028642
1053219
1016675
1022595
1031907
1020802
1018723
1042627
1047587
1031363
1016322
1065732
1037955
1039331
1035043
1037187
1014723
1019747
1032163
1025090
1020066
1034435
1036867
1043715
1027811
1052036
1036099
1012994
1021859
1048420
1046404
1023683
1009186
1016515
1063364
1033635
1040675
1050980
1033763
1037348
1089733
1025635
1016195
1046915
1032963
1024770
1021122
1029794
1045411
1061732
1056676
1106566
1120006
1016930
1032291
1027778
1045540
1055811
1035843
1058596
1048899
1036291
1045956
1026594
1053828
1044420
1012162
1021667
1048899
1014818
1070340
1052164
1033955
1046212
1060452
1051907
1049892
1080069
1045763
1050531
1038564
1049539
1056772
1014850
1020579
1046851
1043395
1044579
1052707
1042435
1032610
1047620
1015010
1073221
1037347
1038755
1051395
1048420
1028099
1045284
1016515
1029123
1040931
1049412
1055555
1037507
1043331
1062052
1052932
1037091
1057060
1039204
1056420
1050532
1065252
1043651
1024067
1050851
1055715
1038308
1047844
1063684
1022979
1033955
1065764
1038371
1052772
1017379
1039172
1061220
1043971
1035587
1069669
1049444
1047075
1041283
1038979
1031939
1054691
1036900
1063396
1011138
1011202
1032995
1017538
1020003
1040803
1014530
1047619
1065188
1013442
1079076
1069221
1021827
1022754
1016099
1051555
1046052
1006819
1022243
1040707
1019811
1040419
1038467
1028419
1033347
1023747
1032579
1061956
1045123
1045571
1032387
1029059
1025058
1047172
1024579
1077764
1077124
1063620
1025378
1009539
1017986
1049732
1019618
1032419
1047395
1031171
1043107
1107590
1032771
1038083
1055043
1040099
1012003
1023939
1025731
1056196
1025923
1043908
1057987
1054627
1037091
1043299
1016450
1041539
1008674
1026563
1053571
1024355
1030659
1046180
1025891
1057443
1046659
1041316
1039683
1069220
1049476
1031491
1006402
1018947
1038948
1013666
1025155
1040163
1031651
1046723
1049667
1079044
1024515
1016771
1056899
1041251
1026531
1034691
1054916
1053859
1058308
1063012
1032035
1043427
1056003
1040803
1054148
1043299
1024450
1056676
1041091
1053027
1109125
1052036
1085925
1121318
1047012
1028899
1051812
1049220
1051716
1066628
1049796
1068644
1061124
1040899
1041507
1041827
1039203
1061636
1045699
1051619
1063076
1045796
1047363
1038307
1026114
1038147
1030243
1049187
1102853
1070468
1056516
1070500
1051012
1051428
1062980
1043940
1054627
1051556
1010946
1008898
1022498
1028227
1033603
1022691
1034051
1054563
1017762
1034275
1041763
1032802
1029698
1051876
1043651
1057604
1044131
1059396
1053315
1047844
1048323
1074660
1058148
1048548
1053412
1037059
1038627
1048612
1042852
1052516
1064356
1037283
1048868
1018690
1028131
1046276
1017347
1028483
1046180
1021698
1034819
996065
1002050
1032515
1006114
1020579
1034979
1011042
1009859
1026658
1046531
1013986
999170
1003874
1017507
1001410
1010978
1026274
1041988
1030371
1007714
1017730
1070628
1010754
1072485
1091141
1002530
1007587
1035363
1026467
1032579
1018434
1040195
1024803
1015138
1018659
1041155
1025443
1034851
1043236
1030307
1034915
995138
1011363
1037411
1010498
1023459
1032739
1026851
1016259
1081925
1019746
1017859
1023491
1029347
1048195
1007938
1017026
1033731
1018626
1030019
1012323
1021922
1037219
1026627
1033891
1035907
1035171
1011746
992866
1021058
1037123
1017570
1019042
1052164
1075461
1026371
1027651
1028099
1012867
1019939
1020707
1043363
1028994
1023074
1063972
1025027
1029218
1045508
1030947
1014498
1000482
1019395
1048804
1019171
1024227
1042755
1024995
1023394
1003554
1009986
1030947
1020387
1024451
1039747
1036739
1030883
1078277
1033187
1041123
1022179
1034467
1045187
1030563
1027042
1070308
1018434
1040323
1034979
1026947
1068324
1025154
1062020
1030499
1070980
1066884
1046307
1063908
1036963
1054723
1034115
1029507
1038435
1022082
1024323
1052996
1033219
1033571
1031875
1095526
1055108
1027907
1036355
1050595
1024771
1035939
1047523
1045443
1025667
1079109
1096325
1049059
1048675
1039011
1069220
1035395
1023170
1051619
1033443
1028259
1043747
1034883
1027458
1023907
1044451
1062756
1016802
1040163
1047619
1026947
1023970
1054180
1028963
1042339
1048547
1045315
1043523
1038468
1036067
1052484
1007042
1022531
1045924
1035011
1049731
1096293
1066821
1085348
1079556
1170824
1129318
1142983
1110149
1162343
1062500
1023107
1034403
1070116
1014434
1031394
1047523
1062532
1047907
1057028
1035395
1035747
1047523
1029667
1022563
1048228
1043140
1032739
1031651
1051332
1038052
1025187
1027395
1064996
1065828
1099718
1092645
1090693
1095749
1074629
1035299
1100325
1083045
1086340
1100549
1065380
1058275
1086244
1077124
1091365
1061156
1065572
1080132
1071429
1094149
1096229
1021155
1037444
1107494
1071428
1045668
1077732
1136902
1133799
1147239
1138375
1143622
1119302
1034563
1011970
1044995
1064132
1035843
1093029
1047108
1080644
1090437
1065156
1043555
1154663
1052708
1096869
1110917
1125318
1081541
1073316
1106182
1140295
1092325
1095717
1065668
1180263
1161639
1099141
1144486
1144806
1109701
1090245
1091205
1121254
1073444
1099333
1109253
1092165
1120998
1149255
1126950
1142343
1159144
1140551
1174536
1341070
1212041
1240138
1227049
1213097
1237290
1257835
1205289
1213674
1253546
1210825
1252875
1348525
1217417
1223754
1253098
1198697
1175720
1122566
1248554
1211977
1153703
1321165
1234474
1185416
1226602
1049060
1076036
1111814
1089765
1233098
1139558
1106502
1090309
1104421
1178696
1171111
1200104
1170600
1268331
1079428
1147015
1167463
1146183
1084293
1136455
1086596
1042435
1058276
1064196
1051684
1063396
1071876
1074596
1182088
1199305
1083524
1074341
1081989
1164296
1112038
1082085
1089989
1088869
1141222
1198536
1078820
1088677
1180744
1125447
1069156
1049635
1076356
1129511
1152743
1131718
1102950
1149094
1165576
1077285
1045059
1062468
1051267
1079909
1068580
1057124
1060772
1129606
1126406
1060068
1053027
1057668
1044996
1045988
1039715
1052644
1081828
1053156
1058532
1095813
1051588
1056260
1177192
1063652
1087493
1094501
1075428
1070660
1080517
1058116
1069796
1071812
1052771
1062564
1080164
1058660
1066084
1064004
1047524
1045252
1133574
1066724
1082148
1070692
1061060
1045731
1067397
1078885
1077349
1177927
1061188
1049988
1072548
1068228
1047363
1077733
1056804
1070309
1082117
1082948
1068516
1086053
1070660
1053475
1077797
1059972
1054276
1079941
1075812
1051011
1079044
1051716
1099141
1090852
1057924
1056068
1084389
1065956
1059140
1084292
1072357
1064836
1081988
1076484
1072004
1066596
1060932
1068612
1079108
1059236
1090085
1086213
1057284
1059908
1080036
1065444
1075396
1106949
1089413
1050883
1047107
1113638
1085221
1062020
1058020
1063332
1061252
1069189
1066340
1065028
1094469
1071045
1072996
1083588
1076260
1070692
1078373
1095557
1059940
1059043
1090501
1042435
1069444
1075876
1054915
1075748
1076004
1080069
1075012
1083588
1082725
1066788
1095173
1062372
1085445
1108166
1060996
1068868
1106309
1038947
1079653
1130246
1137287
1121542
1068004
1049764
1064004
1076292
1100997
1116006
1062020
1066052
1044771
1042115
1077029
1067812
1070917
1084133
1072420
1070468
1087429
1099621
1087141
1084708
1067076
1070308
1111814
1062180
1070117
1088837
1085861
1078724
1100421
1082373
1088517
1084388
1095621
1065604
1085764
1063524
1073412
1057988
1069284
1073669
1074469
1069316
1047620
1047683
1053412
1078245
1064420
1059876
1090789
1049284
1054020
1071844
1061156
1057796
1095653
1063652
1080869
1098405
1067908
1055812
1083748
1054404
1075525
1084581
1067781
1061444
1135590
1054628
1046659
1065412
1077700
1059076
1089317
1086245
1097989
1074789
1080709
1070884
1095525
1069221
1189224
1107525
1090853
1073028
1071972
1046691
1058116
1078117
1068612
1071108
1072580
1047779
1067524
1066340
1068164
1082436
1115078
1089669
1092741
1110342
1094693
1078212
1079077
1082117
1062340
1094501
1134631
1054628
1055684
1039459
1042019
1081988
1084389
1080741
1092965
1064068
1075620
1061891
1074468
1072420
1085029
1057379
1075940
1086885
1076420
1083269
1117094
1079940
1090084
1095365
1114565
1099557
1098053
1071428
1081957
1064868
1066404
1061060
1057028
1059492
1073860
1076708
1086725
1068612
1063844
1115142
1080037
1050564
1068036
1072708
1076453
1061988
1070853
1047779
1068996
1066692
1059172
1076997
1113542
1064101
1051459
1100613
1076932
1075141
1095845
1066724
1079909
1089797
1072356
1066085
1111398
1047715
1049572
1084708
1070372
1068580
1092357
1058564
1069156
1088485
1073828
1081733
1069796
1051139
1050308
1063844
1044323
1046115
1093253
1052483
1045795
1063748
1083044
1063300
1064868
1061092
1065220
1055108
1059396
1074116
1082725
1080548
1076581
1083397
1081797
1144839
1164679
1077061
1069124
1077348
1059427
1064228
1079301
1067653
1091045
1096069
1076229
1113798
1082244
1049475
1055172
1043428
1061508
1057412
1062084
1070244
1047267
1038371
1054308
1095013
1085157
1078532
1094277
1055940
1060100
1079845
1060740
1053092
1077796
1044708
1080837
1096389
1075140
1075972
1099877
1074661
1098725
1071332
1048579
1049700
1067140
1049699
1079333
1085957
1064228
1064804
1084933
1086053
1061700
1086725
1050819
1041635
1072324
1061796
1050659
1130182
1111078
1110470
1110502
1075428
1120294
1147750
1076613
1072804
1079269
1067588
1093733
1140582
1152679
1088740
1072164
1134342
1077957
1080965
1069252
1053828
1067524
1173608
1090885
1131655
1131846
1100837
1153223
1149415
1117638
1060164
1052323
1068516
1052004
1125382
1115781
1100485
1093925
1182856
1115910
1140998
1138567
1132838
1118086
1325581
1045443
1087845
1089573
1066597
1026275
1009154
1032675
1060036
1065476
1068709
1081445
1066084
1055300
1140167
1064260
1041571
1032835
1027491
1035875
1087524
1049667
1052131
1103397
1081253
1074468
1084260
1035427
1076773
1111525
1048708
1046884
1062788
1050147
1067620
1085125
1072964
1092517
1099334
1132582
1122022
1114021
1108069
1124454
1133895
1111238
1034083
1036099
1105349
1048836
1056324
1064516
1043459
1036355
1086437
1069989
1086565
1095749
1061124
1072036
1057380
1070500
1063044
1076932
1049315
1039588
1042500
1043364
1081253
1070341
1076548
1099397
1063588
1046723
1137159
1056740
1051492
1079684
1048131
1061508
1105381
1062852
1063556
1074021
1047491
1050724
1066180
1044260
1039267
1061572
1040483
1050660
1050339
1046372
1093125
1071525
1061636
1085541
1066852
1053828
1054755
1073157
1055236
1071204
1078660
1080005
1045955
1038115
1042691
1045539
1039171
1047076
1073317
1051908
1073092
1074884
1054884
1056355
1081028
1053892
1066596
1157191
1057892
1067844
1075333
1062404
1041475
1069573
1056739
1054948
1070692
1063940
1116006
1094182
1060036
1070916
1086789
1072581
1073477
1069444
1041667
1065861
1064292
1046851
1110758
1067621
1042435
1053124
1058884
1055396
1040515
1062212
1068484
1042692
1057892
1047108
1051683
1076453
1049635
1055779
1094405
1059876
1042883
1041860
1042404
1043619
1041411
1040611
1058628
1053764
1064164
1103653
1036803
1044163
1063748
1034595
1045251
1070724
1046083
1079365
1070212
1055140
1034435
1086725
1121957
1218697
1214537
1184648
1111046
1083269
1075108
1068228
1082821
1161639
1191017
1092293
1156936
1242794
1187945
1279276
1170823
1187656
1048676
1067877
1061508
1076420
1143974
1051523
1053732
1047427
1042468
1039683
1050851
1036227
1046628
1095941
1043139
1022562
1052612
1085381
1070853
1110854
1083556
1037219
1019778
1041315
1035107
1026019
1050243
1051716
1025795
1044804
1023554
1040484
1036259
1037987
1050115
1037955
1024994
1059748
1031907
1030595
1035747
1012322
1006722
1080453
1047684
1058180
1068165
1037251
1052484
1120230
1019971
1040483
1029155
1050948
1040675
1058468
1049987
1042052
1045443
1042851
1067397
1029699
1016162
1036355
1017474
1022210
1031331
1013570
1010050
1064676
1035267
1027650
1014754
1031907
1037252
1030659
1047843
1071109
1050435
1045155
1074564
1072869
1042371
1022690
1030659
1031875
1052548
1034467
1046916
1032451
1012259
1042275
1032707
1030595
1041700
1061956
1041988
1042723
1025987
1023427
1073188
1032963
1028995
1050531
1044835
1043364
1038339
1045507
1062979
1047907
1074308
1066340
1046820
1041667
1065796
1031810
1021794
1025667
1003330
1011874
1082724
1058148
1027331
1014178
1024066
1039523
1025187
1018626
1025123
1013378
1041379
1058692
1033379
1036899
1016450
1029955
1066724
1022851
1014914
1032035
1008482
1010178
1058020
1035747
1032483
1058532
1022147
1012066
1013282
1022851
1036067
1014019
1041731
1041923
1013539
1011682
1036259
1012099
1042019
1025699
1024131
1048099
1021890
1037891
1038723
1019074
1059620
1035299
1018178
1030659
1045508
1054403
1044931
1039108
1021570
1024866
1018114
1046628
1034371
1009314
1012739
1029667
1017987
1021859
1039236
1021506
1059011
1041315
1045891
1047940
1003202
1011362
1062276
1012674
1040227
1087621
1018019
1022403
1055236
1014530
1038915
1069285
1025858
1051523
1044996
1032227
1033571
1011234
1041476
1049635
1018754
1019554
1043331
1017411
1017507
1047428
1028611
1053571
1029091
1041028
1120294
1035779
1035747
1044932
1038115
1042116
1069893
1074212
1031587
1042371
1021282
1020290
1038468
1012994
1016098
1012834
1026146
1062692
1017827
1031427
1044387
1022435
1029699
1035779
1007586
1007778
1022819
1028323
1032131
1031427
1020323
1026371
1008258
1044579
1045252
1032419
1030435
1061508
1026467
1027107
1044772
1045476
1019554
1029794
1019330
1021282
1012643
1025634
1035395
1015298
1020547
1049156
1015554
1025250
1043907
1033859
1035043
1023107
1025283
1056676
1030211
1047971
1037731
1014115
1010883
1026818
1020419
1016291
1031266
1018979
1019619
1009090
1034371
1037443
1034339
1064644
1042563
1016386
1022051
1025731
1011458
1039203
1038243
1022883
1025218
1021474
1027235
1047588
1018018
1045859
1040707
1016323
1042627
1047268
1035619
1088516
1040355
1022242
1044323
1017474
1057155
1091813
1037219
1051268
1055427
1027331
1036003
1056900
1041411
1057124
1058084
1044355
1047971
1073733
1049220
1033955
1029795
1030915
1011779
1014211
1048995
1066980
1047044
1056260
1062532
1049924
1054020
1073220
1053796
1052036
1043523
1046020
1043683
1065092
1040323
1028995
1026243
1033219
1047684
1035523
1050404
1056420
1039491
1023235
1026690
1014243
1019074
1068292
1011970
1024931
1003713
1037251
1041795
1027394
1020930
1043363
1023427
1034435
1046691
1059428
1016355
1010274
1020162
1022434
1011682
1026147
1040644
1108517
1132327
1162631
1188616
1136615
1057380
1042563
1020098
1088293
1039875
1033155
1025347
1049987
1021826
1039171
1003650
1019075
1039907
1026083
1019970
1066724
1012706
1021731
1028322
1022627
1015714
1018531
1015619
1039107
1024290
1049860
1056420
1025922
1109093
1086213
1049987
1062692
1050468
1037795
1050756
1049059
1016514
1021763
1013314
1032259
1037091
1028227
1026786
1050083
1018434
1028611
1039971
1032259
1041923
1060964
1045571
1027363
1032067
1008706
1018435
1007362
1022722
1040707
1010114
1009506
1050212
1010082
1005506
1012803
1006722
1015874
1000258
1018530
1022466
1004674
1005218
1036292
1008194
1019266
1020483
1029315
1028003
1024898
1073156
1056356
1027427
1030531
1063108
1029698
1024931
1034947
1046979
1022723
1024259
1018819
1013474
1017570
1020131
1044163
1045923
1036804
1047683
1034819
1026754
1046851
1052931
1033315
1079620
1068196
1040419
1029539
1046659
1055524
1055972
1047652
1027683
1013250
1017667
1030947
1014562
1022595
1055940
1035139
1037955
1010530
1035235
1060836
1034051
1033571
1056388
1033251
1043779
1025474
1030531
1041027
1045828
1015395
1014883
1008546
1027683
1033827
1030531
1036324
1050435
1034819
1031619
1050532
1027235
1020162
1072357
1025890
1035395
1160583
1034851
1018210
1033155
1027235
1031299
1032163
1040259
1074821
1037475
1027395
1046659
1027651
1042947
1057220
1018787
1015011
1038243
1032515
1036131
1074372
1025858
1046436
1032995
1038051
1055172
1022595
1026051
1035811
1020642
1037443
1059300
1041924
1045603
1048035
1036259
1038979
1036419
1033635
1093285
1051396
1034979
1047971
1030787
1027939
1053572
1041891
1054116
1051940
1036579
1040931
1042499
1079301
1066948
1049155
1049891
1070981
1001666
1027491
1045059
1027203
1052004
1058979
1042595
1015682
1054180
1044324
1049251
1034819
1040868
1039300
1019490
1047012
1050628
1026755
1043747
1056963
1038755
1049252
1039331
1057060
1048867
1007746
1019363
1019202
1015811
1078756
1051172
1048099
1016067
1033187
1012354
1020610
1052740
1037315
1023235
1045220
1043812
1052900
1016387
1010914
1027875
1007362
1015682
1034851
1022787
1042627
1044003
1034339
1036579
1051396
1051236
1026018
1029731
1028067
1045923
1033507
1040675
1074788
1065156
1049156
1050948
1061316
1038404
1058852
1038531
1051203
1035043
1028963
1025923
1026563
1029027
1039427
1019522
1040035
1024611
1016994
1011491
1034787
1028323
1023683
1012610
1028195
1034499
1028291
1032195
1051107
1025123
1036131
1036931
1013410
1022562
1034403
1033059
1045507
1060452
1086821
1017091
1034275
1038115
1064420
1033603
1040035
1085893
1028323
1007170
1035331
1028547
1028771
1048548
1043780
1035555
1029122
1049795
1065957
1016898
1030467
1037539
1024322
1007778
1041411
1048995
1099525
1048259
1049923
1034050
1071269
1034563
1064644
1078884
1041987
1029891
1031427
1034115
1033923
1057155
1044099
1052739
1041859
1035651
1026915
1005890
1018498
1023234
1048356
1029379
1009826
1028483
1050499
1024323
1040035
1040835
1056548
1036387
1048292
1018370
1025059
1049379
1041540
1041379
1043236
1016290
1050212
1014018
1023331
1041252
1030243
1030915
1029634
1012834
1037731
1036099
1036483
1032515
1057380
1065924
1077092
1054276
1071876
1080677
1069476
1091749
1056323
1017218
1048195
1065380
1054180
1055715
1082117
1068036
1066052
1068005
1026403
1049763
1084229
1035139
1093797
1016611
1043012
1041699
1024739
1017250
1042115
1031203
1036195
1045603
1066628
1032355
1034531
1021890
1029539
1003746
1028803
1032323
1022371
1041699
1059428
1035555
1046595
1051043
1078948
1027266
1035139
1015074
1045571
1018979
1060804
1051747
1049988
1063428
1081252
1060708
1051236
1074468
1059331
1057412
1068900
1040387
1029987
1042307
1027011
1025347
1027810
1016226
1029699
1015586
1056964
1041699
1026915
1060451
1070020
1031747
1041955
1046179
1038819
1037635
1053795
1045795
1087045
1065572
1065476
1069284
1018403
1034211
1053316
1027043
1034051
1060388
1014594
1024354
1055364
1042403
1039011
1057252
1065380
1023139
1008578
1035427
1071044
1039075
1035971
1061668
1011778
1020291
1081573
1057892
1083749
1080325
1088613
1058020
1064548
1083845
1034947
1069892
1032707
1048739
1134726
1040771
1052387
1047460
1027971
1019458
1035715
1024899
1029379
1052867
1044068
1039524
1056548
1049795
1049604
1049155
1050147
1081125
1045124
1026755
1055620
1036963
1045091
1050756
1094021
1059172
1042788
1042340
1031682
1062532
1051907
1059811
1044771
1019939
1012482
1043427
1089349
1114022
1101317
1118982
1111430
1148967
1086468
1073284
1093605
1045572
1044707
1066116
1049539
1064260
1140422
1031779
1028931
1030787
1025570
1026883
1031074
1036996
1061892
1044100
1021602
1035747
1035171
1039299
1056580
1077220
1031715
1043523
1025155
1035715
1062340
1039107
1040323
1023426
1022435
1045219
1011042
1044516
1068901
1044067
1060964
1075685
1033058
1048164
1050724
1043428
1021762
1002722
1037411
1031075
1023650
1037955
1064644
1056900
1035427
1047043
1037155
1048644
1066436
1042243
1072773
1043331
1033731
1037859
1036675
1013890
1021059
1014370
1026755
1041731
1019203
1018851
1026274
1025347
1030851
1049667
1066020
1056132
1060708
1042947
1044355
1036675
1044580
1095397
1049444
1039555
1035907
1023746
1027939
1052516
1024291
1059140
1053316
1029026
1035971
1062628
1048932
1049412
1039620
1019714
1026435
1023971
1036931
1077765
1031619
1020675
1033347
1029571
1026850
1053156
1046563
1059620
1032451
1035459
1036387
1031554
1032099
1068836
1016419
1019171
1042115
1012675
1025923
1034403
1029987
1030659
1140518
1051140
1086437
1052772
1201128
1154311
1166695
1157384
1078725
1049155
1073732
1085572
1057508
1104453
1088549
1126022
1124647
1175880
1130470
1166343
1100294
1326189
1155975
1041988
1039363
1027779
1033603
1100997
1027395
1019362
1048132
1028227
1035715
1126086
1077733
1064868
1119014
1097189
1060164
1072036
1156551
1118982
1111781
1086212
1100102
1064356
1024130
1053092
1060900
1089509
1052259
1048227
1053763
1054820
1047555
1067716
1065668
1063428
1059876
1049476
1053700
1067716
1036516
1009378
1000994
1045699
1037955
1018403
1030563
1019363
1030050
1000258
1059364
1022691
1016674
1033283
1002370
1012162
1020739
1032515
1014658
994818
1004098
1028643
1005890
1033379
1025859
1009699
1022723
1025475
1009347
1012290
992706
1004642
1028355
1042243
1012067
1023811
1005698
1015650
1016931
1014146
1078917
1013730
1031363
1040163
1036483
1027427
1051300
1022563
1051652
1045123
1018307
1034883
1024130
1034659
1036483
1015330
1062020
1096933
1106373
1105797
1285579
1168936
1274955
1144391
1201737
1159687
1081348
1084996
1105989
1111782
1110150
1071876
1062148
1034755
1090341
1028035
1053956
1093765
1048676
1071556
1119493
1083781
1034243
1106789
1084997
1127526
1059780
1020066
1073156
1056900
1082436
1122918
1369678
1361518
1965058
1763099
1158920
1143751
1099589
1119782
1143111
1122886
1097413
1111750
1076548
1047108
1061284
1053315
1049059
1064676
1078021
1080004
1091845
1066660
1070276
1073060
1087940
1064932
1097093
1072612
1089605
1086501
1087877
1072933
1104966
1085381
1045347
1047972
1057955
1056867
1072772
1061988
1081156
1087845
1111205
1138854
1177704
1037731
1029667
1059140
1045443
1140839
1173031
1049156
1057604
1076549
1049572
1042595
1042884
1033635
1120006
1174408
1084805
1028675
1084869
1036548
1058851
1043780
1028995
1029187
1044675
1024643
1033059
1142918
1050083
1011650
1031779
1031267
1033411
1099621
1035203
1077381
1083941
1112998
1093125
1066852
1048835
1046755
1037540
1067620
1039331
1028579
1026243
1063908
1038307
1045603
1089061
1025346
1009634
1045060
1016418
1031971
1036067
1019842
1021347
1010402
1024963
1033603
1015842
1026563
1030179
1018274
1018947
1068996
1009154
1009410
1020963
1021154
1021475
1052964
1019138
1028227
1026915
1048579
1051172
1031619
1039971
1052548
1054724
1104421
1053444
1030851
1030531
1039299
1011682
1012003
1027971
1028994
1033443
1035875
1019010
1025443
1022562
1026307
1034275
1017987
1018850
1028483
1012546
1038531
1072357
1062372
1022019
1041539
1033123
1025123
1038852
1018018
1032195
1014562
1019746
1039363
1017378
1055044
1044035
1047012
1010530
1031075
1020386
1029475
1022307
1035203
1035555
1040868
1032579
1052611
1047043
1033827
1044771
1046468
1027267
1139622
1055299
1039203
1068836
1028610
1014434
1033827
1017539
1011010
1014274
1026563
1058979
1018370
1022179
1044900
1024387
1020771
1046435
1023395
1021699
1053092
1039747
1016354
1028611
1028290
1091397
1026787
1028739
1037251
1028962
1023938
1067397
1022403
1019586
1034947
1021986
1003650
1033187
1011522
1058212
1013794
1034307
1059364
1029635
1023714
1049284
1045380
1026659
1050372
1042339
1032739
1052515
1053636
1019395
999362
1012226
1034147
1012802
1019010
1070852
1019202
1010722
1030339
1017154
1017410
1026467
1026499
1031075
1028131
1057539
1045219
1026147
1032931
1040003
1015746
1035715
1030242
1018947
1020547
1026786
1029379
1037411
1042883
1047876
1046980
1030691
1034307
1056228
1034563
1038147
1072164
1032355
1024290
1014082
1013698
1030627
1012450
1018819
1060516
1012066
1044003
1099333
1036035
1037540
1059172
1032994
1057348
1048324
1022594
1026755
1037667
1029795
1035939
1053476
1029187
1044899
1030531
1041252
1049155
1033027
1040483
1046595
1035619
1035555
1020482
1043939
1084324
1026051
1045731
1034531
1019459
1027523
1039075
1027459
1033315
1052771
1042275
1109765
1031522
1004322
1008162
1032451
1053475
1022179
1033379
1050180
1028163
1013794
1019811
1038851
1022562
1039971
1063812
1033731
1047811
1065796
1041252
1060036
1046755
1027747
1026595
1019779
1034115
1038723
1019171
1011170
1027715
1024227
1013122
1034147
1004386
1027107
1029411
1023139
1028483
1050243
1030147
1023715
1006690
1021858
1040739
1032707
1017058
1040707
1025763
1019619
1042371
1035907
1032195
1033475
1033763
1040452
1028195
1042019
1056036
1047107
1017794
1041763
1037252
1032323
1073220
1077572
1020482
1069668
1028898
1054724
1057540
1049955
1052356
1053475
1054339
1068709
1054756
1030883
1038883
1016930
1007298
1050755
1033507
1040067
1049380
1047044
1039043
1028131
1046692
1076772
1047587
1052548
1064804
1047492
1056131
1071300
1042819
1051427
1059844
1042947
1055107
1064964
1049988
1047331
1068453
1052644
1060324
1019138
1016386
1052515
1037187
1043267
1051812
1035171
1038755
1038787
1079653
1071620
1024323
1025763
1027394
1045732
1034307
1114470
1054051
1033379
1045796
1042308
1043172
1040195
1031810
1040452
1052100
1028643
1022370
1035459
1020931
1018691
1038020
1021154
1036643
1030051
1021122
1023779
1019587
1023139
1060548
1015587
1010018
1030946
1008258
1017346
1051747
1036483
1046467
1034147
1056996
1036963
1025571
1028098
1030914
1009762
1041828
1063300
1074180
1084549
1099237
1000514
1028355
1035939
1019234
1018658
1044163
1016227
1025443
1034723
1012771
1040835
1061476
1091109
1068740
1022370
1047171
1068292
1093221
1050435
1058436
1005986
1045347
1047043
1085252
1039395
1107077
1035331
1073476
1093637
1076517
1080452
1163976
1021506
1019779
1009762
1005122
1005634
1031459
1085188
1057763
1061572
1055908
1033539
1101541
1085029
1053379
1043364
1024291
1027042
1102501
1057219
1053476
1065828
1045411
1080613
1155367
1029122
1051908
1035043
1035875
1009474
1137670
1074404
1036195
1049572
1019043
1017027
1034947
1015011
1025603
1031203
1019075
1017731
1014627
1028643
1030563
1015138
1015395
1052068
1049188
1033603
1044803
1034563
1021091
1048516
1028643
1022243
1032483
1029955
1042691
1023779
1055108
1060644
1026946
1041347
1072356
1048323
1069028
1112165
1039171
1039331
1060580
1048515
1031683
1070244
1029411
1035267
1050051
1020002
1019043
1041411
1018786
1025283
1009474
1016834
1028099
1004578
1005634
1026851
1004194
1029859
1075525
1060868
1054692
1029059
1012994
1020291
1014658
1018530
1031267
1011618
1025666
1022627
999809
1004866
998657
1060932
1033827
1017443
1030563
1044516
1022274
1048707
1024739
1016098
1043556
1044611
1037731
1030371
1029283
1044163
1056068
1063684
1080677
1079556
1056195
1044611
1055459
1023267
1091621
1068068
1021410
1089285
1043203
1025955
1021730
1047076
998306
1026819
1042979
1023618
1024579
1026850
1024994
1038083
1053379
1034403
1075108
1025762
1048003
1059524
1041859
1063396
1075141
1046595
1011298
1024899
1011074
1042660
1047683
1039587
1066916
1052100
1099814
1087492
1224874
1181224
1130311
1166984
1149863
1122950
1104645
1127846
1075141
1096965
1100133
1038691
1091653
1152679
1043556
1102725
1084260
1083396
1047428
1189704
1111942
1055331
1070532
1081093
1072517
1078756
1123078
1046372
1066948
1131750
1005762
1012642
1065540
1037732
1019874
1041315
1020835
1035843
1017026
1034147
1034595
1029379
1036451
1061220
1030595
1025027
1039587
1015939
1010243
1026690
1004578
1036131
1021347
1041124
1031523
1025762
1033795
1049923
1012259
1011746
1031843
1015523
1011170
1035747
1025315
1022947
1013155
1020291
1097061
1032899
1019619
1031587
1005186
1016739
1020707
1029410
1009282
1044035
1034339
1049412
1029571
1038243
1059524
1035107
1037667
1053764
1029539
1032739
1041827
1010498
1017315
1043844
1009058
1016450
1034851
1021090
1027618
1031555
1014306
1036579
1059171
1032067
1037283
1069317
1028835
1037667
1036771
1024290
1035139
1034851
1031427
1017698
1018659
1041860
1027587
1033347
1043075
1059620
1023267
1027427
1017955
1025539
1050820
1033123
1038499
1027043
1026019
1047683
1104293
1069060
1029346
1001282
1007298
1033218
1020674
1019874
1041283
1031266
1031683
1034947
1053539
1042307
1038723
1040547
1042467
1026979
1018243
1054531
1018530
1023267
1044196
1012387
1033571
1047811
1025058
1033571
1021955
1018434
1036867
1016034
1025347
1034883
1030243
1008354
1056548
1034275
1029571
1031267
1036035
1047587
1026819
1037923
1058756
1024418
1040611
1058564
1021507
1031651
1067813
1025634
1034179
1039267
1053348
1031779
1015779
1018722
1031363
1028547
1056484
1037027
1026851
1022339
1064740
1024131
1030851
1036419
1020226
1027075
1040291
1022658
1042403
1050884
1042339
1079396
1017187
1054308
1037667
1047268
1025667
1036035
1021794
1027363
1037539
1024898
1029123
1048963
1041028
1036035
1024322
1058404
1129479
1038691
1050659
1047843
1039587
1058980
1049923
1070788
1041156
1035427
1013762
1018339
1040995
1023523
1028131
1037923
1024131
1038851
1061188
1034179
1044931
1011619
1016482
1032003
1004738
1016003
1034115
1015330
1028899
1042723
1032611
1035811
1057732
1027203
1025794
1043171
1025891
1037923
1017602
1018307
1034883
1017762
1013986
1036547
1024226
1025059
1044483
1021282
1021283
1024994
1049060
1041348
1013763
1017058
1030819
1015202
1010627
1036227
1030563
1036899
1026115
1042596
1030883
1009026
1030147
1054180
1031491
1036739
1042083
1038211
1036739
1049028
1028323
1033635
1020546
1029987
1031683
1031939
1016930
1044419
1042051
1034403
1045795
1096453
1013027
1031555
1022403
1014882
1051171
1023522
1031011
1019395
1037795
1053732
1034947
1027971
1045124
1025539
1030402
1044771
1021027
1039556
1051652
1041475
1030947
1017442
1028419
1048611
1044932
1070660
1045476
1023523
1029059
1063108
1036643
1026850
1047204
1029443
1041731
1046052
1025571
1053635
1034595
1047588
1043747
1036547
1030723
1067076
1032451
1036611
1066788
1040515
1038371
1064068
1040003
1046627
1065348
1023779
1027299
1039427
1038692
1056644
1048708
1050979
1062116
1041315
1032611
1063460
1040611
1042627
1037379
1016770
1010594
1010466
1013730
1045795
1009378
1014754
1044515
1047012
1033923
1055075
1034051
1042180
1044835
1023458
1021186
1022243
1013986
1057508
1020674
1036931
1038467
1015139
1012322
1042883
1013666
1023971
1040164
1032579
1050564
1048196
1037891
1105062
1163399
1152007
1148647
1181192
1080101
1028003
1045091
1043492
1030051
1026051
1011651
1026115
1038659
1031523
1030563
1032931
1035299
1066500
1016322
1022563
1035683
1020578
1023106
1064452
1063940
1030019
1048228
1037123
1035011
1064676
1048195
1041123
1027555
1042947
1061476
1040195
1043011
1064996
1036483
1043268
1049443
1010691
1003202
1035555
1012803
1022659
1012163
1018466
1036707
1052868
1023043
1045892
1012995
1009826
1032323
1015811
1020515
1012034
1014658
1013186
999170
1025027
1040515
1027202
1010786
1044708
1026819
1026083
1043396
1034435
1035395
1028291
1031650
1024451
1041347
1014370
1038339
1012835
1017122
1033987
1023043
1029667
1032483
1023587
1025346
1010146
1020419
1038531
1010690
1026210
1053219
1016770
1024226
1040195
1027074
1020642
1062052
1033283
1034947
1066372
1031363
1034307
1009506
1028451
1051044
1025635
1025283
1044612
1028547
1020451
1031715
1018499
1015203
1000673
1015074
1039876
1014306
1032867
1034435
1036291
1038116
1052068
1030371
1077892
1094085
1041923
1050019
1065764
1035843
1041828
1049028
1043428
1046948
1026499
1026915
1036163
1023363
1032546
1056804
1035843
1034115
1049892
1047971
1024898
1039043
1034243
1033378
1014562
1036259
1036067
1036355
1040803
1062436
1044196
1036035
1068132
1056324
1052580
1065700
1031459
1031267
1027331
1039683
1024643
1003682
1020131
1031523
1016770
1040067
1034307
1036803
1036867
1030659
1010658
1019202
1030787
1017154
1021859
1012450
1030370
1029667
1006946
1013666
1043875
1016643
1009090
1026883
1045732
1008995
1034947
1025571
1038371
1031235
1025763
1040611
1023683
1046755
1058820
1026403
1050916
1032451
1011874
1023714
1029219
1085381
1020194
1026242
1015330
1017154
1007490
1018786
1041892
1018722
1040355
1053188
1032515
1041540
1027971
1017379
1033283
1068996
1053508
1048580
1074468
1108230
1049763
1122438
1095685
1068196
1083685
1091589
1071013
1070948
1102885
1068484
1096165
1065924
1088132
1152103
1049859
1044004
1030531
1024451
1049667
1075908
1037699
1034755
1044227
1031970
1045059
1084388
1008034
1016738
1010306
1023043
1040612
1005506
1022947
1043588
1019874
1039779
1035907
1013954
1008226
1046724
1033827
1047043
1050339
1039747
1035811
1038755
1054148
1043044
1074533
1028482
1038019
1054084
1065668
1074885
1058980
1106501
1111110
1091813
1056196
1046691
1070309
1043556
1056036
1144551
1099077
1035395
1041027
1021411
1032451
1021442
1063876
1037219
1016067
1034147
1066628
1020418
1054820
1038211
1013411
1004354
1038691
1024227
1014019
1035363
1024707
1029699
1015587
1031715
1045091
1018947
1031170
1066212
1040484
1016770
1028451
1013474
1011970
1035651
1048931
1039331
1023459
1029795
1072580
1018723
1037347
1059107
1042595
1042019
1064964
1035811
1039652
1067844
1044228
1021667
1051076
1026243
1032098
1020067
1037219
1075781
1032323
1031235
1054756
1022306
1029923
1020643
1008354
1017058
1043299
1023203
1040675
1046212
1050404
1068708
1017923
1017058
1032707
1015938
1039043
1052132
1037219
1031971
1053060
1025218
1055299
1029187
1017187
1023139
1006274
1014018
1022115
1007554
1014306
1033187
1018082
1019330
1027619
1006498
1034179
1035747
1027330
1028451
1017410
1010562
1055651
1025187
1027971
1044067
1035811
1039331
1050531
1059300
1043043
1067044
1063172
1008130
1034819
1048708
1061700
1036067
1039651
1029923
1029187
1016674
1040260
1024162
1034051
1042883
1033571
1025123
1053572
1038851
1049508
1053955
1032611
1013570
1015235
1025154
1095109
1014691
1041892
1054212
1049700
1028867
1033091
1014018
1013827
1026947
1015426
1022915
1016355
1029154
1053187
1022019
1027298
1050212
1013634
1022658
1082405
1014947
1029858
1044035
1024162
1026402
1040196
1031747
1031491
1007138
1038275
1053347
1039843
1038467
1056484
1075844
1038627
1051108
1018979
1014306
1033987
1023106
1052068
1032963
1038275
1036739
1030467
1043715
1088741
1043044
1056036
1035075
1015490
1037827
1041219
1031267
1031139
1044515
1029571
1030275
1016643
1030914
1053860
1021315
1023395
1045315
1024994
1026274
1054724
1028163
1025858
1052772
1029891
1033059
1002722
1016322
1031779
1004962
1022626
1037059
1027107
1026851
1034147
1009379
1020483
1043427
1019907
1021858
1010370
1035235
1043171
1029603
1016834
1045348
1013794
1020547
1036131
1012034
1031939
1010755
1011202
1092005
1019970
1010530
1032451
1017027
1019779
1033827
1013442
1016963
1050148
1016963
1016707
1034499
1016163
1018051
1021474
1020354
1038019
1053988
1029539
1058244
1041603
1042436
1054819
1039235
1058403
1064452
1059044
1058244
1074500
1053828
1051652
1144775
1069509
1056004
1080229
1064612
1049828
1074021
1078852
1067621
1060228
1046051
1059204
1066404
1053188
1053924
1070084
1053348
1078500
1079909
1064132
1065988
1071268
1054148
1070148
1055236
1083588
1068900
1076229
1045156
1053732
1062724
1073316
1111622
1079013
1066116
1068740
1119942
1066020
1057828
1076036
1082404
1073988
1088996
1130758
1086341
1104805
1075173
1053444
1080612
1074660
1070372
1099589
1055907
1054404
1071109
1061284
1049571
1072996
1056772
1066724
1051428
1065572
1063812
1031907
1048227
1048388
1131271
1095526
1068036
1105573
1055971
1068004
1068516
1115494
1044547
1066084
1053539
1060324
1093573
1069828
1089477
1093829
1072004
1076036
1080197
1062659
1061348
1093926
1068740
1064932
1073957
1053124
1051044
1057987
1058436
1058340
1059620
1058052
1068868
1053828
1054595
1101701
1053892
1056612
1080901
1065476
1060164
1094821
1059332
1069444
1095493
1063332
1088164
1088741
1061316
1068132
1100261
1089156
1099653
1090757
1068644
1090981
1104037
1081540
1073508
1098949
1069508
1082501
1075844
1051684
1077028
1100325
1046115
1060676
1073636
1062180
1063940
1087813
1064580
1070181
1104773
1072612
1073060
1161895
1064228
1084933
1066500
1044867
1042339
1065988
1057540
1080325
1073796
1044739
1052708
1079748
1054628
1066212
1106086
1070692
1051587
1091525
1095493
1071621
1063524
1064228
1061444
1078692
1054372
1068900
1133223
1127718
1061443
1074212
1054243
1062308
1078596
1063844
1056419
1083236
1057828
1074052
1069828
1072517
1059300
1096613
1067204
1068036
1071045
1064292
1083076
1080229
1055779
1064644
1055396
1092645
1082820
1074373
1082181
1072292
1041955
1050531
1055268
1041347
1045476
1063012
1054596
1060196
1061572
1055075
1039299
1071237
1047267
1075748
1067748
1084293
1065092
1084005
1052131
1080037
1116134
1067620
1067748
1098694
1070852
1074916
1086789
1072196
1100166
1084261
1049475
1057348
1070052
1057700
1050244
1077380
1052227
1055907
1081253
1091813
1079269
1080132
1056868
1089349
1082117
1063844
1068004
1080964
1064580
1067428
1087365
1067428
1075205
1111109
1063044
1047844
1073509
1046403
1044707
1085829
1062628
1069380
1093253
1066980
1055812
1074276
1134790
1051748
1060676
1046211
1046884
1071108
1048867
1049763
1075620
1086276
1063204
1082085
1052228
1058307
1087077
1079013
1088389
1100517
1088997
1079685
1077125
1066660
1059460
1063940
1059459
1066372
1060708
1055396
1094213
1059044
1070244
1074565
1062948
1073764
1100613
1045476
1041603
1051748
1058628
1055235
1086181
1056100
1075173
1095429
1081573
1057828
1070980
1056900
1056196
1073860
1052772
1050884
1105701
1044067
1044644
1066436
1048291
1102021
1076293
1093381
1059716
1061156
1054468
1055044
1069380
1065764
1043492
1065924
1059460
1057924
1076548
1059812
1061060
1087173
1074052
1067428
1079684
1074949
1090693
1080836
1063748
1101317
1083909
1073700
1084708
1092261
1089541
1064132
1075525
1057444
1068132
1078021
1046948
1077605
1076421
1062852
1065796
1085637
1064388
1100006
1159944
1055299
1050820
1097125
1064644
1059748
1085413
1073732
1080484
1075205
1059748
1085668
1086981
1069636
1082405
1082981
1054851
1041923
1063972
1034371
1040515
1062180
1041347
1069380
1056644
1050948
1058403
1066564
1054915
1051524
1072965
1049475
1062916
1074628
1057508
1074180
1075972
1054723
1055620
1045155
1062692
1079844
1070916
1135078
1066596
1086021
1071525
1061892
1102438
1079396
1060100
1069412
1050308
1056996
1064068
1060324
1056963
1089989
1061348
1052099
1052867
1053572
1060836
1061380
1092805
1065572
1074053
1071684
1054596
1050532
1054308
1055940
1049347
1053795
1067140
1056132
1063588
1108037
1046019
1062596
1061444
1046147
1059556
1081061
1081221
1066180
1061027
1044931
1048708
1068964
1043779
1042596
1061476
1074533
1053348
1082373
1065284
1066404
1084453
1060132
1144199
1103397
1056516
1069604
1085637
1063492
1068932
1090629
1076356
1087716
1085956
1055012
1059875
1086757
1082981
1078117
1075300
1059492
1058244
1079652
1054339
1057571
1075300
1054180
1057892
1081157
1077956
1055043
1075397
1061700
1072261
1107974
1045187
1047843
1070852
1067172
1063684
1072229
1070757
1046020
1064132
1053188
1058500
1081252
1057924
1082373
1044484
1056900
1052387
1044708
1054596
1062979
1047875
1069764
1081925
1058916
1049987
1078437
1054404
1048228
1070500
1054948
1075172
1064868
1046404
1037635
1070276
1047620
1047171
1087876
1060612
1067780
1101830
1060484
1061252
1078180
1047460
1111526
1067876
1091365
1048260
1074916
1047492
1056515
1072580
1066469
1055812
1066788
1048548
1064900
1087909
1064740
1046211
1075237
1056227
1046755
1075172
1070116
1067748
1090853
1074340
1064292
1155239
1107206
1049219
1071045
1065316
1080965
1099045
1079909
1063140
1105734
1065028
1089733
1097221
1070020
1069892
1069220
1067140
1081284
1083237
1066756
1077189
1095781
1059524
1076420
1107397
1060900
1070628
1094117
1106085
1102789
1080421
1040579
1048164
1066468
1045635
1061348
1071077
1054499
1062820
1092133
1065636
1071044
1062532
1066244
1060612
1066180
1062756
1075652
1052291
1075301
1057220
1104421
1052867
1101286
1061348
1055844
1080869
1064804
1061860
1091525
1058660
1073956
1086533
1057604
1059236
1102053
1066660
1074852
1084836
1059428
1055619
1075013
1055844
1066340
1071141
1115302
1077508
1072196
1063684
1082373
1088677
1068356
1078788
1093989
1063716
1071940
1104837
1067396
1065956
1108357
1061732
1072708
1078117
1057187
1059268
1101349
1058148
1064133
1074724
1135239
1094149
1099558
1073476
1087333
1086628
1065956
1065988
1084132
1060388
1065156
1097349
1055780
1056964
1083748
1063108
1063172
1085413
1056579
1060196
1083044
1058244
1059555
1081444
1059172
1063204
1080388
1106374
1077316
1078341
1078181
1069125
1088804
1069156
1067236
1082597
1050659
1053731
1078469
1051652
1046852
1076453
1053219
1062660
1080740
1070052
1070629
1086948
1055492
1064740
1078532
1068356
1075012
1087940
1069924
1081188
1088197
1073924
1058244
1050596
1060996
1062948
1051619
1048260
1079364
1048387
1048164
1057764
1044580
1057252
1075205
1041987
1059395
1092677
1071972
1046820
1133126
1055044
1075876
1086437
1076708
1068836
1078404
1061124
1062116
1083429
1084260
1076068
1075236
1061508
1053892
1080549
1073732
1078692
1095717
1064004
1057699
1090501
1052388
1102053
1151975
1079461
1069892
1089732
1073220
1069348
1086245
1057764
1047747
1071716
1051268
1081221
1091397
1083813
1080485
1085541
1069572
1089829
1092421
1122278
1058532
1047620
1040707
1066596
1097541
1070020
1070724
1077252
1051172
1065316
1085541
1071076
1064100
1087588
1061508
1060516
1068132
1063300
1057028
1086405
1047235
1051076
1079045
1055172
1052483
1073092
1063556
1044419
1056996
1078341
1082468
1097381
1090565
1076580
1119622
1080676
1064932
1082628
1059140
1053475
1092773
1063492
1062852
1085605
1064324
1053316
1089541
1066084
1061700
1075012
1074596
1065796
1085156
1096965
1066020
1070916
1123686
1065540
1078916
1067364
1064964
1074468
1043363
1046531
1146631
1173511
1089476
1090821
1074469
1095909
1136262
1095013
1113286
1105478
1129126
1218217
1099429
1142566
1068516
1168487
1076548
1153319
1191976
1155463
1131270
1144103
1097605
1115174
1128038
1114566
1136775
1139814
1128230
1125478
1083685
1070021
1059876
1071812
1074149
1063556
1071172
1081508
1070788
1065317
1081861
1061348
1065572
1089348
1082405
1066404
1089541
1075524
1070244
1083685
1112677
1118758
1174504
1104101
1086532
1076325
1099429
1085925
1090373
1096645
1079268
1122438
1088292
1045315
1052867
1076388
1063428
1052836
1077765
1056611
1067428
1089477
1071780
1066501
1094725
1073861
1064292
1082756
1073252
1070116
1071109
1047171
1067748
1086085
1070693
1051812
1077348
1055844
1059652
1112614
1141159
1063588
1147750
1167304
1092901
1092517
1075172
1063684
1090853
1077061
1078532
1084133
1164295
1186312
1212681
1228777
1109862
1042019
1061316
1057059
1092132
1078244
1096549
1048131
1052003
1065284
1120710
1103845
1089189
1079140
1080868
1086917
1079908
1049412
1067556
1053252
1059108
1078404
1078596
1072708
1080197
1055876
1075972
1064260
1071908
1069860
1068228
1080996
1075812
1061124
1073732
1071908
1088613
1060292
1062564
1033123
1061188
1098565
1064580
1074757
1088197
1064452
1075717
1100965
1073924
1065764
1101285
1068580
1061572
1080324
1080293
1055523
1091877
1063364
1083301
1111653
1064900
1065124
1094437
1052772
1067748
1078596
1065380
1064612
1097573
1074820
1054243
1061924
1065220
1080868
1108901
1080324
1072996
1094437
1065188
1065508
1072612
1060548
1058211
1099749
1087109
1043267
1130439
1048900
1070628
1067908
1045924
1041763
1069732
1046692
1059364
1076677
1062724
1074820
1066660
1059876
1050180
1057636
1057572
1052676
1075525
1052324
1055172
1037059
1048227
1058436
1129030
1066564
1062788
1098885
1066340
1071748
1077732
1059524
1087973
1085637
1068612
1051971
1041027
1055524
1055012
1046724
1049603
1063140
1056132
1058020
1078309
1061828
1078500
1077796
1054051
1053508
1069796
1063844
1069733
1093893
1069860
1063364
1097253
1060772
1047427
1075109
1057443
1061924
1088613
1052676
1053475
1064517
1059044
1058212
1084581
1066244
1053764
1081316
1072165
1085668
1081701
1071749
1054115
1066660
1063812
1040387
1070149
1058723
1077700
1107621
1098598
1057988
1087973
1067044
1059524
1067044
1053284
1062532
1079620
1062852
1066820
1087557
1065893
1073284
1083013
1054500
1109317
1060132
1049827
1095205
1068932
1074756
1052196
1074596
1055972
1071428
1057732
1058852
1059492
1075716
1080005
1082277
1073540
1098277
1086629
1072485
1087205
1096645
1066884
1060964
1151239
1066564
1077317
1066533
1057988
1062308
1057380
1052131
1053060
1085253
1054436
1068932
1081285
1054212
1054659
1086597
1057732
1063844
1089829
1064036
1078597
1075108
1057476
1046180
1076773
1043427
1042435
1064452
1074820
1063236
1082757
1065860
1064356
1072164
1056035
1053956
1092357
1059300
1057380
1097797
1063812
1043300
1079813
1068900
1073188
1082661
1081029
1059108
1084421
1072260
1066980
1081956
1053220
1057731
1067749
1052739
1057604
1064900
1053508
1060676
1061476
1080677
1055811
1045187
1047939
1078852
1042307
1047491
1073061
1051396
1057700
1070276
1052388
1068740
1095269
1057316
1099302
1074244
1052164
1057988
1084133
1058308
1083140
1080997
1047651
1046083
1072933
1057412
1065156
1065156
1051555
1089157
1092676
1055460
1058308
1084229
1072900
1075909
1080196
1055780
1137863
1078661
1054916
1066852
1074724
1072101
1040707
1064484
1059556
1065957
1074180
1076708
1094117
1071461
1060004
1057156
1072996
1057668
1065252
1084996
1079492
1060004
1089541
1067940
1070244
1135366
1062756
1059812
1101029
1048803
1051812
1129542
1092965
1105510
1114022
1126439
1069733
1087269
1094213
1075781
1083237
1062596
1094373
1134215
1053603
1083780
1070884
1063588
1075269
1061603
1067492
1079045
1075492
1073732
1084868
1096485
1065764
1095397
1094245
1066180
1089061
1143078
1168167
1080645
1065380
1084069
1116454
1163016
1231050
1298028
1890175
1243082
1072772
1089509
1064388
1082885
1129030
1182472
1100005
1062436
1081829
1551061
1953250
1144903
1069092
1060932
1050307
1046979
1052068
1050340
1064452
1084676
1120518
1108421
1136390
1194600
1114725
1104261
1072996
1081316
1084581
1060900
1073540
1088485
1085093
1040931
1076612
1072517
1061220
1064068
1094821
1078084
1066148
1087077
1079652
1077797
1071333
1081348
1071076
1067396
1073732
1075012
1073380
1076036
1158855
1123014
1101798
1097829
1091813
1074596
1078309
1101317
1070884
1047715
1062627
1047907
1069061
1077509
1077156
1084964
1089669
1080132
1068708
1063332
1058499
1059716
1095397
1071940
1070596
1079300
1089669
1071268
1125542
1073028
1082532
1095173
1091909
1076484
1083269
1061828
1070436
1097989
1081316
1079621
1122982
1075749
1079557
1101989
1065476
1064676
1100965
1074500
1083941
1132774
1079781
1119462
1148391
1080709
1067364
1082437
1067268
1072420
1088644
1065124
1073221
1095365
1073796
1082693
1112102
1049347
1047748
1080613
1054596
1052292
1064836
1080997
1079812
1096837
1077925
1105541
1138823
1099877
1095109
1113062
1084004
1093797
1106694
1075813
1093061
1081701
1040835
1049028
1063236
1044227
1048548
1079620
1077732
1071844
1090757
1070180
1068485
1097926
1079716
1082148
1097766
1085636
1093829
1122854
1075300
1058596
1093637
1073092
1139494
1098565
1061956
1071813
1108293
1064612
1060036
1075332
1081093
1073861
1093893
1075269
1077252
1118918
1063812
1065988
1096646
1076965
1085029
1100005
1081380
1081509
1113381
1053124
1077093
1102885
1082757
1060260
1081764
1074149
1094213
1083140
1103846
1100709
1098533
1081861
1087844
1109861
1085765
1074532
1076773
1086213
1050948
1147687
1127207
1075556
1081381
1089348
1062692
1073604
1056963
1067620
1085061
1059332
1064164
1076676
1056452
1066020
1075397
1066180
1059652
1093605
1041732
1042467
1083045
1052452
1048388
1079845
1131303
1198185
1112550
1069092
1054116
1084293
1058243
1067204
1108870
1054596
1053572
1091429
1069893
1066724
1092453
1048548
1067236
1070340
1052356
1052675
1072964
1057475
1053027
1078469
1066052
1061604
1077028
1054180
1054212
1064164
1110949
1057155
1080676
1052963
1048612
1067972
1055715
1052772
1076420
1068100
1064708
1098438
1061699
1067812
1081412
1060228
1057668
1076324
1050628
1054244
1050916
1065700
1115078
1126566
1086277
1059748
1082565
1074404
1072548
1092261
1091333
1076900
1090405
1086853
1070916
1076933
1050468
1064516
1081348
1055236
1086117
1044259
1057028
1125990
1108006
1126567
1128102
1129222
1090117
1067972
1079748
1062020
1054148
1084549
1060036
1086213
1082277
1083972
1068260
1088036
1076260
1058916
1096677
1074661
1090917
1100966
1113381
1084261
1092869
1074213
1084741
1182760
1079493
1077988
1100837
1073701
1081380
1093253
1062052
1037955
1076581
1074565
1059556
1085668
1067172
1070084
1094853
1079205
1045604
1064196
1046692
1057604
1053508
1056740
1067140
1059268
1089029
1054628
1049827
1051396
1061507
1049891
1066532
1065828
1085957
1088964
1087781
1083909
1075236
1083909
1048931
1058724
1069253
1047587
1045379
1098181
1058947
1047300
1093829
1049603
1054275
1068836
1057540
1084196
1085189
1076484
1066340
1097093
1080901
1078789
1099429
1073476
1056195
1083109
1075204
1064035
1105190
1078821
1084805
1094341
1093765
1098149
1109446
1116838
1090245
1168359
1143303
1084612
1099205
1057795
1041699
1072356
1048291
1050116
1075269
1057764
1086885
1074372
1054500
1070276
1098181
1060804
1071044
1084869
1063460
1069732
1086469
1071012
1065444
1090660
1163144
1069412
1081124
1050467
1055748
1067556
1055844
1053060
1069604
1071300
1049987
1060452
1085573
1074884
1072229
1047364
1059716
1081796
1065924
1051907
1081733
1066852
1053412
1071045
1086180
1062916
1071589
1047587
1078629
1073476
1061636
1052868
1063172
1065892
1064516
1048771
1061028
1066308
1050468
1055780
1057956
1049604
1092004
1064580
1060932
1061764
1104293
1059812
1064580
1078564
1069701
1055396
1085093
1071876
1073988
1105061
1078468
1066308
1098661
1047491
1048163
1073636
1062115
1065732
1081348
1052771
1068837
1073444
1053668
1045859
1064452
1052804
1048803
1106405
1062372
1127366
1140070
1065156
1086277
1081829
1063492
1065348
1082020
1070372
1052772
1067268
1046724
1053860
1081892
1050244
1063780
1080197
1073508
1086052
1103686
1075076
1085956
1107430
1088101
1085253
1191912
1088868
1082661
1142535
1064292
1064068
1074277
1043811
1114246
1091045
1076805
1074693
1088581
1071653
1078853
1098469
1071940
1073444
1101925
1057924
1044547
1060740
1046596
1052644
1092901
1062404
1098213
1064932
1034851
1049219
1063972
1039459
1051780
1073476
1064740
1057412
1095302
1071140
1080197
1095333
1074532
1057156
1080389
1061347
1055620
1064580
1077413
1065988
1080612
1044739
1045220
1035843
1056995
1060292
1067108
1051907
1067204
1050788
1047364
1076004
1050051
1050500
1072196
1058500
1082213
1097125
1068708
1069956
1099941
1072485
1074917
1094565
1073476
1116934
1135815
1132614
1101702
1085093
1075140
1078820
1069060
1066436
1070980
1075045
1060740
1073988
1074276
1071589
1073125
1053411
1058435
1065092
1057444
1061860
1072900
1086885
1071972
1083301
1109029
1113670
1083269
1037539
1046052
1050147
1052484
1048420
1061060
1066340
1055427
1080548
1071749
1066564
1062596
1085829
1064324
1071780
1076901
1067364
1088549
1091652
1065092
1059236
1090565
1065988
1063396
1093157
1078628
1054660
1077380
1070212
1069700
1091525
1070565
1086597
1097893
1078501
1079460
1095173
1072804
1077765
1083045
1046948
1038116
1061508
1048323
1044259
1078276
1065189
1068293
1078949
1098214
1040963
1060004
1066244
1106533
1086981
1065445
1055363
1076613
1067204
1069796
1084004
1054531
1057252
1080901
1075876
1067973
1073125
1062212
1072004
1047331
1085893
1061284
1106342
1051140
1096613
1117222
1066500
1074884
1069604
1065316
1047075
1082277
1062404
1076453
1064004
1057667
1067140
1088484
1061956
1078276
1088293
1070884
1070661
1069700
1092037
1064900
1044547
1082084
1068164
1190376
1085957
1073476
1101574
1095461
1084164
1068452
1042660
1043811
1072068
1054660
1051427
1082021
1068772
1074052
1099365
1089253
1068164
1088837
1065284
1084036
1099973
1090692
1082597
1098981
1076805
1091717
1114182
1049060
1078948
1080389
1114342
1064868
1072964
1062884
1070853
1098981
1077285
1076868
1062596
1048483
1050212
1071621
1065508
1074693
1085157
1077796
1074628
1084101
1073796
1098533
1122470
1067460
1054468
1041315
1067524
1074501
1045923
1063236
1052932
1056868
1063140
1083941
1042019
1063044
1079684
1068068
1078980
1086757
1054883
1059236
1075397
1065732
1094181
1085317
1107750
1110534
1078245
1083269
1088837
1062724
1036163
1052260
1045220
1041283
1054084
1085828
1045059
1064868
1064644
1081156
1058724
1068068
1054500
1064900
1082116
1064516
1052867
1085988
1068069
1115910
1105221
1060772
1054371
1124038
1072676
1088613
1071300
1052035
1051012
1072869
1061156
1057988
1078213
1059044
1063236
1080453
1056068
1063300
1072389
1064324
1064132
1081637
1060548
1068484
1089829
1048228
1039747
1105381
1060419
1048836
1056260
1055268
1059908
1084709
1085829
1056100
1087172
1070661
1054276
1060675
1075076
1070852
1070053
1069380
1075332
1064356
1064676
1064740
1059907
1087621
1062276
1046852
1045572
1100709
1091397
1063044
1062180
1060164
1064580
1077284
1058819
1084900
1083717
1054723
1071492
1096741
1058212
1069892
1080773
1062340
1070564
1106214
1145927
1091141
1311788
1095718
1064196
1075556
1101637
1079652
1082660
1094181
1084069
1102598
1109797
1071364
1079460
1100229
1072388
1050980
1079077
1058788
1054084
1074308
1077797
1080772
1081957
1129479
1097541
1087141
1069508
1071205
1091013
1064932
1064068
1087525
1071045
1063588
1099173
1072580
1074852
1086021
1069477
1098597
1099717
1110533
1096869
1117126
1079205
1093221
1120358
1096549
1093285
1108390
1099269
1104261
1116134
1117541
1081604
1087141
1047299
1058628
1069508
1071844
1059300
1074725
1057284
1059012
1068389
1060996
1060132
1070085
1058340
1061828
1088612
1083269
1070916
1091973
1055332
1055075
1063780
1056100
1059396
1068516
1069732
1056836
1075109
1066660
1102310
1095398
1081413
1062212
1077637
1077156
1066468
1060900
1066596
1058788
1073572
1054307
1065252
1057892
1102213
1058787
1133895
1112230
1062404
1092005
1066500
1065476
1091365
1048035
1045572
1077636
1061700
1054916
1045348
1075300
1068484
1081348
1056676
1056932
1048099
1041251
1057572
1053603
1050468
1071460
1121094
1090821
1055012
1052932
1057636
1070853
1071716
1058916
1094501
1068612
1080261
1152423
1073092
1079588
1082789
1077636
1077924
1094245
1075365
1067780
1087876
1074597
1065700
1096581
1052356
1073732
1183273
1072293
1063204
1092261
1072741
1093893
1061508
1064100
1059332
1079461
1070181
1071780
1080388
1064804
1069444
1104773
1072868
1077924
1094533
1079749
1044515
1082821
1061892
1070052
1090117
1082213
1094021
1079844
1064708
1061316
1080740
1081956
1061220
1083845
1052676
1079109
1095077
1064836
1096805
1096197
1069348
1074405
1092485
1076805
1064260
1101125
1073797
1062276
1086661
1065252
1096421
1130919
1044292
1072708
1092229
1048739
1070372
1087620
1065060
1072677
1082468
1073924
1068420
1080165
1048131
1057827
1064548
1046787
1062660
1086309
1079044
1084740
1089669
1177512
1082085
1171016
1058980
1060803
1081189
1061412
1088165
1090725
1055779
1071620
1081444
1065316
1052068
1070405
1044228
1048195
1084773
1092261
1074437
1098822
1068836
1082181
1117253
1100293
1093957
1094885
1092677
1078437
1091973
1081892
1084965
1103269
1051492
1058148
1077092
1058724
1052868
1088197
1067652
1060516
1076548
1058948
1052772
1096229
1059684
1065956
1084421
1067077
1063332
1104134
1066468
1071780
1082181
1094117
1068645
1112134
1086885
1086852
1059524
1065284
1071556
1086373
1082884
1090500
1099141
1097765
1061796
1077988
1057988
1067652
1085925
1087877
1085092
1098213
1113829
1082277
1145702
1123206
1077221
1092645
1077157
1083396
1065156
1070853
1077893
1080677
1075396
1070788
1088837
1078116
1085861
1097509
1074052
1073124
1088453
1070052
1063780
1090692
1078085
1142183
1101093
1058532
1056868
1087045
1069636
1079460
1091781
1075172
1088068
1098725
1075044
1080293
1088485
1074692
1075077
1094629
1075684
1074116
1085413
1073732
1078244
1095909
1070084
1098053
1065668
1056900
1068452
1095845
1081221
1072164
1096421
1078629
1068197
1080708
1060228
1100485
1072741
1065764
1052452
1075364
1074693
1069348
1089605
1073860
1072900
1091877
1081253
1106725
1094693
1092229
1069988
1107557
1071461
1063780
1091013
1077028
1082213
1110438
1076676
1076613
1082788
1112678
1076900
1094725
1080453
1101510
1078276
1060580
1054819
1081796
1088645
1066820
1088293
1074020
1118661
1107429
1126822
1133318
1068676
1053411
1053060
1074661
1049604
1066916
1076549
1052996
1057251
1083301
1051908
1058116
1071716
1061444
1071237
1079012
1071493
1068644
1082469
1108390
1092165
1139559
1054724
1069412
1086469
1068837
1148551
1158599
1111846
1089861
1099685
1132358
1063620
1104774
1105957
1057732
1054276
1103174
1100165
1064068
1064772
1035107
1046435
1061315
1044963
1051171
1077444
1061572
1057155
1077572
1090789
1084037
1095749
1062628
1084133
1087845
1071237
1059748
1074660
1057380
1071556
1088005
1058916
1073157
1100742
1057732
1058052
1074469
1066917
1057379
1078757
1059331
1045636
1066916
1075428
1055523
1108390
1113797
1082309
1114246
1091877
1142599
1264650
1110246
1091429
1105989
1120102
1099685
1076389
1072068
1077669
1050116
1069348
1060100
1056899
1090181
1126374
1061764
1167591
1064708
1075076
1083141
1059556
1057764
1058852
1056356
1038595
1079397
1053667
1065700
1080132
1048547
1059172
1083845
1053284
1060228
1088325
1074053
1069380
1099781
1071589
1105862
1131078
1069733
1071301
1094565
1080677
1077476
1093477
1062756
1132775
1086149
1046755
1057764
1077220
1062596
1064388
1112806
1053380
1048836
1074116
1051268
1050180
1092165
1061156
1057476
1075428
1057860
1062692
1083141
1063908
1065668
1073572
1078821
1044900
1156263
1123302
1128646
1069764
1049476
1055332
1088165
1063204
1138758
1131142
1145543
1132263
1239561
1222346
1305932
1238058
1308972
1101285
1058980
1045315
1057348
1029603
1043684
1026850
1046116
1042724
1120390
1127527
1201000
1170856
1186632
1175079
1125318
1048100
1028355
1035971
1056515
1027331
1071908
1031715
1032931
1091909
1069764
1073828
1095845
1050851
1064292
1054596
1061220
1040451
1039139
1061220
1055491
1028931
1008706
1048388
1020386
1008354
1054564
1052547
1032451
1025315
1061156
1022243
1021346
1048580
1035299
1107205
1065988
1032195
1049539
1055076
1041859
1040708
1036675
1022499
1027363
1048643
1062596
1071844
1064836
1026467
1033827
1015331
1024611
1037859
1042691
1021571
1091077
1021602
1033667
1143302
1050916
1028066
1026915
1063908
1047011
1017955
1034819
1037731
1030019
1035427
1067844
1027586
1055300
1049699
1038339
1020771
1072612
1030147
1033890
1049443
1033475
1034371
1031299
1032451
1051651
1025442
1051427
1026051
1014691
1025730
1045891
1050979
1030371
1047588
1023971
1022659
1094950
1054596
1084036
1061380
1071524
1064100
1090725
1090149
1060803
1073380
1056996
1052164
1110694
1116518
1067172
1095301
1086469
1020450
1051876
1012515
1032835
1056580
1058148
1035971
1062308
1037827
1034179
1101829
1061476
1016514
1038787
1015715
1031875
1011362
1043779
1048803
1017219
1057668
1072324
1029443
1074149
1089509
1033731
1022563
1074532
1049892
1046979
1046563
1043844
1049636
1073796
1095557
1068164
1066180
1051235
1074724
1169319
1060739
1062947
1075748
1072708
1051780
1079973
1058307
1064452
1119045
1068644
1028002
1073093
1021859
1048580
1052836
1013378
1017730
1034371
1070948
1057476
1043043
1041955
1030595
1023235
1012066
1022754
1022146
1043876
1043843
1017443
1037795
1064484
1006114
1008226
1027458
1018658
1017315
1004930
1007011
1036803
1020258
1020322
1035555
1018018
1021122
1041347
1016387
1024387
1039747
996194
1018915
1012290
1016450
1057411
997602
1038947
1048868
997249
1038979
1086756
992994
1003522
1008290
1013186
1066820
1001249
1022978
1029443
1004514
1006050
1047812
1004642
1020546
1013602
1008834
1042243
1022019
1025922
1017922
1001282
1014690
1036547
1004002
1019138
1081700
1019843
1049508
1021699
1028099
1085445
1026211
1029667
1045219
1039203
1021026
1095621
1091749
1078468
1031555
1011555
1029539
1026851
1046147
1036707
1019395
1034051
1045476
1014691
1003010
1023426
1013794
1094981
1136455
1111270
1136838
1085285
1081989
1041987
1178887
1091717
1024835
1050948
1124934
1167592
1111877
1091780
1165415
1175623
1252778
1293996
4640605
1358030
1113062
1037603
1051715
1043300
1078757
1051363
1030787
1030883
1035811
1003586
1022563
1003810
1007170
1016482
1007650
999778
1022339
1004674
1018179
1099750
1025570
1014818
1002882
1052835
1061892
1027266
1080805
1074309
1032675
1053604
1023683
1013762
1034883
1043235
1022402
1023459
1045252
1026275
1025859
1039331
1033219
1117126
1131622
1023299
1027394
1061412
1032643
1060100
1062148
1035555
1040868
1037956
1040035
1058916
1053315
1136934
1078468
1034915
1063972
1053124
1031363
1023875
1057444
1044579
1039971
1059460
1035907
1045796
1053348
1028963
1020771
1012739
1040675
1037379
1036483
1028739
1038404
1029955
1026211
1046212
1029475
1025955
1076068
1035683
1075909
1052324
1034051
1053636
1054820
1029891
1027394
1016354
1025411
1036835
1020131
1029379
1102629
1123398
1138310
1115430
1166248
1136423
1093381
1048611
1035395
1039651
1035363
1033219
1022947
1054531
1030499
1040419
1036611
1019747
1026051
1004098
1014434
1027330
1011586
1031331
997761
1005858
1016578
1006338
1046596
1034947
1047108
1076516
1023010
1014531
1101797
1047171
996898
1021987
1004930
1008834
1016162
996450
1003746
1055620
995265
1014082
1024418
1013442
1018114
1007618
1021699
1035715
1009986
1023042
1073733
1046468
989538
1032419
993730
1017506
998306
1000641
1057411
1030723
1013634
1035939
1014274
1016067
1024067
1033602
1009634
1010306
1008258
1037507
1008322
1019138
1046467
1012258
1024611
1035555
1019363
1015618
1009410
1025059
1024130
1006786
1023266
1030691
1028195
1009250
1041283
1039683
1025635
1021091
997889
1028451
1012194
1017603
1028066
1027587
1007490
1020546
1018179
1016514
1008738
1012194
1026211
1012803
999586
1022275
1003394
1013474
994498
1038499
1028131
1003778
1014178
1030371
1005986
1018370
1019043
1011266
1008002
1011746
1002657
1044676
1008962
1018082
1062020
1010946
1039299
1089893
1009250
1013154
1024578
1013154
1020898
1011746
1008386
1026242
998946
1016963
1041763
1010754
1024131
1025891
1016642
1030946
1009986
1034979
1056452
1003874
995938
1021923
1012067
1013346
992962
1009379
1022818
1037571
1066788
1023075
1005218
1012834
1031971
1011394
1045636
1025123
1021347
1037764
1043971
1053028
1039907
1030947
1038051
1079685
1023778
1053124
1044451
1018339
1007650
991202
1003234
1023267
1001602
1019363
1032738
1016771
1042851
1032099
1001698
1015938
1016162
1023074
1029571
1024322
1022947
1046211
1028707
1030370
1037731
1024322
1023587
1022754
1034979
1046019
1017506
1056707
1025602
1013122
1041828
1027778
1005666
1019266
1007618
1024995
1033891
1009282
1006370
1022818
1022339
1015139
1023491
1030659
1005186
1014242
1027139
1030819
1051395
1029795
1065924
1093829
1043715
1070244
1026819
1016995
1024611
1031619
1019522
1045507
1037027
1041507
1019426
1034307
1035011
1038724
1034787
1063396
1068036
1061891
1071460
1068804
1063172
1029411
1012482
1061508
1045060
1006626
1018562
1001858
1035747
1043396
1020962
1020930
1031683
1010434
1008226
1072229
1026851
1016674
1035363
1044355
1061540
1026339
1029411
1025826
1017314
1032259
1067077
1009282
1015202
1031939
1012067
1020515
1040771
1030402
1038979
1021826
1053476
1041923
1018946
1055171
1083397
1063043
1061444
1094982
1074020
1050595
1096613
1052451
1072964
1084677
1062788
1082821
1075812
1052900
1059588
1080357
1070020
1071620
1092997
1080453
1073285
1087269
1070564
1071972
1085124
1043332
1054372
1073380
1060612
1062788
1075140
1057060
1061988
1112517
1081541
1071908
1134631
1094405
1133863
1146119
1050788
1058755
1066852
1055459
1045251
1073700
1050051
1059556
1072773
1069476
1057443
1079044
1045732
1076260
1069668
1076100
1126822
1070116
1053540
1045923
1071845
1059716
1095941
1107429
1046595
1045443
1062468
1057764
1077573
1073572
1048803
1058115
1052420
1045059
1043363
1043779
1064420
1056580
1067108
1082565
1061924
1096709
1051172
1064420
1052836
1057699
1043139
1040003
1075844
1078053
1053827
1066148
1080741
1064900
1061540
1086277
1059620
1068132
1078468
1061892
1073700
1091717
1058660
1070660
1092933
1081604
1065316
1092197
1079556
1077860
1083748
1070916
1055524
1084869
1060579
1073285
1085349
1075685
1048163
1073892
1055140
1047588
1064484
1067172
1058148
1078661
1067876
1089509
1099942
1081061
1068132
1104389
1085636
1073092
1049252
1055876
1093317
1062116
1105285
1108678
1065412
1061252
1051652
1087076
1060612
1074532
1088581
1085381
1071364
1102757
1071140
1085829
1103205
1059428
1045603
1047651
1050372
1096197
1046723
1082436
1053572
1062116
1151783
1062724
1079748
1087333
1072996
1112486
1087716
1081636
1083045
1092357
1049827
1076548
1076196
1074404
1081605
1084613
1074916
1112805
1054499
1074564
1085829
1102374
1082404
1107525
1060580
1083908
1083749
1112902
1094789
1093381
1074852
1083108
1078884
1066660
1053860
1074212
1075940
1069540
1079525
1086917
1068581
1112774
1060900
1067428
1078180
1071268
1057124
1087973
1068644
1078885
1075428
1072804
1066660
1060036
1068260
1079588
1061924
1083044
1074212
1079364
1067620
1084485
1096805
1066660
1065444
1068005
1068420
1070820
1084101
1093733
1125030
1083012
1083685
1087236
1134182
1080548
1136743
1156039
1095589
1052260
1062244
1057188
1058692
1086757
1062724
1088517
1096485
1069572
1078501
1098629
1082308
1079717
1095429
1088069
1070469
1098245
1091589
1127270
1101829
1123782
1117766
1137639
1044772
1050148
1062724
1065476
1052387
1081988
1093605
1065604
1073988
1064196
1059587
1087333
1085349
1106853
1093509
1082309
1066309
1087525
1067492
1083845
1088293
1072324
1075172
1091781
1090021
1070724
1096421
1074181
1063812
1091717
1048388
1095493
1085861
1071588
1047844
1085605
1058020
1051492
1064676
1091940
1054660
1079204
1068484
1102598
1083973
1089348
1078789
1092613
1094629
1085349
1097669
1090500
1080773
1099333
1079333
1091941
1101317
1085637
1114246
1097541
1090341
1077285
1097573
1085861
1078532
1088197
1045124
1050788
1064964
1096773
1089477
1083589
1097189
1079972
1129670
1118662
1062052
1068517
1057348
1066084
1081029
1076196
1066565
1083205
1070533
1078116
1079557
1072068
1067460
1109958
1071876
1075780
1091461
1077924
1077541
1101061
1088965
1095237
1078789
1053187
1053027
1085445
1099717
1103077
1082021
1056516
1052163
1072196
1067332
1060420
1070981
1067301
1069636
1085925
1078565
1073669
1091397
1076964
1087589
1073861
1082277
1095173
1081572
1068260
1079076
1088421
1054211
1066276
1049924
1105253
1074916
1087461
1089893
1081061
1101349
1083621
1065508
1086053
1067140
1062020
1052452
1065988
1056228
1045059
1069924
1099941
1075205
1086501
1080581
1081413
1102821
1087557
1083845
1087077
1051843
1045219
1060484
1061604
1050979
1067140
1065092
1078277
1071813
1091621
1080324
1063108
1074597
1054436
1066020
1083109
1084740
1087781
1142022
1090341
1139879
1131143
1080772
1087525
1088196
1057028
1045636
1071269
1055364
1065092
1068356
1059940
1053091
1087077
1104869
1065348
1083812
1072836
1061444
1110149
1069412
1101350
1090437
1073572
1071780
1163815
1075333
1074916
1075012
1055140
1055140
1067012
1054083
1048292
1059172
1049572
1061828
1052772
1057860
1071076
1073764
1049315
1069924
1109861
1052643
1076517
1105990
1085797
1076484
1079941
1066500
1081156
1089413
1059907
1047875
1063972
1047364
1052899
1060484
1055588
1068133
1065828
1048227
1058980
1073060
1055908
1053892
1074916
1048932
1052387
1069700
1046851
1067460
1083844
1066916
1075429
1078948
1045347
1043267
1064516
1033795
1041379
1059364
1055331
1048419
1072740
1045795
1063236
1075333
1054883
1055652
1045667
1049667
1052643
1046179
1086276
1108645
1076068
1098181
1075236
1168552
1081733
1076548
1102630
1049571
1047747
1067812
1059300
1057283
1078629
1048196
1071781
1078533
1072389
1060387
1078693
1078692
1067780
1059844
1074084
1070852
1059843
1098917
1116838
1104774
1060580
1056420
1076612
1060100
1071525
1087685
1079877
1078437
1094086
1069860
1091877
1097285
1060292
1055876
1077988
1052867
1060388
1049315
1086821
1058852
1054275
1053379
1072164
1044324
1055684
1059300
1054564
1056068
1054435
1063652
1048867
1068356
1072133
1067876
1105510
1077413
1074981
1094021
1086309
1081476
1071972
1043204
1056163
1071941
1053475
1138982
1098054
1068964
1083685
1091109
1076101
1062948
1092293
1068164
1080804
1090949
1076804
1080005
1092645
1084484
1067269
1082980
1069477
1098309
1081157
1059812
1072068
1074469
1058531
1068132
1078053
1068708
1104038
1120134
1066884
1163688
1128295
1066916
1056356
1054275
1042179
1060804
1070916
1047492
1054788
1078276
1054916
1073092
1082981
1061156
1075365
1095237
1071972
1072581
1095781
1064644
1088772
1085413
1044996
1131111
1086789
1071172
1059716
1079780
1080772
1105637
1104454
1089829
1093509
1109253
1069892
1095622
1078661
1078117
1082949
1075236
1100166
1077700
1083012
1105445
1105926
1084805
1074308
1063012
1046819
1071844
1059716
1060708
1081700
1083364
1078692
1092741
1079717
1070500
1084068
1072229
1068324
1090213
1071269
1073220
1084133
1072613
1047715
1074917
1048419
1066052
1068485
1100710
1071908
1091493
1079492
1080196
1126694
1087685
1071684
1094341
1074692
1086180
1100997
1066500
1045763
1038211
1055364
1060740
1058499
1059940
1099493
1070533
1068996
1072837
1064036
1072516
1091812
1102821
1066148
1154631
1131622
1075429
1087301
1102853
1097733
1067428
1062372
1043491
1048035
1068612
1054596
1058980
1048195
1053091
1063459
1058467
1065060
1047844
1039811
1060868
1067908
1049828
1062916
1087397
1069540
1153895
1102086
1044228
1059363
1058403
1054404
1069092
1064292
1069540
1049475
1045348
1045252
1067269
1058500
1052740
1060868
1073988
1059171
1061700
1079108
1055235
1100678
1090757
1070468
1094917
1088325
1071717
1090053
1073188
1039011
1056004
1081541
1042883
1062692
1071140
1048387
1065316
1073124
1048355
1060132
1098693
1068549
1068548
1095941
1070628
1068900
1081284
1066372
1072645
1082053
1066436
1072133
1083396
1074052
1070180
1083333
1065508
1064484
1085412
1074693
1060196
1100389
1083780
1068036
1072325
1050436
1059364
1071620
1060451
1084005
1135558
1106278
1114406
1092453
1099910
1085636
1072228
1065092
1062724
1093285
1087781
1076324
1079556
1057892
1052771
1074084
1074405
1055748
1062884
1050404
1069605
1081860
1090501
1050628
1072292
1059908
1086149
1077253
1142311
1080357
1078469
1060580
1083972
1097381
1079333
1088964
1094821
1082149
1076677
1101701
1085124
1093925
1088324
1068452
1116230
1116325
1076293
1076708
1104837
1062948
1067972
1084228
1057828
1064132
1096261
1082661
1079652
1101093
1054628
1055588
1076133
1055140
1069669
1092420
1054755
1060964
1085508
1062788
1045635
1069189
1057348
1057124
1071844
1064644
1071173
1096037
1063108
1054916
1067844
1059364
1054084
1083397
1059620
1084709
1074821
1053923
1045444
1088933
1057860
1059748
1048356
1063044
1057348
1048164
1074309
1057924
1045700
1049668
1054372
1046275
1036803
1088708
1078789
1060068
1112518
1093157
1070021
1098117
1065892
1046243
1041251
1044644
1053380
1072676
1072100
1061412
1051460
1043363
1048836
1088165
1054308
1073253
1127302
1067812
1053412
1083109
1063876
1060067
1130310
1090053
1061028
1101669
1057732
1067492
1085733
1077892
1078500
1107077
1045923
1045380
1069636
1054723
1057796
1075620
1056772
1055972
1074212
1068964
1063364
1104230
1102246
1097189
1095557
1078469
1118118
1112677
1071780
1086405
1107749
1085893
1086852
1130950
1084965
1098725
1131046
1170920
1116710
1104229
1116870
1107685
1159528
1150791
1122534
1131495
1114278
1191241
1100518
1139878
1110822
1146151
1085957
1154823
1190600
1167464
1135654
1156295
1133894
1116486
1164327
1170632
1191945
1154727
1174568
1155367
1136935
1147239
1101125
1088165
1096133
1116261
1086852
1092549
1103942
1096133
1161064
1122982
1081124
1091365
1074981
1065444
1058372
1095781
1052195
1084869
1115302
1074500
1121254
1118278
1138662
1271275
1152071
1125862
1112517
1144295
1135527
1172679
1120166
1196969
1201640
1066692
1080773
1089989
1058212
1061348
1084805
1071652
1083301
1085317
1061796
1065348
1083844
1069861
1070788
1093221
1068644
1082148
1087813
1071908
1107973
1177448
1070436
1200649
1120005
1087876
1084005
1146823
1100357
1090565
1108965
1096741
1123686
1181736
1118501
1109221
1113317
1089157
1059204
1118021
1076805
1101157
1097925
1170952
1121254
1107525
1086565
1081157
1057668
1044387
1045284
1093989
1091205
1084324
1093573
1112261
1099685
1145799
1112357
1160264
1143303
1137863
1103717
1099333
1111973
1114438
1116133
1130822
1204904
1119621
1095013
1064356
1074724
