1643639
740121
630645
635766
648694
635509
622517
719064
628245
614485
624245
648822
634037
700280
652310
666998
633046
633142
678455
629653
651958
684855
666711
630901
655350
631765
633493
739609
627254
632310
672694
632725
629750
657206
646998
625206
1740347
792251
679671
703288
667670
665334
678231
679127
666135
664438
656599
683191
664631
664310
688632
672279
673271
675255
664759
669942
679959
692695
711320
683735
677591
724953
668951
680055
682679
671895
670999
682519
682904
704120
686839
701592
690199
678583
666870
679671
675511
672695
666870
671607
664055
704056
675799
744025
668567
657142
662519
664246
666646
731928
729465
698904
669398
670647
701239
681463
666326
684567
673687
679287
670423
695223
723736
683031
679575
717112
674039
676695
665430
665975
709112
666358
690679
733817
671831
661110
693815
685847
673143
674327
660375
662007
664246
662230
688663
664503
663446
693527
685336
659574
663287
668150
658838
668022
662390
676470
669303
658614
682135
682007
681751
689271
667254
675927
711736
673238
686616
667190
678263
693528
722296
664407
707192
664470
658870
672151
672887
670039
684951
671927
702552
677015
689847
716345
674199
668567
675095
835485
668119
675991
668662
691992
660022
646486
679127
657334
660342
697783
668822
663127
676727
688343
666454
661911
662806
698904
658006
662966
674519
666711
668727
668343
661110
664727
668886
661910
693175
667830
665398
715384
674967
674167
665655
679383
674839
731033
676823
703191
673174
676599
690583
707928
687159
692087
687159
714264
681591
664407
699735
678071
672663
684439
680855
707960
688215
678615
785531
675319
676407
691192
680791
676055
684471
676759
707384
663543
668343
686039
674742
661815
705240
678102
670007
673719
677079
699288
673143
681015
718617
682391
680183
735161
675831
666071
699192
675414
668439
669911
670071
693144
679479
711960
708952
721081
679735
693464
696632
675287
681495
693431
692439
670647
665686
709528
712696
687672
690263
670679
673847
673879
679095
696952
706840
675959
684055
744953
677271
693271
679863
697527
678583
675415
708792
694807
701847
679447
666742
671831
672182
672183
720664
696248
723257
673271
705080
684631
695543
672887
706648
668055
675543
707864
672983
667767
687447
674839
680855
728888
675895
697687
686456
675798
709208
681047
679447
709144
674775
674039
669015
673143
719608
674166
695512
685943
666038
692247
685783
665175
670838
666998
674007
700792
688311
674007
684439
661495
675222
679575
666135
670614
680023
674999
696183
701783
707096
703319
675991
675831
729497
739321
679351
682071
678839
701304
681591
679895
714584
734649
679895
699672
672598
662358
689079
692216
695864
672087
681559
717048
676375
667287
761018
663095
731160
714744
662646
700312
678615
678263
676791
710680
681367
677751
673430
696376
674743
672343
697688
669559
734905
679511
665142
678775
674071
674839
700856
667223
724953
666007
726232
666742
729625
673975
689591
673303
662614
707864
665175
721528
695095
680471
676247
676055
669207
694839
672567
669943
702808
673079
703256
680791
721688
709880
678935
677623
696599
686359
692727
707288
682999
671895
666647
716856
664727
690903
677783
687703
686455
751418
678775
694936
671671
676375
682103
665846
663255
654390
685911
692343
674583
680983
667798
676343
701719
684984
670870
679191
670647
685591
671319
674327
711160
696215
661622
682327
658838
674391
683831
679319
703160
681015
668566
698520
655158
695512
688536
670710
698904
683287
699832
708792
673879
672823
700280
679543
678102
673015
670742
697399
675831
679127
717561
687831
680119
677207
689976
683127
705751
699511
708504
682103
669111
700536
672727
706264
684151
668374
675831
679351
668311
726169
689880
678519
706456
679447
711960
674935
669431
662999
706392
671767
743801
685752
672119
677463
676183
717368
681015
673815
681271
705848
672119
693815
719960
674263
677207
675607
672566
681015
734745
718168
678423
706487
702263
680471
678039
679735
677047
731737
720633
693815
707032
695224
665302
699000
693304
755290
665302
670967
699192
662390
662423
694904
693112
710296
667319
674103
697048
676279
666871
692440
673271
670007
725528
680951
708024
679959
722552
682264
676471
672887
698840
669463
704280
677047
681239
676951
677431
673495
674103
712696
673815
706872
677303
706968
710904
685943
672886
677430
673783
760058
682807
671319
724472
704696
674199
676791
671734
674038
681432
712600
701048
681015
669142
750265
674231
705144
680151
666903
696728
660919
663126
693271
711448
666358
719480
676279
673239
667062
704120
696088
698296
692279
699512
703512
690392
668375
674551
753657
674167
677206
741753
680247
687448
685112
712376
680375
686135
684183
733785
693688
721689
694680
701656
670007
698264
672151
670455
677975
675319
703608
682871
745593
702072
739353
724760
686456
684087
704280
731385
677943
697367
665270
703256
687671
670839
666742
672311
670135
690743
743769
669975
703608
669303
712952
696087
675863
707928
670838
677335
725528
665526
677623
681624
669494
669367
671990
684503
687031
670935
668215
694776
701560
672599
679895
680535
662614
674615
670647
701816
675319
672023
697624
668246
666806
670903
673303
703832
672343
672854
665814
676023
664118
693783
670775
664311
694679
671415
708056
678807
674711
695352
674103
671670
698104
677111
668151
694263
665111
675031
684151
674486
660119
726777
662199
698903
669334
678775
693880
672471
671927
718969
669559
685432
704728
678231
704888
680823
668599
694487
669174
677655
675319
681751
672055
718712
696247
704344
689271
677527
695511
671447
673719
730616
682871
682904
671831
671479
714136
669718
670583
665815
666806
665974
699160
673783
670135
698648
659606
750809
670423
667575
688951
677271
668247
710264
672727
695576
661174
668246
700087
664598
669527
674455
693080
681143
681559
666743
694007
712472
701688
709240
672439
696728
662966
689175
664855
683511
673847
716761
672599
751161
690455
675511
687319
669495
705816
722936
691191
688919
749273
711864
700664
671799
679799
672855
678295
676311
706072
671959
848796
670038
670711
663958
676983
666070
666903
684375
669750
696440
682967
680855
701464
679031
692856
701815
703991
695063
679159
676983
695128
688151
665782
710744
664119
665687
684311
668055
672374
664790
704120
695832
700023
699864
721689
698584
700248
723417
690519
725528
691095
707512
706808
703832
696695
725113
698872
732729
707896
696344
705464
711000
739641
704568
706936
716312
690359
706584
708024
705016
745401
714968
706456
713208
704247
744698
731769
711641
707128
698936
724696
717848
702232
722137
692632
702488
730936
711224
752793
704984
693335
692216
733465
704984
674519
672182
701144
683607
676279
675958
684663
673015
670422
676695
677015
665142
675831
692535
663926
667030
700120
661110
666231
669719
670390
682103
668054
662102
679287
662806
660406
692664
670006
672759
669911
659671
656534
667158
653559
655830
656246
660022
702776
670199
663958
701752
673143
679415
691607
678359
678359
681623
680535
698808
678071
667671
725560
699544
657367
694711
711640
726264
668566
684760
701720
724376
697656
682807
676375
702296
686423
682519
706328
673398
709624
707000
693463
724696
740217
666711
688055
668375
773466
682295
666870
671287
684503
674231
724793
693976
702136
704856
710424
709464
679319
667286
672919
677975
747513
705944
670614
720056
709336
678071
663511
678519
664886
667575
668023
674870
691928
705496
667286
700024
670519
677303
687799
680343
676407
681527
680023
697175
672022
672567
703672
703064
661398
670230
672855
706072
706039
674423
727385
671575
666198
740153
689143
673655
686103
702455
667479
672375
682327
705240
682423
661303
700503
674455
675607
709688
678135
678967
701880
677527
703960
676855
675351
706712
672759
698743
682263
672854
664087
677015
672247
728280
668822
723161
697176
711480
678391
690551
670390
705848
732281
705752
708984
670998
710008
671926
678103
684663
684407
750233
706488
682135
746713
676439
675927
671607
672791
670007
674839
681047
685272
743098
678679
679319
683127
684695
756186
683384
666134
691960
713657
677623
704888
670998
669047
686712
666806
709976
715672
669462
706456
676407
674071
750617
675511
685431
670934
702424
662262
677271
679671
710296
715352
706392
694327
681879
701367
693655
680280
694295
697272
675478
698712
668887
675479
681975
680151
676663
679127
698391
691223
675991
669623
711960
719928
666710
681975
679863
670071
676983
664663
699192
673079
680727
701848
675671
670999
682839
719864
685111
680663
706776
695415
674615
676567
702776
679447
683575
684695
666935
675031
704408
669655
698519
715352
674935
671414
725657
729241
674551
700599
686647
668055
673911
689559
683671
697688
711960
717560
672247
676343
683255
703928
683800
683832
693624
664663
669206
717401
690040
677495
674583
675927
692471
694391
660279
683319
672982
664631
677143
674071
670295
675159
728056
701208
681879
676759
696375
696600
665942
679383
710616
680823
679351
668278
692727
697975
674263
706295
667382
712920
683735
678391
682583
667095
678391
695800
708888
671767
708984
667286
676983
726168
666198
668342
679479
657622
747546
675319
669431
751961
678807
666775
690935
670071
665526
710904
681527
701399
707416
664055
677975
706936
674838
688087
682711
721048
723641
677655
693496
676247
675191
702488
678294
665975
673719
687416
720856
687768
672119
727385
680087
695032
681688
672823
674518
683895
688216
734104
677239
687512
718873
679095
679767
677399
685495
727992
699896
668247
692759
679832
729048
702904
667254
678679
672439
682263
709272
707704
681495
752089
673559
683704
689688
718073
711704
685879
681751
710488
712632
680599
720056
681559
669047
684855
676887
718104
679159
682871
705912
734841
682359
699992
720024
703224
714872
734073
708984
704056
686903
687383
682679
770298
687767
685367
709080
686328
679319
694839
715608
679799
674071
703735
712184
677111
677527
704792
673975
708344
682007
665174
675799
680727
674295
711928
689399
678199
701528
690488
674166
679127
666007
684279
674839
714392
723929
677559
684535
702104
675671
675766
685623
680727
677847
684856
680439
708888
669591
676311
734745
684375
675351
689975
686583
732153
686231
685655
720953
753049
669527
719353
697463
698167
669686
700088
703480
677783
671543
704344
672727
684791
688472
682743
686328
676951
680055
710072
676919
679383
713432
686615
678615
684503
757754
721433
685112
742265
712056
666806
667670
670487
661815
699607
730937
671127
713785
672055
672374
697816
676311
675575
686200
714648
678711
681015
730745
720889
685111
662102
695096
702744
661462
684504
723512
677079
704695
674135
693592
670807
667734
700824
680759
717881
716152
672023
671574
676087
686007
705240
672407
673143
677463
679863
670646
671287
671767
709400
709272
678743
712888
684023
710712
660918
662423
700824
696056
672919
704120
674231
664471
693880
662934
671991
700280
662231
659159
669943
663094
698872
676983
707832
705336
725273
701688
682615
695416
667767
676663
667414
696983
669750
670071
701464
700024
675222
675415
674295
678679
674999
678135
694839
697239
666550
690712
666135
671607
661654
662135
667926
667799
685303
679191
725912
669239
690679
672151
672471
702520
735737
675607
674391
680503
701720
680343
708536
699895
670615
673911
676727
699512
668247
675447
702680
706168
669782
659382
689624
678839
672087
693848
665399
707864
720952
674967
747129
675927
671191
702968
673783
672374
675991
689143
714744
681687
674742
702424
670743
712984
698744
756346
668535
664278
666583
668023
666103
668758
730777
667191
733656
677079
664310
674007
666198
663703
742873
711928
663798
691832
670359
662166
667446
671222
671255
676791
669879
710648
666807
673303
696023
677111
699928
722136
665654
671863
662774
704536
685367
672567
668503
724344
678359
712888
685719
706104
665015
725081
664503
702295
723289
669686
697016
679735
675895
670487
668375
664215
665270
697368
686231
703576
673654
701144
667031
708792
679511
672087
704472
667959
730776
698872
669079
658935
672630
671895
670806
673623
700695
669015
688311
668375
689559
669302
750905
696279
683031
724377
687032
681847
716953
660503
675063
775322
692823
676535
670807
672823
665270
673431
666711
761146
669558
671863
719481
672631
670775
675511
664599
674231
703512
670454
691383
668599
673047
708984
677815
673655
709720
676791
679415
666550
672663
688567
726745
669815
702679
673111
671415
695671
674007
682583
731640
675735
693176
679767
711800
702264
712568
712440
694487
674551
703704
667895
674070
698520
682327
665559
696983
674742
675543
684151
698776
667638
675895
668279
704024
675094
672311
699224
669878
746041
688056
680855
693751
677815
679159
733689
677335
717176
702904
674103
686167
681815
676951
708344
678071
671606
697624
672471
690295
696504
753081
690039
692248
717784
708344
677975
700856
702616
665527
673879
679222
675927
699031
692055
714489
707608
682583
681879
685495
682135
693400
679735
682231
708696
679639
672023
696375
674007
713368
692088
665526
668534
676247
673879
701688
682359
684471
699800
690072
667191
680247
682071
676023
680215
719577
711800
682743
681752
769946
689687
679767
717784
664567
664822
676983
674871
707128
759226
676279
686711
668439
701144
662358
669687
699704
662998
676375
708824
669175
672087
684887
674295
679767
672983
664791
717656
676791
673079
699319
675415
721241
695480
680311
692247
725400
726328
698616
697368
674263
709816
675703
675479
677559
674391
668791
673207
669175
687255
668247
672791
694743
666902
671255
682455
666582
700984
680311
666647
699287
671895
678231
707224
667062
666615
702360
678551
708184
719384
681559
703127
740537
677494
733465
716408
666135
672055
734425
703224
667350
664375
707288
702551
675447
686967
684311
676183
681687
672151
701912
682263
689207
694104
670198
703800
678711
673143
678391
733945
702039
694008
671862
656631
684983
702680
666838
705144
675863
676087
728121
670487
690680
670359
672727
699928
685271
745177
692440
686231
675766
690391
679319
727609
692824
679063
699704
681432
672951
686007
668022
668823
693144
683415
707704
681623
672439
693239
665111
721657
676535
735033
671223
696728
676151
715032
676247
660502
686839
670807
670359
691480
683767
671159
679991
711576
724313
698648
669814
680215
675607
666294
675031
677975
705432
720536
683287
705496
731545
674006
672471
707960
676727
674999
687543
712632
684279
675607
708248
681367
712280
731577
678551
692311
682039
737593
705912
682040
675063
677591
673399
670455
679191
682711
703096
709112
665335
701367
678646
712376
684311
681207
676119
685144
671318
704856
687223
681431
707640
727800
677559
681719
663254
743513
706168
683319
709240
685751
711640
701848
722648
719864
678423
678775
698872
701848
665174
698648
676951
672439
748922
703960
686327
679255
672599
673366
670135
671158
708312
674391
674455
779163
682359
678551
675479
694647
700376
666103
669590
707128
718905
678583
678295
676855
740601
678263
670615
719000
676311
669847
687223
679575
669175
703640
730904
707352
669815
671318
683703
660662
664438
677015
663927
715288
675287
674103
711960
760090
669782
698168
735961
671319
674326
674711
669879
678935
679127
701976
684471
682679
701720
715416
675606
686839
681623
682359
683351
736121
700408
664183
672310
703800
676855
725528
701752
684055
707160
675638
689111
735417
679351
680055
678615
666423
670647
724313
662870
728409
676759
680183
773594
747161
722073
674359
672631
729624
712856
674454
748122
678935
681463
679735
672695
671862
686359
677271
702232
663894
672535
704215
674199
705688
742233
668663
665814
669591
709272
707512
689048
678935
706360
686263
660247
680887
664182
667735
703352
671191
702072
670071
679671
712024
708472
671895
676631
674839
682039
674199
727769
724504
708792
677303
680503
670359
677111
677974
664086
672951
678231
680599
702040
717336
679447
687063
682327
681143
691159
670166
669623
666486
667255
691191
679575
706552
674647
671703
688695
677655
704791
702840
670422
668663
731384
672759
677175
680151
717113
676471
685975
673847
684471
727192
664471
706968
677303
732857
683959
670391
674710
661783
666103
699416
714072
696855
697016
669463
679927
673367
676951
661398
701048
680855
727352
676823
688855
731321
683831
667190
668407
668983
676311
677719
668759
700504
666711
706360
694840
708024
747770
675831
683479
731768
687991
674711
700087
667863
685815
684439
673047
704887
676663
702136
690039
692215
676055
718265
675543
735737
708728
674103
690040
705880
702295
690999
711417
683319
677399
663575
668279
669942
673942
689912
703383
667478
706840
676695
695672
675127
671831
663862
675287
702615
734744
732185
696824
715736
672727
696184
672279
687159
690615
670838
685111
692215
702775
673366
753082
706168
686712
680023
682167
701944
673463
702392
684919
673111
705176
678519
670199
664343
670423
675735
693335
676215
678007
722264
672119
670454
684919
683543
674775
681207
667191
706072
678391
713433
691831
687415
678391
696599
670423
677207
674199
666262
717432
683767
680088
762234
713752
693239
687991
737177
760890
686583
680791
686392
680408
667447
677335
671222
673975
673366
666519
684375
689143
657431
694359
689688
699095
681239
704568
672631
687735
679383
716953
669783
676054
686040
674742
702808
681431
712216
706072
684792
678807
704056
705752
711960
689400
684759
677143
676311
678999
694295
674487
703159
690360
668631
702199
686391
711608
676535
683991
690359
697303
693783
680855
706104
665015
673527
705656
681144
704888
684855
685463
708632
678807
666358
694520
665399
668151
674967
667190
667607
739833
688855
702648
706168
671702
704055
681783
721880
681271
669558
660407
670807
670038
696728
659254
701175
699768
675479
675735
681816
678967
667478
670582
671799
718936
660758
687383
694872
669687
668215
669334
669686
674615
678711
673207
687128
683191
701528
694999
677367
693528
667031
670519
667607
674295
728889
702808
687703
673431
686327
668087
667575
696663
692920
707384
717048
673719
694327
699415
662231
690775
754522
676215
664695
673303
688727
697496
674006
696024
675671
667862
682487
670103
689431
668407
697463
721113
676022
663703
694648
673527
679863
702776
684855
688279
668950
672567
721336
677815
678775
695383
676087
702008
693272
659766
662486
700023
701528
691256
675607
676918
694456
717656
691191
681399
678423
681367
679191
680119
707928
685911
713368
701623
672118
671607
671351
666231
739641
699479
756153
699256
701815
674743
682487
728633
667095
663927
671766
695640
666199
669623
693591
680311
681144
671926
723928
676151
677559
667574
699416
673431
671895
691128
677463
658518
677367
670391
684952
734841
671895
698103
674455
678838
674998
676823
697207
679511
667767
671799
672311
697976
701464
697911
719320
680823
722873
686583
676471
699703
693592
745465
664822
699511
673911
665942
670967
673751
676183
675063
680983
689495
681495
665847
695351
667990
655990
695575
691543
664471
668023
731576
692791
676503
695864
737241
663958
670679
681175
709464
662551
678583
668150
726712
676919
684215
725209
674711
676663
687959
671542
676887
681720
675863
701496
716504
683927
688376
690295
709528
676279
712792
698008
687096
712888
707192
713880
684119
686295
673174
672663
686103
672598
694552
709112
684248
699447
682007
712120
681591
673303
704888
680727
688983
708088
686840
677559
699640
680375
678839
687415
716056
713848
747257
671414
695543
703736
676439
678167
676983
671863
691095
682007
698072
681495
679767
732793
743801
676759
718296
669942
700696
678167
670807
706712
681367
672310
678487
672567
670007
673239
680695
671063
706328
667351
702136
701367
723769
712664
665975
662999
689943
670230
733689
703736
664150
692152
727769
678519
685975
673559
674135
676759
676887
704504
740697
667799
731929
708568
677047
684920
667831
671575
689207
663734
686071
659798
681527
691383
665494
668502
743897
663351
669655
670679
663254
707480
673174
673143
690520
684343
672023
681559
662838
673015
726713
668599
703192
670327
672215
701848
711289
675671
688471
702296
704792
676503
672055
706232
673654
664470
674327
668215
679575
690327
689943
668534
672599
663830
720697
727673
660982
691127
669590
672439
675607
669815
703864
673815
665559
725720
670487
740089
670166
692376
675831
669175
660598
696663
680855
676599
701848
671575
673015
706200
663127
660566
666038
708216
700760
674103
676599
717144
682999
674775
690168
714328
672374
677527
683415
714232
681943
675319
701912
680183
672150
666103
668823
668471
674967
690712
709432
671062
708088
734712
674615
671031
686135
675383
726169
704184
728952
704888
719353
701240
703191
673399
680471
674711
667447
695416
667095
670743
729912
731897
674934
677079
673175
703192
667574
718072
701336
688952
675063
705112
671063
736569
669271
671735
727673
682039
671126
710744
680439
677591
706872
683320
682519
669303
664246
724665
668854
673686
699511
688823
675415
685271
710392
704343
706999
683991
713048
681911
694199
681751
667702
672311
669111
678423
671895
676407
658198
703896
664950
710040
735993
681783
665623
680215
673399
674742
733017
665974
715257
663126
667767
694040
669143
680151
707032
744345
700984
682615
669687
699800
678839
674999
680119
675927
711672
702744
670198
695032
674550
669271
712120
688375
660214
742169
682359
680087
668663
669079
690519
667222
663638
691960
664918
661590
687415
669463
671991
673975
662710
668886
675447
668311
702615
665303
663255
704344
658614
667030
675799
668022
666134
666231
664151
674486
676598
664278
694967
732089
698296
686391
667190
665782
668663
715640
672183
679831
676567
704536
679671
671575
705976
683639
673719
679863
681335
685880
687096
708216
716760
731160
700247
752409
674359
708024
695415
681271
674839
675671
678455
712344
674871
704248
699800
679735
713912
684439
716408
678743
713176
670295
704184
740537
686007
697368
672695
675574
673303
662743
670871
711096
725145
749209
719416
677079
693080
692055
680215
679447
673367
676343
678647
666967
698327
669654
668503
692791
662743
665655
671415
663543
667383
675959
667286
691127
662742
665431
690328
656022
665814
675927
668279
666103
684727
675895
693944
670999
667767
704408
665462
667511
684503
662519
675670
684599
687447
710648
679063
726585
701752
666294
676791
684279
702232
670903
683895
672695
705847
676599
670039
722328
700823
679511
682935
672087
665047
717432
675767
712216
676247
669399
736185
680023
675287
741017
679735
671223
705911
684824
694456
675159
705688
707448
660470
670839
674455
661367
667830
667863
667446
715896
687256
668982
737305
684407
718008
676375
682647
685495
692599
663927
720536
666838
665111
699992
675447
668150
691735
673079
674903
720952
680183
691160
665655
662871
725433
700088
696088
671255
686775
707768
703800
671222
698199
672214
664567
685655
675510
661719
680215
700888
667703
719609
673463
723224
667639
672951
680919
675895
670134
666231
670775
858077
722713
687992
676087
677815
698167
673558
668919
667990
676631
661814
704728
671350
682967
697623
694552
675958
673047
671063
727481
674454
664215
690199
692984
696312
673559
686936
707224
679319
668375
696952
679767
677943
700535
685399
669911
706936
678679
674327
678775
676343
690487
715256
670646
706808
663638
733113
678935
679415
684855
716792
662359
732152
664310
669655
685368
723128
670135
674391
703640
677655
675895
674071
723256
670551
662550
683223
688375
694904
680983
675639
731352
679895
677239
712984
659159
692503
669750
795035
667063
667223
668951
719513
677431
678614
704824
665270
662327
676311
708568
671575
677271
708280
707512
701271
666231
680375
668215
731065
668951
666455
700600
675959
665943
690295
674103
669175
671095
662454
661174
667383
662006
671895
670327
676311
770682
674646
669079
704600
657526
661302
667383
667991
689143
705304
679895
728825
664215
671511
666678
665911
703864
683607
700631
772762
676983
680023
686807
673303
670199
683831
675415
665398
664598
668919
681271
668087
669847
718456
773306
679319
680215
670807
671863
679127
667799
741529
671479
677335
743673
675447
668535
687191
681111
668215
670135
670998
692280
670775
678199
705079
699896
710840
683703
670903
679255
681559
668823
694007
674999
673655
689815
680599
677559
693912
677463
679511
681655
669399
685527
701400
673367
706808
674198
670871
676599
689207
703223
679191
671447
711576
672758
669591
702968
674711
676343
683223
699128
672790
668855
676695
696792
700728
679063
721944
674967
687095
688151
682871
723480
677943
757082
716184
712440
676183
686007
759930
723225
668631
679191
703320
710520
670198
727225
713240
727193
678071
684631
706872
722744
680951
743257
667223
669814
769210
679927
678135
681527
678999
704216
699991
692568
673943
690455
678391
671383
676311
705879
678679
711640
696984
682967
676535
718936
682647
672534
675126
685784
696279
683320
678359
696120
702808
663191
670647
690839
668214
674999
670615
683223
710552
681431
707352
670935
667414
679607
713880
745081
695511
670615
703320
676663
702584
673847
665111
710296
669751
661174
695479
742234
668407
705816
675095
687127
676855
670775
674167
692279
673911
730168
677143
680759
706456
680855
673078
684311
736537
731481
701816
678583
722616
675991
672343
707704
668214
675927
713784
677142
760122
670327
663254
691384
675543
675670
675639
664599
701016
711960
681623
698904
670135
671894
689047
709272
674999
682423
698520
706808
670518
667831
663382
677015
663126
769434
672823
677015
690743
674807
670263
687735
673111
681079
680247
670934
697367
667991
663926
700632
666263
670966
668727
680663
666294
685751
670263
697912
702712
695191
684215
653975
663831
678647
662614
668118
682103
661974
709528
673207
666679
688056
682839
674071
684247
657302
661654
666295
670007
666999
666550
661687
685175
659735
687543
688919
659926
655702
661494
659927
653302
665526
663510
660982
676535
661367
682199
660567
659862
685720
663542
663127
665719
663670
681975
672726
663990
686135
669111
668023
700056
676695
671799
677655
672567
671062
669175
662934
685751
661527
667831
817147
670551
690711
691415
682135
696088
674071
666870
719545
668983
671511
707800
678135
674135
741465
666358
669559
678743
696631
691416
678166
662966
694968
663990
669143
768090
678455
672470
683959
676087
704376
679191
673847
695127
665462
667255
687640
722200
681495
678167
677239
693463
675351
705592
711032
677399
676535
680247
678167
667831
670775
668246
707864
679063
666167
679895
686936
664695
681719
707096
671126
676727
676471
725048
684823
669687
676695
667671
674135
693463
674871
698712
673463
685591
708600
721176
685111
683831
669399
703832
666870
667639
729401
677303
679799
704087
667351
666422
709912
669207
738521
670774
762938
729848
664790
670839
675991
678135
675415
685848
670967
672375
680919
756729
707416
707448
751417
689112
673911
674614
676535
708504
703800
695864
672727
706648
675191
680631
688919
679895
675319
678263
675991
696632
678487
714936
706200
678967
683031
677399
670679
693591
666070
698616
684919
678071
734617
701432
678711
679351
684535
682359
673591
678487
662038
700216
670359
664375
694871
669463
667511
711544
671671
667223
664918
700632
680407
673910
670870
695256
677047
687799
687063
697272
662423
674679
668887
739353
729497
691703
698552
671926
663767
698104
669143
666903
680119
744217
712793
705464
731865
692696
666006
704216
673494
695608
686903
671286
669591
711352
676375
678615
691127
711033
669302
676951
678391
703096
666967
679095
706968
688631
679415
675831
714392
680151
683255
740377
705080
672502
665655
681431
665079
668247
675479
710424
664823
738713
732633
723032
672535
669654
669943
705976
666167
699128
666230
800027
684152
680408
679351
664631
671959
674359
686199
685047
724025
666903
699992
684408
677175
712504
676951
675127
693656
688663
702616
702680
686231
749050
673591
673655
664054
668951
673207
687319
708792
836828
693463
695736
689079
672407
670743
673975
667894
688920
695703
711800
699480
674679
659734
677527
673175
701464
689144
705431
695288
678839
703544
771386
723352
717657
685751
680312
703800
681367
697528
687191
671702
669815
671479
661655
670807
682168
677302
677270
729945
688504
707992
668375
665815
674198
677367
676343
676055
679511
775098
675991
678039
701655
719897
671927
684664
677527
738553
688887
681367
699703
669302
676343
710072
669526
678327
699768
676695
660343
734073
667031
718521
673047
705208
708792
668566
671383
687352
665239
702455
669143
696247
689592
668055
671927
684951
682167
671766
673431
675127
703448
668151
669431
706776
668630
673558
683607
673783
671287
732633
684120
700952
663606
664630
702872
694456
661398
673815
756345
668887
675959
667222
702520
678199
668887
707384
662486
761274
678519
671479
670775
675031
732217
689975
668342
677239
694295
664887
668214
677975
672374
703800
724601
675927
694264
670903
663190
673238
670775
663574
681943
674455
695063
679895
695832
694040
667895
664887
696439
665942
694711
684599
672215
678775
672727
673751
715832
754521
667862
677975
677367
665911
673206
672183
716281
672055
665751
725881
677047
685719
688472
667799
670135
678231
677559
670199
693816
672343
693175
704952
679703
665975
670551
665046
676663
661174
713688
722265
676791
698456
681559
678487
692759
684183
665527
670967
666390
697912
735449
684087
724056
680887
677239
698104
679895
685847
714105
696887
716760
688535
683671
710680
719384
684504
691064
687096
676822
677239
672983
693495
679159
704344
689559
674743
674455
666198
664471
673303
672950
670999
693079
676759
671255
703544
669399
666230
671158
668151
670838
718105
703416
716985
686456
681655
703544
722073
669399
672566
673655
695351
669207
669590
703416
672471
687799
702712
676823
686743
685399
668887
672310
671767
707832
718361
685463
679287
709656
745114
743417
683383
681239
708792
676534
729785
696247
680631
680631
685463
682647
692471
684247
663991
688824
658775
662134
667575
666199
665719
669495
665079
668150
712856
658262
682359
660534
661975
671607
661270
668471
672758
664278
657782
672151
660406
676247
658998
672439
696184
674454
677655
710424
709752
715512
735097
698904
716056
695160
704312
693944
757273
757978
704535
735673
713048
731352
738361
713560
754041
720153
694552
752505
713305
705336
724985
702584
701143
716409
709560
734489
706872
704824
707640
707639
710712
718296
703544
747225
774362
705944
710104
703383
726904
710840
741177
725208
751002
743801
712664
695640
747834
696631
680887
708664
686168
722585
740761
686135
738553
718104
716984
681207
679287
698200
656630
659830
696472
670615
676887
701976
670487
660054
669975
664310
661174
663062
663670
687671
682071
664023
702264
662550
667671
682455
663190
666518
682263
674647
666006
679767
678167
695960
686103
690968
707896
724344
671383
662391
636565
616917
623989
623829
617621
627509
622613
610837
636117
611733
626197
628565
620245
622197
629685
618549
614997
625557
618517
624021
619125
602901
602196
626997
611701
604340
652054
609460
609396
640885
611829
623989
650935
617717
616725
656503
629461
623125
642070
619957
620437
641398
614741
610420
646134
618389
618069
638646
621301
614965
637845
624469
615957
646550
618933
611061
633877
618741
618741
614933
618004
609173
613045
623989
610580
611733
617653
616501
616693
609876
607989
603028
629174
615893
612756
645878
614229
607284
620725
602933
601365
614069
607956
601685
612596
604789
605428
698520
680087
660855
667095
667478
690232
668151
666167
685591
661814
662934
675479
670711
669463
669238
662902
670775
679031
664566
690616
659479
660150
683639
665622
659254
663190
659863
660214
669270
675607
683927
678135
668983
691096
670198
668471
682104
660406
660118
667831
663158
670326
677847
708312
715096
680023
668119
712665
678167
669558
687863
674294
706808
700472
668727
693175
675863
677558
684279
671926
665334
672534
666999
668502
679255
682647
699031
676439
668823
709016
681623
677335
682775
668855
673335
671255
679319
709400
710968
679063
707992
677687
681847
686135
675895
669143
674231
677207
702680
683063
680343
710488
671799
676567
686583
668695
671031
727129
726873
701016
680983
675031
695128
705400
660726
662551
675607
699128
674999
672310
713368
678839
670967
709112
702999
673430
712440
661686
706008
675351
676695
698071
674039
680439
682552
678775
667799
688727
664919
684023
669911
663222
690712
670039
664470
665207
672534
668727
671703
688279
739961
673975
674839
697367
675383
663479
685368
739801
703608
676087
671319
730233
674839
678423
711128
673591
665367
677815
676759
670679
675383
670966
693688
674903
666966
693687
678615
662199
685495
687831
674903
677462
689816
691223
676983
676727
703608
675767
685047
725528
683607
677495
678967
673783
702104
674455
667286
692952
705592
684279
698328
679639
673430
674615
676887
710137
670647
669879
692536
687255
683511
684151
676055
735321
699159
673399
715097
663030
664854
684247
660919
665718
674199
674839
678935
679415
683223
699256
668918
672055
718521
676311
705944
671479
674262
663191
738201
667639
694199
672599
669846
692471
666646
671511
681687
664759
668791
757657
667735
708920
679703
695799
705656
732473
669143
681399
730777
676663
721624
718873
737273
675319
671894
679255
744057
714744
715128
674935
696119
673303
671927
710585
661878
672183
703032
720216
686295
687640
680055
702008
670838
666455
697528
674135
700920
688664
687159
674743
682807
683831
703960
673111
680855
717592
703832
694520
698840
720217
675799
742169
675351
702903
681239
677975
677687
695128
671799
670359
667255
691032
667383
670743
707384
677335
669878
677751
702072
672631
701976
727128
692696
666071
676055
764794
670326
665815
674967
666614
715320
711576
694904
766426
676759
668119
688120
673527
663734
671959
665430
689016
675895
669463
702520
679255
668982
674487
668599
665270
666742
671703
706456
704760
671958
691799
670423
674454
696504
697240
665495
668023
674583
718648
681879
674807
717976
684983
693815
679895
670071
667831
702584
666646
774651
682647
677527
728889
672631
706776
668151
702104
665335
673431
728248
705240
664310
667478
733753
696856
673271
704536
680247
709784
684567
684823
696503
670327
665943
677431
668343
666743
671702
674295
692311
732665
681047
700696
668759
672311
677335
677911
673111
674871
737721
697720
667255
668663
699576
678135
675062
668759
668662
690744
678903
698616
699800
668118
690839
674070
664406
700920
671510
659639
703704
667319
725528
690327
671575
665879
678135
669207
663031
662966
750553
692727
674519
702647
698935
667958
672567
683960
670231
711416
685592
668919
679255
669111
679095
698424
672407
672215
688663
676855
705976
675287
672087
691704
705720
685687
715384
681943
701336
702424
704088
682359
716440
675127
704664
684471
672598
673559
665687
672855
729401
672887
748409
732697
692695
679959
664375
671542
669719
674391
667863
672631
671191
698872
729241
670550
679735
674071
701304
674294
705367
739257
676471
667574
713240
670550
669750
679735
667287
680727
675991
667863
690520
668406
674711
704440
673879
670551
676215
667894
670199
673655
663543
722872
689464
668919
692663
682199
671959
724792
670935
676151
674614
700951
680055
725977
681367
720632
674615
641526
614773
603893
608501
695319
709848
727641
729305
737273
718840
683447
730489
702360
685559
702872
680407
683799
690136
669463
670679
683959
684215
706584
671703
676471
722105
679511
678903
740537
684631
714680
679287
714008
702520
664086
672919
716184
670295
665399
716281
677399
702648
674390
668087
693656
671926
668375
696759
699991
705016
753818
697592
688344
674199
665878
694968
670071
701400
687096
675383
665623
669271
666007
700952
670519
668599
699704
696567
663735
687095
683672
699288
675415
669751
702168
671191
672374
692471
674583
705591
714680
680887
682487
685144
679031
692344
698328
677655
670903
673463
711833
677399
687575
684951
665655
730777
693464
697688
668791
678391
694487
678839
679671
670294
720409
678710
677238
699928
722200
670934
675703
721273
670903
668375
663478
705944
708792
674967
690583
720793
673750
678839
711128
674999
677495
664631
679287
664598
659863
688215
683735
729625
676886
674423
682103
672759
664663
697176
677655
674807
694743
671030
683096
690807
712632
663383
678999
672567
690839
707992
672567
674551
668951
674999
665143
698744
665623
668022
669431
718520
664886
673271
699064
670326
670935
754393
664087
669526
718808
691800
704568
664439
698167
673559
683448
677495
703672
669207
696727
674903
673719
708056
676823
676439
684215
684343
689175
680503
670934
691223
663062
661910
687127
661847
665494
674711
728217
712920
750425
680023
709272
675575
672183
712088
690231
661558
668599
664982
692184
714008
661622
715096
684696
662327
708216
689719
666134
675447
672695
669687
674902
659703
684471
684951
669270
695992
661495
668055
671575
661078
700695
698168
663190
691095
691512
673302
695928
665239
667830
674167
699416
682327
679639
707128
691191
677719
679063
694104
681303
684088
725081
686552
686455
674039
670294
691255
679063
672278
704536
715065
665654
714040
704248
715769
676823
672886
721753
674071
691319
725081
686136
686967
681687
674295
706168
667735
687640
735449
665174
685367
669750
663575
669943
676439
672919
753978
679863
676823
703064
668278
679575
731321
688087
679383
682327
672662
687639
670486
727641
684759
695640
736505
685207
666679
698743
738425
677431
713112
745913
732729
674006
698743
692247
669911
686424
685911
670774
672279
726585
673047
705880
697592
674102
662775
673879
696088
744505
692888
671959
706168
684119
746169
726616
707864
714904
682231
683767
710136
680311
688471
763770
678103
667446
683095
667990
704504
671671
659959
693688
671351
687031
708855
714328
669079
739161
684472
700600
681495
680023
715640
673879
669111
683575
674263
677847
686135
676663
692472
659766
660950
717401
656278
670967
682807
799099
702488
673239
697111
705464
669878
670134
674102
693783
668343
677463
669175
669974
687063
675414
696984
668599
683415
701912
669143
671031
673879
664662
662614
683991
698136
700568
676823
701176
686359
674263
736952
688855
720345
692183
662614
671959
696183
664022
665879
698904
711512
683639
725816
673111
700600
700663
673399
690488
707736
676055
683223
702264
678295
700504
684247
696439
679959
673047
688151
667702
707256
682391
722968
676183
675671
672310
698840
670902
694808
695223
673367
671223
673847
667959
705432
675799
671222
695959
675095
674679
682167
669911
658902
671670
668823
668406
708792
677367
692855
681303
678935
696440
676823
704311
692759
701112
719064
710424
662678
698520
696696
667063
694583
709432
660438
671063
675030
760985
721209
704216
756858
674487
674807
671287
691159
736697
675255
668791
698263
734041
716760
688727
679191
685591
691191
675543
702488
735065
669527
716952
670775
716664
684087
674263
668279
672630
671799
699288
706968
667671
693848
669527
670807
689304
678679
718200
675511
665782
694136
703031
676310
725049
680088
753434
696695
717304
693976
667703
665302
723129
667159
669399
688503
677943
663863
712888
669559
738425
679639
665174
706840
675159
699703
699288
669975
663062
706296
699736
663830
691959
672983
687416
661430
675799
710008
663383
660918
679447
673399
677751
669143
660535
698744
708888
711640
693623
704152
677270
690423
686551
734744
707448
669687
694648
676983
705656
678103
666967
738265
675607
671895
696823
689079
673207
705336
676343
669111
669207
673270
722681
678231
697496
708120
695192
670359
695831
676183
666742
742905
674519
703959
677687
685751
737721
676247
696696
670071
738105
680311
674070
682551
702391
679927
671031
696375
664918
675255
676983
711192
704504
684855
676535
693047
672950
695704
692024
666615
698327
679543
675191
666199
671063
667862
698392
672279
705240
726136
677559
677527
724056
668630
700696
671926
713209
719992
697880
709144
682007
663638
720152
695127
674039
709464
723736
673015
738297
668758
744633
668471
682007
672471
679319
699960
709720
665111
689016
663703
700856
673079
694775
677687
743577
682455
665591
706136
666839
681399
677783
685879
712024
733977
695415
694711
663287
669462
763738
725273
675895
685367
713080
745753
672566
691128
706104
668374
663831
754234
690167
715288
686935
679447
712632
678039
670102
728184
669430
674391
677591
677655
707800
681112
685560
699000
669910
660439
711320
674551
671831
706231
673399
694071
684087
671766
702040
678551
682711
681751
716760
681175
693240
670550
707064
672919
712569
710104
680087
669206
738361
676535
715352
723448
670646
729465
674039
724824
719705
676983
674231
673718
729977
698424
671927
673366
709272
670775
721433
686871
675126
715321
700984
718488
754233
679127
678231
717208
697240
681367
681687
689431
701976
676215
669206
697560
673527
716984
683671
664759
677015
717977
687927
703160
674999
677207
702840
727385
672151
681655
670679
681111
694551
674071
731000
674583
686488
755418
741113
707128
706008
711000
711160
680759
679031
702359
680983
675095
682071
677207
673846
687096
675127
729977
696823
680759
716376
668439
671703
687864
673399
669942
680119
658422
689047
666166
682903
709848
673623
695064
682615
664822
674967
677911
681431
704536
680247
667958
707192
725209
668023
667735
682711
705240
704856
664599
699608
673687
680759
718008
704216
665110
679895
673143
692695
674230
747898
703480
678007
680823
690391
668087
668310
710712
707800
707448
673495
674934
725977
658135
675287
673174
680343
683767
677687
678647
710584
672182
683607
701784
686103
764410
717496
679863
700471
731097
673526
735481
712056
704600
687863
676663
710520
678231
685367
708248
670614
674775
697207
668951
678487
679223
670327
680951
707288
660919
712504
665463
672695
711224
670007
674007
671575
662678
666550
667863
680055
741945
668119
661814
691064
732825
662839
698967
762810
680023
673495
666807
700920
679607
675607
712408
680311
673079
688087
678103
683127
740921
682424
704791
748153
707288
729368
678551
725944
678871
667127
662934
671735
669238
700248
674039
670199
682487
675255
701208
698071
704792
702136
685847
681655
715961
675510
703992
693751
700248
706552
684695
689208
759098
672759
676983
685239
676663
674359
697239
685559
702616
670231
713016
706935
679383
685751
694391
668759
708504
719992
681656
693720
702552
699512
707160
671959
704920
673879
698648
752889
681847
672151
717240
672727
682039
711128
677143
674198
671127
679639
705848
740441
703095
709944
673431
719640
719032
673815
671159
671575
675479
752377
709528
681015
698040
664247
680279
690519
664503
663798
665526
664375
685912
676503
668151
691480
668470
669495
683799
668758
692535
664919
666998
673335
681559
665366
698104
668343
665367
684248
667574
663703
680887
659895
682455
680215
704760
709368
701560
682487
700408
675895
670358
683607
676983
664790
731193
672631
701783
674967
683575
713144
675063
676087
692503
689431
674615
671543
705272
693495
678071
667863
693176
702008
717848
675255
677718
672983
684375
676982
698296
681623
681687
719545
682967
682072
682040
671351
675575
711352
681143
694136
675671
720376
699192
675831
698552
673239
683799
673559
701144
668247
716408
670263
665687
700599
668599
673910
686455
670839
673271
673591
662007
688375
666391
673910
694871
668183
670806
695448
672695
668822
678391
736825
674647
667159
662647
685239
659126
672023
694424
655222
661719
673111
649974
658518
674742
660886
660598
666775
656150
672471
656950
655350
699416
679735
731193
692600
722041
672055
712856
668470
693752
682455
727705
694519
708696
666871
708440
672407
695895
684887
674359
688215
677015
686391
669782
705784
686519
699480
715576
704248
673239
706296
671287
706712
668342
688408
676375
707320
676407
661783
692472
674391
666038
679191
665974
664023
668087
677239
698072
678039
670807
698392
670999
662519
675031
666807
682263
707640
664535
705304
672183
672535
694328
699672
673462
667063
657719
674775
677431
667735
664823
700056
676087
701400
684791
676791
725721
675671
673943
690616
701112
762746
670551
676087
699640
686935
673143
698648
694008
683895
676054
671991
698327
722073
709016
692727
682264
676438
676087
668502
664087
728825
678519
712248
682519
677686
701079
686520
688887
676599
669335
712216
675415
670295
695032
703864
673078
689207
674710
686455
674519
668567
695127
688951
715768
706616
676631
684183
688311
691223
670519
678935
726329
709336
699895
680759
700056
685432
678647
699384
673591
672343
681399
676951
693432
681975
672919
707320
677687
677559
713368
664791
666454
677079
674807
729241
679831
684535
710457
664631
671062
699735
666518
673175
669558
686519
697911
672087
669911
698807
661046
711224
683191
709656
667991
666455
662454
694008
664951
676663
711192
709240
670711
667223
672759
705144
666871
666839
703799
669143
699767
694711
670422
677847
671446
699320
733721
666103
668919
720504
682775
728761
681463
702775
674550
701144
676631
745497
671894
665335
724568
707544
723512
694968
668598
663574
687799
680375
698040
680407
663734
689815
681943
694743
737145
671319
703576
666678
668054
684440
665751
699959
691608
693176
733817
714328
675767
750746
677399
669111
691223
682999
671095
678295
680247
690839
710296
674647
710648
698008
674679
672055
703800
727641
678038
677047
694583
706040
723160
691223
681495
717240
676086
668182
674967
686872
756026
710136
738681
700120
691287
673143
667670
715545
700856
707928
687863
686903
715545
677527
678615
691960
679671
675958
672727
672823
695031
699800
668663
693143
732536
672119
684023
677111
671895
670422
713784
712377
674934
740217
684439
670806
675287
668151
671191
699288
712696
678679
725368
674263
731960
725337
702264
719193
681815
673239
712856
754521
673527
695639
681431
708984
682359
681751
687288
670807
671670
708184
674967
700728
712057
679735
673271
683799
712920
698264
768538
682776
692184
675351
719481
676215
672727
715960
668663
678455
699095
701688
726841
702776
699928
667894
699512
671767
695448
677911
700184
691287
675255
685175
728121
672791
703063
681271
677335
703416
705592
669143
684215
670679
686903
681399
676599
693783
685175
675799
696792
666167
665750
691287
678295
678167
674039
668310
702840
680983
671063
702360
684279
681335
682679
696856
673367
674263
665975
714520
673078
679479
728120
737049
698775
685655
667318
678295
670230
675159
770170
663606
724824
701368
708056
676695
677719
685527
734841
679159
667735
696535
718200
688951
674742
676663
664887
678903
672055
708984
687095
666198
695256
676822
676855
680343
675030
670711
752698
670903
708216
675767
680663
705240
678871
678615
687223
669591
677142
710680
688760
697591
673655
708408
691351
674806
674134
684119
681463
663190
667158
663990
683511
669431
659767
719192
704024
670487
685431
670359
702583
667511
672535
721656
668758
662327
694039
732793
692056
681431
701048
676631
680823
701912
694839
686679
700567
715224
700376
719704
691191
685880
695767
697847
664887
691191
696120
681015
686167
678871
674103
739609
670135
712408
676023
680279
699544
672695
665654
688087
713080
695607
671799
666487
688792
678487
670070
689816
697080
675511
699032
675223
685943
689495
701111
746649
673271
677623
768090
680951
682967
677111
661303
699128
702264
667895
695223
719897
665750
715480
712729
744601
666071
672023
704023
671831
672727
709752
686712
669271
670519
669879
666838
671639
677111
778490
685943
666679
710681
677303
709496
677495
722969
721112
747449
726360
710808
742713
788570
688919
670871
701976
675031
685783
693719
665718
664119
691640
674103
718137
698840
682136
670007
706104
725752
708728
675351
677623
676631
692376
669526
673046
701400
678967
683671
735065
703512
680631
701655
708952
701464
681751
716472
735385
702360
689911
670294
700984
672823
661271
714104
686999
679703
685847
677463
701848
684120
681431
717912
685975
674550
675671
673687
686903
669814
666135
726904
707704
729305
681911
671798
670103
737305
678775
719544
669814
694040
690743
662070
668279
698871
663703
701880
679319
677943
714008
714841
681879
702807
684887
707544
676183
669878
668823
676375
693592
691511
669526
673655
719449
677751
670615
683447
671670
663287
670230
741657
707320
681239
738905
673654
665591
706391
676278
672567
667031
675223
669111
694839
672150
707992
683287
669943
662999
678423
670391
680023
693815
706648
777883
675351
667574
674903
668727
738841
667062
669239
700024
684791
664631
737209
678839
737657
677527
666231
664086
667766
659094
723513
676471
666071
699064
749434
678999
691479
673047
724217
675511
692567
706040
687640
692375
698231
699576
702040
693175
670807
708344
680759
669046
713592
676631
680727
680663
742169
704856
686807
707384
726905
665558
666231
716344
677175
667351
719480
679479
756186
670870
666518
689879
675222
667767
687928
676535
682487
674902
715480
682551
669814
674807
762394
664375
667382
698135
678775
662262
701656
667831
698167
674359
708536
698551
690871
666614
681879
743577
703703
707768
696152
700599
671830
672471
696343
695608
669367
662711
691575
669207
675159
705400
694872
728985
676887
694552
674999
726297
669175
672055
668823
683639
660182
711576
753754
666934
684087
728441
665526
665782
680055
688375
670007
701592
709592
678359
716408
673590
664471
673335
666390
671703
700184
675351
668918
701655
665142
668823
673431
680887
670455
737721
671351
696247
695832
664951
693943
676695
695352
698072
714008
662870
667703
685207
716600
671382
672695
735417
714968
672055
661559
671607
696856
677815
667286
715832
676279
679351
673078
710360
678615
680535
662743
698616
668951
666711
695320
712760
700984
676695
673879
680472
682583
674231
725048
681879
666422
695288
723416
673750
669591
675767
672439
680663
669078
695735
669335
676983
705528
671351
678679
700760
680152
666455
667607
720344
762106
672567
704568
741433
675895
680535
732345
668087
672151
688087
670422
691063
730456
665238
690296
683991
720569
676727
678071
756378
669175
709560
686264
677815
655606
664438
661175
655094
668343
676599
693463
670103
669687
700983
679415
661335
663863
666550
661590
667094
658134
726201
691447
636949
645077
640309
623893
653014
634966
634518
663511
630678
623477
645334
607061
615413
632629
611925
606165
657782
615381
613269
635222
685271
620629
642358
623797
626390
636182
620373
625205
637590
611285
613845
636374
619381
617365
698680
654870
615957
616917
624693
611861
614453
615476
606901
613397
623957
617109
613941
622677
614901
614901
617557
611316
615573
613716
606068
605844
614837
607508
621557
618357
611413
611476
619061
612980
608789
636278
619733
607605
640950
608117
604789
644598
619189
622869
645174
622517
607221
635446
609109
611285
643158
625205
606741
633461
611253
608341
649334
612053
611285
644278
622901
618709
649878
608277
609524
630742
613908
620085
643093
615060
608340
608277
618741
608308
609044
616341
620437
614165
616181
614549
622966
603924
614549
610580
615925
613684
615605
630486
610868
608309
618069
609812
609716
628790
613716
612245
622294
619733
621237
632246
625366
622357
633589
627157
625653
664502
631125
623702
645462
613493
608693
635477
609749
611412
649238
612660
619157
638614
615349
623958
656503
622581
621397
650902
621077
622134
645718
616085
612405
637782
615797
617397
632373
616181
606741
613717
616853
609525
609781
618453
613300
619989
624117
618581
623158
617396
610229
612884
623445
620341
614421
620597
605845
605940
615125
608565
621301
1688633
786107
734777
708024
697431
680599
703479
670679
740121
689879
695416
700344
713016
667318
724505
669015
669334
704440
673143
671767
677911
662935
709304
670743
673591
701239
703864
677655
688440
671606
723128
686552
679479
686871
670679
670007
701304
681623
688791
690840
689464
683063
692952
737337
706136
755706
719640
700984
720440
709112
767290
664919
712120
669687
720248
668983
694167
700472
735065
693464
711576
720249
683223
668502
681047
677751
710296
681527
687735
665111
676055
690967
665207
666039
676791
661270
656758
667926
668887
704184
695832
666455
729977
695063
673143
689847
664215
672214
673559
666551
687511
694135
678359
709688
681911
667222
667991
663894
698744
697272
676791
692087
684599
787643
705656
685911
674262
681272
698743
681591
666775
666102
754874
733017
694679
695351
671127
671798
677207
673079
743001
682839
675639
674614
679607
729688
679351
670231
694551
675927
677815
705912
710616
695735
690743
734777
671703
721561
670550
756345
672023
666071
729209
674231
664855
677175
757498
742585
671574
699544
674839
674070
671671
679671
670295
676983
676119
702648
712152
678679
689592
811868
677558
666678
663575
689303
690935
662742
717400
706968
700184
665366
671927
667830
674359
679959
664983
705368
718680
675031
726009
669047
697751
697240
884222
798907
684183
710296
684855
680727
731833
689079
670711
694871
685368
676598
702456
679863
678903
706616
681143
680983
704504
688055
761754
690007
717624
714457
684055
670231
740633
677335
716344
687000
720312
701976
693816
724217
708984
669591
688792
677335
722841
708696
684663
713048
689944
715544
742777
690328
714680
697687
678519
674966
689111
685208
675543
704503
671735
709816
675382
697816
686327
674679
699479
724121
692567
727833
664919
735801
689879
668118
738521
724921
699064
708184
668662
675095
689464
666071
678647
683671
680279
670999
699992
666455
688152
672054
699128
690071
665751
679511
683799
671767
677655
673335
701208
696248
680151
685847
704791
737369
681335
691959
709112
742393
709464
669367
733209
666615
673559
675127
663926
701592
682135
675447
683864
675191
660982
706808
691767
668951
673591
683639
723320
673206
668023
720920
707768
728280
665750
663254
677815
702456
671191
692919
705208
680247
690807
671735
661334
670230
719352
697496
672087
675318
683031
671638
662678
693368
664182
704503
728409
710488
673975
721304
674487
671639
733561
675351
685463
667575
672023
701656
712696
681879
688215
671031
753465
732504
686935
701560
713848
771386
678967
682871
766426
692632
669943
708888
722233
692952
669430
665846
710904
677143
686744
740409
698360
764921
735800
688407
692279
676375
738969
703288
736152
690840
664470
703863
707352
696888
673334
680279
706040
694232
679895
675799
673558
715640
682040
693591
700888
665750
721272
684727
666550
702391
676791
716056
682551
690487
696152
677238
777306
821724
682936
734969
688311
690391
694872
688951
691640
684952
698935
801179
704536
706392
703832
696952
696791
701432
702807
739001
726105
698999
700856
695415
700696
710392
706616
708440
715576
706904
730776
707544
747033
710616
744633
686231
680279
732089
720952
766170
686295
700888
677687
689304
701912
702424
709496
667702
692535
676182
689912
676087
675447
704536
681687
677079
715449
751897
738681
699736
686263
712952
704536
674999
706936
700439
704120
712664
673079
702424
677239
680407
712696
713080
747993
683991
680567
726617
721592
706136
695992
669303
688887
677847
715192
700855
709560
675735
674167
659350
655447
665271
699928
703096
707000
691991
697496
730104
713112
769594
688696
694775
670839
669079
696056
671318
686743
736345
703991
701688
681560
683031
717080
672566
682712
708632
700280
720568
944640
680119
641462
623190
648022
628053
613365
646614
625078
618101
650999
623125
622325
652534
625813
619413
633942
613749
604212
634549
619445
619701
648470
634166
622197
640341
614261
603477
604724
618325
605652
613557
622741
613173
614645
621397
622742
610004
615477
611029
605301
626165
607125
613653
619221
608181
618357
635445
618133
614261
626517
616373
605556
626197
615541
611349
640149
617749
618836
657527
629557
611093
638166
611061
607124
631733
608148
607349
640661
609301
607477
628597
614805
605748
628917
611765
604981
653270
608149
604852
626677
608852
621621
624373
625269
610101
615988
625013
617397
621493
627093
618325
619413
616757
603637
614549
621461
611125
605749
614965
617397
615349
625525
623957
619733
626677
630229
611125
612949
610228
618388
644342
613013
620501
652214
621077
614741
643606
620661
614869
631957
606581
609044
635670
605044
606645
629877
613013
611925
627349
607637
626038
637493
628662
609461
640790
619477
614069
613685
629365
612949
614869
615861
613237
611573
612501
607765
605941
613333
607252
609461
621973
608341
614197
624053
617429
612725
628437
616597
610420
626454
613429
611765
637429
621109
620917
639030
608373
609620
640854
610261
605620
635574
615861
611796
634902
608948
615796
641109
618421
623925
646838
616277
624917
640374
628854
619893
641110
610037
604244
630197
613461
607861
617141
618101
619893
619765
624245
626645
608852
613333
609589
604500
611957
605332
602228
620149
603220
616724
614581
600884
605684
630805
613173
604372
639542
614037
611989
638901
623381
604404
641877
612949
615253
640117
617781
617493
645333
621621
617781
636118
613461
615381
642549
616117
608789
636341
618869
611445
610164
619509
609748
611508
615701
616597
617909
624053
621365
619861
630133
622613
627957
629141
625429
614453
622453
614133
609204
611797
610644
610580
631733
610133
613333
626069
620213
620309
623093
612500
607701
650774
612437
614804
640918
615061
613909
639894
626325
613141
659638
612821
605621
631254
610421
606228
629781
608501
623445
643478
610357
608436
633909
609749
613717
632341
617876
617013
644886
626421
628150
636822
614292
615348
633685
622165
616693
621013
624949
624213
617237
623381
616117
622005
624085
613557
604405
615189
612853
612660
621141
619477
618677
620149
612213
603988
623861
617300
619893
631414
623253
628885
644374
622837
617396
624790
612341
609525
631638
613204
603573
629430
611796
612405
638710
603156
600181
633333
610997
607700
629142
610741
612053
643990
616117
624726
656918
626230
613365
646070
616853
618357
616245
622229
613204
614933
613749
615797
612756
632534
612405
610325
611701
618805
615925
621269
616436
617524
637942
618453
615092
621717
614964
613172
621941
621749
621910
625846
621333
618325
622389
615092
619509
623669
634038
621333
630870
624533
621205
627253
616917
618997
624277
620245
617397
651446
615925
616020
647510
625781
620949
655062
618709
612597
641046
614357
614645
651286
621269
621109
647510
619925
619669
654871
613781
614997
648022
617461
613332
648438
622677
617781
640950
621973
622709
637717
622133
627541
652342
632853
624469
622197
626934
624533
619381
623381
612213
611349
617397
612629
609013
618037
614261
622997
620949
616597
619061
626037
616052
614388
630230
619413
623637
631349
618389
621045
624277
622101
618101
622517
611189
611221
614004
613460
608596
635382
608500
613173
662327
618517
614197
648054
618741
628501
645142
618037
619061
646486
617269
613076
636021
610804
614388
636789
616917
609493
642550
609845
607125
647574
617717
606581
637622
612469
611829
629590
615669
617749
664087
619541
613588
638005
613588
606484
630357
618261
621813
622773
624053
610613
610197
614389
616181
615957
617780
613972
627445
619573
613428
605941
624437
614293
614805
623477
611925
610261
618229
623605
611157
620469
609813
612180
618965
611956
605013
640277
616597
616981
651286
616468
612117
642326
621205
610932
646741
617909
608501
631606
606420
613845
642390
616917
622293
639989
620181
625269
635413
615317
614645
636790
615701
614517
617877
615508
624245
626165
628085
611701
617493
615285
606292
608884
616629
609973
609237
613492
619061
614869
619061
613108
613748
616213
612213
609109
617717
610357
613013
621685
614228
620117
643510
614613
612469
642070
612884
614581
636214
611925
608757
634709
612821
605749
636598
606804
605940
637110
611605
610548
645910
617301
616181
644278
628342
617525
645974
614068
614485
612885
624245
612085
617845
621077
618869
619445
623829
628117
616757
623957
616533
613141
622837
614453
613941
635413
618293
606389
625685
620533
621045
622485
626358
619989
619093
610037
621333
635126
611092
610548
633110
612565
608597
649654
614964
613364
638262
613397
614164
640117
614101
613652
632822
613269
617205
643638
637045
626453
645846
630421
637174
652022
626517
624949
649846
611412
612244
650262
620533
614965
636949
617653
621141
646230
629493
622550
643829
626550
623830
626357
622613
622133
617524
611732
613685
610613
618677
614773
614644
622965
630517
622645
619252
613941
618260
625013
616821
619093
628853
619381
615381
628917
624181
607252
609781
606229
610996
641142
613237
618229
648278
608692
603669
632117
606261
613045
642838
622549
617045
660247
613812
607508
630998
609460
609877
637750
613940
607252
642934
623413
621269
646005
623637
617844
633621
616149
604596
614964
617525
613301
610101
618005
616117
615317
612500
604596
605428
619509
610357
606516
622677
609268
606356
624118
612085
607796
610965
608404
607381
613172
621557
617845
623445
616949
619093
634454
614421
618837
618837
619861
616757
623317
614836
620885
652342
624981
621365
649782
610804
619828
641558
617301
615156
649142
617045
618805
652342
615669
611060
634326
609973
603316
637206
610837
613141
633462
609524
610421
631445
637654
618453
615060
614357
613525
615349
628533
617077
620181
615797
632213
620757
622453
612597
611829
620309
617364
616661
634421
620725
614997
626837
618965
618901
631574
613428
616437
624277
618357
618773
627990
611956
616565
639446
614549
616757
647222
625109
617621
657878
622453
619285
643702
617909
619157
648630
624405
616724
651926
617237
622101
653334
624309
615861
629685
613204
618293
642678
618165
615348
638165
630997
623413
645238
625973
613301
642102
619029
615029
641909
621685
612661
635702
622006
628053
649110
626389
621461
645238
621813
621845
617301
620085
622005
618069
628245
630261
619605
622261
615221
615989
617365
618580
620405
620949
613621
610517
615829
618997
616405
631894
621749
620149
638165
613620
626325
622805
612052
615028
626005
614613
621845
626837
618741
614965
634421
620213
619381
648086
620469
623733
657463
628854
617461
644310
624085
618773
652342
625430
620565
651062
624405
613045
643606
615700
610613
638582
618485
633910
648213
610868
622293
639254
619445
616309
644662
626485
623158
651446
626741
627253
645942
616181
617653
636182
620629
617717
647414
624437
632757
613845
629877
614901
644758
623829
616309
614357
623157
610453
615125
619157
612917
617557
620661
614421
611125
622261
626037
610421
606836
601876
608661
612436
612885
621045
613717
602741
608372
618677
608917
601108
614997
604853
605908
646230
614453
607125
650390
612917
616149
632693
615637
613205
657238
617781
615125
633973
609781
616149
632885
615284
615189
642582
613461
614069
639605
619125
619733
641205
623125
615861
658870
618549
606133
607284
619413
614261
614805
626965
609493
607253
623317
621749
620597
629077
622421
621077
628054
622229
624021
629366
617269
613237
627445
610197
611188
613749
606293
627221
628853
611893
617493
618996
619477
616853
646006
615477
614997
642134
623989
623733
654838
608373
608757
640501
616149
614165
645206
616213
616821
645814
623381
613300
649622
615348
619605
647894
620981
616917
658646
613525
618005
650454
623542
619445
660854
615989
614869
635957
621493
617204
644662
626997
625493
654039
626101
620629
624181
620821
612724
611061
618996
617461
617813
634325
620021
614165
623125
620021
612981
622965
614421
611125
626613
626453
622229
624469
619477
622133
630933
625781
623029
624277
614389
616405
629237
620181
628053
654486
613652
607701
646294
618389
617077
646166
618325
621077
651478
619701
606964
643350
617077
616629
647094
622037
617109
654423
620309
626838
663959
619957
615477
652919
621717
618357
638774
616981
619957
656566
616020
607540
648086
620373
614261
643862
621685
615637
653206
621461
622485
660407
617749
613109
615796
628117
618805
620309
622933
621109
614837
622037
614869
616533
616821
619669
623413
624117
616821
614645
620565
617749
614133
627861
622549
613941
615828
611413
615444
628405
613333
612789
625877
615893
612021
625941
607541
617621
639189
617973
613813
649558
613876
619509
648662
624405
616564
652694
630005
627125
679287
620021
620277
657975
624533
625173
646870
622005
622197
642070
616853
606260
640534
621077
618389
634198
620533
612149
631637
622517
623861
621237
634454
627605
615989
626901
622453
624629
625974
626485
624533
638230
625653
626933
626422
619765
620949
628182
618101
619541
623829
622581
630005
623349
613876
624405
632886
621845
626741
634709
624373
623029
628853
613909
613204
623093
617973
617428
627317
619733
607637
615732
610516
612085
638101
611797
613269
648054
610421
611509
640790
615444
612021
648278
615925
627861
647062
612469
615221
635925
610741
611381
637973
615477
621621
640981
614837
614132
648150
621845
617269
640309
630261
616597
622389
633909
617077
615381
624629
616021
621397
624789
618997
630294
625429
616821
618261
626389
627670
630357
631221
622869
619893
634166
625941
626997
625813
619797
615029
615317
612949
611989
631830
615892
614229
622741
622805
612213
647766
618901
611765
651350
619573
615029
652694
613461
618100
651510
625622
615540
649045
609141
629941
644534
620949
615477
645174
612245
614101
651414
620885
618485
651286
617301
621109
645078
615541
626773
650486
623925
621301
641814
620917
619925
644758
619989
620821
649110
625845
622517
645046
613973
610773
601685
608213
607668
611829
613653
615957
618485
632630
619829
614709
623541
618165
619765
634070
620501
619444
634229
624277
615957
630902
622549
608436
626773
617621
618805
628757
615829
615445
623509
619861
626485
627253
614613
614804
625557
619253
616853
653366
623510
631317
641941
611092
608501
645781
615348
617364
642582
622869
616405
660054
618901
615733
647766
616149
614677
650646
622037
619669
659318
624758
624021
652214
625878
624981
656567
610421
605397
646518
621173
627861
640278
615445
624373
646198
631478
624117
611764
621141
617332
612757
620085
620789
618037
625045
620181
618037
626421
620725
620789
617941
612053
611829
619285
613877
609332
620245
616628
610581
611669
605877
609268
624469
613556
612629
653110
616885
615956
628149
601780
609652
634421
611829
603541
640278
607956
623605
630645
607445
607861
632085
614101
606901
637078
609045
607413
634262
615828
607541
633110
621685
605653
602580
604852
605812
609269
614549
605109
612948
616629
623797
615541
622645
612661
613173
628278
615125
616917
623573
614869
609141
619093
614197
618517
625045
618837
613685
627477
607412
602965
638165
610229
612821
638902
616405
613941
640438
612341
609365
650806
629077
617013
641238
614773
609365
641046
623413
610004
647894
609877
609012
633110
607284
609429
635285
611861
607956
653046
616501
618325
652214
623221
615124
637782
617748
618644
619381
625749
623957
616116
615893
612245
609429
610549
613525
615668
619189
619893
623029
629558
617045
620053
626229
613013
613109
626677
618293
616885
615605
614196
612853
627477
611605
617141
634678
624181
619925
642870
621653
623733
650486
624117
625845
660823
623765
621653
653174
625077
617589
645974
633974
623509
651414
616469
616661
651862
615765
617685
644470
618581
615509
651062
613813
616564
632822
619893
610004
640246
617205
617813
651414
617685
617173
641141
619733
618453
609045
613525
605749
608949
626901
613109
608981
619541
619701
617397
620341
629941
619061
629014
621493
614389
625814
624789
624085
631638
624053
619573
620853
614516
616789
624565
622741
628597
631254
626005
624405
635414
615540
611956
620405
620245
620181
648822
622453
617685
647926
609013
611797
639094
609397
610292
632117
611412
607444
649910
627285
615573
640406
607412
607221
635861
607765
604372
640437
613748
612629
650550
624630
620725
621589
622741
621877
618837
622325
622805
619445
630133
627445
639253
619925
607285
601556
614613
608756
608532
614485
609269
619637
615285
607700
608629
616917
608917
609460
617877
613013
616021
640405
616404
619349
641494
612821
616533
642806
617461
612565
648502
618869
618229
659063
617589
614325
651190
619989
608565
638069
610549
612853
647030
612917
616661
640118
622134
617621
637494
612244
607828
636406
616949
618037
636854
617685
619573
622229
625845
619349
612245
620726
609077
609909
609972
606708
606261
614709
605108
605429
613108
612724
616501
624054
603573
608980
613941
612821
610132
624245
612212
613173
642262
615701
621589
638774
607221
610005
649942
613909
614901
644885
619477
632373
639350
607924
602645
637398
611060
608212
633078
615476
613492
637461
611476
623446
645045
620373
606932
611029
619317
606229
610324
611765
613301
613429
621269
614549
620245
625014
606836
613044
612053
614517
614997
628405
617461
618805
616245
614549
624085
616917
609365
622325
618101
612052
612628
628469
621461
612852
616277
614228
609909
647670
614837
621141
652790
625621
621333
644118
625557
612405
645814
606644
608149
642742
613749
612437
647766
621141
615381
656630
619413
613716
637494
614773
615061
636853
615733
614037
642998
628789
612981
651254
618709
614836
635958
611476
612180
647702
617013
620373
612436
619221
616628
612980
614197
603956
615605
626166
613045
619221
622261
623029
641654
621621
617877
610709
619637
604789
608564
619477
609813
608789
617556
610228
611540
636213
616181
614805
622709
621749
614709
651127
622613
626869
667094
633941
642710
643414
607796
611092
645078
625237
621269
654518
628149
623317
649750
618197
626677
646261
610165
617589
642678
614741
613141
643125
622389
611092
647606
613781
613301
638485
620949
616149
668182
621237
617205
639062
624469
620053
655414
624277
621941
649142
625973
630166
666551
618069
613524
610741
610965
604692
613268
622549
617653
610516
624310
609813
617173
626774
622805
626037
624565
624629
623893
627414
618261
619125
622965
610069
614580
626134
622005
610773
628629
614357
615637
631734
619477
613652
644342
621141
618453
641557
609205
605332
647350
610517
611797
637845
612020
610421
640118
608500
614005
642998
613524
608789
648437
624181
618037
639254
618389
615701
623893
624853
619316
616981
619989
616533
618676
627766
609685
613045
613749
607796
614453
616725
616053
614549
625685
621237
614645
615572
631637
621301
631541
618260
620885
623829
613556
622581
632022
627317
626837
629781
616341
609844
625461
615093
613045
641686
614068
608820
649814
628149
617941
640278
610005
610004
651638
617045
606964
643382
623669
619541
644214
622997
621653
656854
620757
615989
644406
617877
616852
646774
626773
624437
640118
616053
612821
632405
620117
619733
615413
621302
615220
613941
620757
611829
620885
619413
616053
612404
618005
615413
617460
621654
614997
621685
624085
613685
614133
625781
617716
607828
630069
619381
622485
636502
626869
624021
629878
619797
618325
654870
619125
624021
642614
619509
619861
647957
618357
622965
644726
607828
612053
640406
612500
611253
641974
628213
617684
662134
617429
610645
633814
608885
606996
638229
611317
611765
634165
611605
642262
644918
618869
616405
629845
619189
611317
614901
621589
614356
618772
618933
622005
621461
621077
616981
613781
629270
613492
616853
620149
622261
613141
646518
618741
608821
619893
607700
611156
629749
611381
614325
625973
606581
605972
623381
611861
614037
637013
615924
611861
648406
615060
610996
641814
607380
607989
641845
616341
616373
639926
620437
619893
649942
613493
607636
642582
621845
608276
633845
614485
610485
652694
611508
621429
616725
617653
611604
607861
624213
622645
624725
618549
616085
614133
617589
615509
617589
626421
620149
618421
630389
621557
619797
627477
617589
