130564
42273
32898
30369
29793
28193
27585
26913
26528
26817
27169
26337
26273
26337
1044548
35682
39138
32289
40833
33858
38689
29569
32353
27073
29569
25985
29953
26593
37313
30113
33185
27393
44225
29601
77859
33985
58274
30369
36449
27969
64802
31617
46722
30433
30465
27969
76867
33985
29601
28833
27457
39137
28097
28833
26817
28545
25377
29153
27745
28225
25601
27937
27521
27585
25601
25729
24961
27457
24960
29217
25569
27073
25633
62946
31873
41025
29729
28609
25824
28065
25121
26785
25153
26753
24929
27489
25057
26529
26465
27137
25121
26977
25120
28609
25601
28033
24704
31105
25985
25121
27489
27200
25633
27040
25120
26881
25441
27393
25121
27809
24673
28993
24864
27777
25921
33601
27681
28385
25569
32417
27585
30753
26721
29889
25921
40129
27073
28833
25345
28609
24737
26913
24257
28929
25441
28097
26145
26817
25793
25408
25889
26977
24961
26273
24961
30145
25601
32705
27905
25665
28353
25505
26913
25025
26561
25633
28609
25376
27649
25824
28993
25953
28513
25568
28673
25953
29121
25825
28065
25281
33633
29601
27169
26817
26785
25665
27841
25633
27873
26721
27809
26721
29313
24833
26337
24897
27232
25889
26849
25057
26721
25345
27136
26817
27649
24801
27969
26529
30625
26017
26337
24865
29089
25249
27809
24544
25985
24993
27329
24897
27457
25569
28737
25857
26753
25473
27201
26209
29441
25441
27361
26337
26849
24832
26913
25345
27681
24832
26529
28801
26016
27201
26177
26337
24385
25185
25057
26784
24801
29025
24960
27041
25409
28641
25601
29377
25313
29121
25377
43137
27521
33378
27168
42785
29345
89027
38082
79619
35681
36130
28705
64930
33857
28193
26177
27553
26241
27649
25665
26977
25248
26817
25088
26945
24737
26208
24833
25505
26049
26689
24705
26945
24608
26081
23969
26689
25313
26209
24193
27009
25121
27361
24928
26465
24608
29569
25024
28449
27201
42530
24705
27457
24193
26849
24897
28193
26241
26849
25089
25729
24673
26721
24993
26785
24352
25281
25312
26593
24096
46594
26913
26785
24417
26912
24609
27009
25184
26913
26497
27201
24609
27393
24545
29217
24961
28801
24865
27297
24353
26465
24673
26656
24449
26753
24096
26209
24224
29473
25089
26529
25345
27393
24896
26593
24992
26337
24224
26753
24833
29441
25825
26081
25409
27073
25057
40897
25537
27169
25441
26305
26817
26113
25152
25217
25057
25249
26849
28545
25025
26145
26048
27361
27041
28641
25921
26592
24641
26881
26625
30881
26337
25024
25217
26721
24640
27041
24929
28513
25409
27457
25793
28737
24833
27041
26017
27073
25185
26401
24993
25697
24641
26849
24897
26881
24961
27361
24929
25057
24481
27457
25313
26720
25185
27105
24801
26817
24129
26561
24992
28833
25185
27041
24769
27937
25121
26817
26209
25921
24129
26881
24865
25377
24577
26977
24481
26625
25729
29089
24961
28961
24993
26913
24609
26689
24321
26753
24896
28705
24865
26593
24289
27905
24609
62690
29793
48321
30689
36673
29761
28289
25857
39201
25857
26625
25441
26945
26817
29633
26369
27041
25185
26880
26305
26625
24897
27137
26209
27137
24833
27393
25441
26401
25505
26721
23937
28321
25408
26337
24897
26560
24705
25569
25377
26592
24993
26849
25089
26561
24640
27041
24544
29217
25185
26689
24673
27169
25985
26881
24992
29345
25057
26369
24417
26497
24641
26657
24961
26689
25377
27137
25121
27008
24833
26689
24673
26465
25089
26753
24065
26177
25217
26465
24480
26657
25729
26849
24609
27169
24961
27361
24705
28321
24801
26881
24704
26401
23777
28449
24385
27329
24353
29089
24833
26977
24449
26881
24737
27297
24385
28193
24481
26945
25057
24481
26977
25152
27041
25505
26689
24864
24961
24864
26913
29441
25024
24385
27393
24225
26337
24801
26721
24833
26753
24704
27297
26849
27073
24705
27265
25057
27265
25217
27489
24737
33729
26913
31041
27137
29441
25185
27201
25248
27489
25249
27361
24673
27393
25792
26657
24513
26881
25889
27264
26785
26529
25185
26817
32161
27393
25696
26497
24897
27233
25345
26945
24609
27105
25665
24800
24193
27137
25761
26657
25408
26305
25056
28929
25153
26497
25057
30049
24385
26945
24833
26689
24577
26657
25152
26785
24897
26497
25248
26369
24993
26753
25057
27041
24545
24865
24577
26561
25761
36929
25057
26625
24961
26561
24513
35681
27041
30497
26977
29569
25984
25121
30145
26657
27937
25760
26817
24769
26433
25729
27137
26593
28833
25249
26817
25313
27617
24993
28769
24609
26625
25281
27425
24385
27105
24737
27488
25153
27169
24481
26625
24961
26881
25249
26401
24801
26593
24225
27969
24673
25633
24896
27681
25153
25313
25697
26657
24417
26528
25473
26465
24865
26465
24417
27041
24801
26593
25409
24513
25089
26529
24929
27393
25248
27073
25025
26945
25121
27457
24352
28289
24256
26849
24065
27009
24896
26977
25056
26945
24737
27041
24352
26592
24609
26849
24032
26049
28225
25473
26849
26017
27233
25249
26753
25281
25472
24801
27264
24609
28961
24929
26913
25025
27009
24705
26785
24641
26209
25473
27137
25057
27233
24801
27649
25473
27009
24320
27009
24800
25121
25153
26977
25121
28641
26433
26593
24929
26177
24545
26593
25313
27297
25505
26560
24609
26688
25025
27008
25249
27649
26017
26849
24545
26977
24960
26625
24673
26881
24320
28513
24416
27137
24897
27137
24000
26977
25665
27168
25153
26785
24993
27073
24289
25281
24705
29185
25953
26401
25665
32033
26913
29889
27041
30977
26113
30305
26336
28897
25633
27585
25825
27873
25953
27393
26177
27553
25313
25537
24673
29313
25761
33154
27169
29089
26017
29345
26881
28705
24992
27073
25249
27137
25217
27073
24993
27169
25601
26241
26401
26977
25121
37761
27585
34657
27521
31201
25665
29697
25344
25377
24929
27265
24449
27137
24576
26241
24801
26657
25665
27329
24417
26337
24833
26817
24897
26433
24609
26209
25761
26977
24897
26369
23905
27105
24705
27073
25185
26625
24609
27137
25217
26977
26945
25153
25409
26336
24961
27393
24801
26497
25409
26849
25057
26753
24865
27041
25153
26209
24481
26209
25025
26241
25313
26209
25921
28577
25057
27649
24736
26561
24641
28513
24705
26977
24705
26433
24801
27137
25409
29121
24833
27201
24641
26273
24609
28257
24961
26624
26177
26657
24577
27521
25025
27137
24897
27233
24832
27169
24705
26273
24513
26145
24833
26337
24993
27169
24545
26497
24673
27169
27265
27361
24577
26753
25793
26945
24609
26849
24353
26785
25312
25280
24257
25569
24801
27041
24705
27777
24769
27137
25217
27233
37793
26689
25440
29281
25088
26657
25057
26753
25153
26656
24705
26816
24833
26849
24705
24481
24289
26241
24641
26369
25025
28673
37506
28865
24929
27713
25153
26945
26049
27009
24960
27425
24865
27072
26401
29473
26593
27265
25505
27041
26945
26625
25280
28801
24672
28769
25057
26753
24129
26561
25120
27169
24897
29569
24545
26816
24225
26273
25089
35329
27553
28929
25441
26433
25665
26721
26081
32513
25889
27488
25761
27617
25505
27041
24928
25825
26401
27105
27553
25633
26785
25857
27233
24609
34529
28993
31905
26625
28353
24737
27873
26273
27361
24673
27169
24960
26816
25377
28769
24545
26497
24801
27201
25345
26849
24417
27297
24545
27105
27521
26721
24673
26241
24321
26657
25057
26721
24513
26625
24449
26305
24577
26753
24481
25537
25248
26529
24513
27233
25889
27009
24705
34465
27521
28513
25409
26785
24769
26721
24545
27553
24961
29153
24801
26209
25056
26945
24801
26625
25153
26817
24961
26177
39233
26913
24033
26849
26113
27233
26113
26817
26305
27649
25409
27265
27265
27265
24897
26881
26305
26337
25697
26752
24481
26273
24225
39617
25025
26305
25025
26305
24001
25537
24769
24417
24769
26497
23905
26593
24929
25249
24865
27105
24449
24865
24800
26177
25377
27265
24865
26593
24832
26689
24800
27553
24640
28577
24448
26912
24449
26977
24577
25281
24641
26369
24512
26720
24801
26721
24609
26977
25441
27553
24321
27201
24961
27361
23937
25761
24385
26881
25185
26785
24737
26721
25248
26817
24897
26529
24801
26657
24577
28673
24705
26913
24833
26721
24737
27329
25152
26657
25089
27041
25537
26081
24705
26689
24352
25280
24641
27361
24257
26817
25408
27233
25057
27040
27137
27457
24801
25057
27009
25185
27777
25153
28321
25121
27169
24513
26241
26465
27169
25345
26721
25313
26017
24065
26817
24512
28321
24545
26337
24608
27137
24737
28641
25121
26177
24928
35361
27265
31489
26497
29729
26209
30369
26465
27777
24993
26689
25153
30113
26337
28897
26017
31009
27233
28673
26657
29985
26593
27169
25633
25569
25121
25793
25249
26721
25601
26465
25505
28929
25313
24865
24897
26753
25632
26688
24961
26785
24609
26817
24769
26529
24801
24833
24929
26113
24993
26753
26433
26721
25057
29121
25313
26433
25153
28513
24321
26881
24161
24577
25537
26881
25281
26784
25185
26241
25729
27137
25345
26561
24897
26721
28161
25697
24417
26529
24961
27393
24993
27553
25697
27329
24993
26817
24448
26784
24481
27105
24481
26977
25057
27233
24513
25441
25057
27329
25057
26881
25633
27041
24961
27137
25249
28577
26689
26049
28001
25793
27681
25280
26880
25249
27233
24353
26593
24768
29217
27105
26529
26785
27265
24673
26945
25376
27040
25313
26529
24833
26369
24801
26977
26497
28545
26369
27168
25729
27137
25377
26529
24993
29537
25025
27009
24544
27457
25921
28161
24705
26817
24353
27041
24545
26657
24416
27040
24321
27169
24161
26753
25056
26528
24257
26593
25729
27553
24800
25473
25025
27105
25281
28865
24576
26240
24481
27393
25216
26977
24577
26881
25121
26433
24865
26657
24897
25152
27521
28929
24192
26625
25409
24865
26657
24353
26305
24417
26337
24481
26849
24512
25057
24705
26817
24705
26753
24897
26721
25632
26849
24704
26849
24961
26689
24544
37569
28961
32865
27201
25985
28321
26465
32417
27137
29537
25824
27681
24705
26625
24897
26977
25664
26945
25889
25633
24992
26721
24673
26689
25121
26753
24705
26817
24225
29249
26049
25665
24865
25537
26209
24353
26784
42082
28673
25057
26401
25601
26625
25569
35425
27201
30369
26496
31585
26913
29985
27105
31585
25761
27777
26689
28001
26177
27393
25665
27425
25921
27489
25344
27137
24961
28129
26145
27361
25057
32769
27265
29089
27137
27105
25377
26977
30241
27649
25857
26657
25440
28865
25409
34337
26241
26369
26368
27585
25569
27937
26369
25345
25185
27104
24897
27073
25025
28929
24609
26945
24545
27169
24897
27233
25377
27361
25312
26881
24897
26977
24065
27297
25249
27457
25088
26785
25601
27169
32449
29473
25089
30145
26368
26689
25121
28577
25281
27361
25409
27649
24705
27201
25185
27457
25505
29249
25536
28321
24705
26881
25121
28033
25441
26497
24673
26080
25537
26081
25505
28129
25568
28353
25921
28257
25057
27553
25505
27681
25888
27137
38817
28001
25729
27617
24737
28193
25313
26433
24609
26913
24321
27105
24769
26849
24736
27873
25601
26817
25249
26945
24577
28161
25537
26817
26849
26945
25729
25504
27265
25505
28097
26689
27137
25057
27201
24353
27489
25440
27009
25313
27073
25121
26977
26273
27585
25217
27905
25473
27233
25057
28449
24769
27681
26817
25889
27041
24609
42242
27553
31329
25761
29921
25633
30337
25601
27617
24929
27105
25089
26785
25025
26881
25217
28257
24417
28097
24993
26849
24993
28513
25249
28193
26049
26593
26785
26177
24801
27777
25537
26785
25600
27105
25025
28129
25121
28033
25185
27393
25121
26977
25121
27169
24768
27009
25152
39010
26657
27745
25601
27777
25857
26817
24929
28385
25889
26561
24608
27297
24833
45633
29857
37346
27265
26593
25409
27137
25217
32065
26144
29441
27361
31713
27457
28417
25377
29985
26497
30145
25601
27105
25089
25857
25057
28097
25313
27393
25505
27169
25121
27265
26241
30017
25537
25409
24609
26977
26753
24961
25377
27041
25409
26945
25985
28033
25249
27873
28193
28961
25569
24449
24929
32225
26561
26368
25601
29505
24641
28705
24641
26625
24480
27008
24673
25441
25089
26913
25345
27297
24577
27008
25856
27488
25569
27969
25761
27713
24833
26337
24609
27329
25857
28385
25025
26657
25377
27649
24993
29153
24417
26945
24897
27393
24417
27521
24897
27329
24961
26177
24608
28384
25056
26465
24801
29025
24513
27072
24737
26849
25377
25889
25057
27265
25345
27137
25025
28673
24609
26017
27297
25633
27233
24513
28609
25697
28289
24993
26785
24609
24832
25889
26945
25985
29185
25377
28929
25121
26624
24513
28353
24417
28321
24897
26945
24992
28929
24673
29217
25057
28865
25057
26561
25377
29217
25217
28801
25409
27841
25025
26977
26113
28801
25377
27393
24705
26753
24897
27392
24769
26113
24673
26208
24801
26625
25249
27425
24833
28865
42114
27137
24641
28033
25472
29377
25025
27169
24448
27233
24673
27265
24609
26433
24001
27425
25057
24929
24769
26465
24385
26849
24897
26721
25025
26401
24513
27073
25153
27265
24609
26497
24512
26081
24705
26433
25729
24416
25537
28672
25217
29217
24417
26849
25217
38145
25312
28065
24193
27041
24641
28865
24545
26273
24576
26689
24673
26817
25921
28929
24865
27009
24897
27169
24577
28833
24737
26401
26561
26657
25761
28545
24737
27265
26337
28769
24576
46498
28769
39970
30433
65506
31297
64898
32673
48001
30721
65506
32481
28225
26593
28161
26177
27297
25729
30465
25505
27105
25249
26657
25025
26561
32865
26657
25185
25056
25121
27265
24769
26176
24929
27297
24673
27233
24769
26529
24481
27041
24449
26689
24449
26721
24705
28833
24289
32225
25281
27169
24768
26817
24257
27361
24705
27009
26305
27521
26369
27105
25473
29217
25633
26849
24161
28449
24705
27777
24993
27137
24993
26497
24993
27041
25152
27329
24577
28449
25217
27041
24513
26560
25249
28961
25089
29057
24705
26945
24800
25249
24897
25473
24320
28897
25217
27329
24321
31489
26177
27521
24065
27297
24865
28033
25537
26560
24705
27169
25217
26881
23969
28641
25473
38402
24609
29409
25121
27329
24705
26657
25505
27553
25313
26785
24193
27425
25057
26785
24288
27105
24129
26817
24257
24993
24929
27009
26177
26881
25281
28257
25185
27361
25185
29409
25248
26657
24065
30465
25281
26913
25473
26817
25089
26657
25217
25760
25153
43905
24608
27073
25985
27168
25281
27457
24736
27105
24929
27009
25697
26977
24641
26881
24385
26817
24481
27265
24193
58626
35425
70434
36609
56194
33761
36353
30465
45890
33153
39841
30529
34530
28897
35265
29345
34145
27009
32449
26209
33122
26529
33633
28129
36289
27553
34113
27008
31393
26945
36993
27873
32641
26753
36609
26529
39617
27841
32705
26817
38305
28097
41249
29377
35777
27937
32321
28225
34433
27777
32577
45377
31489
25761
32353
26305
30913
27649
32353
27041
35201
28161
66146
32897
80930
66114
67970
34913
64226
33058
87107
35233
28961
27329
27969
26081
27425
25921
41793
27553
27777
25697
29089
25217
27297
24865
27201
25057
26113
25409
27041
24993
25249
25377
26721
24609
27649
24801
26305
25281
36193
24769
26625
25057
25793
25121
27105
25409
27329
24705
29185
25249
26241
24865
33409
25665
27649
25249
27809
24961
26593
24929
27905
26881
26561
25089
27520
25665
27809
24833
27073
24608
29569
24513
27553
24737
28737
24353
27361
24705
26977
24801
26433
25761
26689
24641
27137
25152
34529
27201
29697
26337
30081
25121
26081
24705
26689
26017
26497
24897
28513
24673
25953
23904
25665
27169
28897
26785
27361
25409
27105
25953
27393
24513
28929
23553
27585
24961
26881
24225
26849
23937
24897
24065
25569
24289
26657
43745
26593
24353
26465
24993
26369
24897
26433
25217
26625
24576
26593
25217
26241
25377
26817
25217
27361
24993
26497
25281
27297
25473
30657
24608
26817
24545
26592
24673
28769
24673
26081
25089
27393
25633
27393
24097
27553
26593
27009
24161
26721
24224
26593
25185
26977
24768
27169
24737
27169
25409
27361
25056
27329
25569
25281
24673
26560
25185
27041
24481
26433
25761
26529
25056
28993
25409
26913
26048
25153
24864
26209
24993
26465
24833
28577
24545
27265
26145
27233
24513
29281
24993
26657
24608
28577
25825
26432
24929
26689
25345
28673
24385
26433
24352
26017
24897
27073
25824
28673
25249
26592
24769
26272
25377
26721
25121
26976
24897
26752
25025
25121
24033
26881
27745
27489
24737
27585
24193
28353
24897
28481
24897
25505
25217
25217
31105
25025
26273
24865
28417
24737
26785
24577
27105
24929
31649
24161
26465
26049
39009
30050
26881
24897
26305
24480
27105
25345
26049
25057
24449
27009
26177
26913
24961
26401
24576
25345
25313
26400
24513
27137
25025
26625
25313
28609
25025
24769
24897
26497
25825
26817
25249
27137
24321
26529
24513
24769
25025
82403
29025
57922
35778
45346
31425
64098
29697
33825
26561
27233
24865
27329
24769
27233
26689
28065
24833
26368
26689
24577
26880
26849
30369
25409
26817
24641
26209
23969
26081
25153
27425
25249
26625
24737
26337
24097
26945
25185
26977
24769
27105
24417
26465
25633
28385
27169
26977
25537
26977
26369
26913
24289
26913
24929
28705
25057
27297
25281
26753
27137
28801
24481
29281
24897
26785
25185
28705
24384
26529
24800
26689
25665
30209
26433
27009
24769
27073
25569
27233
24705
32161
25569
27969
25153
27105
24673
25888
25121
27329
24865
26753
25216
28769
24833
27297
24833
26240
25313
26785
24289
26785
24897
46978
29121
39170
29281
29409
26561
28033
25281
26977
24801
25985
24288
27009
25025
27457
24097
28481
25024
27169
25249
26689
24513
26721
25441
45986
29089
26304
24929
26369
25153
27329
24321
26624
24673
27041
25569
28225
25729
27073
24897
26817
39969
27361
25377
25953
24865
28801
24961
29281
24800
27105
24705
26561
25153
26753
24353
27329
24641
26720
24769
26497
24673
26689
24960
26305
24737
27040
24449
26561
24320
26113
24609
26849
24865
27041
24897
28256
24801
27009
26049
26625
24192
26689
26081
26753
25633
28865
24577
26945
25281
28961
24129
26497
24128
29537
26113
26945
24449
27137
24129
27649
24992
27041
24321
26977
24129
26881
23937
27136
24641
28641
25345
35234
25057
28225
25025
28097
24833
25729
25121
29761
25761
27233
25312
25473
24993
29697
25569
27296
24545
29121
25569
27296
25185
27457
25633
27137
24929
26817
24865
27329
25377
26113
24993
26817
25409
35201
27457
28161
26113
25409
26881
25793
24897
28705
24961
27585
25312
27265
25345
28257
24577
26881
25152
26529
25569
27649
25569
27457
25441
27296
25600
32833
25185
27040
25632
29313
25537
26593
25121
34081
26529
27841
24960
28801
26145
26785
25472
26753
24673
27040
24929
27008
32609
28961
24385
26561
24513
29089
24929
26848
25025
27105
25249
26913
24449
27041
24801
26817
25281
26913
25313
27073
26945
27489
25249
29185
27169
27329
25025
27009
24545
26497
25313
26561
24705
25280
24737
24417
24833
26849
25025
26625
26401
27297
24673
28641
34561
25089
25505
26753
25184
26913
24929
26785
25153
26529
24609
26625
25345
26785
24833
26913
25345
26497
24352
26657
24512
28769
24577
27073
25408
27777
24801
26561
24897
27073
24480
27745
24769
26657
25281
28961
24673
26496
24673
27265
25441
26752
24641
26593
24673
37921
23809
25089
24865
26977
24897
28897
24833
26657
24929
27137
24865
27169
25441
26720
24577
26465
25025
26817
24833
26753
24833
28577
33185
27425
24001
25089
24608
26561
26849
28353
24576
26465
25185
27041
25121
27265
24833
26561
26049
26849
24513
26689
27009
59746
30081
58434
31873
61666
33217
60994
29537
39457
27488
27873
26529
27553
25953
28257
25057
27456
24864
27137
24545
27169
24513
26657
26433
26657
24929
26241
24705
26625
24225
26721
24801
27329
25025
26625
24577
41090
25120
26465
25185
26785
24769
30465
25697
26817
24513
26848
24673
27008
23777
26752
24481
26337
24897
26625
25409
26433
24097
28545
26561
26625
25441
27233
24801
26561
25729
27329
24768
27329
24448
26849
25057
27169
25729
26433
25025
26881
25665
26593
24769
26753
44065
26305
24673
26945
24673
27073
23969
28897
25153
28897
26049
26881
24256
26849
24737
25312
25504
26625
25185
26497
24545
26817
43074
26465
24641
26497
25217
28801
24385
26976
24673
29089
26145
28993
24321
28737
25024
26881
24832
26529
24864
27201
24993
26945
24225
27073
24929
27072
24769
27168
25729
26753
24993
26369
24449
26240
25217
26721
24065
31425
26144
26913
25025
26593
24897
26848
24929
27169
24641
26753
24384
26785
26017
26784
24833
27425
25985
26465
25729
25217
26496
25985
26752
26273
26784
24801
26592
24737
26849
24321
32321
24321
27137
24897
26689
24672
26785
25248
26977
24832
25409
24512
29057
24832
26753
24992
26689
25665
27233
24641
31201
26369
26785
24769
26561
25121
26945
24160
28737
26016
27169
24481
26465
24833
26785
24481
26081
24609
27137
24672
28865
24641
26177
24801
63042
29153
46594
33249
42337
29953
58146
27041
33057
27296
27489
25505
28417
24961
26849
24352
26689
25313
26401
24449
26913
24129
29569
25921
27105
25761
33249
26273
27073
25633
26976
24929
26817
24609
27265
24704
26817
24064
26497
24801
27169
24449
26529
25505
28513
24385
26721
24673
26785
25217
26881
25025
25313
24577
26817
24769
26241
25217
40097
24513
29441
24321
27105
24449
27137
25761
26657
25057
27137
24993
26945
24609
26721
25216
32449
27265
26753
25441
26817
24993
32449
24224
27009
25409
27009
24737
27009
24257
26689
24801
27009
25409
29121
25377
27745
24673
27137
24961
27201
24897
26657
26241
27425
26305
26529
25089
26657
24097
26784
24353
27201
24385
27137
24353
31073
26273
28897
24833
26977
24769
28672
25121
27169
25377
30433
26465
26977
24961
27201
24289
26945
24929
27105
26465
26785
24449
27073
24448
26817
25345
27264
25057
27073
24897
26817
24961
29153
33249
25569
24769
27201
24832
27265
24672
27329
24641
27073
25633
27265
25249
26592
24705
26912
25473
27073
25025
26593
24513
28833
33377
26753
25633
26465
25313
28449
25569
26881
25409
27041
24929
26913
24513
27009
24353
26945
24577
27297
24897
27265
24961
26944
24193
28961
24929
27329
24929
25281
25153
26817
25249
27201
25857
26689
24129
29025
24897
26432
23777
26785
25313
27041
24449
27041
25152
70338
30817
65570
32801
51330
33921
59202
28769
30273
25793
26753
25345
26433
24640
26849
24768
25505
24449
27073
24673
28769
25185
27712
24641
26689
24993
27201
25569
26305
24417
28929
24193
26529
24673
26817
32417
25057
24193
26752
25473
27649
25216
27201
24960
26977
25633
26945
27041
27296
25377
26849
25313
27233
25793
27105
24896
30913
25537
28929
24737
32353
26337
27777
27201
26465
24897
26817
25729
28737
24961
27200
25697
27521
26593
27169
25697
26817
24993
28769
25921
28193
24801
27041
25089
27329
24545
28961
24769
27104
24865
27904
24577
28353
24801
27233
25089
27681
24865
29537
26209
27713
24897
29441
24640
27457
25345
27456
25601
29953
26433
29089
24929
27361
26337
26881
25601
28897
26433
27425
26657
27393
25088
27201
24449
27136
26785
29441
26177
26817
24801
27265
24704
26689
24513
26753
24897
26465
24897
26401
24865
26945
25345
27201
25665
29057
25089
26881
24449
27041
25024
26721
25441
26656
25761
26689
26049
28833
24897
37665
27169
25281
25601
24704
26145
23553
25633
24833
28961
24705
26049
24640
26625
24993
26656
25409
28353
25089
27073
25185
28129
24865
26785
24449
27681
26049
26977
23936
25249
26753
23936
26561
25569
26465
24097
28097
24161
26689
24161
26977
24769
27009
24448
24609
24353
26625
24929
26625
24608
26241
25280
29057
25441
26849
24641
29185
24865
61122
29985
52962
31841
43169
28417
26689
24481
25345
24609
26721
24513
26497
24609
25857
24288
27745
25121
26977
24993
26305
24673
28673
24897
26913
24065
27009
24352
26593
24897
26913
24353
27809
24224
26657
24225
41762
26625
28673
25120
26113
24736
29153
24641
31169
25377
26432
24865
26721
24321
26561
24769
28321
24545
27649
24353
27521
24449
28129
26849
28929
24801
27041
24929
27265
24577
26080
24641
26721
24449
27137
25088
26209
24065
28929
24353
26625
24481
26433
24033
29825
31457
27009
25377
29377
24801
26593
24545
29825
27393
26401
24640
29633
24769
26529
24513
25696
23841
26401
24609
26721
24321
26945
26785
28417
24897
29345
23809
26369
24353
26689
24449
26401
23937
27233
24449
27105
24705
27073
24769
27201
24993
26849
25121
26529
32897
27456
24385
28481
24801
26561
24769
26785
25121
28737
24992
27009
24161
26497
25057
26273
24417
29697
25089
26656
24001
27297
27008
27361
24352
26880
24705
27105
24929
27521
25409
27201
25024
27137
25217
26625
25185
26593
24193
28993
24736
26560
24513
27009
24097
26561
26593
28577
24481
28609
25473
31393
25601
27041
24897
28417
23969
27233
25761
27905
24065
26657
24129
26721
24416
26336
25025
27617
24865
27233
25345
26401
24193
28929
24513
27937
24449
28513
24224
28865
24833
27041
24673
26977
24609
26785
24640
44161
52418
31713
26689
37345
26977
28609
25153
28929
24737
27649
25088
28993
25697
26817
24353
26529
24321
26465
24097
27265
24769
26721
24768
26529
24449
26529
24481
26273
24609
26977
24929
29217
24641
28641
24257
26433
24481
26433
24033
26465
25089
26593
23809
30145
24737
28769
24129
27009
24737
27201
25025
26369
24288
27585
24929
25281
24225
26913
24353
27905
24832
25089
24737
26593
24801
35746
24896
26849
25281
26593
24513
26849
24577
26593
24289
28961
25313
26977
24673
27425
24993
26625
24609
25153
24481
26593
24833
27521
24769
26945
24289
26465
24289
26625
24353
27329
24993
26785
24641
29025
26113
26977
24513
27297
25185
26561
24929
26945
25409
26945
24832
33537
26753
28961
25761
49154
29217
67490
42722
65090
40321
57698
38497
39425
29697
32545
28193
36737
28641
25633
38657
28673
31458
27393
32961
26273
34913
27521
31329
27521
35937
27169
32673
28353
33985
26657
33633
27937
32321
26305
47393
33697
61410
29825
36482
28737
32481
27361
30049
27361
32449
26720
32833
26945
36641
27521
42978
29633
43106
29409
31521
27489
35778
28640
37217
27553
34849
28481
35713
28385
31521
26081
32514
27585
33633
27905
40450
32065
34849
28129
48098
30401
33505
27841
34369
28961
33761
27297
31873
26945
32897
26464
53762
32769
33537
27073
34657
34689
32546
27585
37538
27489
31489
27969
44930
28097
69026
32129
57250
34498
67555
35841
86627
33154
35809
28001
43330
29345
38850
28161
36769
28353
32161
26721
32769
27809
31969
26945
36193
29121
40705
29889
34817
27777
33890
26785
32033
28065
37634
27777
31937
27648
34945
27201
32545
26625
34081
26816
34433
28033
32194
26817
35617
27873
38722
28161
33377
27905
38082
28289
36386
30081
34209
27393
31137
26656
34625
29153
33121
28129
46114
30145
35361
28609
43746
28673
36129
29697
36193
27105
37314
28769
35969
29761
32193
26208
30241
66466
41346
29409
32641
27264
33889
26561
33057
26273
31169
26369
32289
26817
33921
27041
33121
26496
33121
27137
24640
34945
28033
37025
28929
32033
27489
31265
27905
34273
26304
39682
29665
31073
26913
30049
25697
33825
27488
32225
27489
32097
27425
35809
29889
31169
26593
38721
29921
32257
27041
33857
27361
32353
26785
30433
25985
60418
30785
68387
29633
53410
31649
53154
31329
51553
28353
30081
25761
30305
26593
25921
24897
26977
25473
27425
26881
26465
24161
26657
24673
26753
24673
26593
24352
26465
24417
27169
24545
27297
24449
27329
24865
26560
24385
26305
24065
26656
26497
28737
24449
27041
24769
27905
24640
26080
24833
25633
24704
26849
24417
26977
25472
25537
28897
25697
26689
24353
26849
25120
40673
27233
26881
25089
27937
24993
27105
24897
25312
25249
27009
25185
26433
24769
26529
26273
28705
24032
28705
24673
29217
24961
29761
25185
26433
25153
26465
24993
26817
25408
26721
25185
28609
24225
28961
25633
26337
25057
26529
25281
26529
24609
26784
25089
26305
25568
26689
25377
26465
25249
25601
24993
26881
25153
28097
24705
25761
24544
28481
24929
26689
24385
26593
24289
26881
24193
26529
24641
25377
24929
26785
24833
26081
24641
27136
24321
27297
24769
23873
28865
24544
27009
23969
26593
25120
26625
23905
26177
24928
26849
25281
26945
24289
26529
25313
26593
24289
26625
24673
27233
24865
26529
25568
26433
24929
26817
24769
27297
27105
27265
26401
26817
25665
29217
24801
29505
25313
26689
25217
27521
25729
26945
24833
27425
24992
27009
25185
26785
24673
26945
25249
26721
24033
26881
25249
27745
26689
27073
25025
27009
25377
27329
25024
26721
24192
26465
24705
26785
24353
26849
25089
28609
25472
27041
24705
26720
25121
29025
39649
26977
24993
27361
25281
24353
26913
24929
28897
25473
26561
24257
25185
24641
26721
25184
26881
24577
26529
24673
27521
24385
28897
26081
26785
25217
26913
24257
26977
24545
25633
24673
27041
25633
26817
25889
27361
26177
26785
25504
27137
25121
27201
24768
25249
43521
26785
24353
26881
24321
26368
25249
24897
25281
26305
24481
26849
24320
28801
24833
28065
24385
26913
23873
29025
24801
27072
24353
27041
25089
26945
24641
27073
24384
26209
25857
27841
25985
27073
24609
25569
25473
26593
25121
26528
25281
26657
25057
26337
26689
28257
29345
26433
24673
26593
24929
26561
24736
25953
24609
26401
24321
26401
24993
26881
24833
26977
24352
27457
25377
27425
24640
24993
24417
27265
24481
29153
24769
27041
24545
27776
24801
26401
25057
25473
24641
27009
25089
27041
25409
27489
25633
29121
24832
29249
25633
29185
25601
27137
25697
27041
25729
26977
25089
27041
25505
27169
24961
27233
25985
27233
24865
27425
25473
27425
26465
27361
26208
26913
26977
26465
24865
27329
24705
27009
25345
27233
24608
27489
24641
26753
23745
26433
24160
27105
25409
27457
25313
26529
24769
27041
25217
27713
25377
29729
26081
27009
24705
26817
25601
27041
24801
25313
24512
26625
24737
27009
25185
27041
24737
26849
26081
26497
24833
26689
26881
27137
24769
26432
24033
25729
25057
26753
26657
26977
24993
25185
24481
27649
25505
26657
25313
27297
24193
25441
24129
26625
25633
26721
24001
26785
24641
28577
24609
27073
24288
26945
24449
28353
24352
25313
24673
27105
25089
25473
24769
27041
25025
27297
25217
27073
25569
27200
24449
26913
24672
26529
24641
26977
25121
25249
25217
26145
24833
27200
24577
29121
25249
27104
25633
27489
24193
26049
24993
26401
24769
27137
24865
26881
25825
26817
25089
26817
24961
24992
25153
26657
25313
26273
24769
24993
28705
24033
26945
24769
34017
26817
27521
25601
26241
25536
31009
26176
26305
26753
29345
25537
27297
26561
26241
25857
27873
26529
29089
24833
27361
26176
27744
26113
27105
25633
27233
26560
27968
25345
57698
34817
43362
30241
30849
28289
29505
25889
27841
25153
26561
25057
26465
25217
26721
25857
27201
25857
26849
24833
27777
25088
27169
25056
28033
25313
27009
24992
27329
25089
27009
26145
27137
24577
28161
24961
29025
24960
28289
25280
27233
24865
26688
24257
27552
24992
27169
25313
29377
25793
27073
25441
30881
25985
27361
25633
29153
25345
28417
25921
26913
25377
26785
25121
27168
24929
26849
25057
28161
25473
27905
25057
26881
26049
26753
25313
27009
24673
28129
26113
26721
24640
26625
25217
27009
25025
26849
24833
27297
25729
27233
24417
27137
24833
27521
25025
27265
25345
27297
24641
27393
24545
27777
25409
29409
24609
27777
24993
30050
24576
27553
25280
28065
25121
28225
24993
27777
25377
27681
24833
27393
24545
25569
27457
24801
27233
25089
26913
25345
26785
25376
26785
24801
27841
25377
28993
25025
25761
27105
27265
26177
26529
27041
28929
25025
26561
24928
28577
25569
25281
27937
24865
27137
24449
28641
25185
26945
25377
28417
25857
27489
24769
28225
26113
28929
25729
27105
26113
27649
26369
28001
25057
27073
25217
27329
25889
26273
27841
25793
32385
28769
28224
27201
28961
26944
30273
26241
28449
26721
29985
25697
29857
26241
31073
26465
30017
25985
30369
26465
31201
27777
33057
27040
30785
26401
31649
27105
32098
26369
32161
25633
32865
26017
29441
26817
33250
27201
33025
26561
33153
27393
27617
26753
26209
31617
26049
34689
26689
29761
26529
30497
26625
29185
27105
29953
26401
41634
26465
30625
26017
31649
27137
30305
26560
30433
26721
33250
26433
29889
25473
39009
28001
53378
27745
29665
26785
31873
28065
29857
28769
30913
27361
29761
25729
29281
26689
31553
26017
31617
25953
31361
26849
29761
27233
29569
25504
31745
25569
35521
27073
34753
26913
30817
25857
31169
26144
33793
27361
31233
26752
33601
28577
29953
26241
29409
26145
30177
26081
30241
26529
32193
26593
29665
26241
32929
26017
27489
25121
27489
24577
26913
27393
30657
25441
28417
25121
29025
26273
27873
25505
28289
25761
28129
24993
27745
25537
28513
25601
28833
24961
27393
26336
28352
25633
28481
26401
28193
26081
29345
26336
29793
25824
29537
25857
28097
25729
28609
25569
28833
25601
29505
26273
28225
25185
30113
26625
30241
26369
26977
26337
30145
25377
29057
27137
31553
26784
30753
25729
24289
30049
25825
27777
24833
27137
25409
27265
24737
26113
25921
27681
25921
27521
24704
26753
25089
27425
25281
27265
25313
29185
25217
26912
30625
25313
24737
26753
25953
28449
25088
26849
24672
25473
25409
38081
28801
32738
27169
29729
25825
33761
26721
30465
26145
30113
26848
31553
28065
28833
24929
30849
26241
29729
25825
29633
26337
30145
26625
29217
25761
32673
26081
33281
26144
30337
26689
33761
26657
31873
26081
33761
27649
29665
27521
33729
26209
30273
27041
29057
28673
30113
26176
28225
26305
29281
25665
29249
25953
28129
26273
29665
25601
27745
25440
29633
25761
30465
26113
28257
33153
29473
26177
27425
24705
27809
26272
29793
26497
30849
25857
28673
25761
34465
27297
30145
26017
29409
27841
30369
26112
31745
26369
28513
25697
28321
27553
31169
25633
29921
26465
41953
28609
47586
27905
29121
25857
29409
27297
28769
27105
29313
25408
29409
26113
25088
30530
26145
30433
25889
28481
25473
27489
25409
29985
25633
28993
26209
31073
26145
31329
26113
28129
24704
28289
26337
28545
25184
28673
24769
28513
25665
29089
25249
27937
26081
28929
27105
30145
25216
30785
26401
28129
25953
30881
25377
29249
26913
30561
25377
28577
25057
30657
24353
28225
26017
29025
26209
29697
25793
28257
27841
28513
25953
27521
25569
29761
26305
28577
25761
27649
25504
27361
24641
33153
27041
31393
45890
28737
25441
29089
26497
29729
25665
27777
25024
27617
24993
27393
25121
28576
25921
26913
24641
27521
24737
27232
25089
28033
25249
28481
24929
31489
25601
29729
25601
30337
25312
30497
25665
30081
26240
27232
25600
28929
25313
28129
27521
28225
26209
29121
26368
28832
25953
28065
25825
28257
26305
28129
26209
31265
25793
28193
26177
29089
25537
28929
25825
29889
26049
28225
25632
28801
25761
28769
25889
28161
25697
26465
25569
28321
25313
29601
25313
29505
25633
27585
33473
25889
25569
28097
25249
28929
24865
27521
25377
28961
25057
29601
25793
28641
25633
29345
25633
30689
26241
27969
42370
44129
26977
41762
29729
30497
26785
28673
26721
30913
26432
32321
27969
32161
26017
28769
26304
29921
27393
31649
26881
30977
27041
31489
26240
24769
32801
27873
28161
26657
31521
28481
29377
27553
31393
27393
31137
28161
30753
27201
30113
28833
30754
28417
29057
26081
28961
25953
28993
26369
29825
26464
29153
26881
32001
26561
31873
26625
29313
25153
28129
25281
28513
26017
48417
29441
46146
28993
30913
26113
28289
25697
25281
31137
27361
28449
25761
27937
25665
29601
25409
27745
25825
37409
28097
28961
25697
28417
25601
29441
26049
27137
25761
29121
27489
34625
26497
28353
25153
32193
26881
29793
26657
33505
27200
29633
26721
31969
26241
28961
25633
29025
25184
30241
25089
27937
26561
30753
25601
29473
26529
29153
26785
29473
26401
28737
24832
31553
27521
30945
26369
28193
26113
28673
26113
30849
25377
27905
25729
30689
25953
32258
26081
30753
26657
26497
31489
26561
28993
26017
30657
28225
28096
25024
30209
25921
28289
24737
28481
24929
30337
25537
27873
25537
28385
25601
28673
26305
31201
25856
29185
25664
30209
26689
27809
26689
29569
26401
28225
26625
28897
26081
28545
25889
30401
26305
29729
25473
27489
26209
28609
25953
28737
25601
28513
25921
28033
25729
26881
25697
28353
25889
35458
27649
31841
26849
28417
25729
28705
25569
27969
28225
28257
27041
31105
25473
28353
26048
28769
25121
30049
26081
28769
26497
28225
25505
30881
26081
27745
25569
27969
26881
27969
24545
27745
25953
27425
24961
27105
25600
29793
25633
31585
25409
25505
33793
26113
29505
24993
33313
26561
30273
25408
28801
25345
29249
26433
28225
25889
28321
25089
31489
27105
29441
25665
26145
25633
28033
25121
28993
27553
31521
27649
30017
25857
28545
25920
25921
25537
27105
24705
25921
24737
27233
24673
27105
24641
38722
27713
42433
27457
27297
25857
27265
24897
29761
25217
27489
25185
29953
25697
32097
26177
36513
27744
30977
26049
30817
28033
30081
26913
28257
25248
29537
25537
34369
26401
24449
28641
26945
28385
25537
30081
26113
28865
26433
27649
43618
31777
26593
27841
25216
28833
25601
32257
26529
28929
25889
27521
25537
28673
25473
28225
26657
28289
26432
31009
25537
28673
25921
27713
25697
29409
26081
29249
26017
28033
25665
31105
25569
31393
25985
30465
25633
29377
25121
56578
27489
29761
25601
27585
25601
28225
24897
28256
26401
28033
25089
28801
25153
28673
25888
28289
25729
28353
25600
31041
25697
29601
26785
24481
30017
25504
27361
25153
28001
25888
29313
25281
27265
26976
30113
25313
36193
26817
30337
25761
27841
24736
28193
25953
30657
26849
28385
25601
30529
25792
27713
25313
27489
25569
28993
25025
28481
25441
29313
26401
29825
26049
29153
25441
29217
25121
29057
25377
27681
26017
27521
25184
26529
26113
27809
24481
29089
24576
26401
25793
28033
25345
27745
25025
27233
24609
26976
25153
27425
25217
27297
24960
29281
25153
26721
25377
27009
25121
27137
25025
25825
25889
26881
24896
27009
24577
27873
25248
26945
24417
27009
24640
26561
24833
29793
25568
27361
24353
27681
25729
25985
26145
29057
25569
27905
25313
29281
25249
27361
25569
26561
25089
26529
24609
26912
23936
27297
24897
27393
25857
27201
25600
27201
25184
27713
25217
25857
25089
24769
24577
27841
25248
27457
25409
28833
25185
27169
24897
26209
25313
28000
25249
26977
25121
27136
24161
27457
25569
26945
24801
27425
24608
26305
25153
27873
24705
27137
25537
26881
24769
27105
25473
27297
24289
25601
25249
25953
25569
26689
24641
26465
24833
26881
24705
28289
25249
27297
25056
28961
26849
27681
24769
26689
25313
27105
24705
27745
24929
28609
27361
27425
25249
26944
25185
26881
24993
28193
25408
27009
24929
26912
25217
26465
25313
26497
24609
26945
24609
26977
25313
26881
25633
27041
24737
26945
25121
26561
24833
26369
24513
26081
25921
27169
25153
27009
25217
26913
24641
27296
25889
26945
31393
29505
25121
26465
24224
25313
24737
28257
25505
27041
24321
25536
24673
26945
24641
26945
25057
26465
24512
26977
24865
27233
25473
26849
25761
27393
25216
27169
24353
27361
24961
29377
25248
26977
23841
28769
24865
27329
24353
25409
28033
25217
27009
24993
25825
25728
27169
25665
26689
24929
26721
25889
27649
24545
26881
24801
25825
24065
26721
24257
27105
24833
26753
25057
26880
38145
26209
29313
25408
27233
24865
26593
25473
25248
25024
27009
25089
27521
26145
26945
25697
27233
25921
28737
24673
26721
25377
36993
24961
27297
24833
28321
25473
25441
27521
24193
25377
24641
26497
24192
28673
24449
24769
24641
27137
25249
27969
24737
25313
24833
27489
25248
27553
25345
27905
24641
26625
24609
25441
25056
24161
30945
25121
24865
25505
28257
25121
27649
25217
27201
25761
28929
25185
27841
24609
28449
24865
27393
24641
27745
25248
27777
25057
26977
24961
27841
24865
24737
27297
24928
27329
25121
27040
24960
26945
24801
26529
25729
27073
25409
26657
24769
26817
25057
24993
24896
27233
25217
26977
23969
26881
25409
27105
24449
26433
25633
24801
24960
25569
26241
25281
27553
24544
27297
25569
26625
24865
27457
24801
28289
25313
27008
24608
27329
24993
27073
25313
27585
24929
28672
25249
24577
25952
25473
27201
24929
26977
24833
27265
24993
27169
24992
25185
24641
26721
24193
26817
24577
26593
24353
25249
24865
26977
25569
27137
24961
26977
25089
24545
27553
24225
26113
24417
27297
24609
27201
25057
25537
25280
26945
24673
27585
25153
25505
24833
26721
24929
26977
24769
29217
25728
28545
24801
27009
24833
26561
25569
26337
24385
27361
41954
26721
25121
26657
24961
26849
24545
26081
25537
26785
24449
26977
24800
25281
25312
26081
24833
27265
25025
26209
25441
27137
25217
27233
25024
26913
24928
27297
24929
27137
24833
27009
25185
27169
24545
28833
24737
27073
24897
25185
24193
26945
24513
26753
24737
29057
24737
26208
24641
27041
24737
26657
24321
27745
24289
25312
24641
25441
24897
26913
24897
26977
25569
26433
24513
26465
25025
27137
24449
26720
25345
27137
25313
27137
25313
26881
25281
27681
25249
24609
26625
25153
27105
25569
26528
24833
26977
24704
25633
25857
26881
24801
24929
24992
27041
25409
25569
25217
26945
24769
27905
25665
26849
25505
27201
24609
23681
30881
26241
27713
25185
27361
24513
25409
25825
27584
24768
25473
25121
27777
24289
27104
25857
27649
25089
26529
24961
25217
24897
28897
24833
42593
24352
24897
25440
24449
27809
24897
25216
24993
29185
25249
27616
24833
26401
25025
24832
24416
27265
24897
24897
24673
27009
24449
26817
24480
26913
24737
27137
24769
24865
24385
27457
24769
26945
24801
26913
24993
26785
25153
27297
25185
26656
24544
29665
23936
26209
24416
27521
24961
24929
24576
26497
23969
26849
24385
24448
26721
25057
26977
24673
27009
25025
27649
24801
26337
24993
27361
25921
27649
25345
28129
25313
27297
24225
26785
25633
25377
24097
27105
24545
28993
24897
25537
25345
27105
24417
26401
24801
26401
24897
27009
24417
26305
24801
27105
24673
27425
25313
27041
24769
26785
24801
27840
25505
27265
25025
26785
24481
27201
25473
26497
24384
28801
24609
26881
24673
28929
25281
26593
24769
26913
24097
26657
24513
27649
24865
25825
23713
27233
24801
27105
26720
27425
24257
26401
24417
26017
24929
26849
25217
26689
24513
27009
25057
27073
25409
26945
24705
25505
24897
27361
24865
27361
25089
28129
24801
26849
24480
26913
25152
29409
24640
27104
24608
24800
25217
24353
27136
24737
26784
24833
26849
24993
25505
24929
27329
25665
27233
24257
26337
24769
26561
25121
26497
24993
26945
24385
27233
25249
26464
25057
25152
24705
27073
24609
27233
24993
42818
24449
27969
27073
27873
24673
25184
25249
25217
24961
27649
25345
25473
25185
27169
24833
27200
25761
26753
25313
27905
25377
27713
25505
28033
26273
42562
27457
30433
25857
27233
25696
34849
27552
33825
27425
28129
26529
30369
27937
30658
26561
32321
27009
33089
26848
31457
26145
29409
26337
31905
25985
28833
25313
32097
26977
28833
26689
30369
28225
30465
25377
30049
26241
31618
27233
28481
26369
31329
26177
31297
26209
30881
26209
31521
25441
30049
25729
28449
26561
31201
26593
30913
25889
33057
26881
30369
26561
30273
26785
33409
27617
30177
26593
25825
32289
43106
30241
25568
27809
26305
37601
28993
31361
27745
30465
25569
31969
26273
31905
27361
29249
26593
29857
26432
52002
28929
52642
28449
28513
26369
30529
26977
27457
25889
32770
26529
31041
26881
29985
26081
30753
26497
31521
25281
32033
25889
28513
26177
26784
25761
28513
25728
26177
24928
27457
25504
27905
25568
26305
26625
28001
25729
29569
25057
26625
25537
28161
25185
28385
25857
26433
25441
28545
25121
27648
25089
28705
24353
27457
25377
28193
42913
28417
26145
28577
25984
29057
25281
28097
24929
26849
25249
28961
25441
26401
25633
28321
25377
29121
26177
26560
43810
28737
25441
26432
25825
27905
25793
28865
25441
28225
25761
33185
27521
27393
25953
28961
25665
27393
25601
27393
41665
29505
25953
27520
25441
28321
24961
28513
25056
28001
25345
28033
24833
34145
26177
27776
25569
28385
24865
26913
25057
30401
25441
27905
25281
27137
24737
28481
26529
29569
25888
25153
25569
28385
25377
25953
24800
26241
25185
27713
24577
28385
25569
27904
25185
25825
25216
28001
25953
25953
24385
28353
24961
35105
24929
28801
26017
27937
25185
30529
25729
36801
27777
29665
26560
29217
28257
31233
26785
28801
25473
32322
25632
28129
26689
30561
26209
31777
47586
31777
26433
32065
26497
31873
26176
30305
26433
30561
26721
29249
26241
31329
26721
29697
27424
29921
27361
30081
28641
28289
26753
28705
25857
26433
25505
27649
26401
29409
25857
29057
26625
29473
25953
31713
28225
29409
25601
29185
26689
28193
25440
27201
25921
27009
26113
27137
26017
26305
25409
27969
25985
27137
25089
25249
24609
27713
24545
26657
25697
25345
25057
26849
24609
25761
24993
29089
24545
25729
25057
27073
25057
27777
25281
27233
24832
25121
24480
29313
25153
29281
26145
28193
25057
26881
25409
26529
24801
27073
24929
28097
25441
27393
25569
26785
25633
27073
25313
28161
26433
27520
26240
26400
26113
28833
24385
27265
24641
25249
25121
28801
25249
26465
24897
26177
24577
25537
24513
28801
25280
27649
25473
27009
24737
26784
26465
27201
25473
27521
25153
27393
24449
26849
25569
28577
25857
28865
24704
27040
25024
27457
24704
26912
24384
26848
24577
27169
26497
26689
25633
26785
25185
26913
24353
27489
24865
24609
25729
24513
26945
25312
26208
25025
27297
25153
28577
25409
27873
26881
27360
25057
28033
25601
27009
25537
26881
25089
27105
24609
27009
25217
26209
24513
27041
25217
25536
25281
27105
24289
26881
25409
27073
24928
27041
24321
26849
24833
27201
25089
26721
24769
28801
24864
26849
24865
26369
24512
26753
24289
26721
25249
26656
44450
27041
25376
28225
25281
26721
25217
26113
25504
27200
25281
27041
25441
27201
25281
27009
25505
27265
24769
26849
24641
27201
24417
26689
24929
27265
24705
26785
25089
26529
24481
26561
24576
28705
24737
25505
24929
26913
24641
26721
24832
25953
24577
27009
24928
28705
25024
26913
25281
27041
25120
26273
25281
27009
24833
24289
27169
25024
26881
23969
26561
24128
26049
24289
26369
24321
28673
24001
28929
24545
26433
24576
26977
24769
26081
24993
25569
24449
27521
25153
27297
24769
26272
24737
26945
24801
26913
24800
26465
24737
26561
25665
24673
25025
27328
24641
25889
24448
26465
24897
27073
24833
26753
24384
26977
24929
26945
24448
26753
24929
26273
25153
25473
24289
26593
25025
27105
25185
28737
25248
26304
24545
28641
25089
26113
24769
27201
25057
28865
24961
28929
24321
26689
25153
25953
25569
26465
24449
26496
24353
25857
25377
26721
26560
27008
24577
26849
24545
26465
24736
28865
25153
26465
24992
27393
25025
26817
25121
27264
32481
29569
24801
29857
24609
27329
24545
26305
24929
27489
24705
27873
25345
30177
25536
26849
24737
27073
24321
26529
25505
27137
24993
26304
24160
28161
25121
28737
24897
26048
25345
27009
24736
26753
25185
27009
24256
26305
24737
24096
25633
24705
27169
24288
27105
24480
26817
24545
24513
24417
26561
24641
26849
24224
26753
24513
26785
25025
26945
24512
24577
24417
26689
24385
26081
24353
24448
24993
28385
24513
26721
24928
26369
24225
26849
25505
26945
25569
26785
24961
26304
24993
24833
24737
28801
24353
26625
24897
26081
24865
42049
27041
27233
25633
24545
24737
26689
25473
26081
24961
26593
25697
26145
25185
25793
24129
26689
24481
28289
24353
24865
25633
27009
25312
29056
26081
27233
25121
27200
25441
26497
24608
27009
24769
24193
28513
24897
26913
25568
26625
24961
27137
24257
26144
24193
26785
27233
26209
25184
26849
25089
26817
24737
28161
24705
26625
25089
24256
25313
26241
24641
27041
25120
26081
24353
26785
24385
27137
40065
29057
24481
27169
24353
26241
23905
25569
24896
26145
24161
26753
24256
26753
24481
26529
24672
26497
24929
26977
24353
26945
37601
26433
24640
27361
25057
26881
24704
28897
25249
28897
24513
28833
24545
26241
24161
26881
24641
26401
24897
26113
24673
26816
25408
26497
24225
26080
25409
26817
24960
27552
24641
25889
24641
26401
25153
26689
25153
27041
24833
27233
25153
27169
24769
27745
25089
25024
24545
27329
24481
27361
24736
26433
23777
26849
25633
27713
24800
29761
25281
26305
25793
27489
25505
26593
24257
28065
25825
34113
25793
28097
27073
34497
28993
31489
27457
28224
26401
27585
27041
28129
25921
28897
26273
28576
26849
28225
25633
28737
25153
27136
24385
26337
24864
28417
25313
26497
25280
27872
25441
28769
25505
26433
25281
27393
25377
29441
25185
27393
25057
29857
25313
30369
25441
28065
24928
27136
25313
27392
25537
27105
24833
28097
24641
27201
25153
27201
25056
26977
24833
26817
25057
28321
23776
24833
24449
26016
24961
27457
24960
29377
24864
27553
25536
27201
25377
27425
25249
38433
26337
30593
25825
29697
24673
47042
27105
37473
28097
48450
28417
35169
26689
35298
25633
37410
27968
56546
28641
36353
26241
38498
27841
28673
27233
34274
26241
30241
25473
26561
25569
28193
26913
27361
25601
27169
25121
25217
25313
27297
26689
26849
25377
31585
25889
29921
24961
26241
25248
26785
25440
28545
25280
26785
25025
27201
24609
27233
24545
27105
25473
27745
25473
28033
25313
30529
25281
27681
25761
28897
25665
27105
25121
26881
40129
31137
25153
30113
26433
28993
25409
29409
25665
45057
27585
33537
26113
30945
26209
29505
26208
28673
26849
27649
25473
27905
25345
30113
27137
28993
26337
28321
25569
27105
26849
27329
26049
26784
25025
31361
25793
28001
26305
29985
25217
29217
25473
30529
25153
29825
25505
29345
25345
28449
26049
27585
24705
34337
28385
31457
31905
30849
25889
35233
26593
31041
26209
33089
26561
28097
25665
30401
26273
29249
26304
28353
26017
29057
25857
30369
25793
28161
25473
28833
24513
28513
25185
28289
24544
29441
25153
27873
25761
29377
25153
28449
25377
28641
25665
29729
40354
29281
25569
28833
24705
28641
25697
28513
24673
28993
25217
28449
25089
29697
25473
29729
26241
28641
26336
30113
25409
28353
25313
28481
25665
29025
25857
29121
26881
28737
25057
29281
25953
29089
25921
29089
27425
29089
25601
29057
25537
29921
25089
28705
24929
28737
25281
29377
25377
27585
25889
28064
25665
28513
26305
28545
27233
24353
35586
28001
31393
27841
30785
26913
35777
26304
30369
26657
44290
27969
43170
29697
38753
30433
31201
27169
29985
26976
39778
27809
108132
50914
116164
41153
117092
38306
78370
35553
73731
37217
47713
31649
31809
28001
30785
26881
30913
26657
32161
26785
36897
30177
27617
25825
31393
28321
30625
28769
29505
26817
29537
26529
32993
26881
27457
26241
27521
26273
29761
27137
30113
26369
27713
25633
28385
25473
29153
26689
29665
25024
27072
25217
27137
29505
27265
26273
28961
26305
27873
24481
27969
24896
27713
25569
27009
25600
28961
25056
26529
24833
27265
26433
27873
24161
74883
30305
72675
30241
66626
29345
68290
31137
77346
33153
75554
32161
76130
28640
81379
35649
41473
28577
30049
26817
51682
27969
35169
26689
30593
28065
27329
26497
26625
24768
33473
27233
41666
28929
29985
27009
27009
25889
26785
24961
27009
33185
29665
25953
68162
31457
49218
28705
27841
24992
27680
24480
29281
25152
27585
24929
27297
24993
29377
32834
26433
24641
28609
26049
30945
26272
28225
24897
27137
27073
30721
27137
28097
28225
28929
26241
29601
25505
27201
25217
37665
24929
30337
26753
27617
27233
29089
25056
29089
24353
28961
27169
27681
24577
26753
23872
43169
30081
27713
26625
27137
26849
27777
24993
27105
25345
27329
26273
28641
25729
27873
26081
30689
27553
32897
28289
30017
25985
27201
25312
28641
25249
28801
27521
27361
24449
26593
24385
27809
24961
30049
26529
29217
26337
28865
27169
29185
24384
28161
24961
27009
25889
29025
25825
26177
25057
26721
25953
28417
24768
27489
25025
28961
25472
29857
26113
26977
25697
30337
25601
28961
25313
24993
28961
25025
29441
26977
62306
29633
75234
30017
58530
32161
61410
32513
60674
28673
25568
27489
24097
26497
25249
29185
25153
26817
24769
29665
24769
27169
24384
26849
24705
28129
25089
28801
26721
32097
27777
27841
27585
26913
26337
28513
26785
26017
29665
26689
27969
26593
30081
25217
29185
24737
28129
24161
69666
54465
54274
30209
36705
28001
55906
31169
46465
28961
29857
26625
27841
26305
27553
24705
29377
25153
30529
27137
29089
27521
28097
25313
30593
25473
28417
26209
30913
26401
29089
26849
28001
25216
31041
27297
33985
28161
29249
25344
28257
26273
29921
25089
31297
25216
28449
25185
29665
26145
38466
28417
29249
26368
30625
26113
34913
26113
33825
28033
30817
27585
30785
27585
29633
27329
30241
25024
32545
26945
30465
26081
28993
25761
30337
26561
29697
27233
49090
31745
65570
30689
30465
28736
28737
27873
28609
28481
31201
27777
31105
27937
28289
27137
33921
27713
31073
27905
28801
26465
33537
27425
29665
26336
30433
25920
31361
26113
31073
26977
30945
26913
28417
25473
30177
26081
29601
25633
34145
27841
28449
25825
27969
26369
31393
26337
29377
25761
30049
26081
48546
29761
32162
26465
29985
26401
30209
27745
29889
26945
28801
25185
28737
25057
31457
27041
30881
26337
29665
26945
32738
27585
29217
26337
29281
26272
29505
26305
31329
25377
29889
25089
30049
27713
30785
27713
31873
25857
29857
26721
34402
26145
30113
24993
29505
26369
33345
27296
29889
25633
29409
26049
28769
25857
29825
25888
31681
26433
35969
34945
36353
29441
30241
27937
70242
33409
75618
31297
67362
30593
70083
31521
38433
26976
27361
25345
26401
25345
28353
25889
28097
27105
44898
30209
71299
31233
42785
27233
36961
27809
72290
28993
29857
25473
29281
25217
28097
25409
34913
28161
27425
24929
26752
25345
27232
25057
28065
25601
26945
25377
27297
26336
26625
24673
26784
25249
27105
26945
27072
24577
44834
29537
47169
30977
28513
25697
27873
25248
26177
25153
30273
25345
26721
25505
27745
25793
32097
28321
30017
26273
29345
25536
28065
25633
27041
26081
30689
27457
28001
27073
30017
25665
27201
24705
27393
24544
26721
26337
27137
25665
35009
27169
27361
25473
39042
27969
39201
28641
60034
29921
104131
32513
29281
26401
29057
26816
25601
40546
28577
27841
27201
27137
26529
27424
25185
27264
25121
28097
25665
26880
24737
27201
24897
29761
24577
28801
27009
82467
30625
58210
29825
29761
25409
26817
24449
27393
24513
26721
25569
25537
24705
27297
24800
26977
24801
30593
26049
37794
28577
28481
25664
28769
24449
27713
24993
28353
25729
28129
25056
28449
25441
29057
24929
31457
24928
40321
46689
28129
24641
27361
23937
26721
24993
27425
25217
28897
25569
26496
23873
43617
26945
27233
24801
26625
24737
26817
24961
27681
26657
27201
26305
27457
26113
30241
24801
28961
24737
30209
26785
29825
25025
27937
25505
26625
25889
28321
25345
27713
24321
24801
25089
27969
24897
28833
24641
30177
25377
27233
25601
26625
24225
27393
26433
28417
25057
29857
25793
66626
31361
65155
31201
31553
26145
66242
28193
63874
31105
58754
34561
59202
28993
64450
30689
43073
29281
28513
28129
28449
26785
32353
26497
26689
25345
27489
25185
29633
25089
32449
26497
28673
26305
40129
27617
28225
25825
28673
25825
30561
25185
27521
24193
27521
25857
28033
24865
28193
25760
34721
27201
28289
25857
29057
25121
27713
25089
29697
26080
27905
25761
26912
26913
28353
25441
29185
24801
28993
25504
26977
25665
30913
26753
31521
27425
29953
25472
30209
27776
28545
25345
29345
27265
29216
24929
27297
24929
41442
26177
27521
24705
27329
25249
26977
25953
26657
24385
28705
25921
30817
25536
50050
32385
38017
29377
28545
37857
33602
27969
27425
25825
28929
25793
28609
26465
24929
32033
26305
31425
26881
29377
26113
29889
25632
28001
24865
34369
29441
30369
28033
32161
28385
29569
25121
32801
27809
33025
27585
27681
26529
29185
25857
28801
26561
30113
27297
31585
27009
69955
35330
40706
28000
26465
27617
28640
25825
30305
25313
29057
26113
28641
26113
28288
25217
32353
26689
29761
26337
29633
26945
30721
26497
27585
26561
35521
28641
29889
26881
29505
26529
32993
30369
28577
25569
29409
25889
31105
25857
29441
25185
29025
25888
29569
25505
29921
25985
29985
27137
40065
32225
50050
28385
30849
26465
28609
25281
31009
27425
29953
26881
28865
26049
62083
33025
54786
31073
40161
27905
55938
29601
48962
29505
30817
25505
27137
25377
30401
25793
30145
26337
33698
27232
29537
28385
31489
25696
35169
27296
29249
26433
28513
25473
32289
25697
31969
26305
50081
29025
65058
31969
62114
30561
57986
29281
63202
31681
30977
26497
27617
24801
26913
24833
29313
41921
27169
24672
27425
25313
25441
25697
25473
31169
27553
27265
25889
29057
25024
27873
25121
27393
25089
28256
24705
28641
25633
26977
26945
28865
25473
26913
24737
26785
24641
26881
24417
27073
25473
27681
25857
33889
26721
27041
24769
26881
26785
27297
24929
29793
26593
28897
24769
28961
24961
28609
24865
27809
24833
28161
25473
28321
25057
26689
24545
26817
24288
26433
24897
25409
25057
29441
24321
27616
25025
28257
25377
28577
25857
27233
25377
28225
25601
26817
25153
29313
25761
28001
25953
28097
24993
27585
31105
26881
25409
27009
24065
27137
24609
28609
25249
27969
24864
26977
24065
26304
25505
27841
24833
26593
24097
28064
25345
26721
25313
28257
25377
28545
25984
27745
25441
26881
25313
26625
24577
26688
25345
27361
24449
28065
24801
30177
24833
27777
25313
26721
26145
41473
27809
47074
27585
27425
25313
28097
25953
28673
25089
27456
24577
28289
24225
28097
25505
26657
24609
27489
24641
27073
24768
29345
25120
29057
25377
29281
25312
29025
25249
33217
28321
62978
32193
29377
25377
27777
26113
59138
29729
42081
28161
27265
24929
26625
25729
27233
25345
26721
25825
27201
24512
44097
29665
27777
27041
26657
25057
27265
26721
27489
27265
27361
25249
26401
26913
26848
25089
26593
25025
27777
24864
28577
25185
30177
26017
28065
26145
26721
24097
27649
25857
24257
26881
24353
26977
25857
29057
25121
29921
26017
31169
26817
57922
27297
58178
28865
55394
31329
59746
28673
58274
28929
30145
25664
27712
25025
30977
25249
29185
24865
37217
28033
28225
25729
29985
26529
30402
24929
30881
26113
28833
24961
30177
25665
31969
27585
28897
26849
29537
25441
29761
25473
29025
24417
29025
25441
28673
24897
31297
25569
28481
25313
28353
26305
30241
24385
28513
32033
24353
31745
26496
34818
27649
27361
25153
28161
25793
27936
25921
33281
26753
29217
24897
27649
25632
28449
25441
28769
25537
28897
25696
27745
24097
32065
26273
27649
24961
29825
25185
33505
26273
32161
26209
31841
27265
29825
25984
28961
25761
34241
26305
30977
26881
30658
27489
31745
27905
29729
27201
30977
25985
28161
25697
28481
26081
29537
29409
29729
25761
30465
27009
32737
27617
28769
26209
30113
25249
28353
26785
30337
25825
24353
30145
25825
32897
26528
28417
26144
29441
25345
30561
26401
29889
26177
29185
25216
27873
25889
27457
24865
32001
26241
27873
26497
27713
25345
41953
28961
61122
28705
62786
32993
62979
29313
61698
29793
41761
28001
32161
26977
34178
26785
26433
33697
27905
32962
27041
31425
26817
33921
27328
33569
26785
29697
26305
35041
30081
35265
28193
29505
26592
31745
27169
33857
29697
31425
26049
31777
26401
28481
25953
34626
28737
29889
26881
30753
27201
33057
27585
29217
26497
32929
27265
48162
28769
29761
25952
31329
26881
31009
25921
34721
28321
31169
27169
31201
26465
33185
27361
35041
26753
27969
25761
28161
24865
31009
25888
29761
25056
27841
25185
36161
25473
27265
25345
60194
30657
65763
28865
35329
27105
37058
27233
61666
29089
41986
27809
27329
25057
27649
24192
26113
25345
27520
25953
27873
24417
27361
24609
29793
26401
26145
24992
29793
25473
49986
25312
27649
25313
34017
27329
27905
25249
26625
26113
25441
24801
27169
24896
31009
24960
25281
24769
24609
24768
31137
25665
27649
24577
31105
24833
28961
25664
27905
25089
28993
26273
27297
24896
28865
24929
30529
25345
28385
25057
27681
39969
25121
25089
30529
25409
27521
24641
26657
24833
28097
26145
24961
25345
28545
25409
27713
24385
29505
24641
27009
24865
28449
25889
29825
26209
28001
25088
26529
24705
26753
24993
28417
24929
33409
27233
28481
25537
27105
24513
27201
24864
26657
24769
27584
24897
26305
25345
27296
25185
32641
27265
26945
25857
32609
26913
37857
28097
49026
27585
30465
26145
35169
26113
54562
29089
27169
25600
26273
25857
27745
25025
38913
28801
34625
27809
30817
27521
29121
26049
27681
25537
27616
27841
37185
28865
28001
25281
28129
25856
27681
26337
27073
24353
62818
29409
48513
27393
30177
25473
27457
24673
27072
25024
28289
25569
27649
24865
27137
25217
27873
25249
31329
26561
27425
24609
27329
25441
27585
25121
25121
28737
25569
29601
24768
26305
24225
26848
24704
26721
25089
28161
25057
29409
25185
32257
25601
26913
24641
27489
26273
26913
25345
29825
25089
27585
25729
44961
27680
27329
25697
27553
24673
28257
24385
27841
24896
26657
24481
30561
26785
27329
24417
27808
25505
27521
25729
27137
24353
26593
24609
32929
29185
66850
28737
58434
35106
30753
26625
31649
25600
64482
27425
43778
26817
35425
27649
27297
25409
26913
25217
25985
24801
31169
26145
28385
25216
27137
25089
32705
27009
31841
29505
31393
26401
28321
26433
27329
25089
28609
25377
36258
28129
34369
27009
27073
24353
27681
24993
29281
26273
29793
27265
28577
25089
29889
24609
28993
25121
26849
24640
28545
38881
30113
26433
64322
29409
26337
25057
27585
25185
27233
24833
30945
25729
29281
25729
27265
24737
27169
25025
27681
24801
28737
25505
28481
24993
28705
25985
28449
25473
28033
25152
29313
25889
26177
25793
25825
27649
25537
27008
24448
63682
29057
57314
28001
30657
25825
57346
29697
47650
29409
28897
24993
36545
26592
32833
28129
30049
25377
29953
26113
36866
27456
38817
26337
27201
25281
27040
25120
27809
25345
27201
24577
32289
26688
27393
27265
29985
25921
28801
25441
29697
25985
27297
24993
26433
25121
27456
25473
28577
25953
30177
25632
27649
24961
27137
27168
25665
25441
27009
24512
27649
26081
32802
27200
27585
25280
28641
25249
27489
25057
41026
29217
61858
52482
30081
25441
32289
26721
29473
26177
27649
25153
29217
25761
26977
26017
24609
27137
25089
28449
25025
27329
24577
26848
26305
27521
25441
27137
24801
27137
24321
27905
25185
27329
24321
26145
24545
27649
24737
27105
25153
38433
27393
31522
27265
26561
24064
28609
24961
27169
24321
27777
24993
41633
30529
28289
25696
27425
24481
27393
25985
27713
25185
27777
25345
26913
25729
52514
29473
29217
25121
27617
25345
31041
27809
65827
29377
52290
28129
28161
27201
37441
26465
68994
27649
33377
26721
26049
25537
25952
24864
29089
26241
51074
28769
34433
27809
51106
28577
33601
27969
29057
25248
27425
25121
27265
26945
38402
28736
34561
27905
32289
26369
29473
26273
28641
25729
26785
25313
28705
25153
30497
26497
27169
24705
26977
25857
27489
24705
25249
24321
27489
24481
28257
24545
38497
26561
29249
24481
27137
24833
33985
26721
29057
24833
61250
30369
41953
29185
32481
26977
62723
31137
44802
31745
29633
25409
28769
26017
29441
26208
32161
26432
29249
26016
27521
25633
31265
28033
31713
29057
34753
28641
30817
26177
33537
28929
34145
27777
29729
26849
28449
26657
28801
25441
28769
25345
29633
25825
32641
27489
35810
29441
28897
25984
30977
26593
29889
26593
29601
26721
25664
28289
26497
