124453
34049
28769
27713
27873
26657
26465
26721
25409
25057
25057
28001
24289
24801
981889
30273
40898
30561
35649
29569
32257
29473
36705
28321
32962
29697
39938
29121
32705
28737
36737
29409
31905
27521
39361
30017
25857
39713
28577
39873
27873
36226
27905
91459
66883
48098
29121
31073
26657
79139
31777
67298
63202
65282
52161
67202
31873
28385
59778
28961
27265
26049
25857
26433
24769
26369
24801
26625
24513
26369
27201
26625
26177
26785
26433
29217
25121
26401
28769
26337
29057
26433
24897
26657
26304
24897
25568
24481
26241
24929
26241
26720
26753
24865
28641
24833
26593
28449
26561
28001
26721
25985
27713
28513
24993
26689
24417
29505
60866
24801
48418
24865
68898
26753
28609
25761
24833
26688
24129
26689
24801
26049
25761
26273
25793
24385
24704
29857
25088
26465
25793
26305
25441
25313
24481
26145
25217
26913
25504
25985
25985
24608
24705
27681
24769
26177
25025
26433
25408
25569
23649
29249
53474
26817
25793
28353
24577
28129
23873
26593
44897
28545
28993
26272
69570
26721
25376
27521
30817
26785
26880
26176
24609
26081
24929
26593
25249
29665
24289
27137
54978
24097
25025
25121
26273
26785
36866
27489
59202
28320
25825
26593
26560
28321
64546
26305
49185
26272
53890
26368
48962
24993
57954
25505
27041
26497
24289
26529
29185
26913
23937
26785
24673
27105
25857
27521
25376
26209
26977
26689
24513
26817
24545
27041
25121
26145
28097
26817
24897
26401
26081
33825
27617
26977
28705
26305
25025
27233
24641
27265
25889
27105
25281
27745
54433
26369
25313
26464
24161
26465
24481
26529
27393
39330
24353
28993
24385
26049
24385
27969
23841
27937
29761
25953
24769
33985
31393
41506
26593
53666
32226
68098
34882
39201
31553
30273
28193
25761
25184
27137
24513
27425
23841
27745
24417
28545
24641
29249
24448
30273
24033
27489
26721
25313
23680
28033
24673
27745
23873
27745
24064
26529
24865
28897
24481
26913
23841
25825
23392
28193
23297
27233
23680
28513
26849
25697
23200
28129
25953
27521
24321
27809
23841
27745
24449
28001
24065
28609
24289
26785
23840
26368
22913
28321
23840
27553
23617
26561
23457
28289
23873
27393
23457
30081
24160
27521
23776
27393
24577
27841
26081
28033
24448
28129
24033
28769
23585
28833
23649
28737
26913
27201
24321
27361
23585
27457
24001
26561
23713
27456
24800
26817
24321
29121
25184
29505
24897
26049
23585
26913
25441
27041
23905
28865
24449
28673
22849
25537
24160
27969
23777
28225
23776
26817
24161
27777
23136
27425
24161
26977
23168
26241
23489
27553
24737
25953
26913
26945
23968
27489
23904
26785
25121
26849
24929
25633
24033
27329
25185
26240
23713
27009
24097
27009
24353
28513
25697
26369
23745
27521
23233
27649
23617
28705
24097
26880
23969
26401
24065
28513
22945
30017
28064
28033
24065
27008
26433
28001
24129
30081
23009
28449
24449
27169
25825
28033
24033
27393
23425
27969
24000
28353
24065
27521
24225
28513
24160
28321
24705
30049
24897
28385
25089
28449
25089
27201
23873
25729
24033
28129
24896
56449
28032
46338
28321
40290
28897
71235
28225
31745
26369
26625
25025
26465
24289
26145
24289
26049
22689
27841
23840
28673
23425
26145
23872
29121
23553
27809
23841
28033
23905
27873
31681
28641
25568
29377
23873
28385
24417
29217
23968
26977
24193
29217
25025
30209
23713
29345
24193
26209
22625
27489
23649
27841
23904
40674
26241
28289
24769
26881
23233
29281
23681
27585
23136
27617
24609
28481
23777
26944
23649
28161
23169
25761
23553
27649
23521
28097
28385
27553
23456
27649
24801
28225
23937
27649
24673
27393
23393
27297
23776
29377
23745
28385
24256
25697
23297
26913
23745
26849
23489
27041
24929
27841
23905
27905
23393
27969
23617
28705
23425
27841
23745
27905
22785
27841
23937
29057
25249
28097
24097
28833
24705
27969
25153
27361
24033
28545
24385
28897
23841
27009
23809
27201
25121
26817
25089
26080
24161
27393
24417
27232
24385
28769
24224
28001
23713
41378
25313
28129
24577
27425
23681
26913
23905
29057
23617
27681
23745
25633
24321
28097
23329
27521
23648
27553
23489
27233
24193
27841
23969
26880
24225
26881
25153
28033
24224
28513
24577
29281
24001
25729
23585
27425
24321
28065
23649
28225
24417
28001
23969
26593
23681
30434
23328
28801
23809
27041
24288
27073
23745
28289
23521
25921
24481
27297
23393
27297
24353
26081
24001
27457
23297
25697
23521
65122
28801
32289
23617
47393
29025
41826
27201
33953
25377
29281
25152
26177
25024
26529
23841
26849
23585
27713
28161
27553
23841
28609
23361
28897
23521
28193
24320
27201
23489
26785
24416
27713
24160
27777
24385
25377
23265
27745
24801
29281
38337
26433
23649
26241
24385
26849
24256
27041
23936
27009
25985
27361
24320
27713
23361
28321
24353
26176
24193
28481
24481
27649
23713
29697
23841
28449
23617
27393
24897
27553
24545
27649
25697
28705
24385
29569
30273
25921
26209
25441
26689
25953
26529
24097
27905
24417
38113
25665
26689
24673
27681
24353
27969
24993
27137
24769
27297
24257
27457
23457
27777
23585
27041
23361
26560
23041
26721
23233
26849
23233
28449
23489
27777
23649
31489
24225
25793
23873
29761
24193
30113
23841
27457
24321
28865
23137
29441
25280
27969
24801
27681
25601
29505
25569
29185
24416
27809
25185
25728
23361
28065
24993
27297
25121
28769
24449
28289
24481
27201
23937
26977
24129
27105
23905
26657
24673
28257
24481
25953
24033
29345
24577
28353
26241
28193
24385
27553
23841
25345
25761
27137
23905
28385
23808
28673
24161
27969
24801
39490
26049
27457
24960
26849
24001
28801
24992
26689
24001
26753
23393
27553
25313
27968
23649
26913
23649
28353
24353
27585
23905
27521
37058
27777
23745
26977
22945
26721
23936
27937
24193
27009
24129
28353
23777
27361
26017
64290
27521
25025
48194
30530
58402
29857
67843
27360
33569
27905
28673
25505
26977
24417
28993
24224
26625
26497
26241
24161
26240
24321
25249
26497
25953
24257
26241
24609
26785
24417
26529
24225
24609
24001
25569
24097
26337
23553
28993
24896
26657
24737
26945
23425
29313
26433
38273
24833
28033
23809
28129
27265
24865
22945
24161
23937
22913
27553
23648
29985
25409
28097
23201
28577
25953
27137
23233
27649
23361
27296
24225
28033
23425
28001
23297
29249
24097
27521
24256
27905
24289
28417
24289
26497
24321
27777
23713
26689
24353
27073
23649
28161
24289
27905
23457
24769
24673
27265
24161
26945
24641
26753
23873
27649
24000
25153
23969
25281
23489
29153
24385
25057
24033
26945
24225
26529
26081
26465
24001
25792
25089
26401
23232
26913
22817
27360
24353
26369
23393
26753
24929
26945
24032
27553
23649
26689
24321
27745
24417
26753
24513
28737
24513
28577
24736
28001
24737
27361
23201
27809
24129
26945
23681
28000
24225
26497
25665
25409
24001
27361
25120
28065
24257
26048
23297
26401
23969
27553
24033
27777
23552
27777
24065
28033
24801
27457
23585
25281
23585
28481
25249
27265
24673
27489
23520
28385
25089
26817
24385
29537
23905
27841
24352
26785
25536
27393
23201
27169
23489
27393
24129
28033
23585
27840
23905
26657
24225
27009
24321
28289
24225
27457
23809
28001
26721
53314
27937
35713
28193
41985
31169
46017
29313
25089
28609
24993
30113
25569
24897
24737
26593
23137
26113
23873
27009
23521
27105
22944
27169
22721
26369
23777
27105
22849
29569
25025
28545
23425
27585
26561
27489
23456
26849
23841
27361
23649
29377
24609
31329
25185
27169
24384
25920
25409
28193
23168
27297
23969
29089
23552
27905
23841
25217
24225
27073
24481
27905
24640
29346
24609
26657
23297
28161
24576
27073
24065
27233
24001
27009
23872
28225
26113
27169
24353
27937
23617
27649
24001
28065
24065
27617
24961
27841
23585
25473
24193
27905
24545
25921
28033
24577
27457
24545
27521
23809
30081
24705
40897
24321
27457
24577
27361
24001
27041
23681
27713
23712
27425
25665
28033
23681
26401
23329
29217
23489
28417
24321
26113
23905
27329
39233
28097
23873
27137
25409
28129
23457
27329
23617
26913
24481
26689
23680
25121
25281
27296
23457
28929
22977
30049
24417
27393
24641
38881
24673
26209
23137
30209
24033
26561
24192
27681
25025
26529
25441
26913
23137
29473
24385
26913
23265
27489
23777
26529
24609
28897
27169
28833
23617
29665
25825
29601
26433
28769
23393
28672
24193
26881
23937
28321
24577
27905
24161
27649
23521
28417
24705
27713
24353
30625
24993
26273
24545
26305
23393
27649
23585
28993
23841
28225
24192
26817
23776
25537
23937
28193
24352
28033
23456
27361
23713
42497
27969
33186
25569
37153
26913
26465
24001
27905
25761
34913
26273
27553
52961
28865
51170
26657
48866
29089
24353
26849
48930
29409
23713
29537
25249
27425
25537
27777
24449
30081
49505
27969
24832
28033
24385
27713
24384
26657
24384
27169
24897
27361
25441
27713
24705
27105
24609
24929
23329
27041
24225
28353
24225
26433
23841
25824
24033
31138
25633
26625
24929
30305
27809
27809
25537
31393
29249
28193
24961
29217
24224
28865
24609
30081
24449
26689
23904
27201
23585
29441
24801
26881
23777
27969
24289
28577
24800
24384
24193
26145
26145
24321
23553
27745
23905
27713
24769
25377
28097
24353
28737
24673
27296
24160
28321
24481
26049
23809
28577
23937
26689
24961
28577
23425
29633
25505
27105
23617
26689
25249
28321
24033
26689
23841
27745
23777
29857
26401
25952
23809
26945
23617
28353
23873
27873
23809
27777
25281
26017
23104
28449
24288
27169
24161
28321
24129
28097
24673
26977
24289
28545
23905
27137
25057
25729
23904
27904
23425
27265
23617
28257
25153
25185
23425
27873
23937
27393
25184
27617
25473
30145
26657
30561
25281
28449
24865
29697
24737
26337
24513
27009
25761
26945
23969
27137
23872
27873
24544
27009
23425
28833
24960
24992
24417
27169
24001
28193
24161
28513
24833
26817
23969
27425
24801
26657
24353
26593
23809
27969
24449
30913
26145
26657
23648
38082
26849
27553
26721
27681
25441
31969
27873
33282
26241
31905
25633
28897
26017
27681
26273
26977
24993
27009
27136
27136
26720
27073
23201
28417
25345
28609
24385
31265
25985
27233
25441
27681
24097
27777
24833
28225
24129
30209
24225
28417
24929
45378
29857
51554
27937
28961
24961
33889
25856
29377
25665
27009
24832
28705
25409
30529
24257
28801
24385
27137
25633
26913
23745
26945
24673
29057
24128
25121
24449
29569
25537
27425
24224
28673
24225
27521
24993
28993
24417
28513
26049
28225
25633
24833
24769
27361
24993
27617
25505
26977
25569
28097
24384
30273
25153
29985
24385
25505
26017
26369
23776
30561
23905
25889
24417
27681
24481
27137
24257
27681
24193
28096
26273
26177
25057
29377
24065
28289
24769
30177
23841
28545
23360
28673
23873
25761
23777
24800
25184
30370
25089
29505
23649
28576
24448
28353
23777
28065
24865
27361
24801
24897
23425
28737
23937
27009
24448
26497
23585
28449
25633
30657
26209
27809
24289
27393
24321
29217
24192
27520
23840
26369
23393
28193
24128
26913
24161
27745
24385
27905
24737
27809
23617
28321
25281
28993
26209
31649
27617
27521
31329
27521
25921
27361
26881
26753
27745
28225
24704
25889
24545
27425
24961
37602
27457
26625
25057
27137
25185
29217
24992
27201
24769
28481
25633
26337
25025
28257
24993
27009
24769
25920
24833
26401
26401
26753
24353
29089
24768
24769
23873
28769
24097
28801
27841
25921
23521
27745
23712
27873
23584
27361
23969
27232
23137
25217
23488
25473
23809
26913
23521
27617
23840
26433
24161
27169
23777
24897
23969
27232
24129
26689
25185
27521
24001
27297
23233
25281
24897
28769
25089
26913
23841
28993
24129
27105
24257
27425
24065
26881
24033
27777
24065
28225
24129
27265
23681
27041
22785
27297
23297
27873
23937
25729
24033
28033
24673
26049
24513
29953
24289
27937
24672
29025
25569
27009
24961
24480
23393
26529
23489
27969
24833
27489
25633
25313
23777
26945
24641
28417
23457
27969
24096
28929
23521
26721
23457
25569
23937
28769
24993
26977
24129
26849
24385
27425
24801
27457
24769
26945
23616
27009
23745
26945
24512
26881
24192
26849
26529
26561
24256
25633
24897
26017
23936
27873
25441
25921
49762
26785
28321
28513
25056
27361
24801
26816
57986
33250
28001
26465
24864
27041
51234
27105
23873
29121
24737
31425
26465
24961
24577
24833
26144
29025
23393
28097
24193
27233
25505
26369
23744
27745
24289
26337
24480
27233
23361
28065
24065
25472
23617
29377
24737
26880
26945
30337
25537
29441
29121
28705
25185
27169
24001
27809
24193
27265
23393
33217
26369
27425
24897
27553
25025
29089
24736
28481
24417
27425
23937
27777
24673
26241
24289
24705
24001
27393
24993
29857
24033
28865
24929
30017
26017
71874
30465
56386
31073
41186
30305
52193
27073
29921
26304
27425
25696
26561
24961
26497
24289
27745
24641
26209
24160
26752
24705
28129
24641
27425
25313
26273
24961
28321
24001
28769
24257
26113
22881
26433
24416
25825
23712
26977
23713
27649
23617
27265
24032
29185
24833
24417
22913
27617
24449
27265
24865
28289
24417
28161
25025
28385
24385
29025
24449
28577
24289
30721
25729
28833
26497
30305
25985
28129
25569
28545
24065
27009
23968
30049
24065
28929
25697
26145
23297
27105
23105
26048
23297
27616
24065
27680
24129
27488
25089
30913
25345
27296
24801
27553
24193
27169
24833
28161
22945
27233
24385
29153
23712
29441
24705
27552
25953
26529
24257
25313
24065
27841
40546
27457
24481
28033
25441
28609
23777
28513
24289
27745
24448
27361
24353
24929
24321
23905
23905
28193
25025
28513
25377
26209
24961
26721
25921
27649
24385
27424
23841
28929
24321
27201
24161
27169
24705
26657
24417
26657
23841
27361
24897
25441
25921
26497
24097
31553
26817
27009
25249
26913
24577
26657
24960
29249
26273
26305
26785
26561
23649
36705
25985
25537
25921
28001
24097
30017
25505
26849
24833
27009
25153
29281
26145
28353
25473
26913
26881
26145
26017
27841
25632
26081
25441
27809
26273
26593
24993
27585
26689
26689
24321
29377
23777
30273
25217
26273
24929
30145
26337
26305
24961
60483
32545
50050
31745
45665
30722
49825
34690
33121
28033
25217
29569
27425
25665
25120
24737
27457
24993
27297
30018
27329
54050
25601
52898
25184
25281
26945
38978
27873
26241
26977
23201
27777
24801
26977
24640
26305
23905
29249
29825
26433
24385
26241
25857
25889
24257
27201
23137
48834
27841
24928
25825
26433
24577
27937
24897
26785
23265
28321
25569
25729
23329
27969
25504
26401
24961
26497
24961
27392
25921
26785
25088
41761
25729
28673
24672
25185
24257
24641
24545
25185
25184
26848
24097
26913
24833
28193
25281
25473
30209
26081
25697
24961
23809
27233
24609
26369
24704
26305
24609
25345
25217
26049
24321
28161
23744
27553
24577
31329
26625
26433
25409
26401
24865
25953
25153
26688
25921
27201
24929
26593
25216
26657
25633
26433
26017
27681
26561
24737
24928
26721
26561
26881
25921
24769
25345
26560
24129
30625
31457
27169
63042
24160
26145
24929
26305
24321
26497
24576
26305
23681
26529
24352
26945
24641
29601
23713
30689
25953
25664
25313
27009
24481
26369
24193
25665
26017
26273
22913
27841
25921
26305
28961
27201
26561
27137
24193
27329
24705
26881
24352
27841
23297
24513
25472
26145
23201
28225
24001
27073
23233
26817
23905
26209
24225
26497
23777
27809
23553
26785
23072
27265
23809
24961
23681
25281
23584
30401
25697
26689
25505
27393
23873
26433
24065
45953
26625
38306
27649
48514
29153
42401
28129
34657
26016
29441
26945
27393
24033
26337
23489
25825
23808
27905
24289
27617
24833
25185
23681
29473
24225
28545
23489
26625
24129
29025
23905
28033
25601
27905
23937
26977
23809
26305
24385
24865
24321
28481
23937
28993
24960
26721
24353
27585
23585
27905
23233
29121
24097
27521
25153
27649
40385
29217
23521
25889
23137
26689
23137
26785
22913
26657
23777
26305
23649
27233
24609
25601
23073
27521
23905
28897
23553
28577
24129
25697
24161
29697
23521
28289
24448
26144
23169
28673
25249
27233
24449
28033
24416
25953
23713
27233
23264
26464
23393
26753
23905
27169
36769
27937
24673
26593
22529
27873
24737
28929
24321
27041
24129
28225
23617
28705
24385
28513
24992
28129
24513
25377
25473
24928
25376
37505
26593
24032
28897
25153
25985
24768
26624
24513
29345
24544
28353
24737
28641
24321
27297
23681
26625
23937
26081
23873
24833
23361
25761
24161
28449
23105
26049
23649
27617
24673
25409
24033
27489
24449
27361
24289
28993
23937
27585
24737
27009
23201
26849
23681
27745
24097
28897
24257
25825
24225
28161
24353
28001
23873
26977
24289
28353
24577
26721
23425
27553
23329
28161
25633
28065
25184
26593
24097
24673
25825
26977
23744
26560
23521
26945
23425
26689
23233
27745
23777
28289
23841
26433
23873
26881
24257
28449
24225
27233
23809
62402
29345
34593
25889
27233
24833
26017
24289
36321
25793
25505
24033
24609
24032
29313
23393
28577
23777
27136
24385
26081
24065
27105
23265
27649
24961
26689
23457
27521
23649
24577
23297
28801
24289
28225
24225
27137
24353
26561
23521
27809
23969
28065
23649
42306
26081
27969
26049
29665
24033
28705
24961
28129
23745
25505
24673
28289
24705
30177
24481
28833
23905
28385
23905
27393
24065
26785
23617
27713
24096
27681
24353
26145
23905
28673
24097
27713
23489
27169
23040
26081
24672
27841
23681
27137
24193
26913
24513
27745
24193
27713
24064
29409
23585
27233
23776
27617
23457
28257
23457
28033
23712
25569
23393
26785
23169
28225
23841
25056
23937
28033
24609
25569
37346
27904
24448
28897
23553
27553
23873
28961
23936
28097
24033
28833
23936
26465
23457
26657
23233
26496
23777
27009
23905
27937
23553
27617
26945
29153
23873
26625
24864
25825
27297
26849
23361
25888
23425
26625
23169
27297
23361
27713
23297
27457
23264
27425
23873
27649
37921
27425
24481
28001
24769
25441
23424
25889
23905
27265
24353
26081
23809
29473
22753
25888
23553
26593
25537
27233
24065
27713
24065
40033
25089
27777
24065
28385
23681
29505
23713
28609
23649
26273
23137
25953
24032
25217
23648
27169
24065
27424
24001
27905
24033
27425
40769
28225
24129
28065
23616
26881
24001
28609
22401
31393
25953
26145
23969
25089
23873
24673
24129
26337
24577
27297
24897
26113
24065
36673
28225
28641
26049
26849
25120
26593
25281
26561
23489
27297
24289
26081
23521
28929
23105
29089
24161
29313
23457
24257
24609
23265
29441
23808
26625
24577
24897
24609
27713
23777
27777
24225
29153
24448
27073
24033
25793
24065
28097
24257
25697
24033
27777
25825
27552
24225
27489
24768
30625
26433
26145
24609
28705
25729
28481
24673
28897
24385
35521
26497
29761
24449
27936
23777
28481
24512
25569
27521
29313
23905
32065
24737
28353
24832
25729
24833
24929
23201
26785
24449
26625
24992
27841
25153
27969
23969
27297
24544
28513
24961
27713
23328
27969
23777
27617
23649
26272
24801
28545
24321
25120
23713
29281
23841
27169
24609
26753
23937
31137
24577
26689
24065
23873
23297
27169
24128
27137
23776
26817
23841
26913
24609
28097
24032
24673
23296
28417
23489
28097
23393
27841
23713
27105
24769
26497
24609
27392
23841
27105
24993
28833
24576
27809
23841
27489
24833
27137
24737
26081
24641
26625
23489
26689
24097
28545
24001
54050
27297
29697
26529
29025
23937
29441
25889
25921
55458
26753
59490
26881
29217
32641
31809
27649
48289
27681
51554
26401
26945
28257
25025
26241
23904
27169
24769
26688
24801
34370
25281
26625
25121
26945
24449
26433
25473
25505
26017
28097
26337
26721
26241
26913
24929
32001
31457
24705
24801
52162
30177
38817
28929
44770
30849
28609
31010
25089
26753
24865
27457
26305
24417
28609
24673
28032
24257
29281
27777
26689
49890
26561
24929
25985
24097
26016
24801
24960
24769
26113
26881
26337
23649
28481
24545
25121
24064
32513
26017
29185
25760
26401
25345
24705
58594
24256
25697
25504
24545
25664
25089
26977
24897
29441
24865
25857
26017
27841
25793
24225
28129
25505
26689
25249
28641
25153
28545
26081
26752
25633
26433
25825
24545
25537
25825
26177
28609
25505
25120
25569
28193
25217
26433
24865
26753
23713
26305
24769
28961
25921
26337
24417
26561
25953
26113
26561
25857
25057
26913
23713
26593
23777
26977
25057
24897
25089
27393
25953
25249
24577
24993
26529
26561
25793
27265
25024
28449
24801
25185
26369
25057
24993
25313
27137
25217
27169
25217
26561
25377
25857
25569
27489
24736
26977
25152
26369
24033
31009
25601
26465
24481
26496
23969
27425
48194
26241
25120
27233
25313
26816
24033
26912
24353
26049
24865
28545
25089
27777
24641
28161
24417
26145
24705
26849
25569
28705
25377
32193
25568
27105
27137
27041
23904
28513
24673
27681
24225
26753
23009
27137
23713
29121
24288
25345
25312
26625
24769
29281
25729
25024
24769
26849
25057
26561
25281
26497
25537
25057
24929
26785
24545
26913
24705
26977
25281
24929
26113
24353
25056
26561
24321
26881
24993
66786
30081
49122
50530
44033
30945
63203
30273
33633
60930
27553
30945
29377
24353
28545
25889
28833
23393
27265
24161
29217
25121
24769
24033
31010
28673
26785
25633
25537
26977
26944
24769
24449
24897
26881
24353
28481
23873
25217
29697
26337
23681
25313
23392
27009
23585
26337
23681
24673
23328
26017
24225
28705
25505
27201
61314
27521
29345
26305
24480
23809
23777
26752
25345
27361
25505
26017
52002
26241
28577
26049
26561
26369
25856
33729
31297
29953
26272
26401
25985
26465
25377
26177
25057
26049
24385
26465
25440
26305
25120
25633
24609
25921
25281
26209
24737
26401
24833
26272
24001
26017
25025
25633
24129
26241
24512
25153
26113
27969
25760
26432
27009
26529
24833
26209
25409
25377
25025
26017
25121
26881
25504
30497
25217
25088
25313
26496
24641
26337
23777
26945
24929
26945
24929
28289
25057
28545
25153
26657
25953
28321
24513
26113
24225
27969
24737
24865
25025
26081
24673
25921
25601
25953
24641
26305
24769
25377
24609
26305
25409
24737
24449
26721
24769
26273
26753
24929
23905
26881
25440
25441
24737
28385
24768
28801
25057
26017
24257
27585
24737
27009
24673
25473
24801
26689
25057
26113
24225
24449
24416
25537
24865
26593
25121
26401
25153
25345
25633
25985
24384
26113
24641
37409
25985
26497
26081
24289
24640
24512
24641
26945
25409
26945
23392
55906
30465
34369
63778
48610
29857
28225
25377
26913
26881
25025
25313
26753
23456
27585
23969
27680
25025
27969
25377
24481
25025
25888
25441
25601
24513
26497
25568
26400
25408
36737
26848
28673
25153
26593
24065
27105
54658
25857
25313
25665
28641
26177
26145
24769
25217
28321
27201
25761
24992
25505
25953
26464
93187
26081
29953
26817
23713
27713
24481
24673
22849
26945
24129
25633
23649
26784
24321
24833
23073
28961
25089
26657
23681
27265
23360
26657
23617
26849
25089
26112
24353
26209
22977
28225
23905
28257
60162
26753
61314
26145
46850
26497
24833
25760
25505
26081
26208
24448
25249
26593
45730
24609
25377
28545
25633
26017
26145
29889
55298
24513
25185
25536
23713
25441
25377
25729
25537
25505
26561
28161
49058
25089
28577
27073
24833
26849
25089
24769
23841
26209
23521
24993
24065
26529
23809
26433
23777
25248
24417
27681
24065
28417
23713
29249
23936
27425
24385
27745
24033
27361
23904
26912
23841
26593
24609
29441
24993
26497
24225
26657
23297
27585
23392
26977
23425
27201
23681
25889
27041
27073
24736
26849
23361
27585
23841
27393
23809
27521
24225
29025
23072
28801
22688
26913
23649
27169
24449
26561
23521
28065
23393
41762
25697
26721
23425
25697
22657
25825
23232
28289
23937
26849
23264
26497
23361
28641
24065
29441
24833
26721
23873
27713
23520
36770
27937
42722
28449
50401
71299
43746
35041
29121
24385
26401
23585
27297
24544
27489
23488
27297
24353
26977
23361
26977
23873
26401
24481
27041
23937
25409
23585
27361
23329
26913
23968
24705
24193
26241
23489
26817
23937
26689
23489
25025
24224
27041
26881
26433
24609
26817
24737
28897
24353
29089
23873
25857
24097
26881
24000
27137
24353
26049
23873
25089
23809
27201
23936
27296
23393
25761
26625
27809
23425
28865
24097
25185
23329
26529
23489
27553
24801
25377
24161
26849
22977
25601
23712
26433
23713
25217
23329
27265
39106
27361
24449
29729
23233
28096
23041
25153
24001
26849
23072
28577
23841
26401
23393
26785
23104
28321
24033
26529
23745
25601
24001
26817
24545
24929
23489
27297
24737
26913
24257
27361
24192
25344
23745
26785
24289
27169
24225
25889
23073
26785
24352
26273
24673
26208
23425
42177
23200
27425
22560
29281
23713
25441
23425
26497
23776
27425
24448
27745
23681
26785
23168
27265
24736
27681
24577
27425
24129
26209
25313
27617
23584
26913
23968
27073
24033
27009
22977
26849
24512
27329
23649
26945
23937
26785
24225
27457
24193
27649
24768
27745
23937
25249
26496
25153
23105
27809
24033
26977
23585
28257
87555
28545
26656
25536
23425
26625
24289
29409
24833
28161
24032
25825
24705
24896
23649
27041
24385
26817
23681
26849
25185
27073
23169
27361
23585
33122
23937
28225
56002
26433
24161
27265
24801
25377
23617
27361
25377
26209
27745
26849
23489
27521
23169
27265
23328
28705
23265
27617
24672
28513
23681
28961
24737
26977
24449
27905
23841
27073
23873
27073
27617
28033
24225
27744
23457
26689
23937
27425
23649
28064
24673
26337
23425
27553
23552
27329
23841
26977
23585
27329
23873
27585
24097
28801
23968
27648
23649
27425
23841
26369
23265
27009
23393
26497
24001
26753
24224
27009
24481
28801
24352
27265
24609
27169
23105
27777
25697
26785
24545
26849
23937
25985
23681
26369
24033
26753
23936
25313
23745
26657
24480
26657
24193
26945
24128
26145
23649
24288
23297
26369
24033
25312
24129
26465
23457
26401
25057
26529
23425
26209
22913
26593
23361
26945
23681
23617
23457
27073
23840
27841
23552
25825
24160
35298
28289
26337
23552
27233
24353
28833
24065
27137
25377
28065
25729
27489
23905
24257
26785
26881
25729
27425
23457
27520
24449
27425
24225
25729
23488
28577
24001
26721
24193
27041
23841
26593
23328
27585
25025
26561
23489
25953
23936
25793
24353
26593
23521
27777
23393
27425
24065
27649
24865
27041
24577
26497
23105
27233
24512
29025
24065
26625
24161
26593
24001
26177
24321
24833
24384
29089
25281
27713
23425
26625
23777
27265
23937
25377
24129
26273
24513
27233
24833
26689
24897
26561
23553
42241
26689
28225
24481
31969
24544
27361
24641
27585
24993
25601
23969
26529
23905
24673
24449
26977
24641
26048
23329
27361
23905
25697
24737
29409
24481
28385
24033
24609
24097
27520
24353
28033
23777
25153
22977
24833
24161
29249
23840
24417
23904
25313
24800
28129
24897
28193
25025
27841
24161
26433
24033
26305
23489
28929
23905
27745
24352
27425
23361
28449
24769
27137
25505
27169
24257
27713
23073
26785
23841
24993
24417
27008
24577
28929
24289
28289
24609
26433
24705
28705
23745
26337
24993
25953
25345
26401
25377
27585
24608
26881
23968
27969
25921
27393
23937
25793
25057
28993
24064
25281
25025
28001
25185
30145
24769
30273
24481
27424
24129
26529
24001
28833
23489
27809
25025
26433
24545
28481
24097
25537
24513
28289
25697
26529
23937
27233
23649
28385
24385
26273
24097
26561
24577
25697
25089
27265
24385
26017
25953
27841
24097
26881
24033
26017
24321
28161
24481
27457
23808
27905
23232
25633
24448
27041
24065
26689
23649
27457
23937
29601
24513
26817
23553
26368
23905
27200
22977
25888
24193
28192
23585
26817
23585
27009
24289
25921
24064
27329
25153
27649
24897
28641
24577
27937
26625
27649
25568
26465
24065
25313
23585
35393
24161
26113
23233
27521
23777
25569
23489
24289
24609
24961
22945
27296
23169
25889
25697
26689
23105
27777
24065
25473
23265
25921
24449
26561
23361
33697
26017
30337
23936
30145
26720
27105
26337
25089
26433
25505
27265
25473
23937
25761
24289
27137
24545
28993
23905
25185
26753
24833
26433
23745
26625
23873
27201
24769
26881
24161
28577
23712
25729
28257
28480
23777
26465
23489
27521
24705
27424
24225
24929
24161
27265
23617
25057
23105
25729
23361
26401
25409
26689
24544
27201
23936
27457
23393
27457
24225
28737
23361
28097
24161
26881
23425
27841
24384
28705
24352
27329
24513
27233
26241
28001
24705
25761
23873
26817
25345
28481
23425
25377
24385
26753
23489
26529
23905
25568
24033
27425
24193
26848
23713
27969
24129
26561
24833
24928
24481
27105
30881
28641
24897
26401
24353
26561
23841
28193
23041
27137
24161
25025
23297
27265
25089
26145
24705
25185
22849
26081
23137
26721
23457
42754
26241
26017
24513
25409
23585
26433
23489
27329
24193
25921
24001
25313
23457
28129
24865
26465
24193
24993
24801
24705
23937
28897
31809
28865
23457
25889
24737
26400
23937
26689
23553
27873
24417
26657
24257
26753
24257
26209
24033
25313
25248
24417
24416
28001
23617
26113
24513
27265
24641
27105
25729
27905
25345
28353
24289
26273
24897
26337
24705
26625
25153
26145
25281
27297
25313
27553
24865
26529
26753
26881
24289
24577
24161
26945
23169
26336
24161
26273
24801
25601
22817
26689
23713
24993
24449
29249
24097
25729
24736
25089
25825
41346
26913
57890
80675
85123
35842
75907
40865
48481
30113
31585
27873
33986
27393
27425
32065
26721
36610
27777
30625
26401
31073
27008
34977
27937
35073
27073
35298
28321
31329
26305
34401
28929
31041
27713
32481
28481
35841
27105
32257
29409
29185
26753
36353
27265
33793
27521
35457
30433
32577
27873
37857
28673
31138
26529
48226
27841
55234
29953
29601
26497
27553
34593
27328
34209
27489
32065
26368
33473
26753
30593
26017
31105
26945
35138
27937
32865
26017
30689
27585
32354
27169
31457
26401
30721
26976
36833
27905
36577
28641
36129
28353
37122
28929
35265
41025
32033
26913
33473
26913
30209
25889
30786
25505
31137
25440
34209
26529
34913
26177
31905
25857
30017
28289
36097
27681
33889
29601
33825
27937
33441
29633
33281
29601
35490
28545
30689
25953
35745
29153
31873
28705
30849
27329
33121
25504
34145
26880
34081
27585
34370
29025
33633
26081
37057
29857
33538
27361
32961
30113
37249
27873
36194
27520
30401
26784
32385
27105
33185
28513
31682
29633
30241
26081
31457
25728
32609
28801
30977
29217
30113
27329
29985
27233
35841
28449
33665
27617
35617
29825
35713
27713
37154
27904
30817
27777
33825
29025
33793
29665
34817
28481
36417
27457
28737
26945
32833
27585
30529
25281
29153
26369
31745
27457
34657
27873
32609
27105
28609
26753
31297
27521
30273
28097
60514
29985
65699
31586
57570
90147
61795
31073
56738
32546
31681
27073
35809
33537
29025
26657
30849
46338
33538
25377
69315
31745
64451
34817
56802
59874
56514
30305
71106
30273
33505
27169
32769
27105
35489
28353
49986
32385
83266
35841
34337
26849
34369
27745
32225
26785
25729
34593
28993
32897
27009
31521
26593
35425
27105
31617
29409
32641
26465
32642
28481
35361
26689
31713
28705
33185
27681
30721
27425
30241
27073
35201
28545
37217
28417
30081
29217
36801
27777
31554
28385
34273
28225
33281
28897
30177
26369
34753
28065
47490
29601
33889
27233
34209
29985
30497
25889
32898
26817
30817
28033
31137
26881
31553
27073
28257
26113
31841
27297
31585
26465
31745
25921
32577
28673
31393
26944
31073
26977
33665
27393
32609
26689
32161
27393
30497
26881
30753
27137
30753
26689
31201
26721
35041
27041
35297
28833
30849
26304
29793
25857
34465
26913
32577
27265
30081
25889
28289
24993
30305
26049
29057
25729
31457
27073
29761
26017
29697
25984
30305
26945
29025
25921
31681
27457
26816
27073
27873
26497
29953
26977
34338
27073
29793
27681
32033
29921
36641
29857
30817
30369
32801
27553
31873
27201
32609
27265
31073
26273
30753
26561
32097
29185
30113
26849
29505
25729
29377
26529
32641
28001
36609
28545
28769
25761
30977
25985
31361
26881
30753
26817
33089
28993
32001
28129
64770
77443
57986
33345
46657
29665
48353
35138
72514
96419
31617
27329
32033
25888
29633
25153
31617
25633
32514
71619
37633
28001
40066
74530
35010
31746
33505
25889
36066
88963
31233
27009
30785
26272
41794
31585
34529
29697
31265
27169
31297
27041
26497
34081
29377
32545
27425
59682
34081
63042
29377
45634
29921
40130
28769
56482
34113
59874
31329
33281
29281
29953
26592
38018
30401
36513
28513
33889
30081
33345
27265
71363
30497
64482
31201
32321
27777
36481
28129
31330
29409
30913
26529
32385
26305
30274
26401
30497
27169
30753
26913
31521
27297
32513
31617
33569
28769
31489
26784
30209
27009
32417
26017
34817
28833
35201
28257
32865
28513
31585
27073
32161
27009
28897
27841
37121
27553
32257
27105
29345
26689
34113
28321
45186
27073
31777
27521
34881
27424
29441
26177
29249
26049
28993
26657
29569
25825
31585
26657
28481
25313
29441
24737
35009
27489
30305
27873
32065
26560
29825
26049
28417
28545
30401
26081
32929
27457
29601
27329
29345
30113
32033
27809
26145
26945
34817
27905
30049
27105
29858
26561
32993
30209
32097
27905
31969
28417
28769
25697
28065
26273
31138
27617
29697
25953
30913
26017
30113
27009
30113
26657
35553
40001
31842
27073
32353
26241
31329
28161
29505
27201
30177
26721
36225
27841
32161
27777
28289
26241
32193
27425
29537
25857
28417
26561
50338
34593
63458
34881
40642
85379
43042
28577
65026
33793
43042
29985
31745
26720
40001
27393
29633
26913
31873
27713
31777
26593
30849
26305
31841
27105
31074
27585
32481
26913
33345
28129
33121
28449
32705
27713
31617
26977
33185
27521
31073
27969
28929
26145
29825
25633
31873
27297
30818
28929
31169
27009
32321
28929
33186
26753
30657
26657
28833
25921
72162
31937
29537
27233
29921
25153
28033
24289
27841
28769
28385
25217
32065
24321
79939
29281
77123
32353
51138
34113
53762
29505
31905
30817
30945
26209
27041
24640
27104
24257
26785
25153
28865
25377
28353
24705
29633
24417
29953
24097
26913
23360
29537
24480
28961
25857
26048
24545
26817
24609
26497
23168
26497
24257
30369
25121
26785
23520
27585
24128
26433
23457
26945
23681
28193
24577
33025
25697
27329
25376
24001
26433
24961
26913
24545
26657
24544
29441
25281
27297
25409
26593
23937
29953
23745
29217
23488
26081
24257
28705
24641
39170
24769
26401
23360
27233
24768
26945
24161
28417
25441
26625
24032
28609
24448
27841
23905
27969
23553
27713
23521
23936
23297
27969
36193
27265
23713
28641
26464
26144
24929
27905
23809
26529
23969
29057
23521
27681
24065
26721
24736
26273
23424
26881
24417
28769
24833
26369
25569
28993
24224
24289
23073
26401
24673
27777
24289
26081
24513
27553
24448
25793
22657
27297
24001
29921
25761
52450
54466
50849
30497
47297
30113
56514
79234
77571
37889
40961
29569
37889
29569
34369
28129
34785
27489
31681
27233
46017
29377
37857
26945
35905
29569
34465
27617
31841
26049
32385
27969
35394
28769
30530
26977
35521
28865
42209
29057
38018
28865
34049
27521
32897
26913
33569
27937
31265
27169
33634
26401
32705
29409
29569
27169
31937
27489
30593
27137
32289
27521
33410
28769
29921
26337
33634
28737
36673
28289
35649
27553
32385
26465
32130
26624
35874
27521
30657
26689
30017
26721
34049
28097
31809
27073
33953
27488
29825
27137
32609
27073
34401
28097
32161
28641
32513
27585
39970
32449
54882
29857
87491
36065
25601
68867
33889
67778
34914
72354
37858
37185
29089
35233
29313
31329
28097
34593
27553
33825
28993
38721
30497
37729
27713
33730
27777
33633
26529
32641
27937
31137
27361
34081
27040
46689
28353
72035
29249
48610
28737
40609
28032
37122
27521
30785
26945
39585
27777
34658
31457
34434
28961
34177
27009
34081
27425
32449
26081
38561
28705
33377
25921
34721
27521
33537
27521
32161
26657
36802
27585
34113
27137
31521
26657
33217
25024
34722
25825
36065
26145
33506
27425
32961
25953
33986
27009
62754
32289
42497
27745
96292
62178
29377
26721
27169
25953
29089
26753
28929
25921
26369
25505
27232
24353
27873
24737
30273
28993
26785
44449
26881
43649
42817
29857
40673
67650
62914
32833
46401
37153
50146
82563
73634
39041
39457
30497
39201
28001
35873
27361
41858
28225
35106
26881
36641
27873
34050
26049
25121
48066
49281
45345
27553
33473
28545
34753
27425
37857
26241
34401
26497
36386
26785
34177
27425
34977
26945
36673
25569
32545
26657
40417
27233
34273
26433
37153
26592
33218
26913
37186
26785
35585
28545
39489
30497
36001
43297
32897
26561
35713
27296
40385
27905
32225
27105
33089
27233
31585
27041
46114
28257
33665
27649
32609
26689
31393
30209
37473
28161
32929
28897
36705
28129
31009
27713
33090
26881
32705
27745
35265
27809
36929
27585
41185
28193
35521
27777
33665
27969
37985
28161
32289
26913
31617
27296
37377
26977
37761
27841
34722
27201
33889
29857
31970
28161
33601
27169
32449
27553
33473
26881
61122
33089
96099
75810
65155
31617
55202
32225
71426
31041
57154
32257
71939
33761
28417
26433
27265
24449
27681
24449
28353
28737
26593
25121
25377
49378
26177
28641
25313
28481
25985
26945
26049
27296
25697
28321
25953
26305
24769
25025
25537
26657
25793
26881
63618
26273
25216
26337
27873
26593
25537
25281
24640
27905
25089
26880
23937
28577
24865
27425
24065
26977
28705
26368
24929
31233
25249
36289
26881
28577
24769
26977
28641
26848
24865
26273
26305
28321
25697
26657
26977
26657
24513
29409
27713
26560
26081
64099
29377
29985
55330
59522
32513
76611
32386
81699
31649
46562
29665
35905
27873
41665
29633
38722
36481
37569
28129
34337
27841
40129
28801
33377
27137
33825
28385
34977
26785
31201
27009
67330
33473
31393
28065
29697
24897
29665
25121
26913
25472
26881
25025
26849
25857
30913
26593
26561
29473
28161
29793
28097
25185
27329
24992
26785
65922
28321
29217
25921
25632
27009
28513
25985
23904
27137
26785
25472
24577
26273
25441
25889
25024
26433
25056
26593
25185
30689
25249
27457
28129
26177
24449
26529
25345
26433
24897
26529
26017
27073
25185
28737
24833
27424
23969
27745
25633
26625
25889
28673
25601
28449
26881
26433
26273
25089
24609
26177
24801
28225
24161
26113
24193
25697
26208
26625
24801
26369
24064
28033
25312
26209
26465
25888
25921
42529
29409
26561
25569
28289
25281
26049
25185
25825
24641
28513
30273
28545
27521
26913
27041
28449
23745
27553
24225
27105
22881
31233
56802
28801
23329
28193
24193
63362
31649
46146
35233
40898
29377
39298
76035
27008
54978
27521
43522
47202
30721
27457
24065
27585
24832
27521
25248
28641
24193
52386
29505
29345
23841
28001
23936
28577
24289
28097
26849
35682
26209
26049
25089
26688
23937
25601
24193
26721
24129
28769
23969
27873
23265
27521
24161
26689
23361
27360
23617
26881
23841
27393
23393
28769
23137
28097
22817
26753
23776
29089
24801
25889
24353
26625
24736
27201
24801
27297
24961
26817
24513
26369
23937
27105
23968
26561
23905
28641
24609
28929
24865
28000
23169
27873
24065
28097
25280
28289
23873
29729
24097
27104
23489
28129
24289
27425
28513
27681
24289
27233
24961
27200
24897
26977
24417
28545
24897
29121
25505
28001
24769
27744
23937
27745
24769
28321
23777
26081
24673
37057
26785
26593
24449
27777
24512
27745
22785
27072
25345
27137
23905
27681
24513
27585
25313
28129
23776
26785
24192
26273
23713
26113
23520
25537
23425
25729
23873
26625
24033
25409
23937
24769
23937
25408
23456
25921
24353
26017
23777
27361
23137
26785
23489
27521
23040
29505
24737
28001
24929
27361
24929
27041
23872
26977
23713
26785
24257
26369
24897
27872
24672
26977
24705
27041
24417
26945
23425
27265
23265
30177
23585
28065
23105
27105
24320
25825
24321
26752
24032
27585
24129
25184
23713
26113
23393
29601
24577
26785
23681
26561
23777
27905
40929
28257
24224
27265
24065
25952
24224
26080
24321
25857
24481
25985
23008
29313
24449
27489
24801
27552
24929
26209
24801
27201
24032
26593
24640
26337
23361
26305
23713
28321
24865
27969
24609
27201
23425
26913
23392
26433
23457
27105
24321
26241
23488
25089
24193
25505
23809
26913
23329
26240
25248
24672
24225
29121
24033
25825
24641
26561
24929
27008
23841
26593
23841
26241
23585
25665
24033
26753
25057
26497
25185
25249
24481
25921
24352
26337
22529
27457
23584
27873
24289
26657
24449
27073
24033
27681
23649
28321
23841
27361
24609
26945
25153
26945
25025
29249
25152
27009
23457
27457
24577
27457
23520
29345
23841
29729
24033
26881
24672
27393
25505
26817
25121
26177
24449
30049
24096
28193
23361
27713
24161
26689
25569
27264
23360
27265
24353
26945
23905
27809
24225
27681
24225
29249
27553
36609
29825
26753
23712
26945
22849
26369
24416
27393
23585
34849
25025
26209
23713
25889
23489
27457
24065
26272
23521
30881
25473
27169
23937
29441
26593
26785
24641
25505
26049
26944
25281
27553
24609
25088
27073
24097
27873
24065
25729
24001
27521
24577
26945
23841
30849
23841
26945
25217
29057
25120
28129
23521
27713
24833
27585
23425
27777
24737
28993
25889
26721
23137
28545
23553
26337
24609
28289
24609
25313
24609
26785
23393
27009
24033
27553
23361
27425
24961
26369
24417
25377
23137
27713
24416
28129
23873
26305
23649
27105
23969
27809
23393
26945
22880
27041
23841
25825
24801
28449
23201
27297
25217
27201
24225
27265
24705
28353
23425
27009
25409
26689
23680
27040
26369
28769
23905
27905
24161
26465
24001
27296
26113
27745
24609
27393
24865
25089
24352
26464
25121
26561
25313
26689
23937
26849
24256
34913
26113
26401
23873
32641
25921
27552
48546
50114
28129
71619
78179
78210
37409
73955
56642
30977
31681
27393
26049
26849
26465
27297
26273
27873
25761
27713
24801
26369
25057
25729
24641
26657
30689
26561
24736
26913
25601
26945
24353
27008
25025
43266
42466
28545
27073
27713
26017
29089
27873
26817
25441
31489
27744
27009
24705
27233
26177
51490
91459
85987
34369
31905
27169
31425
25761
31265
25633
28865
27681
29121
25185
28288
25185
27969
24609
30177
25504
30113
25441
28993
25537
40129
27361
28705
25760
34145
28257
31265
26433
29313
25600
30337
26689
29889
25377
29249
25856
28929
25025
29153
25312
32225
28225
29921
26496
28833
24865
29825
24545
28673
28384
31553
28545
28385
25505
28513
25761
30305
26465
27105
24833
29505
43073
28449
27105
29313
25824
28193
25377
28737
26145
34849
29857
28353
24705
29857
27841
28641
24833
29249
24449
30561
24961
27457
29505
31073
27169
28129
25313
28833
24096
30209
24929
28481
25761
28673
23617
31489
26401
30113
26145
30145
25665
29889
29025
29377
24929
28289
27968
28481
25217
29857
25441
28033
28577
30689
24865
30689
25665
38050
28672
27905
26401
34817
26081
29505
26849
38785
26817
30945
26048
31265
26369
29633
25601
31969
24192
29185
24929
27713
24929
30465
24801
27649
24097
27233
28033
27489
24001
28257
24769
27681
24353
27361
23937
28961
25345
28321
24577
55170
28833
51746
28513
62051
33985
67074
32449
28352
25537
31777
24929
27585
28801
27329
25441
27073
25537
28033
23712
27937
25665
28321
29985
23873
26241
23489
27681
26017
26561
23809
27041
25409
26080
24545
26433
25184
25761
25473
26337
24577
26369
24545
26817
26145
26401
24961
26913
25825
26785
25313
27041
24065
27201
26337
26721
24289
27233
24257
28545
24385
28705
25921
28961
25793
26560
25025
26433
25377
28513
24769
26817
24001
26817
23712
27713
23648
27553
24769
26529
27393
28545
24704
25025
28769
24513
26785
24737
46145
28545
28513
27553
27009
23585
26977
24609
28737
24928
26913
25857
26336
24961
24896
25633
27297
24545
26593
26625
28449
24768
23809
26721
24193
36769
27841
27137
24737
27009
24673
26337
27265
25088
24577
26401
24609
25953
25857
26689
27265
27457
24321
28385
23809
29857
25281
26721
23713
27361
27553
26977
24257
26529
23744
27585
24321
26657
24897
29025
25473
26465
24353
27041
24673
26913
24417
27297
24609
26401
28737
26369
24737
29825
25473
27265
25345
26849
25217
28801
25473
26753
24448
28897
25633
27361
25152
26721
24896
27425
24609
27329
25280
26785
24513
28865
25889
28769
24449
28769
23553
27681
23809
29697
24417
27073
23488
28353
24001
27425
24193
28097
23936
27969
24577
28033
23329
27969
24897
27137
23873
28897
23489
32129
25217
27905
23681
27937
24545
48098
25569
38145
28865
65698
31425
63074
33377
35394
27905
28161
28321
27265
25696
26176
25313
25121
24193
27009
24096
25761
24673
28257
23584
28225
23489
26977
24609
28321
24833
25281
28481
23617
28289
25057
27937
23841
27809
23617
28641
24961
27585
24833
28897
24065
30465
26113
29089
24129
28609
24513
28833
24737
28289
24608
29281
25057
26753
24704
30529
24321
27809
24672
28385
25217
27105
24993
27009
23680
27649
24449
28577
25313
26721
24097
28065
25537
27137
24641
28033
24897
27329
24704
27073
24801
27873
24608
28864
24000
27873
25120
26913
24449
28513
25665
31778
26593
25249
23713
28097
24193
28929
24641
26881
24256
28257
24577
28801
24353
27297
24801
27553
24673
26369
24321
27873
27073
29217
24096
28481
24673
55970
31073
43041
27041
26977
25377
26657
23745
26849
24768
27265
24385
26721
23681
29217
26849
29409
24896
28704
23649
28129
24289
25217
26017
35298
25217
28353
23680
26881
23553
25473
24225
27329
24161
27649
26241
26433
24672
26913
23489
28800
23841
27937
24385
24609
24193
26529
25473
26560
24097
26369
23969
26976
24833
26752
23873
28769
24769
28353
24193
27680
25121
29793
24705
28385
23648
28929
24225
28000
24321
27073
25057
24064
29281
25441
26529
23361
27553
23937
26625
24705
26465
23649
27105
23873
28385
23681
28385
24001
29601
24257
27745
23489
29345
24897
28673
26785
75811
27681
24320
73731
32769
69794
37282
75234
34946
58210
30657
40833
28577
69666
43169
29857
26401
27168
27361
26465
29217
27201
26881
26465
27073
26689
26753
25729
33601
25153
30017
27809
26817
25217
26497
25185
27201
29057
26753
25505
26625
25441
26305
25825
25633
25409
29697
25729
26113
25345
26400
25121
26817
25377
26721
25601
26945
25249
26817
26305
26529
29665
26369
26305
26561
25601
26144
25697
26497
25216
26881
25025
26529
25473
28929
25409
25761
24993
31425
26689
28097
27329
26112
67522
27105
25889
27073
26209
27009
26049
27041
93123
26817
26849
26977
24353
27840
23937
27521
24993
27489
24064
27169
24833
27073
28737
28768
29793
25952
29153
25729
24257
26081
24513
26497
24961
25889
28705
27265
24545
28961
24001
26561
24769
26369
25825
26593
24609
41057
26913
26561
25633
28737
25953
28961
25921
26721
26145
25729
25473
26689
26113
29921
26561
27361
24513
26529
25441
26817
25025
25280
54530
26881
26113
28609
67074
27105
26593
28673
26049
24417
26465
24897
26721
25217
28417
25793
26433
26304
28705
26273
26369
26561
27841
30337
28193
29601
28097
26049
29313
26657
26625
24993
26593
23552
27265
27233
26080
24865
25121
30497
26817
24769
27649
25697
28769
25665
26561
26945
25057
25761
26177
25409
28961
25153
27265
25953
26656
30497
26369
62786
28513
25185
26433
25088
26913
24513
75554
32673
66466
30817
63362
32129
59810
30177
33857
67074
26145
29025
25505
26145
26433
25409
26113
24737
26305
24896
26369
26401
26625
25152
26465
25728
25185
25153
25889
32417
26497
26497
25185
24992
27041
25633
26849
26561
26721
25057
26497
25313
26081
55010
28641
26177
26625
26241
26529
27009
27905
25665
27137
25376
26913
25568
26241
26560
28193
26177
28193
25825
25792
25761
45986
27521
26721
23904
28225
25824
25441
25408
25601
24384
26241
28289
27777
32961
26144
29409
26881
25665
26785
26273
26689
31777
26625
26529
27104
25313
26177
25889
26369
24768
28033
30273
26689
25633
26977
27937
27649
61378
26145
26209
28001
58242
27233
25856
24673
26049
39233
59554
28353
50306
28577
54274
26337
26113
26112
48514
26465
28737
26177
25185
25857
25889
25825
24608
26369
27425
28225
40193
26241
29185
26817
25664
25953
26241
26113
24513
25760
25761
26241
24417
26177
24481
26081
24737
25569
25121
26849
26817
26145
25121
27105
24801
28225
24033
25601
23712
29473
24737
27873
23745
25601
26113
25889
25793
25441
23296
26177
61570
29057
28097
26081
24481
26017
25376
26337
24224
28320
24129
26465
27201
29153
25601
29057
28673
26305
23745
26561
28545
27169
24033
26913
24449
26625
24897
26241
23649
28193
22785
28897
23841
26849
24481
27137
25664
27297
25953
27649
26497
26945
25089
46785
29825
33665
27073
28193
26305
26657
26209
24577
28609
25729
26657
25345
26529
26400
27361
23873
27169
25633
27585
26049
27937
24897
28737
24832
27745
24353
26785
27905
27041
23905
27361
25857
29121
26689
28129
25025
28385
23520
26401
24449
28577
24513
28097
25185
26657
24257
27841
25376
27329
25312
27457
24033
26785
23840
28705
25569
28257
24064
26913
24929
28161
28065
27073
23169
26977
23745
27009
24705
27329
24097
27073
25665
27329
24737
26881
23968
26241
25665
27713
24865
28833
23360
27681
24353
29601
24225
27713
24064
29505
25121
29601
25345
28385
23873
28033
24161
27617
23744
27264
24449
29857
25025
27009
23937
27681
24161
29409
24705
25825
23969
25953
25441
26945
25953
27137
24257
27329
24737
27680
22753
28609
24480
29537
37058
29025
26017
26241
23777
28001
26017
28385
24769
29345
24129
29025
24833
28033
24032
26497
25025
25888
26081
26849
24673
26529
24737
28705
24961
25025
24577
27552
23873
29153
25217
28385
25057
27905
24481
27489
23841
28097
24768
27233
24513
29025
24129
27745
24321
28449
24160
25729
24929
26945
23265
26753
26081
24609
24481
26304
23297
25601
24097
28001
24289
26465
23649
28289
24449
27617
23809
27233
24000
28065
28449
26785
24513
26145
22689
27489
23937
26977
22977
26529
23809
25601
24129
29153
23520
26369
24289
27393
23809
26977
24481
26657
25153
36514
25473
28065
26529
28513
25441
28929
24673
27137
25313
26369
24929
27937
23553
26017
28001
27553
24544
27297
24417
26849
23584
27873
23905
28513
23297
26465
23456
27265
23329
28001
24673
26752
26145
26849
24224
27329
25153
28801
23969
26145
25121
27233
27969
29249
24481
25857
24736
27553
23553
26593
25504
26880
24544
31361
27329
29921
25729
27329
25024
25984
24193
28513
25729
27745
24449
27937
24384
29153
23360
28673
26177
26752
26081
29537
23745
27553
26337
27137
23809
27873
23617
27233
25121
26785
23201
30338
24289
27937
23520
27137
40065
26945
23585
27361
23297
27841
25153
27105
24000
27297
24065
30241
24897
29953
25121
27201
25825
23936
26849
23969
27361
23489
26753
23233
26497
24576
27937
24257
28161
24737
25761
25089
30049
24224
29377
25121
27617
24577
25824
23649
27905
25345
26849
23489
26817
23745
26913
24192
26593
24768
27585
23905
29089
25441
27969
25409
27136
23169
29505
24353
27649
23936
27777
24193
32481
26561
27777
27361
26497
23105
27009
26401
53026
27649
29761
24961
47490
29761
44289
30561
40929
25121
32033
27009
26401
24225
26561
24128
26497
24992
28193
23360
26913
25217
27585
23968
27457
26017
27777
23905
27617
24480
27809
24001
27713
24417
30625
24929
26913
23329
27425
28768
28769
24961
28705
24321
27553
24513
26273
25537
27809
26209
28033
24321
30753
25185
29441
24513
28161
24865
29217
24161
28993
23617
26785
25473
27009
22688
26689
24545
29249
24705
24929
24384
27713
23809
27585
26273
28129
24065
28257
23744
29089
23745
28065
26529
26848
23809
27585
23073
27905
25889
34849
29185
31169
26497
27009
25249
46946
24737
27681
25729
27233
24257
27745
23681
26913
23489
37953
25057
62626
29377
34498
26145
47042
28032
30593
27105
29761
25665
28577
24705
28737
25345
29793
27329
27968
24257
29217
25089
28193
25505
28161
26785
27329
24577
25505
26817
26337
27329
24353
26273
24288
32193
28577
27009
42306
26369
26465
26560
24257
30241
26849
27329
23841
28065
24641
28353
24993
29697
25889
27904
23777
28801
24801
27265
25760
28961
32289
29889
24993
28513
24352
28705
26913
28865
23712
27873
24289
28609
25313
30017
24641
29793
25408
26529
24352
27649
25888
31649
25473
29153
26945
29185
25057
27329
25345
27169
25089
29409
24640
29921
28833
28321
24193
27553
24417
27585
25601
26849
24097
27649
27681
27489
25025
29217
25089
28737
24513
26945
24193
28673
23936
28545
24801
26465
25953
29697
24129
30113
24544
29441
25472
26913
24705
28513
26465
25985
23969
28385
24640
27681
24385
26529
29697
47650
28961
31649
26433
51041
29473
50210
29441
30177
26241
27777
25313
26881
26401
29025
25057
28289
25537
26945
24513
27041
28289
26177
24416
24961
23937
40289
26817
26401
24737
28513
26401
27585
24865
26145
25601
27425
25185
24833
25440
27009
24769
26433
23201
29441
25153
29185
23745
27009
23425
28672
24736
26689
23329
28513
24640
27969
23488
27329
23777
25345
24032
26817
24481
25825
24545
29921
25728
27489
24641
29537
26721
50306
28225
53890
27777
31521
25665
27169
25953
29249
27457
72194
31489
76898
31169
111651
32897
64931
30017
54338
31233
77923
27873
28385
25473
41410
27841
35393
27649
29185
28257
25633
28929
25537
27425
30145
27905
26625
26977
27393
26529
24641
26817
24672
27297
24064
26625
23969
26433
25633
26945
24545
27585
25889
27425
26657
29089
25217
26625
24833
31329
25793
25920
24385
27105
24481
28641
24321
26369
24897
26721
24321
26689
24097
29505
26209
38081
28129
29057
25793
28673
42113
28065
25633
25537
24641
28512
24321
26753
24257
26561
24705
25409
24608
26721
24257
26753
23552
26881
24096
26721
24513
26241
24801
26817
23777
26593
24513
38466
27297
30497
26465
28129
25185
28129
24993
27073
24705
26881
24640
29601
25249
26912
24225
27745
24449
26625
24992
27040
25761
26849
25792
28705
25601
28993
27649
27681
26433
26369
25440
28833
25409
23456
27745
24737
29409
25856
26881
24897
26081
25761
28769
24385
26593
25665
30081
25728
27649
24641
33057
26720
25377
24929
26368
24737
27137
24609
25665
24225
26849
24833
27393
25249
30913
25889
35682
98915
46785
25665
47362
100036
42945
25601
36130
82307
33153
79138
32609
79491
30241
68995
33281
74819
28993
24416
32321
73986
30561
66755
33729
28961
29089
25121
29248
26881
31681
26945
31233
25505
36097
27617
30305
25600
29761
25441
32065
25281
29601
25729
30945
26145
29153
24832
30305
25441
31041
28033
30561
26176
31649
26081
27233
25344
36929
26785
36546
28993
34465
30561
30273
26209
34370
25985
29665
26433
30689
27457
29441
27521
32737
26913
28833
25505
31169
26465
29057
25537
30433
25633
32929
41186
27297
25729
26656
25633
30049
26593
26240
25217
26913
24481
26817
24385
52001
30017
53282
28225
26529
25249
25440
24321
26785
24641
27425
25152
27616
25216
24448
27137
26465
26337
24321
27233
24065
26785
24961
27169
24449
26369
25313
25985
29345
27649
25057
25281
24384
25473
25121
31522
26657
25121
25281
26241
24353
25921
24096
26497
24993
27329
24193
26721
25281
25377
25761
26305
25089
30881
26753
27201
24513
25473
25025
26113
24673
30209
26753
27137
25825
28513
25441
28257
25697
26753
25697
31745
24449
25889
25537
27009
25344
26529
25281
26784
24320
26145
24513
25441
24800
34465
27009
25729
25217
29505
25537
27329
25377
25665
23201
26945
24481
26881
24417
28929
24768
27585
24321
26561
24225
25121
25441
26465
25793
26913
24673
28449
25281
26177
25760
34817
26273
28417
26369
26465
25793
33569
26785
29761
26433
26305
25761
28609
25985
26529
25697
30593
25281
27169
29473
32289
26817
27073
26145
27425
25025
29601
25889
31137
25089
31618
24801
30945
24641
28001
24737
30433
25696
32161
27040
31329
26241
30593
26305
30593
27425
31649
26496
35778
27105
37729
27873
34274
28321
28609
26337
35681
30593
30017
25505
30465
26817
33250
26304
30785
25409
30657
26113
29825
27009
35714
26881
30465
25601
30177
25601
38369
27585
30433
25921
36897
28289
35137
27105
34049
27201
26881
25729
27009
24224
26912
24705
25089
25281
25217
24993
26785
25473
27041
24640
26945
24833
26721
25441
26432
24449
26337
25473
27425
24705
26113
25217
26849
25409
30497
27201
27969
24801
27745
25185
35073
27649
26944
25217
26337
24961
25633
24577
27136
24321
66946
26977
26817
27521
27937
25505
27521
26048
25825
28001
26689
24481
26753
24417
28673
25824
25793
25185
26657
24864
29313
25313
29345
26497
26049
24129
26913
26113
27521
26081
26369
26049
29569
26848
27649
25185
72802
33793
71651
30145
27905
25952
25440
24352
54850
29249
29633
26689
25057
24481
26561
25345
27265
25697
31169
25985
26113
25473
26881
25025
26465
25185
26657
24769
24448
24545
28705
39489
27329
25249
24545
24449
26720
25025
24641
24417
24224
23905
26721
24545
26465
24449
26049
25729
26336
24257
27009
25665
33762
26401
27969
24961
26657
24321
26977
24065
26273
24288
25953
28449
28833
24321
26465
24097
28961
24865
28257
24321
28641
24033
25537
24032
26913
25153
25281
25089
24929
24064
26113
24416
26209
24032
28417
24065
35810
26689
26753
24833
29825
25088
29377
25761
28801
25281
27969
24737
26209
25953
34145
29505
28737
24545
26753
25473
26881
25089
27425
25153
25377
25505
26913
24193
27297
24193
26817
24449
27073
25025
26753
24160
26049
24960
27137
24513
26305
24321
26529
24577
26721
24000
28481
24192
28385
25472
28353
24000
27233
25537
26625
24768
26433
24800
26209
24385
26177
27425
28193
24801
30049
26529
26272
25281
26273
25025
26721
24641
27457
24097
26561
24961
24129
24737
25728
24224
24865
24609
26657
25633
26113
24481
25889
24321
26561
24833
26913
25601
25569
23264
25889
24705
26625
23680
27585
26401
28161
25345
28641
24993
26753
24224
28673
23905
26273
28225
28321
24321
28833
26817
29153
24545
26177
24417
26305
24129
28705
25185
26657
26465
27713
25569
27521
24097
26945
24641
26497
24225
26785
24289
26593
24449
26017
25089
27137
25025
24352
24897
27073
24865
26785
24801
28673
26977
25889
24289
26209
23777
26657
24992
26113
23873
27937
25280
26305
24096
27072
24513
29345
25952
26433
24544
26433
24481
26784
24929
26561
25921
26337
26305
26433
24992
28513
25505
26561
24993
26592
24033
26593
25025
26849
24992
25953
24769
26240
25153
26625
24577
26337
25377
26561
24705
26593
25569
27169
25249
26753
25185
26753
24609
26496
24769
31809
26273
26401
26625
26625
25793
30273
25953
27777
33057
26273
24801
26785
24512
28513
26241
27136
24289
26625
24321
26465
24449
27265
24801
27009
23905
26433
24865
26241
24929
26465
24097
26849
26561
26305
24353
27361
25057
26529
24736
27009
24737
28225
25184
26433
24385
27073
23425
26977
24993
26849
24481
27649
25953
27073
24993
33313
26657
26177
24065
26337
24257
26689
24289
26337
24257
25537
24993
26657
24289
27329
23873
25760
24448
26017
24289
26369
23937
26625
26208
26145
24097
26561
24257
26177
24224
26817
24065
26849
25601
26209
24225
27137
24417
26657
26049
26241
25025
30369
26017
26849
26049
25921
24672
29249
25409
29281
25761
26433
28033
25537
23393
26497
23520
27105
25089
26657
24673
26337
24097
26497
24097
26145
24641
25761
31969
26401
26177
26272
23873
25889
24321
25857
23713
26241
24833
26401
24193
26017
26177
25825
25345
25761
24577
27009
23969
25729
24257
26752
28545
25728
24161
26177
25473
30145
25025
25889
24257
25313
24353
25761
24513
26496
24961
26529
24225
25889
24897
28545
23776
25665
24385
24865
24481
25569
23969
26177
24385
25729
23936
26337
23905
26273
24992
26593
24673
26465
25824
26401
24769
26753
24993
25537
24833
26593
39809
26017
25025
28449
24833
26689
24193
29601
27137
27905
25697
26945
24609
28321
25473
28289
25313
26465
24960
27297
24449
26657
23841
38817
23905
26433
24705
26849
24193
25857
25185
27489
24865
26145
24128
27553
24257
28705
24737
26017
24673
26305
27009
24609
26881
24673
26016
29089
26241
24672
26337
24769
26369
23937
26017
23297
26017
24865
25665
24224
30721
25665
26977
23584
26913
24865
26656
24065
26177
35937
25601
25345
25697
24513
26689
24257
26977
24513
25089
24225
26849
24417
26273
24096
27585
24640
27009
23873
26913
25281
26241
24897
27233
26561
27073
25025
26401
24608
27457
26017
27137
25024
29601
24449
27841
24737
33857
88035
29921
75938
32449
80610
26849
453263
29057
58018
28897
64482
26849
26049
25825
68899
26273
25185
26305
26465
26913
64802
28737
23681
27329
55778
36385
26049
25600
24897
26721
25345
25537
24032
26689
23713
27201
23905
26880
23745
26977
24577
24865
24097
26369
23200
27137
23649
27297
25025
26497
23521
27969
24289
29473
25632
25153
24289
27809
25249
26753
23841
28897
28833
25665
22976
27201
23809
27361
25089
26049
28321
28641
78498
26593
25249
28673
25057
24609
24193
27233
24801
26113
24577
28417
24257
26145
24929
25761
25409
26241
24129
24897
24993
25921
25472
26785
24609
26049
24865
25985
29217
33921
66242
28257
75683
26976
50369
26625
463248
31905
28737
26433
26593
26561
26049
27393
29409
27617
28641
28321
24577
24865
25121
26401
24417
25633
24960
26272
23169
24737
23777
26593
24353
24897
23905
26369
36481
27265
25761
26049
23777
26209
25025
26977
24417
30114
26208
25825
25441
24225
24321
30721
25953
26273
24833
23393
26241
24576
26464
25217
26689
25440
26209
25025
26337
24481
25921
23553
26369
24993
25953
25249
26593
23905
26465
24481
26273
24097
24961
24033
24833
24705
26337
24097
26529
24768
25953
24257
26017
23489
27585
24705
28481
24161
26273
24193
24385
27649
26817
24353
28321
24576
32545
26145
28257
24705
25665
27073
26177
24448
26337
25409
26849
24033
24481
26913
24193
26401
24225
25889
24289
28609
24833
27009
24769
26721
24288
26561
24737
26049
28353
26369
24865
26561
24129
26561
24641
27425
25153
30497
24961
26849
25249
27041
24865
27233
24416
27841
24961
27648
24545
26113
25089
30658
25409
26881
24992
26272
24961
26944
24737
26081
24161
26497
24385
25921
24417
25857
24641
26561
26081
25025
24513
24865
24705
25729
26241
27137
24257
26209
25184
25601
24353
25953
24481
26785
25121
26561
24065
26369
24385
26337
24320
25473
23073
26657
24321
26689
26465
27297
27201
26721
24097
29921
25312
28673
25569
28705
24577
25889
24641
26721
24097
28001
23392
27841
24001
26625
24353
25505
24065
25505
39617
24225
23136
26593
24961
26561
23649
26209
23297
28033
24257
25761
23905
25345
24417
26401
23808
25889
24737
26753
25345
26017
24257
26241
25089
26049
28321
28321
23617
41122
28257
27297
25281
26273
24416
26561
24737
26561
25921
25729
24289
26465
25313
25825
25025
26081
23553
26817
25248
26113
24417
25952
26304
27425
23873
27328
24705
26625
24737
26913
24161
26465
24417
26593
24385
24065
24129
23841
26817
24832
25825
26657
27841
24672
27969
25153
27393
24609
26401
24065
30593
28193
26081
24960
29569
25057
26817
24129
25985
28641
27553
25505
26337
24929
26241
24769
28577
26081
27553
24801
26657
24032
26913
23841
26049
23937
26561
23841
26913
23969
26817
24385
26145
24641
26144
24705
38689
23904
25825
25249
25377
26721
25729
24704
26849
24129
26305
25024
26049
25505
30529
25729
26145
25313
25153
24288
26209
24737
29185
24801
27424
24385
28449
26336
26689
24321
28577
25184
26305
24481
27296
26465
26273
25313
26337
24001
26273
24992
25953
24416
28929
24769
30913
24833
26689
24801
27489
24801
27553
24929
27041
24961
26689
24289
26305
24129
26209
24161
26081
23553
30945
25665
25921
25377
27649
24769
28417
24801
28513
25921
26753
24032
26689
24224
26017
25185
29089
26081
24769
24481
24192
25697
24576
24320
26305
23616
26433
24928
26913
24929
26081
24001
24769
24193
25921
24833
27489
24833
26529
26016
26304
23041
25600
28449
26497
25569
26273
25761
26465
27809
29057
25665
36545
28801
26817
24673
26369
24897
