124004
35073
31425
32257
32129
28512
29857
31489
29249
29761
28321
42401
29505
30145
32257
31425
26433
26561
26401
26721
25121
27040
26593
26849
24961
27009
26977
24897
24833
27873
25313
29409
24385
27008
25281
27553
27649
27232
24897
26017
24353
25761
28897
28545
25569
27041
25057
26305
25345
25025
25088
24417
24641
25345
27393
26049
25504
27553
24481
27073
25441
29473
24705
26049
34369
30241
28961
24833
25089
27489
25537
27233
28929
24832
24737
25025
27040
26049
25825
25697
27201
28001
25953
25632
25761
29537
26945
24865
25601
26113
24993
25089
25313
25056
25281
24161
27649
28545
24737
24481
27457
28513
25921
25953
25313
27201
26337
27617
26113
25601
25377
27297
29313
26817
25249
28705
25537
32865
29121
24993
26369
25281
26017
27297
26913
23873
25696
24513
27297
30113
36705
26112
24833
25601
25985
26785
27649
26337
25729
26144
26401
25249
25153
25185
25569
25440
25473
24641
24609
27233
25185
53506
51458
27297
25313
27585
25344
24641
24577
25153
24193
24577
26913
25441
25473
25441
26369
24960
26177
25249
24737
27617
25057
24384
25345
27425
24641
24385
24416
23969
25921
24096
25601
25889
24353
25313
24673
24672
26657
27680
29121
25152
25889
24672
25473
24001
25409
27809
24097
24768
24673
24385
24992
25569
25793
25249
27073
28641
24321
24320
25057
23681
25313
27681
25472
26273
25601
24577
26688
25441
25185
24609
24896
24673
24737
26881
26049
25537
24801
24545
24929
26977
27104
25121
25089
25121
24961
24577
24385
25729
23777
24417
26240
25217
25409
24065
24993
24385
26529
24961
24704
24256
24448
26593
25185
28769
23904
27553
27329
26721
25313
27265
25697
25089
27777
27105
24737
24641
25153
24897
27648
25313
24225
24705
24865
24001
24801
26945
24417
25089
27105
29281
27265
26913
24480
24320
25665
25441
24769
25217
23521
24513
24609
26785
25665
24033
23264
24001
25952
24512
25345
24545
24513
24352
24993
25025
25345
25249
25153
25601
26977
24769
24129
25953
24000
26241
26625
26433
25665
27265
24833
24129
24385
26273
24801
25889
26177
27137
27840
26081
27328
27809
25505
29761
25409
26209
26785
25409
24417
25473
25665
26017
24065
24001
25057
25153
28097
25440
25889
27521
25953
33282
24673
24481
25761
26209
27297
25601
23521
23457
25856
25184
24577
23777
25057
25505
24961
25633
24417
25569
27041
26113
25985
26145
25760
25313
25217
28417
25568
26561
25857
25025
25377
24289
27905
25569
54530
29153
25409
25761
26305
25280
25504
27393
26337
25377
26048
24192
26977
24833
24993
23873
24673
25313
32641
25185
26017
25153
24385
24545
24929
25505
25856
25184
24737
26945
25345
25057
24961
25377
24065
24897
44898
25473
26145
25377
24481
26241
25185
24705
24737
25537
25153
24448
24160
25024
25377
26017
25409
26304
23809
26689
24640
24416
25345
24993
24417
24737
24065
24384
26561
24353
24833
24865
26753
25281
25921
24800
24545
27265
24737
25697
25953
23681
25505
25697
29729
26049
25121
25729
25889
27393
25185
24417
31905
23809
24417
29633
25025
23808
24800
25633
25441
25153
24545
24129
24609
25536
25793
25729
24737
25121
25569
24097
24961
31809
25089
25217
28513
24321
25089
24832
24608
24512
24928
24833
27137
25089
24769
24513
24513
25697
24161
33505
24993
26593
25601
25409
27073
24577
24801
24161
26657
25185
25537
25441
26656
24384
25056
25761
25729
25760
28705
28801
24481
26113
27009
24801
24737
25025
26945
26369
24161
24737
24385
23841
24353
24577
25121
24673
28801
24353
25985
25025
24577
24801
24961
24865
27585
26497
23489
24961
24705
25729
24256
24096
26529
25121
26561
24865
25184
25185
24705
25121
25601
25121
26273
26945
25377
25089
26113
25120
25601
25921
23841
25121
29697
25217
25665
24193
24321
24545
23841
25312
25121
25377
24353
29313
26113
25089
25249
24385
26945
27457
30177
25889
25697
24641
26337
24289
24609
24416
24353
26433
27649
26561
24353
26753
24929
25441
69186
25505
25953
25056
26529
24289
24705
24897
24417
24353
26273
25409
25760
26273
25185
25729
28161
30945
27297
25217
29153
24065
25664
25216
25089
24737
26561
25633
24993
25249
24673
24256
24673
24801
24961
24353
24801
24705
32609
24512
24673
26849
25568
26849
25505
24928
24128
23744
24769
24321
25729
24385
24641
25921
24960
25025
33121
24385
25857
32354
25376
26689
25633
25217
24001
24993
27169
26689
25569
72995
25600
26337
25409
27137
26945
25217
27585
25057
27425
29409
26721
25313
25025
24928
25217
25569
25281
25984
27329
27265
25280
27616
25249
27457
29281
25280
26145
25057
24800
27297
27105
25473
25088
24321
24993
24801
26945
25217
29089
33281
26081
24513
26433
27201
25921
25345
27585
25313
26273
24897
25665
26017
26945
25889
25633
25025
28801
26881
25473
26721
25024
25249
27105
26305
25153
26561
26145
26785
24865
24961
25313
25057
25889
25440
25249
25313
25568
25985
25153
25633
25857
25921
25633
24224
26721
25249
25473
26976
27425
25281
26080
25761
25089
25633
25537
28577
24192
24641
26881
24993
25377
26625
25153
28896
24705
27361
25313
25185
26849
24993
28865
27425
25793
26625
25088
25057
26849
25312
25249
26849
24705
24417
26209
26880
24672
24193
24801
25793
26817
29345
24641
26465
23937
25568
24417
24609
25857
24801
24737
24769
24769
26176
25729
26689
25505
23968
25537
26785
24864
24800
25281
25345
26753
26208
25409
24577
24449
25281
27233
24929
25825
25665
25441
27361
25409
33281
27425
24993
24416
24864
27361
25153
27008
25601
25153
25761
27169
25056
27521
25409
25409
25761
25153
43106
27041
24769
26081
26177
27297
27329
25697
28897
29249
26433
24705
25377
25249
27553
29441
27873
25408
27201
27169
26977
25889
26529
25601
26881
25089
26593
28704
27265
26849
25505
25313
26049
25313
25473
25313
27457
26816
25217
25665
27393
25825
26241
25057
25760
26753
29441
24737
25729
25825
25217
25312
24321
25569
27777
28929
25344
28513
26305
26113
27072
26977
25665
25888
25665
28033
26081
25537
24577
25601
25505
33121
25793
26624
25249
25473
31329
25537
26433
25985
26112
26273
25761
25185
25793
25313
27265
26241
26561
27745
28769
25313
24609
26817
24897
25313
26369
26176
25537
25409
26945
26241
25825
24929
25665
25601
26337
28737
26177
26049
26561
26177
25345
25761
25729
24705
24321
25441
25345
27329
26465
25025
25217
24737
24993
28129
26401
26625
26176
25665
28737
25376
26337
25665
25377
24832
25761
26465
25473
25121
27937
25505
27713
99236
25409
26401
26433
26625
27393
26561
25505
25089
26977
25217
25345
25089
25505
26753
25408
25697
25217
25665
25057
26017
25025
25440
25473
25825
25281
26369
25761
26113
26273
25441
25729
26848
25345
25185
26849
25600
25825
25408
25473
25633
25281
24193
25217
25057
25217
25697
24705
24545
24960
26176
25217
25473
27713
25761
26625
25249
24897
26433
26337
27937
24992
25409
24096
25473
25441
26017
24481
24929
24481
24577
27297
27617
25505
25601
25505
25569
25121
25889
25216
24833
25505
25536
25697
25473
26017
24993
24832
25601
25537
25441
26433
24641
24768
25569
25889
25217
24160
25281
24641
26433
25345
25441
25121
25601
24801
25441
27041
25088
24641
25057
26369
24641
25121
25537
26785
27233
25697
25344
24737
25217
28993
26017
25537
25281
26209
24385
27425
26529
25441
28385
24544
25313
25313
25409
25537
25601
24737
26433
25025
26241
26433
35233
30017
26049
25600
25377
24609
24801
24640
24641
24545
24897
26145
25633
25921
24609
25921
25057
24768
26145
25921
25729
24929
24993
25953
24993
24993
25793
25601
26817
24577
24704
27745
25953
25121
25409
26305
28385
25089
24705
25601
27297
28513
26465
27137
26369
24801
26145
26113
26561
24577
26305
26401
26049
25313
27009
24705
23744
25889
26593
25185
28384
26689
25217
25665
26945
25921
24704
25057
26720
25729
25440
26721
25280
26209
25729
24897
27809
25249
24640
26177
26081
25216
28545
27777
24865
26689
25025
26977
28513
25569
26785
27168
26561
26720
26081
24769
25120
25473
25217
25537
25281
26017
25505
25345
24833
24961
28577
25985
29249
25953
26497
25217
24321
24832
24513
28193
25281
26273
24385
25153
25153
25280
25537
26592
26209
23713
27457
27200
26273
26049
27073
24609
26241
26433
26689
25248
26465
25793
26305
25921
29153
25185
24257
26465
26401
24481
24800
26113
25857
26465
26881
25633
26305
25953
25569
25185
25441
24800
24033
28545
26145
32033
25344
25249
25249
25377
24673
26113
24545
26240
25633
25217
24481
25056
24513
27105
25217
24897
24097
44065
24353
25921
24801
28481
26305
26561
26017
26688
25537
24897
25313
25089
24000
25537
25376
26209
25825
28321
25633
28833
25345
26337
25569
25824
25281
26816
26561
28609
24801
24865
25633
25057
24737
24705
25056
27264
24961
25729
24897
26625
25761
26369
28449
24673
25697
28929
25121
24929
26976
26497
25825
25921
25217
26465
26273
25633
25345
26529
25665
27137
26689
26401
25568
25537
26209
26657
26433
25889
25633
24736
25761
26561
25121
25153
26497
26016
26241
25793
26849
25089
32577
25505
24449
25088
27041
26337
25729
25825
26881
29057
25633
24704
25889
25888
25409
26017
26721
25857
24800
24865
25153
24576
25473
25889
25825
25665
30913
29057
24705
24960
25761
25313
26080
25153
26624
24353
25217
25537
26657
28353
28289
27617
27073
25697
27553
26113
24961
25601
25313
26209
26785
26401
25633
25185
29153
24992
25985
24993
24800
25313
25313
26625
29153
27168
25537
26561
25985
26689
25312
24897
27169
25120
26433
28929
24961
24353
31713
25761
24864
27488
25313
24481
29121
25409
24961
25345
25728
25601
25857
26081
26177
25089
23937
25089
26465
25889
25537
25217
24993
25825
27201
26209
25057
25121
25921
25089
27009
25441
26593
26273
25985
25345
24961
27425
25665
29601
26273
24705
24864
24449
25921
25697
26433
25217
26145
24545
24512
24513
25761
24896
24257
25505
25537
26817
25825
25281
24576
25729
26144
25441
27873
24896
25473
26209
26752
24673
25761
24961
25569
25824
30177
25441
27008
24545
25665
24960
29121
24608
24897
25345
25281
26464
25729
25057
25281
25409
25569
24289
25472
25473
26145
24897
25472
25537
28704
25697
24960
25537
24833
25665
25953
25409
26433
25473
25953
26241
27521
26017
24769
28833
25793
25441
25441
30753
25857
25216
25281
25729
25217
25953
25953
26081
25217
30177
27489
25696
26145
25600
25377
25249
26113
25665
25216
25729
26049
25472
25473
25569
24769
24961
25473
29153
24833
25793
25761
26720
26241
24865
26145
26912
25793
25345
25185
24801
24929
28385
25633
25409
24737
29153
25217
25569
24897
24833
24321
25825
25729
26816
24961
26177
25217
25441
25537
26017
25952
26081
25281
25825
24416
25537
25345
25217
25536
26721
26625
25889
24833
25473
25985
25121
24993
26209
27073
25408
26465
27329
25857
26081
26625
25025
26465
26145
26241
25281
26049
25248
25473
25377
25793
25569
27233
25025
26433
30113
26465
26945
25921
28289
32929
26817
24801
24864
25601
26081
26945
25664
25345
25153
25633
25472
25729
27137
24833
28193
25441
25409
25569
28801
25377
24736
25153
25313
28417
25409
24833
25569
25665
25281
28289
25793
24417
25473
24577
29345
24993
24993
25697
25537
28353
27777
24577
25665
27777
28705
26273
24704
25824
26369
26817
25216
25921
26817
24801
25953
25121
25761
25665
25248
24769
24993
26113
25665
24352
25249
27937
26209
27553
26657
28417
26048
24865
25377
25280
23873
25633
28449
25345
25248
24385
23681
24961
45441
26337
27393
25633
25281
24993
25377
24769
25409
25697
25632
29121
28736
26369
25025
24288
24961
25857
25857
25793
24737
25569
24737
24641
24993
25024
28289
25377
25889
26081
25057
25825
24672
25697
25057
27617
31617
26241
25760
26049
26113
24961
26433
25569
26273
25377
25761
25760
24673
26337
25249
26465
26625
24385
26785
25985
24801
25249
24897
25089
25376
25921
25249
26369
25185
25505
24225
24992
26657
25857
25440
25185
27457
25441
25665
26977
25345
24929
24161
25633
24800
25537
25601
28673
23745
25409
25088
24993
28577
49345
25089
26113
26849
25472
25729
26145
25345
26561
24417
24257
25025
24833
24705
24320
26369
25153
26273
32609
25505
24801
26497
24897
25217
26305
24929
27041
25153
25153
25121
25793
25505
25505
24225
25025
25665
27105
24257
26560
25409
27265
26688
25409
26657
28609
25953
25696
25089
26945
26304
26753
24865
27136
25856
27841
26753
26657
28801
26337
25025
26177
26081
26305
25441
26432
28641
27841
28385
25185
24992
24705
40098
25441
24032
28481
25345
28577
25441
26625
25921
25601
25505
25985
25409
25601
24544
24929
25025
26657
41857
26369
25217
25025
25633
27009
26049
26017
25344
24833
25537
29089
25441
25409
24833
26081
28801
26017
26977
24897
28481
25793
28897
32481
24705
25793
28865
25729
29697
25057
26945
26241
25281
26049
27905
27265
25217
26529
25953
25152
26625
25345
28097
29249
26689
28737
26144
28641
26881
27008
26689
26273
27905
25601
27009
24417
26241
26209
26017
28897
25633
25505
27457
25953
25857
25313
26657
26144
25313
26400
25313
32673
30785
26817
25024
27361
26433
24704
26721
26209
26624
25441
25313
25121
24865
24577
27169
25057
58722
29121
25153
26849
25921
24705
24961
24673
25249
26657
25569
24673
26433
25857
28321
25857
25569
27489
24992
27169
25761
32417
26016
25889
25057
24993
25281
26145
25121
26593
26977
25312
24993
25409
26017
27009
25409
25633
24641
24801
25217
25312
25569
24801
25249
25441
25217
25088
24544
27041
24897
25408
24801
28641
24481
24257
24961
25121
24608
25601
25057
26816
25089
27105
24865
25473
25249
26720
26433
24737
23360
27425
27105
25281
24065
24289
23872
31809
24288
27361
24385
25697
24001
26144
24641
25729
26177
27937
25025
27809
25697
24769
25952
24737
24321
24161
27137
25345
25313
25505
23808
24448
25505
25505
25185
26209
26305
29409
25025
26529
25633
26177
25825
27009
25441
25472
25441
25409
26912
26593
25121
25984
26465
24640
26433
29729
28065
25153
25472
25825
25793
25409
23713
24833
24769
24481
25569
26785
25569
26657
26305
25505
47265
27553
26721
25793
26945
26753
25281
24609
24929
24928
25696
24225
26305
25889
24705
26337
30017
26176
32321
35553
25377
24513
24480
32225
24353
24577
25249
25857
27233
24353
25921
25472
31745
25345
25185
26049
26209
27265
26785
27841
28801
25697
28609
25217
24481
24993
28705
25345
28705
25249
25953
24512
28257
27201
26241
25057
27521
25313
25312
25089
24545
26561
25537
26528
26785
28833
24673
25857
27009
25217
26561
29473
25633
25825
25248
28353
26177
25025
25537
25728
27553
27552
24897
25409
27105
25921
25409
25793
25345
29921
24993
25089
25185
24385
26625
27073
25633
26849
28385
25185
25697
25761
25697
25249
24928
24257
25665
27681
25505
27105
28833
26369
26369
26496
24769
23809
26433
25217
26977
24513
24641
26881
24097
23840
26369
32225
24641
27073
24417
25121
28673
27009
26817
25088
26112
26401
24705
25729
24929
25057
26785
25377
28481
26369
25409
32449
24897
26657
26977
29153
24609
26433
26337
24481
27969
26497
26337
25185
31905
24833
29505
25249
26625
24993
27233
25921
33313
25921
25281
24481
26049
23649
25665
26976
24161
24833
26721
27009
27328
28609
25057
24481
25217
25409
24769
24545
27329
25472
27873
25600
26753
25345
24641
24961
25025
27169
27681
25537
24929
25344
28001
24609
25473
24736
24448
24641
24961
26369
28289
24993
25601
27841
25569
25217
27137
28865
24513
26753
25152
24577
26977
24673
27169
26177
24896
25313
26081
25057
25249
24609
26145
26561
27489
25601
24928
25697
24417
25153
25633
25281
25505
25345
24289
24321
25248
24513
24257
24609
25281
32161
24705
26593
25281
26561
28801
26337
26625
25024
24865
26273
27041
25537
25857
26624
24993
27041
25505
25377
27073
26977
24993
25025
26049
24833
26849
26721
24641
24865
24897
25184
24481
29153
26112
26465
25953
28064
26017
28033
25984
27137
27457
24800
25441
26433
25024
25089
27073
25697
26657
25505
26817
25377
28961
26017
26305
26561
25729
25953
25569
24929
26240
25601
25120
24193
25121
25953
25473
25281
25057
25281
25857
25761
25377
24801
25537
26017
24896
27553
28961
24737
25217
25376
26273
24929
25697
25249
25089
28417
26785
26209
25377
25761
25184
28097
29537
28225
29665
25921
26305
26657
27809
27457
26785
27649
25313
25953
27489
26817
25761
26561
28097
26369
25793
29761
25889
29441
26241
25025
26529
27137
25345
26081
29665
25409
25537
25665
25665
26336
25345
24864
25729
25857
24737
25505
27169
25217
26336
26849
27425
28513
29377
25729
25697
27617
26241
24704
28865
25153
26785
28961
24896
27201
25185
24960
28737
25921
25153
28385
26049
25601
25313
26497
25249
26145
26145
25537
25377
24705
26497
25217
26145
25633
24961
24385
25505
27137
25505
24865
24929
25536
24321
24705
24449
25697
24705
24897
24929
25088
25473
25665
25537
24961
25569
32993
24289
24129
24993
24577
25408
24769
25633
25696
24385
25153
24769
25505
32449
25825
25121
24737
25633
28833
24961
25505
24416
24993
24833
28129
25025
24673
25441
24161
28033
25249
25121
25793
29121
25217
25761
27457
24577
25953
26177
27041
24065
24576
24385
24961
27073
25153
24385
24769
25152
24449
25025
26017
24673
27617
26464
26305
25408
25665
26689
26464
25601
25697
25345
25985
26689
25185
24896
26049
25025
24513
25152
27585
26017
26177
25761
24672
26977
24961
25857
24289
24992
25729
31425
91459
27521
26305
26017
26976
24608
26785
26369
25153
26433
25633
24544
24353
25153
33089
25569
23841
24961
27009
25217
25184
24833
27553
27521
24737
24225
26465
25185
25569
24256
25345
24737
25377
24641
24512
25440
26881
25409
25185
25377
32993
25185
25761
26401
24897
24289
26689
25473
24993
24384
24449
24993
25825
25281
27073
28513
25120
25153
26689
25729
26913
24769
25537
24385
25664
24545
25921
24705
26977
24960
24737
28929
24481
26881
24385
25153
26977
25825
24609
25792
25569
26369
26337
26112
25537
25633
24769
25537
25601
24737
24769
24737
25281
29505
25729
24321
24609
24128
25089
24161
25248
24705
25601
25409
25153
26945
25857
26177
25633
25120
26369
24801
25601
24993
25313
24257
25025
24481
25505
26913
26208
26625
25633
25441
26273
25089
25921
27265
32513
25633
25249
25185
28641
24417
25409
25345
25793
25153
25696
23905
24096
25889
25889
24993
25601
24704
27169
25249
24960
25313
24929
26337
29153
24833
25185
24608
29217
25056
27393
25569
24961
24961
25601
42305
26913
24673
25345
24993
24033
25569
25121
25665
26113
24993
27105
24801
25632
26881
24928
24257
26177
24577
24385
25473
25697
26977
27200
23969
25569
26049
25057
25697
25793
24481
25728
27009
34593
25568
42049
25184
26049
25153
26241
24768
25057
25153
25985
25249
25600
25825
25473
25217
24801
24929
25665
25025
26721
25249
25697
26401
25377
25377
24096
24193
25057
25184
25217
26625
25825
26881
26113
25185
24449
25345
25025
27617
25921
25153
25120
25281
25696
25665
24705
24769
26177
25313
25153
24832
25281
24321
24641
24929
27969
24225
24928
26401
26176
25825
26081
28513
25697
24897
25697
25088
27777
25697
25505
24641
25185
25729
25505
24961
26977
24833
24993
24896
24993
25121
24384
26017
24576
26753
25921
87939
27521
26977
30305
26017
25313
24001
24513
25121
24321
24992
24353
26016
24545
24193
25473
25537
24993
25729
24417
24801
24737
24576
24449
24577
25313
25537
25025
25025
25313
25409
24609
25217
25057
24993
25249
24673
25792
29249
27137
25121
25536
24385
24961
25473
26145
25633
25345
24609
25089
24865
24737
24929
25473
24736
24928
24961
24705
25089
25857
24385
26048
25505
27681
25409
24641
26785
25633
25377
27649
25153
24481
24865
26241
27584
26817
26624
24769
24993
27169
26337
25057
24897
25185
26849
25761
27201
24513
26305
26945
26849
31649
28641
28161
29185
25601
26785
29025
25889
26465
25665
24193
25377
25889
25088
25793
26401
32929
28769
27745
25473
29217
25537
28545
28353
25217
25536
25153
24545
24321
25825
25601
24672
24577
24481
26241
32001
25537
26081
25344
25761
28769
25153
28257
32353
25505
26113
31937
25985
24769
24545
24832
25025
24385
27073
25409
25217
24832
25057
24993
25569
25281
23841
24897
26624
26977
25345
25473
24737
29153
24321
24577
28161
26081
29537
25377
25185
24705
28545
25056
25697
28737
26113
26368
25665
25536
25153
25857
25921
25601
24705
32225
24448
27041
24961
25633
23841
24800
26369
26465
27009
25217
26177
27777
25185
27745
29729
31745
27393
29793
28097
29409
25537
25025
25025
24896
25121
25857
24961
24256
25697
27041
25568
24801
27073
26113
24737
24385
25153
24832
28513
28865
24449
29377
26401
25825
24609
27297
24353
28321
24929
26529
25281
25184
24801
25761
25569
27809
29409
25313
26753
28545
26337
24641
25473
29377
24417
25825
24353
26785
28257
26369
25601
25505
31553
24929
25569
24961
26177
25249
25441
24225
24800
26305
24993
30913
51009
25281
26529
25121
24704
28577
25025
24961
28705
25825
25248
25537
26337
25729
24609
24641
26305
25601
28225
24673
26497
24769
26817
24224
25569
26145
26785
25569
30113
25185
25377
26241
24641
23873
27744
26433
26017
27009
25985
24896
25217
25153
25473
25473
25473
25057
26177
25953
25409
32065
28353
24417
24769
27905
25697
24513
25601
25665
30273
25312
26113
26369
24641
24768
26337
24992
25089
28033
27777
24737
25249
25185
24449
25409
26273
24640
24353
24897
24385
23873
25376
25921
28321
24801
24513
25249
30689
24576
28128
24961
26272
25985
24992
25121
25633
26529
25313
27265
25505
24481
25376
24961
24801
25152
25313
25473
25665
24961
24577
26049
24833
25408
25249
25793
24577
25697
24961
25729
25537
25697
26369
24801
25185
25089
28609
26689
24961
25409
28961
24929
25249
27585
25057
24736
24289
28641
24161
24320
24449
24321
24320
29185
26145
24801
24353
25761
25121
24993
24800
25345
24769
25217
25121
24577
23713
25217
25313
25153
24128
29153
28641
24161
24129
24256
25569
24577
24288
24609
24416
24801
25601
24481
23265
25153
24001
24769
26721
30017
32481
24897
25185
25089
24320
25121
25601
25473
32897
25601
27489
24961
24513
25345
25984
27009
26497
28673
25793
24801
32481
24704
25121
24641
23584
25121
25153
25281
26081
25537
28097
26112
25473
24833
29473
25440
26177
32577
24609
25088
23905
24384
24865
25153
28353
24768
24577
24673
25537
26433
24033
24480
25217
25536
24129
24577
24609
24673
24513
24545
23649
24353
24129
24609
24769
24225
24513
25248
25185
24065
24865
24513
25665
24705
24673
23937
24576
24609
24161
24576
26273
25056
24385
24289
27265
25761
25409
24736
26528
24865
25345
24193
24417
24257
25281
24641
24481
24768
24577
23457
25249
25281
26273
27137
23713
24961
27200
25793
25344
24097
24353
24352
24545
25505
25825
24577
24353
25184
24193
23809
24193
24929
24289
24481
27105
26561
24609
24801
25185
25185
24321
25505
24961
24480
24865
24545
24224
24737
25601
25793
24481
24833
24608
25377
24897
25633
24352
26305
25377
24672
25377
24096
26112
24705
26849
25760
24352
25505
24929
25153
28577
28833
25057
25441
25057
24545
24577
26145
25665
24033
24609
26337
24673
26753
25185
26401
28705
25345
28545
25281
26433
24481
27361
25505
24513
27233
24513
25248
24513
24609
23968
24929
25441
25217
26176
24673
29216
25057
25473
25889
24833
26913
25441
25377
25729
24449
27104
24961
25184
23969
24225
25089
25537
24641
33025
24737
26241
24961
24833
24800
24705
26465
25857
25217
32961
24864
28225
25057
26241
25441
26209
31969
32097
90083
26593
25376
27201
25793
24065
24609
23968
24993
25633
24385
25441
24833
23169
24544
25377
27041
32385
24864
25985
24001
24289
26849
25184
25089
25697
26177
27553
27713
24961
24897
24896
25473
25569
52610
26881
27041
26913
26753
27265
25057
25313
25024
24385
25537
27104
24609
25185
23968
25057
24865
25985
26689
27009
24609
24737
24801
24545
25057
27969
24865
25281
24513
24641
25089
24161
24160
27617
26145
39905
25697
26209
24641
24993
27393
27009
26336
24097
25473
32225
25249
23745
25601
26081
24832
26241
25985
45858
24448
27073
28385
24609
25024
26305
24449
26209
25953
26689
29409
27233
24800
25345
26497
24225
29377
28705
25184
24673
25953
26880
28769
25121
25377
26816
24385
27649
25184
25089
24992
26913
25889
25537
25505
42785
27041
24673
24929
24288
26017
24641
26689
28033
28545
24673
25057
26529
25345
27009
27073
28353
24705
32801
25185
24993
25409
24481
27457
26785
24833
26368
24609
25729
25185
24545
24704
24161
24193
25089
25600
27585
25761
25728
26721
26849
26593
26561
25537
27681
27232
25057
25473
25249
25409
24801
28865
24257
25121
27233
25632
27041
24768
26241
26048
24865
26017
24929
31777
25537
25281
25409
25473
28033
25537
24929
29441
27329
28545
25345
25441
26913
28801
24545
27329
25857
27425
27041
25569
25537
26465
27041
27297
25441
27489
28801
27361
26913
27617
24801
25216
25153
27713
25633
25793
26721
25633
25281
26081
25313
25216
29632
27137
27873
25057
24225
25377
25409
25793
24449
26177
27073
25632
24673
25569
25441
24769
25825
26561
26017
25953
25089
25921
25281
27297
27009
24385
25985
26049
26369
24640
25025
26177
25633
24897
24897
24961
26625
25857
26304
25217
27745
29313
27041
27617
26145
25376
25185
26337
27521
25441
27457
25184
25761
25665
24449
25601
26273
26880
24641
25089
26241
24545
24993
25025
26785
26593
25313
25312
24449
25025
26625
24961
25153
25536
28545
33825
25889
29441
26304
27329
27969
24769
27073
25761
29793
29441
25377
25057
32993
26433
25313
27008
26593
24128
25505
24353
25601
26945
25569
24320
24417
24545
24737
25153
26977
29089
27745
27617
26721
29345
26241
26977
24481
25089
25313
27712
27008
27233
27265
25056
26401
26529
26561
24993
29281
27649
24929
24736
26529
25601
26176
26977
26592
26817
26912
26689
27233
26849
28737
25729
25473
29377
25601
27585
28897
25152
27137
25536
26401
25665
26049
27393
25537
24769
26977
25696
26465
24545
24865
26945
25185
25633
26913
25153
25632
27361
24705
25089
26401
26785
25376
24481
24609
24769
32545
25889
25761
24257
25569
25313
24193
26368
26177
25121
24256
25985
24705
26657
24993
24161
26785
25505
24928
25089
25057
28512
24193
25473
24833
27073
25025
24897
27073
25697
31457
24385
24705
25889
27712
29089
27393
26017
26913
25216
24769
24993
25185
24961
25601
24896
25601
26753
27361
25024
25601
27009
26113
31105
32066
25505
25857
25121
23712
27137
24865
26240
24577
25057
26017
24033
26625
25761
27009
25185
25345
25217
28417
25697
26017
25409
24257
25376
25953
26913
24705
25505
24416
26913
25953
24929
24960
25921
24640
33121
24161
26945
27521
26497
27009
25345
27393
24833
26497
26721
25313
29313
26337
24417
24801
25089
40482
25377
26657
27009
28769
25089
26817
25089
27105
26561
24577
26945
26145
27297
26497
25153
30017
26209
29761
27553
25057
28641
24801
25569
25857
26849
24960
24769
24609
25632
24737
25761
24161
25665
28001
34113
34049
27233
25985
32673
25505
24640
27649
29217
24929
27136
26113
31617
25825
26465
27873
27457
28353
27713
26689
27009
26593
27009
25472
26369
25825
25857
24929
28225
26017
27201
27137
25536
25345
26849
31041
25025
24768
24897
25889
24576
26753
25536
25633
24864
26529
24225
25216
24449
32449
24769
26240
26081
32961
32097
26241
32577
24513
27041
24673
25633
24801
32097
32385
27169
32353
31329
25569
26049
25504
41601
25921
27105
24929
25697
25248
27009
29249
25857
31905
24865
26561
32289
25409
32289
25344
23809
24065
32417
25792
26049
27809
24513
26400
32481
26113
24832
25761
24833
25217
25345
26401
25409
25473
25313
25985
26753
27105
26401
25953
25888
23841
24289
25473
28064
26593
25505
26497
28321
32097
25249
25601
26017
44738
25313
25409
25441
25953
24576
26145
26785
25057
26977
25249
25665
27201
26113
24801
26080
26945
25953
29089
26433
25024
26785
25441
26305
25729
24128
25697
26817
25665
25921
30625
25537
25505
26401
26304
25377
27521
25345
25185
25761
25505
27072
25985
23840
25729
24961
25345
25505
25953
24577
25760
25185
26369
24096
24768
26721
25568
24129
32385
25761
24865
25568
25793
26305
27009
26145
26177
27329
26817
30081
25409
48482
27969
25089
26017
26625
26689
30177
25024
25505
24801
25568
25057
26337
26721
25601
26145
26337
32641
25985
27201
27521
29249
26561
26785
25313
27841
26369
25313
24512
25249
25025
25409
25057
25697
25313
25505
29217
25089
27553
24961
25409
25345
25888
25857
27745
24897
28289
25249
26561
24225
24929
25920
25729
26081
27585
24160
25281
32417
24513
26817
29985
26145
25921
25505
28256
29697
27681
26369
27073
26177
25441
34881
28865
27808
25312
24673
25441
27009
26593
25633
28961
25793
25441
25697
24800
24737
25601
27425
29185
26401
24993
24321
26305
24289
26625
25537
26880
24897
25153
24385
26689
25153
24416
24833
26017
24896
47681
24449
28704
26177
25473
25889
26209
24961
26465
24321
24833
25185
26145
25345
25153
24769
25953
26049
30913
32865
24929
24352
25536
24673
25185
25761
25761
25408
24801
24545
24513
24161
24033
24513
25345
30081
32706
24801
25505
24769
25537
29793
25953
25568
25569
24513
25089
24993
24609
25249
24385
24929
28673
24449
26049
24832
25249
24801
25985
25505
25569
26369
28033
24001
24352
24097
25057
24225
24704
24961
25633
24289
27169
27233
25633
24481
27073
26305
24737
26593
25217
24384
24769
24513
24417
26305
25633
25057
25473
24993
27265
25056
25313
26369
26561
24481
25217
26113
24993
24384
24673
24897
25120
24545
24385
24833
24352
23841
27201
25985
24737
25153
25505
24448
25569
28001
25057
24512
25313
24993
25409
25153
25025
24129
25024
29185
26497
27105
27328
25729
25345
25633
25441
25249
26177
26337
25409
25248
24673
27361
24865
24577
24353
31905
25473
24449
27169
25473
25345
24160
24449
24481
24001
32769
26369
24865
27617
24065
25985
25697
26081
32481
25281
24608
26305
25313
25409
24321
24672
23873
25121
25313
24065
23585
25985
25473
25313
24225
25825
25761
25345
25889
25793
25761
26849
26433
25441
26240
26305
25537
24961
26209
25025
25409
25121
24353
24769
28929
26400
24353
25089
24961
26657
24577
26977
26881
25345
24929
25216
26529
27681
27520
24929
24801
31777
25121
27713
28000
24705
25185
25793
25825
25537
25281
29953
28481
24449
25313
25697
25345
26785
26049
26433
24896
26433
25761
26881
25313
24737
24993
25569
25665
25697
25793
26657
26785
32417
24864
25057
25153
27297
24833
26433
25985
26113
24993
25153
24545
25313
24417
26432
28353
24641
26112
26977
25473
27297
32385
27265
29473
25632
25441
25249
25600
28769
25920
26625
25857
25089
25217
25281
25344
24737
25345
24704
28993
26017
25344
33121
25217
25665
25921
24960
26017
24609
25568
25697
24641
25505
25312
26657
32290
25505
25729
25633
25121
24353
23905
25345
26305
25537
25856
32929
25761
25441
25409
25729
28353
32737
26049
26817
28609
28385
25025
25568
24993
25921
23841
25664
24385
26785
25440
24961
25313
32481
25216
26785
25025
27265
25472
26241
26944
25377
25409
24769
25409
25825
24737
26273
26625
24640
25121
26273
25600
26689
25345
27873
23681
26753
25121
25761
24993
24481
24417
27041
25505
25216
26017
24385
25152
25729
25185
24608
25665
26113
25056
25505
24225
25665
23905
24929
24704
26305
26881
24961
25697
26433
25761
25024
24577
24801
25153
25281
25889
26241
25441
24641
24865
27457
24705
25281
25473
26017
26369
25825
24161
25569
24961
26208
26465
29089
25153
24705
25376
28929
25057
24192
24641
24897
26433
25857
25185
25345
25313
25408
25857
26625
25185
27521
26753
25537
25057
26785
26721
24769
26144
30305
24737
24961
25281
26337
24993
25281
25344
24961
45506
27649
24833
27937
26657
24705
24801
25472
26785
25057
26657
25185
25505
24513
24097
24353
27105
24321
25281
27105
29153
24897
26305
24673
26593
27297
27041
26593
26753
25857
25792
26305
24481
27713
26817
26945
47266
27713
24321
28577
25217
27265
31681
28129
26337
25664
26657
28673
28065
29601
26016
27233
26529
25121
28481
27393
25825
28449
26432
24769
26752
26785
26465
27521
27137
26337
26561
26593
25793
27008
24673
32929
26849
24929
26369
31681
24545
25281
25056
26112
25345
25089
24865
32097
24929
24737
27585
27745
27329
25857
25601
26337
25345
24449
25665
25281
25601
23969
26273
25697
26753
25633
26241
26977
25728
28897
26049
28385
26016
28865
25601
25985
32033
28577
27297
26241
25665
27553
28897
27584
26433
26785
26976
25441
25185
27201
28577
25313
24993
24576
27361
26849
33153
29057
26145
27361
28353
28897
27105
25537
24609
24800
25185
26625
24705
27361
26721
25825
25217
25665
25569
28289
25697
26080
26785
25536
25825
24737
24929
26048
32449
27137
25760
28449
25569
25569
26721
29345
25345
24608
25121
26657
26304
25249
28865
27873
25920
25153
32737
29121
25985
25889
26913
26561
26144
28225
24961
24544
25313
26432
28737
26112
25633
24705
27072
25665
26273
28705
25793
25761
24865
26337
25920
25569
27265
26432
26593
25121
25121
25153
24481
25184
26753
25729
26785
26368
25057
26209
24864
25249
27073
25569
26881
26433
26561
26241
24768
24801
25729
26753
25889
46113
26688
26689
24929
28481
25601
25697
27201
25089
26497
27329
25313
26785
24673
26273
25888
25409
26593
45569
28609
26561
26465
27169
25025
26944
25185
25537
25697
24929
26977
25153
25729
26560
26561
27009
24737
28193
25057
27137
26529
25153
24449
25280
24481
26337
26017
27041
26977
26273
26689
26721
26945
25153
25857
28225
26273
25601
24993
24993
25792
29825
26721
27649
29153
25953
25921
27777
30273
27329
24865
26849
30753
30081
26337
27169
26113
27489
25185
28961
30273
27264
25793
25793
24320
25601
25153
27105
25153
41633
25952
27553
25408
26881
25536
25697
26337
25184
27201
25089
27489
27745
25313
25057
26721
29057
24929
32801
32737
24481
25569
26785
27073
26721
25953
25344
26241
25025
24161
24608
25057
25281
25633
26849
26561
28545
25537
28641
25793
25633
26209
28737
25409
27777
25025
28353
25761
24417
28545
26017
24449
28545
25153
27809
26433
25089
24705
26849
25921
26177
23904
24865
26369
25793
26337
24193
25825
24769
25857
26145
25217
27201
26561
27009
27008
27041
27041
27265
25568
26561
27873
26049
26657
27137
24993
25793
26497
25377
29089
25089
26209
26433
28897
24929
25345
26817
25793
28289
25921
27169
27137
28609
26465
25697
26432
24929
27969
27649
74978
24384
62114
32609
26145
25633
25600
26529
25505
26977
25345
26048
25889
25217
24513
45825
27265
27681
28481
26625
24705
24641
26785
26400
24129
25089
24384
25345
26368
24545
26625
26144
26273
26977
24481
25729
24960
25665
25249
26529
26625
25217
26081
27072
26145
26241
28897
25345
26561
26913
24865
29537
24609
25312
26145
24353
26241
26817
26689
27681
26176
25153
27265
26145
25761
26593
24256
25825
26849
26369
26241
26465
26337
27361
25313
26657
26401
26401
26881
26465
28705
25537
28225
24225
25217
25536
26656
26113
26497
27041
28705
25345
24320
25153
24705
26401
24225
28737
28225
25441
24513
26401
29313
25409
26113
25601
27809
25729
27969
24640
26369
29025
25793
29121
25857
26017
25761
25120
25473
27649
30561
29825
27713
29025
28161
27265
25376
29473
28897
28288
28385
26113
25313
25984
24705
26785
25889
32353
24929
27265
25537
26561
28161
24577
25185
29121
24961
26817
31521
25089
24513
26849
24961
25377
25601
27841
26881
27105
27073
28737
25089
25121
25889
25121
25313
25152
27297
27361
24353
25537
26561
25985
26049
26784
25696
27649
26016
24545
24833
24673
26817
25249
25825
24929
27264
24577
25889
25153
27617
25857
24416
26721
30753
25441
27361
25121
26945
25505
26593
26465
26081
25985
24833
25697
24833
24641
24385
26209
25633
26432
27456
26560
28097
33025
25665
26657
25664
25601
26528
25633
27169
29089
26113
24929
32641
25153
25121
25665
27073
25985
24929
24385
25025
25056
25281
25024
25281
26977
26721
26273
24737
25921
24993
24769
25312
24801
26785
24289
25281
25825
25792
25537
26145
26177
26209
25760
26913
24481
26048
27009
26177
25601
25729
33249
26593
27297
27169
25505
25185
26817
28257
26945
25473
26849
24289
26048
26817
29217
24960
25569
25729
28897
24801
28800
25889
26272
24769
25697
26401
25697
26721
27137
32385
24481
26369
24385
26977
24321
26849
25504
26081
27361
29185
24929
26944
25281
26881
25217
30369
24225
24129
28097
26081
25505
26625
24897
26401
27169
24512
24961
26497
26369
26561
27073
27361
25217
25249
25441
25472
25153
25665
24289
25121
25280
39330
26497
25729
26336
26113
27424
26401
25728
27009
24512
26849
26113
25281
26593
26208
27840
26497
28801
24897
25473
24161
26625
26401
26497
25697
25793
26817
25729
28897
29089
26561
27232
24865
24897
27137
25697
27329
27841
24897
26721
25313
26145
25505
25217
26177
32673
26497
28609
25376
26401
26881
26529
25601
27489
28929
26369
28513
24129
28929
28321
26081
27393
26881
27585
27936
24737
27073
27297
29537
27873
25889
28193
27169
27489
27233
26560
27233
27072
24705
26305
25313
26369
26304
27937
26593
25185
25825
27201
27841
25153
27585
26209
24352
25633
26561
26849
30689
28129
28417
25249
27425
25857
24992
27585
26017
26305
27264
25665
24193
24449
25120
24961
25409
26817
25505
26048
24705
25665
24769
25281
27425
25921
26113
25185
27329
29281
27104
25153
26337
25057
26753
26433
25985
25409
24449
25697
24993
27201
24897
28353
26497
24193
27393
28929
26721
25377
24000
27009
24705
27136
28801
24961
26689
25345
25601
27873
28929
26625
26177
33345
25313
26369
25409
24193
26657
25569
26561
26049
26017
25217
25217
25057
26529
24065
26913
25185
24961
25601
27041
25313
25857
26720
25537
26049
24801
25504
24993
25665
26401
24608
26913
24609
26529
24320
23649
27905
25248
26881
26785
27105
26977
25601
24577
24737
25056
25377
25153
26145
27425
25313
25217
26625
24672
25440
26593
26625
26433
27552
24737
25473
25184
25857
27041
28929
25696
25441
23969
27553
26081
27841
26625
27585
26721
24769
26017
25344
25505
26081
25601
27105
24897
24961
25217
25313
26337
27169
26689
26112
26497
29409
25664
26881
28097
25024
25025
25889
25504
26465
27392
24897
24193
25888
24641
25376
26817
24609
33185
25665
26177
25153
25697
24609
25761
25057
25473
27809
26145
27297
26720
26561
26369
24641
25793
27169
29377
26624
26945
26945
26177
27457
25377
27233
25185
25313
24864
25729
25697
27585
25793
26593
26081
33410
25089
25729
27393
26305
25409
26465
27232
28865
24801
24416
24321
25121
26817
26881
25985
26113
32033
33313
25249
25344
26817
27296
27585
28769
27521
26305
51874
27424
25249
24897
25793
27553
25601
25313
26817
29121
28609
28801
25537
30433
28129
26945
26881
27265
25089
27585
24929
24897
24193
25121
26401
26625
28257
26080
26593
27328
28737
25537
27777
28801
27552
27329
26977
27553
27393
27040
27617
26913
33345
29953
25121
26625
26657
26273
28385
26176
24737
28609
25312
25185
24929
25121
25985
24417
25344
24833
32993
24993
25889
490224
31617
26816
30113
24961
25313
26465
27521
25664
27009
25569
26753
27777
29473
26433
53730
26656
25505
25953
27201
24353
25984
25665
25121
25217
24161
24705
25601
26785
25249
29313
25729
26976
25249
27713
25345
24481
63106
25793
27617
25889
25185
26272
24001
26305
25249
25248
32513
24577
24001
24416
24577
25153
25697
24993
24865
26913
25281
25633
25537
24897
25728
25505
25249
25953
27937
73058
25665
25537
25537
28417
27265
26593
25505
26145
26657
26177
24897
25345
25281
24609
26785
29313
25857
25665
28673
25664
25153
25057
27105
27521
27361
27969
26241
26017
26049
26017
25249
26336
29985
26784
26081
25408
25697
25792
26497
26625
26368
25793
24737
24929
25537
25345
25953
25921
25888
26209
29121
28449
26688
25857
26977
26209
26337
25985
26241
26080
25793
24129
25217
25665
26177
25568
24513
25601
25441
24865
25953
26241
25313
25825
26657
26113
25825
25985
25505
25824
24705
26273
25249
24097
24801
29953
24577
27809
26785
26976
26977
29793
25697
27041
26337
27649
27681
26401
26273
27553
26401
26081
27041
27424
26625
25857
26209
25441
27873
26849
26081
25985
26529
25505
25793
26625
26273
26881
25953
28641
25313
25185
27201
26049
27553
26945
24673
25249
25985
26113
25697
26017
24897
62402
27297
27233
30273
25793
27905
52545
26977
27297
25889
26017
25697
25729
28065
25857
25121
27297
26817
24544
26337
29441
24225
24641
30209
25793
26177
25313
28001
29921
27521
28160
28033
27489
33345
25313
28481
26721
31393
26113
27681
29633
25665
27809
25345
26881
25697
27713
26625
25089
26369
26881
25600
25505
26081
26337
28257
26817
29025
25697
65442
27649
26688
25408
25601
25633
25889
24449
27105
25153
26209
26048
25761
29697
28769
27777
27585
29569
25313
28289
182950
27361
29089
26113
26432
27009
29377
26465
25792
24929
27841
27265
25793
27105
27937
29601
27072
25345
26913
26209
26593
25857
28257
25889
25664
60290
26561
26561
26497
27937
28352
25409
27969
25537
24865
25248
27233
28001
26785
25601
25249
24257
26433
24577
25889
25088
23969
24801
26241
24737
25888
25825
25217
26785
24288
25249
26977
29153
28033
25537
26625
30145
25761
24225
25665
25569
25793
26592
25056
25409
25057
29345
27936
26017
25696
27137
25761
25633
25825
26913
26657
27360
26433
25601
29025
26241
25281
25537
25633
26592
25665
24576
25281
25345
25313
24449
29121
25921
25728
24929
25409
28129
26752
24993
25985
25313
25153
25185
25537
25857
26657
25888
25441
27584
27841
26177
24705
27105
25537
25473
27649
25217
25121
25409
26465
25409
25217
24609
25537
26497
25857
24641
25761
26177
25376
25313
24609
26913
24385
27905
25633
25057
25313
24929
26752
25569
26497
24833
25185
27009
24801
23969
25985
26241
24641
26529
28385
26017
26081
26273
24769
27329
29025
26561
26273
27137
48161
26145
27201
25345
24481
25025
26017
25472
26817
25601
24769
26881
24481
24993
26913
24609
24737
25121
25217
27457
26368
25601
25313
25729
25697
24897
24704
24961
24513
27328
23201
26209
28321
25664
51298
25184
25697
60514
26561
30017
26017
25409
24736
25665
26177
25889
27521
25729
25312
25025
25089
25505
26145
25697
25281
25537
24864
24641
24769
25280
24545
24865
24992
25249
25313
25600
24353
24609
26176
24417
25697
25633
26624
24577
25345
24833
24352
24641
24929
25089
25856
25089
25185
25953
28193
25057
25601
25249
25249
26049
24641
25536
24289
27233
25697
28737
24961
25729
26049
25089
27425
25921
25249
25729
29057
25281
24961
25440
24865
25505
25665
25601
27809
25185
26273
25409
30913
25345
26657
24929
25505
25761
28641
26369
27553
25345
25665
26273
25376
25409
25537
25824
24641
24673
24864
25377
25825
25057
27264
27969
27136
29281
24705
26337
25632
24641
26305
28545
25921
25057
25473
24769
24673
24737
25728
24929
26721
32545
25824
24609
25121
28961
24833
24449
25089
26433
26657
86403
26496
25601
25280
24673
25153
24257
46434
26177
26144
25249
27137
25409
24801
61603
26209
24833
25312
26113
58434
25601
25569
25665
25376
26561
28161
27265
24832
25601
24897
24993
24609
25345
24993
25217
23841
62946
26113
27105
25281
26785
24097
48449
24705
25697
26401
25408
24833
25472
25825
25185
25409
25217
24609
25345
23681
25921
23905
55362
26177
28321
24961
26689
25568
25249
25441
25665
25089
25889
24353
25856
25825
24897
24193
25953
25281
27073
25825
26433
25185
25217
25633
44641
25089
26689
25024
24481
24513
27840
24769
25569
24609
25600
25281
25153
25409
25569
26209
25985
25601
24577
25089
57986
25217
25089
24449
25313
24416
24897
25185
25920
24641
26145
26657
28417
24640
23745
26912
23713
24737
24769
26465
24193
24897
24064
24641
24705
24929
24768
24513
24769
24673
25249
24257
24065
23713
25857
25025
24960
24321
26241
24353
25185
24865
27841
24641
24673
23681
26433
28065
25761
24481
25153
30017
24641
25632
24001
23745
25665
24513
26657
25889
24705
24417
24737
24224
24673
39393
24705
26433
24929
24769
24864
24929
24577
24609
24288
26241
25377
25825
25184
25345
25345
24929
24544
24257
24960
24225
23713
23905
23425
24160
24641
28289
26305
24608
24673
27585
26401
25953
24353
24577
25472
24545
28257
24481
25057
24001
24161
24993
24800
24833
25953
24225
24097
25985
24737
24097
25025
24257
23681
26465
28385
25312
24641
26305
25697
26081
26304
32033
25409
23617
24288
23841
24193
24929
28257
24096
25984
24513
24384
23809
23969
25345
26048
26657
24321
26400
31329
24897
24353
31553
24129
26401
24961
26113
25057
24961
40194
25889
25377
24833
24321
23969
24864
25825
24385
28065
24641
24513
26305
24929
26657
24064
28065
24161
25696
26049
25696
24769
28033
26145
24032
25889
31681
25313
24705
26145
25024
25089
26401
26017
24449
25920
24705
26433
24449
24609
25057
26401
24513
25153
24225
25089
24096
24673
24865
24577
24320
24289
23905
26337
24129
24257
24193
26304
24801
25057
24673
24833
23713
24512
24257
24385
24769
24481
24160
24769
24289
24641
24192
28225
24641
24321
24225
25281
24865
24865
24513
25825
24353
25632
25057
24673
25761
24801
24960
26081
26305
29761
25889
27713
24449
25473
24384
24928
25377
24673
24257
24577
24288
24608
25377
24193
24225
24704
25857
24833
27168
26017
25249
24865
24385
23841
26273
24576
24353
24769
23777
24417
24737
25665
26241
23904
25697
25921
24833
24673
24161
24737
25601
25217
24705
26273
25057
24545
23841
23713
24833
24289
24929
24609
23360
24353
26049
24928
25569
24129
25185
23521
23905
24192
24705
24257
24897
24609
24800
24609
23232
23617
23937
27617
32417
23777
24608
24001
23393
24833
24577
23744
24481
23745
24673
24512
25729
24609
24705
24512
24897
24897
39041
28513
24193
24704
24065
24129
24352
24641
24481
24480
24737
23553
25089
24641
24545
24865
24353
24321
24160
26433
24640
24609
24001
24705
25344
24225
24225
24001
23456
24641
24961
24929
26465
23809
24929
24961
24673
23841
24321
24097
25121
24928
24897
24481
24097
24193
24128
27809
30017
23873
24704
24225
24577
24673
24225
27937
24737
24737
23905
23777
25793
24481
24385
25025
24321
25761
24065
24672
25121
24449
24033
23777
23841
37793
23904
25568
24257
24705
25505
23457
24320
24833
24897
24225
24961
24513
23937
25920
24353
26209
26305
25025
25857
24993
23553
24064
24769
27777
25345
24769
24480
24641
24481
26113
24449
24385
25152
24673
24737
24545
24769
23649
24705
25057
25472
24864
25793
26017
25793
24897
23616
24225
25793
24577
24513
24256
24929
23265
37761
26913
24705
24353
26305
24545
24448
28513
24897
28353
25025
25760
24321
25249
25537
23777
24385
24481
25121
24928
24961
24865
24993
25313
24865
24833
24896
23649
25953
27841
23905
27969
24705
24257
24640
24129
26049
32769
24769
25889
24417
25985
24321
26272
26113
24321
26336
26273
24193
26112
24256
24161
24225
26145
24129
28673
26817
26401
24929
24353
26753
24608
26529
26337
24897
24577
24513
24353
24449
25953
24641
25857
24928
31937
24417
26305
27105
24033
24065
25057
24577
25825
24449
25089
25184
24161
24289
24321
25152
24225
24065
32417
26369
24545
24096
23905
24609
24641
23968
24289
24481
25281
24097
26849
24289
23296
24865
24737
24385
29921
24865
26529
25057
24577
24449
25441
24609
24609
24000
26273
26337
24161
24161
26049
25377
24288
25920
24928
25024
27393
24577
25217
25088
24673
26785
26401
26145
23585
25953
24993
24897
25761
24001
24737
28673
25377
24545
24417
26273
26241
24641
26177
24992
24577
24609
25761
24321
25825
26177
26497
26369
25985
28289
25697
28545
24577
24960
25409
24257
24417
24545
23968
25249
24897
25857
27681
24193
24737
25696
25601
25153
23617
24289
26337
24097
26272
24417
24705
24641
24417
24000
26721
26529
24544
24929
25633
25633
25504
24641
25441
27969
25537
24225
24577
24897
24480
23777
23905
24289
28705
24833
26081
25217
24193
26433
24160
24737
23328
26177
28513
23841
25824
27873
24289
25409
24769
26464
24161
24449
23329
24705
24417
24289
25089
24320
24801
24257
26145
25825
26817
25089
26848
24609
25761
24321
24737
26369
25057
26177
25376
24736
25728
27489
27937
25697
24161
28481
25089
26337
24353
26241
25665
26049
26369
23873
25665
25888
24545
24705
25441
24385
25025
25856
24865
29793
25889
25313
24705
24225
24257
24705
28385
26113
24257
23841
24289
25984
25473
24001
24385
24225
23809
24353
26113
24128
26273
25409
24321
24097
24193
23777
24896
24929
26305
26144
25569
24897
25729
24545
24833
24929
24577
26241
24929
26721
25217
24320
23552
25089
25025
24353
27873
24416
24065
25153
26305
24897
24321
24256
25889
25217
25280
25441
24481
24673
24288
24385
24001
24545
24321
24065
30626
24673
24545
23521
25185
25121
26561
28705
25729
26081
24577
24832
26049
24001
24097
24353
23904
26337
29889
24417
24640
24641
24865
24289
24800
25889
28097
23968
26305
24673
26177
25697
24449
24512
27649
24769
23649
24385
23712
24193
24513
24097
28385
32193
25088
26145
24129
24353
23745
24289
25985
24865
25729
24193
24416
24737
24161
25537
24224
25633
25153
40898
25633
26273
24289
25761
25152
24769
24929
24705
24097
23841
24929
26977
24609
24992
25921
23233
26561
23936
24961
24065
26369
26113
24193
25793
23713
26049
24673
24192
25857
23233
26017
28353
24545
24768
24769
25793
27073
26880
27361
25313
24833
24161
25793
23841
26433
25057
24033
23617
26497
25761
26017
25185
24609
26081
25217
25953
23776
26721
26273
24289
23841
25793
26625
25888
24257
25601
28224
25985
25569
26337
25633
23872
29025
32289
27041
26113
24641
23681
27809
25569
24513
25952
27617
31681
24257
26785
24929
24257
25633
25953
24097
27041
24641
27681
25761
24961
23488
26305
24065
23841
25249
24640
25057
27745
23969
28097
24961
24545
23937
23872
25953
26273
24352
24033
24961
23713
24225
26529
24833
24992
24896
24897
24321
24481
24257
24929
23745
24737
31649
26401
24192
24353
31937
24513
24449
24385
26593
25985
25249
24000
24641
24449
24961
23905
28225
26304
40161
26625
24769
23745
26401
25632
24961
25537
23841
26113
23457
23776
26561
25057
24065
24737
24897
24417
25025
26081
23873
25505
24033
24033
25184
24065
25089
23489
25185
24960
24161
24801
23552
24225
23937
24289
24160
25057
23649
24320
24193
25921
25569
24193
32033
24001
31809
25953
26177
24641
24384
24225
26369
25569
23745
26561
24544
24609
25057
26880
26209
24641
24417
25985
24033
24385
27776
25985
23553
28225
24417
24705
23777
26177
28641
24001
25760
25505
23777
24769
23809
28000
27681
25953
31585
24481
24001
24481
24864
24129
24705
26273
24001
25857
23904
23585
24961
24673
28193
26368
32289
25313
25985
24577
24193
23873
26464
24545
24897
26401
28065
24897
23745
24769
24353
24641
24193
23648
24609
24289
24513
25633
25568
23969
26369
25441
25216
23937
39649
25793
26113
24801
24577
26049
24833
24929
26177
26433
25025
24033
23713
24481
25153
24577
23617
24737
24065
28929
24961
25825
26369
24385
24673
24353
24481
24320
23904
26465
24705
24449
23777
26241
24257
25761
24289
39426
26593
25185
27937
24192
24449
24513
24577
31905
24609
23297
24929
25025
24289
23873
24001
31777
24833
25249
26528
24993
24193
26240
24737
28545
26977
24032
25089
24897
25249
23905
27873
24513
23905
23552
24097
25985
25249
25409
24480
24800
24129
24865
26401
27937
23873
24961
24129
24608
26273
26337
23489
24897
26432
25633
28929
24065
24897
23649
24577
26433
24641
24993
24192
24033
24225
25761
24609
24769
24033
26177
25153
26529
50242
26817
26273
26305
26561
24929
24353
26625
23873
26657
26209
24417
24385
24545
24449
23585
24385
24865
24641
26561
26272
24097
24225
24673
25953
25953
24225
24480
27456
25025
24641
24833
24385
26017
27425
24737
23712
26017
24449
25921
27969
24608
23969
28257
24545
24993
26113
24480
25729
24641
26145
28673
23841
32033
25057
32130
24289
25153
26528
26209
24929
31681
24417
24161
23745
24865
24001
23937
25249
24449
23809
26304
27137
37921
25344
24449
23937
23521
23361
24225
26049
24192
23808
24321
26241
23969
26241
25761
26145
24257
37185
25281
25761
24513
24032
25601
25121
23809
25153
24161
24417
24897
24640
25601
25377
26401
28289
24961
24225
24224
25665
25185
24577
26145
25601
26625
27937
25984
24769
24225
26113
24001
24705
32193
26689
25665
24449
23425
23489
24641
24193
23329
23489
24065
24833
25025
24897
24768
25153
25441
24193
32161
24384
24705
24641
24480
24065
24257
23169
24193
24545
24864
25281
23905
24673
24161
24609
24833
26177
24384
26945
25217
24865
25121
25153
24224
23168
24576
24097
26497
24609
26273
25312
26753
23649
24545
26081
23617
31809
24640
23425
24449
24097
24513
24225
24288
24737
24129
24417
24545
26849
24737
24481
23809
23969
23553
32193
24865
24865
24321
26145
24513
24928
24128
25729
24737
25313
24321
24928
24833
25217
23969
23872
24864
26241
26241
25345
26753
25377
25825
23904
25089
24513
25793
26145
25217
24481
24833
26209
24321
24609
23840
24481
28609
24385
24769
27841
26945
24033
23649
24288
24385
24417
24321
22977
25152
24769
24161
23457
23873
25665
28385
25249
24289
24065
24065
28032
24129
23905
25729
23969
24673
26272
24128
24129
24289
24001
24673
23937
24321
27137
24001
24545
25121
24289
27617
24192
24033
24417
24129
24576
25377
26529
24736
24001
23904
23936
24321
26273
24353
24481
24609
24897
24608
24641
23969
24257
25025
24928
28001
24161
27201
25793
24545
23777
24673
28449
25249
24417
25729
23521
24449
24065
24320
24257
24545
24577
24032
24193
23649
24321
24673
25985
24353
24481
26273
25857
24737
25088
24929
24225
24321
24097
25408
24352
24193
24513
23457
24865
23937
26497
24929
24225
23904
24321
26049
24193
25313
24544
23777
26369
25345
24449
26305
28929
26336
23905
24193
24833
24417
24544
32161
24737
24065
24929
25024
23649
24097
25953
26081
23904
25825
24545
26529
26689
24992
27969
24481
23777
32385
24961
24737
24800
23776
27841
25281
25857
24513
28097
25857
24321
23649
24160
23873
24801
25025
23808
44290
24097
25248
24384
24833
26049
24928
24641
24001
25665
25857
25057
24289
24832
26177
24673
23617
26241
24705
24129
26369
23809
24705
26977
27105
24352
24673
24193
24193
24481
26209
24193
24097
26528
24929
25153
23713
26305
23457
28321
26113
26465
25120
24193
24929
25441
25153
26433
27841
24128
24833
23969
24289
24545
24193
39906
26593
24544
24545
23937
24705
24257
24033
23873
25281
23968
24577
24417
25216
24929
25409
24864
24001
24961
26305
24673
23937
23360
24705
24001
24129
24033
24353
26081
24449
25537
24096
24545
24001
24704
24577
25313
25729
23425
24097
24640
24033
23425
23297
26625
24352
25217
26561
24480
26625
23649
24449
26241
24737
23521
31873
24769
24992
26017
25025
25665
24289
24193
24065
25153
24449
23936
24833
28001
24096
24320
24993
25217
28385
24289
23809
24385
24161
23937
23841
26465
24865
27841
24993
24193
24385
24480
25665
24001
24321
24033
25088
26913
26369
24609
26209
23745
26881
25025
24129
24865
25889
24448
23553
24321
24065
23904
24385
23937
27233
28609
25217
24737
24289
24417
24129
25985
24544
24033
24321
24544
24321
23713
23745
26273
24225
22913
23649
27968
26881
23457
24705
23681
26369
24736
23968
24545
25377
24769
24640
23425
23777
25153
25505
24417
26305
23905
24736
25985
25952
24545
24545
24544
26049
25857
24417
25217
24129
24097
25921
25504
24737
26881
25665
25696
25185
23745
25313
24609
27713
25825
24193
24321
24256
24481
24288
26689
25153
23809
23713
23937
24673
24256
29185
25088
26017
26977
25409
25601
24865
29633
25153
25088
25025
25152
24353
24928
26465
25025
24416
24449
28481
25089
25441
26145
24705
24769
24833
24705
26369
25344
24000
24000
25473
24929
23841
25729
31585
25184
32833
25281
24481
24641
25697
24896
24833
24609
24961
24481
25057
26785
28193
24513
24288
24769
25601
25697
24609
25889
24481
26208
25120
24801
24417
25153
26305
27169
25633
26369
28193
26336
31553
25024
24545
25121
24737
26112
25889
24769
25249
27681
24448
25857
26305
26657
28641
23873
26337
24929
27616
24640
26369
24833
25761
31841
25696
24513
26433
26113
24384
23585
24481
25504
24961
25537
25185
24801
26528
28353
24097
26721
23713
28097
24705
25857
28097
24865
28225
23969
24481
26049
27489
26272
24353
23841
24417
25825
26881
26081
25889
24001
26465
26593
27489
23905
24097
28161
24320
26145
24033
24001
25505
25793
24225
25601
23937
24385
25729
26497
26433
26561
25153
26305
25185
28033
24961
26369
25888
28289
24769
24833
28065
24609
26241
24993
26113
25281
26689
24545
24033
25312
25569
27841
24481
25057
26145
24737
24065
26465
24064
26113
24545
24033
24672
24033
31809
24481
24193
26624
29793
26145
25056
26177
24449
22977
23905
27105
28033
26401
24641
24609
24801
24545
43169
26497
24385
23681
26465
23681
26305
24801
24480
24416
23169
29089
27649
24352
24800
24641
26081
24705
24801
26689
26081
25025
24384
23680
24097
26305
26145
25953
27713
26337
26465
24352
26689
24001
23681
26721
24768
28609
24417
27201
24129
25024
25025
24801
26017
24320
24481
26369
24544
25441
24929
25057
26273
28609
27681
31937
24353
24705
24833
24160
24129
24257
26305
24513
26752
24833
26753
26400
28929
25569
25089
26305
27841
31585
26593
25089
24321
25313
23937
25089
25088
24513
24257
26337
27969
27425
26177
25441
25025
24769
25153
42081
24385
24673
25057
24736
26753
25857
28033
24256
25857
23809
26529
27041
25921
28161
24257
26209
28000
26017
25409
24321
26113
25313
26401
31969
24609
28769
24673
28545
24481
26305
31585
24000
24129
24641
23328
26401
29153
25952
25025
24577
31745
23905
24129
23873
28577
24737
26529
26593
23425
24865
24032
24353
28449
24353
28417
24705
26017
25089
26113
23873
24577
26465
25345
24544
24225
24193
23777
24225
23968
26529
23809
24736
26240
24545
24385
24353
24257
26017
24352
22977
24993
23969
23393
24512
24129
25537
26529
24577
24417
24993
26496
26273
23840
23936
24480
23969
25921
26113
24321
26496
24481
24321
25377
26304
24609
26241
23873
26177
24800
24449
24097
24320
24577
26305
24961
23456
25985
24129
23681
26721
24705
23937
23584
24417
26657
24289
24097
32545
24513
24096
25376
24320
24449
25025
24225
26497
24128
28481
24353
26273
26400
24480
31873
24321
23361
44066
26945
24129
26145
23585
27873
24448
24704
26849
32129
24320
24513
23777
26145
32289
23905
26209
24673
24801
26625
32289
24032
23840
24705
24225
24417
25921
28545
24257
24161
25825
25697
26401
26561
26273
24929
24257
26721
23969
26657
28129
24193
26145
25953
24129
26177
24097
28641
23296
26113
24769
24929
27553
23328
26305
27425
26177
32545
24769
26529
31521
23777
25696
23424
25953
31873
23520
24096
24481
24385
26049
25536
28097
23521
26721
28129
24609
26241
28129
24833
27937
23456
27905
26465
24449
24449
25792
24161
24513
26401
25537
23873
26369
26433
25824
25025
25665
25761
26657
23616
26369
27969
27649
24928
23840
26305
26497
28001
27809
24801
27233
24353
26817
25377
25857
28257
24897
26145
24897
23073
24257
25600
25089
26144
26017
26465
28385
24929
27809
25377
25825
28225
24160
24737
24865
24417
25921
26401
26337
25889
27841
24193
28065
23905
26081
28225
32961
25217
23937
24833
25920
27617
23873
25633
25824
26369
25985
23937
24673
26497
26401
26369
26017
30753
24449
27393
26401
24705
24193
23425
25824
28417
23777
28481
25345
25825
28449
24864
25697
27969
24033
26080
43873
28224
24801
25697
25985
24225
25600
27457
24001
25569
27457
23873
26016
25761
26401
25664
24577
27745
24513
25601
27649
28417
24416
25473
24481
24193
26145
25985
26209
24577
24512
25761
25857
25889
27585
23809
24257
29985
24193
23457
23777
25025
25824
24865
25441
27585
24513
24416
25601
27777
24640
25665
26049
25217
25505
29825
28097
24481
25825
26209
25761
24481
25633
24193
25985
24417
25601
25313
25632
24129
25793
25473
25633
25761
26401
24480
26337
26305
25089
24609
26529
25153
25697
25889
26368
27969
24641
26401
26337
26049
25761
25185
27841
32193
24993
26273
23905
26080
25985
24193
26049
26369
23425
24385
26081
25376
23872
25632
28129
24289
24225
26273
24897
24897
24480
26689
25569
25249
24737
26177
24769
26176
25473
28321
25025
23937
25921
27649
23329
28161
25505
28897
25377
25664
26241
24769
25825
26625
27777
26337
26689
26081
28577
25185
28129
28769
24001
28097
24801
26400
23777
25921
27553
24129
23584
25985
27713
24609
24256
25665
24449
27649
23968
23776
26049
42721
25697
26337
25025
26464
25057
25729
28129
24544
25953
28481
24417
26721
24737
25217
24641
26465
26561
32065
25313
24833
27616
26113
24609
26209
25953
28641
24960
26369
25569
24673
27361
24161
24769
26497
25825
28417
25057
24545
24800
25185
27361
24480
25089
25985
24481
27840
25601
24577
24577
24640
25825
25985
26721
24129
26145
26561
26209
26721
29665
25185
28769
24736
25953
25569
24609
24320
25985
25633
26145
24128
26561
25825
26049
24385
25153
23361
26113
24673
26465
25761
26561
26273
26369
25921
24641
26529
25856
24961
27713
24224
27841
24897
24257
25280
27137
24481
26176
24832
25889
26721
27905
24640
26721
25473
24513
26241
24288
24577
32481
25249
26273
24769
24832
26433
25921
26625
26305
23265
25345
26465
26529
28129
23937
24033
28545
24929
31905
24257
26433
26624
25857
25857
25377
27745
24512
24737
26273
25281
24065
25441
25505
25025
23969
26049
25761
28449
25281
26081
25889
26625
28321
24033
23809
24929
24320
27713
23809
23841
26049
26432
26433
25857
28289
24577
25601
25568
26337
24609
25697
26496
26721
25473
26113
27680
26273
28193
24704
23809
25409
26433
26049
26337
27201
24161
26273
26177
24833
25697
27585
25568
26273
26209
25793
25537
25952
25249
24480
25025
26497
30593
24673
23936
23457
24033
25729
27361
24161
24449
24193
24609
25792
26049
28001
24993
25825
27297
24065
27521
24481
25472
25953
24897
24097
26017
27776
26433
24673
26401
27681
27680
26337
27265
24001
25313
23841
25280
26241
25056
23905
24833
27841
28289
24097
26273
24097
24320
26337
25633
25537
25633
25057
25921
26528
25825
27905
24640
24833
24032
26337
27681
24224
24289
25729
26113
25889
27904
24449
24737
24417
24673
25057
28193
31073
25376
25857
25409
24352
24929
24865
25729
24129
23905
28000
25601
25089
24449
25761
27745
24096
24545
32705
25185
23904
24897
24865
26305
24321
24865
25216
24321
24513
23969
24193
24192
24513
24000
24737
24545
24065
26721
23841
24513
26081
25889
24833
26113
25376
24737
25217
24449
24544
25281
24577
26433
23809
24577
26464
24897
25120
24705
24577
26305
24352
25953
23585
24449
24768
24416
24833
26497
24417
26049
23777
23937
26273
27553
24513
24865
24161
23521
24737
24609
26433
25185
24385
24288
24865
25313
23745
24097
25889
24129
24577
24129
26817
24705
25184
24417
24257
24801
26049
25345
26529
24641
24257
26465
24193
26241
26177
24769
24864
24641
26785
24449
24161
24481
26273
24897
24416
24641
28705
26145
24801
23776
24353
27969
25409
23969
25761
26625
25121
25089
24129
24609
25025
26465
25281
28449
23713
24385
26977
24865
26497
26497
24545
24897
26625
25153
25281
24481
24545
24161
24225
24897
25888
25409
23904
26177
24641
25569
24704
25792
24737
25089
25889
25793
32257
25888
23841
26369
26433
24737
23713
26400
24544
26721
24353
24257
25185
24032
24192
26273
24801
24289
28385
25057
24608
24448
25985
26337
24480
26113
25089
24928
26561
25313
26465
24673
24385
26465
28577
24897
24385
26497
24289
25121
26145
