135077
37217
32673
31809
27585
29889
27265
28288
27201
29633
27905
26625
28385
27361
28257
26752
30497
29857
34401
27873
28417
28673
33761
25889
27425
33921
25345
26785
25697
26017
26785
27681
25857
34945
28097
25601
27201
26081
26209
26081
27777
111044
27425
26081
27937
25216
26081
25760
25505
26753
25473
26273
29217
27553
27073
26241
25601
26657
25824
28897
26081
28833
28673
26977
25760
79587
26145
27233
26273
27009
26337
25345
26465
26113
25921
26049
26433
27297
27841
29697
28129
68418
30273
25761
25889
25857
27489
24801
26816
27585
26721
26624
34209
27585
26529
25281
28576
28865
29057
29569
27841
27105
25953
28833
30145
37473
31809
88515
38497
30593
27329
26977
28321
27329
34721
61859
28033
25665
27073
28033
25888
25953
25952
27681
34689
28097
27137
26337
27745
35393
29953
28129
26432
25921
26721
25633
27969
27649
29185
26369
91171
30529
28993
29504
25985
28289
33633
26881
26337
27809
26368
27105
25793
26945
25377
26049
79714
27393
25217
25345
26369
28737
25281
31489
25569
43234
26657
26465
26529
26625
28385
28545
28193
26017
27073
24320
28161
27585
25089
24929
28609
26337
28385
27136
25249
26753
26273
28481
34369
27873
27841
26145
26625
26433
24865
27233
25377
32929
26497
27041
27265
27265
26113
25409
25857
25728
26689
23713
62082
26305
26817
25889
31905
24833
32289
26689
32865
286921
30241
29633
27393
25665
25601
58466
27425
27553
27328
28609
27009
32865
26785
25216
26849
27297
27873
27361
26113
27425
26049
24801
25217
27105
35169
26369
25793
25249
28129
27297
26081
25281
33089
25089
26369
28033
52514
26177
24833
27809
25825
27681
26881
35841
30561
27393
26305
25249
25633
25537
27873
25856
26208
25985
26689
25857
25729
25217
28225
26945
28545
32769
24545
25984
25953
26753
31489
26369
26369
24609
26945
27713
26913
27041
27200
25440
25537
32417
27393
26561
28065
26977
26561
26369
26112
27073
26849
26561
26817
25761
28033
27264
26817
26305
33473
26561
27456
24833
25888
27361
27073
26081
27104
27649
27616
26913
26625
25888
25473
26689
26529
32450
31009
27489
26209
27040
26049
28609
26273
27169
25601
27105
25185
25057
28833
25249
24961
26336
28065
24801
32737
24833
25729
24769
26529
27009
25249
25985
26849
28897
25665
26497
24737
28385
24865
26049
32289
25921
26177
28513
26305
26721
26337
26240
28129
24897
25441
24897
25377
25569
28385
25345
27553
25121
27553
25825
26561
26241
26785
25249
28577
24833
26465
25313
25024
28737
26945
25217
25089
26177
29313
24961
25824
25505
25664
28385
26017
26561
26849
26401
27777
25057
24832
27137
26593
26593
26593
28897
24065
32513
26145
26145
28545
28577
25281
26401
25921
28097
25217
26529
24768
24513
27008
25217
26657
26625
25057
27105
26337
28801
24385
26721
27009
28513
26433
25345
25825
26401
28705
33313
25888
26049
25088
26145
31809
25185
26657
26016
25025
25505
24193
26977
26657
25889
26785
27617
27617
27872
26849
27041
26081
29473
67043
27905
27585
26401
24928
25185
26081
26304
25153
28449
26081
34177
27969
27137
27520
25473
67939
27425
26464
28929
33537
25569
32514
26720
27233
25089
26497
24961
26241
25536
25729
25441
24801
26432
27201
45058
27872
25985
30465
25121
25441
61058
29505
29793
24641
25377
28513
31137
25505
25345
26177
25985
24225
29089
26688
24737
25313
24672
26177
26721
24224
25057
25185
26528
25633
27745
51393
32833
61538
37249
28673
27073
25153
24704
26241
27777
26689
26305
24929
25761
26465
26209
26785
35362
25920
25153
25120
28673
28897
28993
27617
25537
28801
25025
24641
26497
25345
26721
91779
32865
26017
25057
26721
26369
24929
24577
25281
33057
26753
26593
28961
27265
26849
26849
29121
43906
25440
28929
24769
26753
27425
26977
26721
24065
26273
24961
25153
28001
26369
27777
25057
24961
27744
28513
26208
25985
25505
24800
24993
25089
32513
60706
28801
25217
27169
24896
24577
25057
24832
26753
27265
25729
26273
24289
25697
26849
26433
25825
25057
32289
31617
26113
24864
32929
25985
28353
32705
28833
26113
24545
25761
24576
82050
27649
26177
24993
29089
23809
27297
26657
25185
27937
27137
25089
26465
26848
26817
24897
26721
27137
24833
26656
25057
26593
25664
26433
25249
27520
26945
26497
27040
28769
24929
25633
26977
28385
24865
25248
24641
25153
24769
30241
28448
25953
25921
67971
28545
26913
24897
24928
28993
28705
26368
25409
25153
24769
27168
24161
27073
26113
28577
24832
25057
34081
61666
28289
29569
26177
24929
27360
25569
26113
25377
24961
27201
27329
25600
56450
26977
26752
24961
26465
25857
31169
25601
24481
32705
25953
24929
24481
25952
26145
28225
24833
25569
24929
25761
26081
26017
24641
25025
28161
25377
25697
25729
26785
27169
27329
26369
24737
26753
27521
25441
27201
26049
25793
26785
27233
34177
26977
25504
25761
25889
24672
24993
26721
26017
25185
25313
24929
24992
25409
25633
26977
25537
39649
28001
26017
29184
27681
33057
25985
28897
24417
27073
26496
26401
26785
27297
27905
26593
26529
41730
26465
30273
29217
25857
27137
25121
25440
25665
92483
28001
24801
26049
24545
26433
25409
25121
81187
27937
31617
27457
25665
26497
25121
27393
26817
26944
25249
27553
28129
30337
26017
27777
45857
28193
25953
27073
26689
27329
25505
25665
26689
25152
26177
26017
25697
25601
26305
25216
25569
25057
26273
25825
27425
29953
31649
25729
25505
27553
27233
29057
25985
27777
26177
25441
26081
27745
27521
27905
26145
25793
25185
27872
25505
24737
27329
27681
25441
25633
25536
26081
25569
29057
25953
27745
29153
29089
27649
28353
25473
25697
29377
27073
24193
27361
26881
27105
27425
27489
27168
25409
26305
27393
30337
31522
27361
25856
26049
27360
25793
25345
24961
25760
24513
25408
26625
27649
25729
25601
26176
31297
25057
26145
25729
26433
25696
26625
33185
28641
28929
28289
26273
28961
26465
25217
28929
31297
25377
26433
26145
26241
27969
27137
25761
25473
27425
29057
27169
27105
26849
25633
26977
27744
70402
25889
28481
26401
29121
26081
25793
27361
24897
25824
24961
26401
25281
26625
28641
25792
26113
25665
25249
27713
29185
34273
26945
28257
29185
25185
27041
27073
25089
25793
25441
25633
26369
28481
27424
29217
27137
26657
26369
26849
25217
25601
25664
25473
25185
29857
34113
27713
29280
25569
24449
24769
31009
26048
25249
29345
26785
26625
27809
26049
27809
26720
26945
25344
26401
26785
26721
26785
26721
27969
25697
27489
25601
75298
27681
30497
27521
26305
25952
29440
29601
25665
27713
28833
43713
25601
28193
33697
28417
28257
26848
25729
27297
24481
26049
25665
25313
25857
27553
25729
25153
27073
26048
25601
25280
28000
26145
25760
25569
25312
24961
33505
66594
27617
27809
25665
25856
25345
32897
25889
26081
26497
75618
29665
26625
26497
25217
25601
25537
25569
25441
27873
29089
25921
25024
28928
25537
25313
26561
27073
26497
25281
27360
27361
27329
26624
24705
24800
25953
26209
25761
25057
26113
27489
29089
28929
24993
25633
24481
29121
26337
25664
34306
61474
26721
27905
27681
25633
26625
29345
26209
28737
25632
30017
28513
26721
31905
25409
26721
28289
29409
26529
27169
26785
26208
27553
33985
34689
29025
25953
26465
26241
26017
25409
25601
25697
25505
28000
26337
25632
24673
26464
25377
50433
25697
80867
26305
49409
24704
26305
26209
70338
26817
29025
33313
33825
28033
28161
26016
28769
24673
29025
28033
26465
26976
26337
25505
25537
81571
57858
29473
28033
27905
26081
26817
33665
26177
25185
26785
25473
25281
26753
25089
25697
32897
27553
26209
25953
28321
27073
25761
25889
25793
80419
34497
27297
28736
25505
26464
25889
26497
29089
28641
26561
28801
26049
27264
26593
24929
26817
28321
25761
24449
24417
26177
25889
28832
27201
25889
26145
25376
25600
26017
23969
26496
28865
25377
24545
28673
26593
25921
24673
28449
25889
26017
24481
27649
24321
26593
27617
26049
25152
25408
32130
24993
24640
26145
24609
25057
28385
25953
24000
27905
27105
26113
25024
24705
24961
24897
24352
26081
32706
24449
24705
24481
28608
26273
25857
24545
28065
24193
24545
27873
24801
24897
24673
25825
25185
24033
43298
26561
25345
24737
24193
25920
27105
24993
25025
26209
24865
26049
28673
25057
28289
24673
27969
24353
42433
26593
26561
26273
26432
28513
25697
26465
27840
27745
24417
24225
26080
24897
24353
28417
24288
26401
24737
26784
24673
26497
26305
24801
26113
26273
24769
25824
28353
25697
26305
28321
26209
25921
25953
31745
28289
30113
24449
26081
25248
25025
27137
28993
26401
26081
24353
26368
25665
26049
24929
28001
24225
27617
23904
33473
24545
26785
26049
26016
24801
24769
24161
23681
24641
23809
25280
24577
26145
24417
24577
25888
24545
25953
28545
26785
26049
27265
24289
25185
26913
26497
26721
27041
26881
26465
29025
27360
28769
26945
24737
24385
26369
28481
25953
25569
24577
27073
25089
27041
25185
26688
24417
26945
28705
25376
26529
26657
28257
26113
29281
25505
24673
26049
23969
24673
71843
26081
26337
27905
26945
24001
28033
26177
25248
24896
25089
25601
25313
26177
24641
24417
25729
26305
25985
24705
25153
25824
24897
24769
24608
25121
25792
25473
25121
25857
25152
24897
24192
24673
24256
25825
24417
25473
24545
24832
26081
25249
27712
25825
24801
26081
26369
28001
27809
26369
27969
24417
25761
25057
25409
26657
28449
25089
26689
26177
27617
25505
24929
25985
25313
25697
28001
27073
25633
26561
27009
27265
25249
24832
24097
26529
27937
26593
27137
28481
25281
25089
28673
26081
27233
24897
28577
24800
24481
24993
24257
25185
25761
24961
26881
25057
27009
25345
25505
24257
26913
24993
25633
25601
27009
24225
24993
25248
24737
27233
24641
24769
24577
26657
25441
24193
25248
24673
26369
25761
25665
25377
26721
24641
26337
25569
24705
25729
25312
25569
26721
25345
24417
68706
25185
42241
27361
27521
25601
27169
25696
24001
24929
24961
26241
25153
24993
24865
26400
25569
25569
27329
26401
24577
28673
26272
25601
26977
27233
25953
27297
25025
26209
24801
25409
24832
26593
26721
27008
27489
24737
42850
25569
25665
25889
25409
25473
25568
27105
24801
25216
25345
25217
25984
26625
25537
28417
25409
28129
44833
27201
25057
25825
25473
26337
27841
25761
25569
25025
26081
24641
26784
26337
27329
24737
25441
25377
26753
25152
25025
26017
25473
25921
26657
26401
25601
24769
27105
24801
25665
27073
26785
25856
27137
26528
26881
25793
26241
25569
27457
25953
24512
25345
25057
24833
27297
24864
25633
25697
25313
25025
26209
38625
27553
26593
26337
25729
26240
25409
26017
25056
25345
25441
26145
25249
26625
25409
25441
26336
28641
32897
25409
25216
24865
25953
25089
28609
25888
24385
33666
26849
24993
26753
24961
28961
28801
27233
43457
26913
26657
27105
25601
26625
24897
27137
26817
59522
27201
25505
24833
26625
24609
26049
25505
24481
28737
25409
25313
24417
24512
24353
25697
26305
25505
26625
24928
24289
50050
27105
26913
24481
25920
27041
26785
27393
25537
25729
25345
25121
25697
26273
25057
27169
26817
26721
26528
25633
24833
24353
24481
23585
27457
26017
27105
31809
49601
26913
27073
26241
26817
24673
25056
25441
25089
25153
62818
26113
25217
26689
26497
25889
26785
26208
51074
26113
26465
25473
25569
26849
26689
25409
24993
24801
25025
27329
27136
27009
26433
28513
25217
24929
32097
24737
27137
24769
28481
28833
27169
25377
24769
24833
24801
25057
27169
27457
28705
27169
25345
26657
25121
25985
25665
26689
25121
26625
26881
26273
27489
26880
27297
30977
26625
27489
25441
25729
26304
25921
24833
26913
28928
25281
27873
25089
25441
26657
29057
25793
28673
27265
26561
27328
26849
25472
26497
27009
26496
26625
25473
26945
26337
26977
26368
26721
25377
25313
32417
27393
26593
26081
25377
27072
25793
25857
26753
25249
28737
27104
24609
26945
26497
26977
26561
26849
26689
26753
27073
25376
27233
26689
26337
25409
25025
26849
26689
26049
24353
26593
26881
26721
26145
32737
25345
26113
26369
28577
25185
26049
26241
26241
26273
25857
24929
29025
27617
26497
25537
25409
27649
32577
25633
32097
27009
25889
25313
28897
24864
25601
26528
26977
24640
26465
26081
25569
25569
24928
25473
27713
26241
26112
28673
27521
26209
26753
31233
26369
26593
35233
26849
25697
26433
25729
24801
24865
26561
24801
24992
25729
25057
27905
27137
26337
27265
27233
26785
27232
26657
27041
24705
25985
24833
30625
32705
27041
26593
25729
25121
29857
25344
24097
26433
24673
27457
27201
24801
27553
25505
28416
24609
25889
31873
26657
27041
26561
27297
26496
24545
25697
25441
27200
25825
28321
26913
25377
27104
26529
64259
49634
25985
26689
27137
26721
25377
27168
25857
26593
26369
27105
24737
25025
24993
25025
24641
25376
27361
45633
27745
24865
24577
25057
24160
25153
26304
25409
26689
26497
26817
25729
26753
27905
26945
25025
25441
26049
26081
25537
25473
27521
25537
25857
25761
27841
26561
27872
25185
25729
26849
25025
24513
27137
25153
32769
29505
25665
25472
26273
26497
25953
25216
25089
25153
25921
25377
25249
25889
26433
26817
26112
74178
27649
24865
26657
25665
26049
27201
25889
25729
25345
26625
26145
25185
24993
28641
25281
25857
29249
25249
25153
25440
26017
25313
28161
27297
28640
27201
26945
118820
28993
25793
26368
27873
25857
32129
27169
25793
24705
26433
25761
25024
26753
25249
25088
24961
27009
25889
26177
26112
28417
25953
24577
28545
26145
26529
24513
24769
24321
24545
25153
25217
28417
26721
25793
26401
26017
25057
25024
26433
31841
25889
26913
26369
25569
25377
25216
26273
28737
24865
25441
25665
28769
28513
27169
25441
25409
26176
32449
26849
25537
24929
25057
25601
26753
26817
25088
25985
25793
25728
27201
25697
27073
25856
25505
27489
29345
26177
26337
26209
26177
25376
26785
26689
26689
25665
25600
26241
24801
26337
24801
28833
24672
26209
27009
25889
24993
27297
29025
26977
25953
24545
27809
25089
25057
25664
26753
26913
25089
24705
25441
25889
26913
26177
27425
27201
29153
24929
24225
25088
27201
25472
25409
26497
28065
25921
26241
29089
25696
32770
27361
26785
25921
25888
25217
25217
26081
25185
23841
24864
25057
27233
24641
25473
25985
25248
25313
26625
25025
24864
24705
24448
24673
24993
23744
24961
24577
25249
25153
27009
28897
25793
25345
25889
25184
27041
25153
25089
25633
25601
24705
55970
25857
26721
25249
24705
25601
25601
25473
26497
24673
25505
45282
26209
26689
26337
24896
25345
24929
24737
25409
26529
25601
25697
24865
27552
25409
24897
25312
24897
25729
27745
29281
25313
24705
27265
26432
26081
27681
25185
24801
26209
26689
29729
27072
25441
27297
26945
25569
25697
25153
26689
25729
24672
26273
24609
26752
25121
28673
26529
25345
26561
25089
25697
25409
24385
25217
25153
25824
25121
25024
24577
28417
25312
27073
27296
25633
25184
24961
26177
26208
26113
25600
26817
27168
26337
25473
26561
28865
25857
25729
26849
25473
25153
24833
24801
24865
24801
25537
25025
24992
42401
26017
25408
28097
25120
25665
25985
31585
25377
25120
24769
27681
26209
25313
26977
27681
27361
27041
32641
27649
25633
25024
26177
25025
26145
24929
24961
24896
25089
26849
25505
28353
27009
27009
24384
24129
27489
25377
25889
26400
25121
24960
25473
25633
25953
24801
24385
25473
26688
25537
26049
24800
24865
37186
25121
25537
28417
26721
25376
25185
28865
24929
25409
25025
27553
25249
25089
28609
26497
25633
25440
32417
24640
26849
25185
24065
28225
26561
24769
26785
25569
27009
27265
25569
25697
26880
25953
27553
25569
28385
24929
25089
26113
28865
26561
24193
25281
25377
25120
26401
24512
25025
28000
26625
24737
27873
24353
26560
25249
25696
25249
28257
24608
26017
26273
24577
24609
25857
26497
25281
26017
24897
24801
24417
24225
28129
28545
25409
24545
25249
25793
25089
25697
25089
24513
24481
27233
26785
28833
26049
24385
25537
31425
24545
26273
24417
24801
26337
24737
25057
24545
24544
24353
24609
25761
24481
24833
24257
24289
24769
24992
25153
24864
24737
26785
25921
26145
26113
25024
26497
26080
24929
28417
26113
24577
24480
25057
44418
27585
24737
24609
25377
24385
24768
24769
24801
26785
24801
26081
24961
62370
25473
26913
25024
25505
28897
24545
25152
26849
26689
26881
25345
25377
26273
24801
25313
25921
25441
24929
24353
24737
24417
28097
34657
24961
24960
26113
26560
24769
24960
25824
24961
25217
24833
25121
24737
24737
24673
25153
24577
44354
26881
24513
24833
24865
26273
24897
27041
24641
24673
24929
25985
26625
23841
25217
28065
24800
31361
24736
25313
24096
24833
26561
23905
24512
23457
25601
24352
24673
24449
26176
24961
28129
25921
24737
24097
24193
25185
24577
24704
24225
24449
25025
24353
24737
25089
24961
26241
24640
24897
31425
24193
24481
24801
24832
26944
26273
25089
26657
24065
25697
24736
26432
24545
31585
24576
24833
24801
25953
24481
24065
27873
24417
24609
24833
24449
25921
24384
24385
24225
28256
26081
25120
28481
26625
24769
59010
27169
24737
24129
40737
26753
26401
25217
24672
24417
24417
24225
24608
24001
26689
24705
24481
24289
24512
24129
25216
26305
24097
31873
24801
24033
24673
24065
27777
27361
23681
26561
26017
24193
26593
26336
24449
26593
26113
25121
25761
26049
28705
24897
25088
25569
25729
28353
25057
25473
25505
25921
24993
26849
28192
24961
24992
25697
31457
26081
26145
26689
25953
32289
26241
28673
25281
26145
25249
25664
29249
26849
27169
25697
25857
25505
30081
25505
25313
24833
25025
25409
26785
28513
25793
27105
25729
24737
29217
25857
24705
25153
28737
26689
25793
24609
26369
26689
25185
25121
25025
25057
25409
25249
24897
25249
24929
28545
26849
24640
25569
26497
29313
25664
25441
25217
27457
26529
29025
25697
25185
25025
26785
24353
24321
25312
28193
25281
24961
24705
25665
24897
25281
25249
27393
25601
25441
27072
24833
28513
26337
25025
24481
26625
25185
27233
29025
31041
25441
24481
24513
25121
24864
25505
24801
25281
25537
26241
25537
24673
28417
27265
24480
25153
25281
30593
25953
25153
25217
25665
24961
28769
25664
24993
24512
25345
25953
24513
24353
24737
25121
25376
25121
25729
32417
24705
25248
28353
25985
25121
25473
25441
28353
24673
24993
26529
25761
24737
26209
25057
25473
28897
25665
25793
26625
24417
25376
25281
25121
25697
25472
26753
24833
25345
24928
24801
24257
25121
24897
28321
25249
26945
25409
25313
26721
25601
26945
24897
25761
25697
28737
28033
27424
26145
28768
24961
29281
26848
25633
24833
25569
26689
25473
28385
24897
26305
24769
25505
25409
25824
25377
24609
25761
25633
28545
25089
28769
24385
24577
24577
25825
30113
25281
25057
24960
25505
26945
25409
25824
24929
24833
28705
33825
27681
25665
25217
28288
25473
28545
25025
32321
26112
24417
25249
25409
24417
24001
23969
24257
26497
25153
26464
26081
24929
25280
26465
25057
28705
24705
24961
28289
25409
25249
26817
26720
25185
28577
25025
25761
25217
24673
24961
26273
25120
25057
25249
25249
24640
26081
25281
25441
25409
25440
24769
24481
25312
25473
25025
26912
24929
24929
25217
25057
24417
25313
25569
25377
27104
25025
24481
28833
25665
24225
27873
27041
25537
24897
25249
24321
24480
24673
25537
25345
24513
25025
25313
24897
25601
24832
24673
24609
24929
27169
25377
24929
24865
25121
24897
25217
24705
26272
24737
24481
25697
25345
26273
25473
25633
27105
25185
27585
25184
25825
25249
24417
24769
24769
24192
25280
24481
24512
27009
25377
27073
25633
25153
26177
25313
25889
25185
24833
26753
26145
25121
25217
25345
23937
25121
24288
24769
27329
25793
24449
25120
25249
25889
25185
25024
26273
24608
24833
26689
31969
25889
27201
25441
25089
26977
25857
28001
27233
28449
25440
24896
32737
27137
27393
28641
28641
26657
24961
25409
25057
25793
24289
25025
24000
24192
25377
30753
24832
27073
26881
25793
24961
28577
25729
24865
25216
24961
24449
24065
25345
24865
25825
24289
24065
25921
26177
24928
32834
26497
25281
26113
26113
25057
24705
25920
27201
31105
24864
25505
24065
25153
24928
24737
24609
24897
32385
25217
27841
25409
24545
24225
26785
25377
24993
25473
24544
28225
24737
25345
25057
25825
25377
24097
28481
25952
25473
25985
31073
25089
25345
24384
24769
24705
24033
25089
26176
27585
25153
25185
26369
26753
27553
27393
25505
25249
24993
24961
25152
24545
25601
25793
27264
25505
25217
24864
27969
27328
24737
25505
27041
26433
26497
25281
24545
26721
29089
25281
25984
25153
24449
25025
24480
25985
25121
24801
24224
25185
28449
26465
25953
25696
26177
28417
25152
25537
26561
24225
24833
25345
24897
24896
24449
26433
26465
25185
32801
25185
25185
24992
24897
28897
25505
26753
29089
25441
25121
24801
24545
25185
24737
25249
29281
25376
27745
25313
27296
24993
24801
24705
25377
25217
26528
26497
25313
25216
25441
28480
25249
24897
25153
28993
29249
27745
25024
27009
26113
27553
26657
26913
25697
25217
26849
26657
26433
26465
25153
25153
26176
32481
24417
26401
26593
28609
25025
28321
28225
26433
28544
28705
27297
27265
28897
25281
25216
32609
26753
27617
25889
28737
26721
26561
27745
25281
28225
25665
24929
28417
28449
25377
26561
28737
25281
27169
28417
27009
25697
28417
26624
28481
27073
27393
25089
29217
26016
27041
26529
25537
26497
25920
26145
26785
32097
31521
25825
26817
26240
26369
25345
26785
28513
25376
25921
26753
25377
26305
26049
25217
26849
26881
26625
26912
26081
28993
26465
24961
24801
29217
27233
25569
25697
25761
25313
25665
26369
25153
24833
24833
26881
25761
27873
26080
25281
24577
26817
26721
26049
31905
25153
25408
25824
25697
26433
26945
25089
25025
24448
25601
25217
25153
27008
25793
30689
25761
25025
26817
25344
26401
25153
26369
28449
24097
25376
26401
25793
25185
27361
25537
26976
26849
28641
26529
25057
27168
25921
26305
26433
31649
25793
26401
24897
25185
26849
25761
28545
28001
26369
28481
24960
25409
28769
26369
24929
28705
24897
25121
25857
28128
24897
29121
28641
24800
27169
25441
24385
27169
25505
25121
25248
25345
25185
28097
24641
28705
25121
28065
26241
25121
25313
27233
25601
24769
24864
27585
29057
26945
27041
25569
26497
27073
28673
26177
27040
26049
29345
44289
26753
24897
28897
26753
31649
25441
25345
27009
25633
28481
25057
25696
24673
26848
25729
24577
27041
31681
25184
25953
25025
27809
26753
25217
26113
27201
25505
24449
25089
26497
25664
25633
27489
26304
25569
32577
25825
27553
28737
24513
24193
25153
25024
25377
23968
24353
28705
24769
28321
24737
28641
26560
29025
27137
28513
25568
24577
29377
25569
28257
28225
28097
25057
28608
28929
24833
26465
24673
25760
27297
25376
27617
24545
26176
26913
28129
24801
26976
25569
28384
25537
24160
24481
25504
26401
25089
24609
28257
28161
25824
25409
28224
32897
25153
26305
26817
25281
25121
28353
26465
28833
24737
25921
26593
25312
26913
29217
25537
26113
24993
25441
26753
26209
27233
24865
26689
25697
29409
26209
25473
24609
28513
25825
26017
33697
25633
26689
24513
24577
32225
25089
24929
25441
30849
25185
25217
25089
25537
24544
26817
25825
24160
26977
24897
25281
25664
25601
24993
27041
25281
26049
25920
27585
25313
26625
25120
26721
25825
24833
25792
26753
24992
25249
24672
25473
24769
25825
25249
27008
26657
24737
25601
26945
26593
25632
25121
25120
28161
28577
25441
28001
25697
25536
27937
26881
25857
26657
25088
25313
25921
25473
26689
26593
24545
33089
30273
25440
25537
26401
27584
26081
25473
25057
25280
24481
25217
28321
26049
27041
26049
25441
24609
26785
32609
25057
24609
25056
28673
25217
26177
26305
26593
24769
24289
25793
28033
25729
29025
26305
28641
25889
28737
25856
26913
26817
25440
26433
28513
25249
25057
25985
25024
26913
28321
25409
24705
26465
28449
28897
28225
26209
53889
26465
30913
26881
29409
25345
25056
25537
24896
32449
25473
24673
27969
26657
27009
33537
25697
25281
24385
26145
25377
28160
25153
24513
26145
25056
24449
26880
24513
26592
28577
28481
24992
31297
24833
25473
24065
24545
26401
24577
24161
62850
26017
27137
25985
27105
28193
25153
24481
28609
25057
26881
25441
26497
25217
24897
27169
28417
28609
27137
32417
25537
28833
25441
25888
25249
32929
25440
32801
25825
26689
28673
24992
28545
28289
25248
26337
26657
25089
26561
25889
24257
26433
25377
26304
24321
25440
24897
24384
25153
28705
26881
26145
24961
25217
25248
25153
24609
25504
24641
28097
28065
27264
26209
33441
25121
25377
26561
26945
26465
24417
25505
26561
25473
25568
32161
25409
25057
24705
26305
24897
24961
25953
28705
28193
26049
25825
25409
26529
25601
28705
26241
26849
28577
25217
28769
27073
26977
25409
24769
27553
26881
28481
25441
24225
27168
25377
24416
24321
27008
26497
25345
32065
25537
24769
26945
24993
25409
27361
25281
27008
25153
25217
27937
28513
25376
25249
25409
26849
26977
27009
27617
27073
26785
27585
47266
27745
25857
25664
25057
27297
28545
25952
32609
25665
25313
27105
25697
24833
26657
25601
26401
26561
33633
25569
26977
25505
26048
27297
26785
25249
27169
25313
27233
28673
25121
27969
25729
25536
24833
48897
27073
27649
25729
24673
25825
26305
25249
26977
28961
27873
25697
28961
25632
25153
24769
32289
25217
31553
25985
26369
27009
25153
25089
28033
27873
25921
25281
29089
28961
25537
27265
25729
25697
27169
25505
27841
25313
27201
25697
24481
25153
28737
25313
26753
25793
26785
25569
25409
26561
27137
25921
27073
26305
29505
26848
25697
26720
25153
27073
27617
26145
27105
25473
27457
25857
32641
25345
28481
26113
31265
26721
25825
27776
27201
27617
27713
27233
27297
27841
25953
26465
24833
25409
27777
28193
25089
27713
33345
27969
25697
28961
25505
26881
28769
26016
26401
26336
68322
33665
26785
27937
72418
34113
36385
35681
80706
28225
30593
30753
32289
34242
36609
77058
29473
32001
31041
31105
35874
35137
27233
30017
31393
35298
35202
32033
36353
49985
39169
34978
36001
36417
33793
26753
82211
31041
30881
30401
31393
56866
35490
34785
76867
76899
28416
30657
30977
31009
35585
35202
36545
77314
97187
68226
30657
30657
31521
28993
35169
35841
32001
77987
36353
32257
31681
88035
37505
30881
78595
35394
31585
35841
35618
35777
32674
30785
32129
33281
36033
79203
36097
69058
35361
30785
32065
82755
36961
30593
31841
35937
38434
38529
35362
35809
27713
31393
30593
36481
35649
30593
31329
78594
36705
33825
82531
33601
31009
28833
29441
25345
25953
25409
25537
27137
25345
25185
26625
25889
27009
25281
27585
27457
31073
35777
29633
31937
32898
35553
31681
35969
35617
36289
37857
39937
37441
37378
27105
71426
35169
31809
35265
35553
27745
31425
31137
35617
35297
35617
82371
29793
31745
32737
32289
31937
31874
32065
32033
37089
35745
30881
31137
30689
33953
36161
35393
30817
32865
30977
30209
30113
30305
29665
38018
35265
35777
35873
34434
30305
31905
26337
26689
27329
25344
25121
26625
29025
25633
32609
26784
24865
24481
25600
25409
25921
26625
25633
25633
25633
26017
28160
26401
25697
26849
25153
28545
28641
26337
25729
25313
25281
25153
25185
24673
24865
25249
24321
28513
26721
25729
27104
25697
25569
27136
27201
26433
24929
24833
24768
25281
25153
24577
25569
26305
26881
25025
25761
25600
27041
26305
25280
25281
25536
25377
25473
24864
26785
26721
24417
25536
25569
24705
26689
25697
25857
25313
26497
24897
28673
25377
25184
27329
26401
28545
25409
25921
25953
25409
24769
26784
25313
24641
24545
26752
24481
25377
26433
25152
27585
25857
27073
26785
25633
26945
25153
26560
25185
25153
25377
25377
26177
26881
26529
26241
27041
25248
27425
26465
28385
26720
25281
25985
28033
26465
26529
24865
26272
27137
25857
26241
25953
25921
33537
25281
25409
25089
24705
25376
24801
27169
25441
25184
27233
25889
26721
25057
25665
25217
24960
26593
30849
29089
25441
25633
25377
28225
26753
26017
25825
25441
24129
24928
28673
27009
26817
27073
26369
28257
43714
25249
25152
27809
28129
26017
24864
24992
25953
27233
28193
25281
26208
24929
25025
25217
25217
26529
71715
27745
27329
25089
28161
25153
24673
26881
24576
25473
27297
28961
26849
26401
26305
25377
25824
25281
29025
24992
28769
24961
26016
25089
26977
26881
28737
26273
26272
25249
28641
27105
26400
26689
24065
25761
26593
25984
25409
25825
26721
24896
25889
25569
36449
26913
37985
25185
27073
27137
26817
25313
24865
30849
27521
28544
26881
27073
28001
28384
26433
28193
26913
25601
26753
26305
29025
26977
26272
26305
25121
28513
25184
26721
25760
27169
28609
26464
26401
26657
25249
24640
24928
26721
26017
26400
25825
24193
24993
26657
26849
28033
28097
25217
26177
24993
26720
26753
25857
25377
25889
25601
26529
25697
28289
27041
24897
26784
26753
24289
26401
25088
26657
26656
27201
26177
26528
24993
28321
26913
25281
24704
26561
27296
26625
25985
26817
27137
26305
26624
25857
26753
28897
27201
27137
28257
26977
27553
25633
27137
25473
25409
26113
26817
26880
25793
26913
25824
26593
27265
25568
26785
24353
25409
24577
24576
25121
24833
25857
26433
25568
25728
25377
27137
26113
24097
24833
24737
25408
26529
27169
26657
25377
26945
28481
25665
26401
27617
26241
27841
25665
25088
25665
28673
25057
26369
25665
27233
25313
24801
26273
26785
25536
24129
24257
24096
23744
27265
25921
26881
25729
26689
24768
23937
28417
24896
24353
25185
28673
26625
25761
24320
27329
24513
24321
30241
25184
24576
26305
24769
26945
25313
25025
26049
25601
25088
25537
25248
25345
28609
27009
27105
57314
27841
55586
26464
25249
24993
25761
26305
25249
26625
50305
26049
26689
45633
29601
26113
28161
27009
29217
26177
25408
26689
29185
25537
25857
26977
27521
25185
26145
24545
24705
25792
27169
25377
25312
27457
26753
24737
25633
26081
25025
24929
25089
26689
29089
26465
25345
25345
24769
26945
25889
25505
28993
26849
26209
25856
26593
26625
24928
28225
26593
27136
25825
27009
26689
26305
26369
27361
29217
27009
24417
25761
31425
24993
24993
23425
26080
27201
25089
26721
27905
27200
29185
25857
28641
28481
26529
25089
28385
26465
25857
26913
27233
27169
27585
28513
26593
25472
26273
26176
28993
25953
24545
25057
26529
28801
26017
26209
24769
24832
29057
26113
24929
27297
28769
26369
26752
26689
24929
26816
26433
26625
26912
26177
26849
24768
29345
26369
26817
26849
26113
24897
25985
26945
27041
25121
25377
25920
25409
24321
26689
27233
25217
27137
26785
26977
25377
25089
24673
26433
26145
26976
26945
26529
24000
25409
26753
27329
25313
27425
26272
24993
27361
26145
25889
25153
28289
26625
26209
27233
25313
25505
25504
24833
26721
26849
26337
27009
25472
26625
32033
25153
27297
26369
26785
25601
28193
26112
25313
24641
25377
26593
26753
24928
25185
24353
24768
26561
32993
27137
26241
25633
26753
26529
25249
25920
25345
25377
25921
26913
25120
24672
26529
25121
24385
25473
24769
27937
26561
26080
26785
25121
27585
25377
26913
24608
27841
27329
26209
25697
24609
26433
28033
24705
26177
27137
25409
26656
25505
26817
26817
25441
24961
24673
26208
26977
25121
24577
24577
26625
25601
28033
25569
26849
25696
26945
25601
26657
27841
25920
24609
25249
25153
24512
26273
26657
26400
26785
26433
26753
24961
25984
25569
25057
24864
25537
28321
26176
26849
27009
25985
27297
24801
25857
26913
25825
25953
27681
26593
28993
27777
26817
26081
25440
26465
24417
26433
25441
24705
26017
25952
26401
25089
26913
25249
28833
26753
32961
25825
26977
26561
29441
25281
24673
27137
26113
26849
26401
27265
25696
27105
24865
25473
26529
25697
33026
26209
26625
25312
27521
26561
24641
26304
26561
26561
26849
26721
26593
28064
28033
26401
26977
24993
29313
26785
26081
25217
25089
26721
25473
25345
26593
26817
27329
25537
26497
25953
27265
26721
27297
26048
31009
25697
26177
27040
26913
24801
26720
26529
27073
25441
27104
25217
26241
26177
26625
25505
25185
25025
43009
26721
25089
24833
25408
25665
25345
29057
25473
25633
26113
26817
25760
24705
25825
25537
26977
27137
26817
28161
25376
26209
25569
28609
25569
26848
27169
28289
26464
26113
25697
26593
27105
27393
26305
27361
48642
26657
25633
25312
25281
26721
26017
28161
25121
26881
25408
26625
24577
25729
24993
26016
26145
25089
26561
28353
27425
26721
26752
25249
24289
26113
26497
26561
25665
28417
26337
27681
27393
25664
28513
24737
32737
25696
28289
26080
25953
26561
25249
25505
26785
26593
27136
26401
26401
26753
27425
27585
26848
24993
40513
28929
27425
25025
28737
24321
26209
27905
25632
26497
26464
28609
26817
28897
26721
25825
27265
25408
29089
25057
26401
26849
25313
26593
26881
25985
26689
25441
26593
25185
26305
25409
27425
25281
27233
26689
31361
27841
25601
26305
24833
26465
26529
26241
28417
26753
27137
28449
25024
28737
25633
28577
25408
26657
43938
27489
26369
25793
26016
25537
25121
26817
26369
26945
26785
25152
26145
28769
25345
26625
26593
27105
30497
26817
25345
27361
25056
26209
26721
27489
25920
25729
25505
25185
27297
27040
27073
24801
26497
25281
40930
25217
27553
27137
27041
26272
27329
26721
25697
27233
25953
24897
27297
25953
26977
26209
25025
25472
27393
29153
71587
26081
25152
24961
28769
27617
28481
24929
25633
27265
29089
27009
26560
26369
27041
27425
32801
27392
27457
26529
25985
26209
24833
26241
28897
27137
26753
29185
28417
27297
25729
27809
27329
25953
26208
25313
25473
27073
26625
26401
27233
26849
26561
27072
27425
26721
25152
27265
24513
26305
25185
25153
32641
26337
28513
25985
26817
28097
28193
25089
26529
26752
24897
26721
26721
26209
26145
25377
24800
26145
25024
25441
25313
26369
25761
28449
28449
26305
26145
26432
26657
26497
26848
26113
24961
24865
26785
27457
32545
26529
27265
26048
28641
26785
25632
27681
27073
25440
28673
25824
26753
26048
25185
25057
26464
24129
32385
26721
27041
26017
27009
26977
25441
24929
25441
24289
27329
25313
24801
26785
26337
26944
25345
25825
28673
24865
24737
25697
26753
27105
27201
27392
26945
26176
25345
26465
25345
25600
25153
25697
27169
27137
32353
25665
26337
25473
24961
27777
26081
24897
26817
25409
27009
26305
26465
25889
25921
25440
28001
26945
28385
24481
59842
28480
27361
24449
27937
25889
25345
27617
26049
25825
24705
25152
26177
25377
24865
26721
26848
26753
26144
26113
26337
27809
27265
25441
26657
26176
27393
25153
25793
25856
28833
24993
27009
28353
28929
26465
24961
25473
27105
25217
26273
25665
25121
26465
27681
26145
28577
25505
24705
25440
27169
25857
29409
25281
25793
26497
24929
26401
24801
28513
26465
25409
26465
26241
28545
26785
25505
26753
26785
25857
26785
26561
24961
25857
25665
24929
28768
26849
26945
27233
25313
25185
27136
26849
25281
25505
26561
26177
26849
26401
25729
26849
25889
25409
27425
26209
25377
26433
25665
26753
26689
24641
25664
24737
26561
26913
27904
27137
25441
24961
25185
25025
24512
25153
28513
26977
26657
26497
26305
28641
24993
25313
26625
28033
29249
26241
28801
25217
28321
27553
26241
25473
26433
25825
28737
25408
27137
25377
25632
25857
26689
28641
25153
25025
26433
25569
24993
24896
24961
27265
25505
28577
27777
26689
25312
24705
24833
26625
26944
25953
32449
25217
28289
26145
25601
26752
24897
26913
25889
26881
26656
27169
25153
27361
26689
25473
26752
25057
29057
25825
29633
26529
25665
27105
26305
26817
26817
27073
26753
25377
27233
25825
26849
24193
28481
26433
26817
25857
26913
27105
26689
26784
27425
27297
25857
26561
25185
24353
27937
25505
24545
25409
26624
25505
28801
25761
25441
26401
27009
26785
27297
26593
26913
27393
27233
26016
27169
25345
25024
26945
26657
26785
26337
25312
25921
25185
24993
24577
26497
27104
28545
25921
25824
28705
27329
24513
26336
25185
27969
26433
27265
27137
25377
26497
25249
25249
26113
25057
25825
25537
26113
26561
27425
26336
25441
26593
28577
27328
27009
25376
26721
26721
25217
26497
25376
25121
28769
26561
25569
28001
26976
25025
27457
27201
25281
24768
28321
25601
26977
26337
26465
26464
26753
25985
26305
25825
27905
28481
26369
26913
27105
27169
27809
26368
31777
26017
25281
26945
27329
25537
25153
27233
27073
25312
26369
26113
26529
25568
28769
26817
26592
26913
30049
25473
26913
25537
26913
26177
26912
25569
25473
27137
27201
24865
28129
26497
25376
24609
25057
26625
45858
28545
26305
26849
27937
24897
26432
26881
25377
25185
25505
29857
27233
27265
26625
28577
26625
25089
32225
27105
25889
25697
27041
28385
27201
27297
26560
25281
27137
25537
25408
25249
27233
27265
26849
26753
32289
25665
27585
27329
26945
25633
27169
26785
24257
25600
25697
27105
26464
26433
25089
24897
26528
25473
26400
25569
26209
25665
26721
26657
25696
27329
27425
25825
26465
25472
25057
25473
26977
26113
26529
25281
47361
27329
26017
27201
25153
24960
26977
24961
26977
27137
25953
37953
28801
27777
25504
25857
25569
29569
26689
26657
25057
25217
26177
25281
25249
26657
25312
25953
25601
25345
26113
26497
26113
26369
26369
28705
26145
25153
27169
26593
25281
28673
27489
26145
27777
26241
26081
25921
25665
27841
27553
25185
27393
25761
25761
26496
25409
25217
25857
29409
28129
27297
25761
25377
28353
25376
26337
27201
27169
32929
26241
27233
28161
26593
25536
26401
27457
25633
28577
25888
25249
26593
27393
26689
25857
25057
26081
26849
25441
27457
28865
26401
25185
25024
25825
27009
26913
27105
26273
28577
26977
25184
25793
26657
25409
27137
27329
28161
28225
26593
25217
26945
25408
25537
27073
25728
25089
25505
28353
25441
31009
26337
26113
27489
27009
24833
24673
27425
26497
26081
24929
26753
53218
26465
27297
26433
27169
24929
27585
26912
30337
26177
28641
26273
26881
26817
27489
27105
27713
26273
28545
28641
24865
28577
24769
26689
28513
28193
28225
25025
26209
26464
25025
25217
26817
28545
26497
25633
28513
26561
26657
27521
25601
26849
24833
28576
27425
28161
26401
26465
27553
28033
27009
26848
24545
24001
26784
27169
25217
26401
27521
25121
26273
28673
28769
27521
26241
24577
24449
23937
24800
26273
25697
24737
25377
26689
27361
27585
27233
28737
26529
26049
27169
28897
26817
25505
26881
26753
26177
25057
31746
25121
28513
24737
27137
28800
27265
26081
25121
26881
25984
25697
25121
25633
28929
30273
27457
25409
26017
25921
25409
26913
25761
25121
26657
25377
26305
28128
25985
27169
28513
24928
25921
25600
25249
26433
26625
25184
27009
26273
26177
26401
25825
25152
26113
26401
25761
26785
25537
26465
25217
25825
26561
25281
25024
24673
26273
28801
26529
27777
25473
25824
28385
26113
26400
26497
25377
25953
25505
26337
25441
25697
26017
25249
25824
26017
24896
26433
25344
27296
25345
25088
26209
25409
24800
25281
25345
25536
25281
25153
26048
25505
26369
25473
25344
26369
24449
49826
26464
25985
25313
24832
24481
25633
25217
24513
25568
25377
25345
25665
26081
25152
24673
24448
25249
27265
25057
26721
25440
25569
25153
26016
25217
24865
25313
25185
27617
25569
28257
27969
25569
27425
33025
25665
25633
25089
25473
25345
28737
28129
26209
25408
26273
24737
25217
25281
25441
25249
25025
26016
32769
26593
25825
25345
24768
26305
26657
25377
25601
25408
25089
26209
25601
27009
28801
26528
25697
24993
26913
25601
27041
25185
25505
25249
25408
25089
24961
25184
24929
24705
24897
25889
25249
25825
25312
30913
27233
25857
25729
26817
26272
25985
25697
25729
28897
26657
25953
26689
35905
25953
26081
25601
29601
28129
26049
26753
26529
26785
29249
29025
25825
26145
26464
25921
27041
26401
29185
26977
25377
27105
27745
26912
25761
26785
24193
27137
27329
25632
25601
26241
25441
27329
26625
25472
26529
26113
26785
26145
25665
26113
26593
25697
26241
25632
25409
25568
25505
25601
25409
25249
25568
26977
24929
25089
25089
27329
24545
25280
27265
25249
24513
25697
25888
26049
25889
25089
26049
26785
28449
25537
25633
25729
28865
26561
26305
25345
27040
26305
28513
27585
27296
27297
25953
28513
25793
26017
25536
25601
27392
31233
25889
26561
25217
26849
27009
26432
25825
27489
25121
26177
26625
63522
28001
25953
26881
26849
26497
29985
25120
26977
25953
26049
26657
25793
27681
26849
27105
25505
25441
25537
25697
25313
25473
24832
33153
27744
25345
27521
26913
25569
27393
24897
27169
24993
25504
25313
25600
26945
26977
25953
26657
26977
26112
27553
26209
27233
25440
28993
27265
26241
25889
27105
25121
27041
25024
27425
25569
25313
25729
25121
26464
25921
25633
25185
24289
26592
24993
24769
25537
27713
25344
25153
26017
26209
25601
25600
24449
32257
25153
25313
25665
25153
26336
25601
25825
25120
26913
25408
25537
27649
28513
25600
25409
25793
24929
27169
25697
24801
24769
24960
24833
25409
24897
25185
25537
25185
26785
26593
25857
25249
25473
25089
27329
24897
25057
25697
26145
24961
27104
26593
28833
25089
25728
25089
24801
24993
25601
28801
25441
26145
26240
26913
26529
25152
26401
28929
25345
26241
25377
28033
28705
25665
26017
25377
27585
27457
25697
33217
26273
25185
28449
25633
28097
25665
26176
25537
25921
28385
25505
25473
25217
26144
26401
27169
26337
26753
28353
24801
28801
24481
27137
25025
24992
25409
26497
25345
25505
26880
25537
25729
25121
25120
25377
26881
28993
25313
25441
28577
25249
29665
26849
25377
25473
25345
26369
24609
25057
25376
25121
48385
32641
26113
25281
25537
25217
25537
25664
24545
25633
25761
25057
26497
24768
25313
24737
24896
25729
25985
25057
24929
26017
27201
25313
25921
26401
25504
25281
24704
24577
25089
25473
25504
24737
29377
25153
25185
25601
24865
24993
25409
25377
26881
24833
25153
25889
26017
25921
32129
25473
25089
25281
25825
25313
24320
25824
24417
25345
25345
24609
25217
26017
26528
26049
25665
25568
25121
25313
26241
24833
26145
25537
43905
27521
25153
25473
26817
25216
25057
25729
26016
24833
25057
25473
26049
27969
25152
25249
24993
24673
25728
24513
25184
25121
25537
24896
26272
28321
25953
25825
26241
27233
25953
26752
28929
25793
26977
26080
25089
24737
174757
25153
25409
24865
25665
29057
25313
24929
26177
26784
25569
24993
25313
24929
28673
27937
25057
25409
25633
25601
27617
26113
25057
25408
24833
24897
25505
25408
25313
25633
26113
25441
32641
25537
24288
25569
26369
25153
25857
23873
61762
27425
27809
24449
27649
26752
26817
26337
26305
29089
27265
27009
26817
26465
26241
29057
26273
26561
26497
26753
27137
25504
24097
24896
25729
25568
24929
26337
25632
25537
26368
25793
26561
25184
25409
24897
25857
25248
25505
25473
25089
25889
25249
25249
29505
28353
25249
24865
25473
24673
24961
25953
25665
26753
24929
26721
27137
25313
25824
26977
26209
26913
26497
25089
25217
24992
25441
24545
25505
26433
25281
24769
24769
25185
25409
25376
25441
26721
25249
24897
25184
24481
24833
26433
26752
25793
25537
24864
25313
25473
25345
26497
26561
25729
27073
26305
25569
26337
27009
24993
25409
27040
25025
25344
25601
27393
25985
24576
24865
25025
24993
24384
24097
24993
26784
41121
29121
25185
26785
26017
24897
26401
26657
24513
26273
25632
24993
26913
26497
25089
24961
26689
25729
32545
26305
25089
24321
26273
26369
25345
26625
25409
24449
24385
24673
25601
25889
26849
25377
25153
26817
25600
27201
25024
25153
25345
25153
25601
25345
25633
26881
28801
25153
28705
25441
24544
25601
25441
26241
27009
25601
24897
26529
25025
25249
25313
25697
26081
25665
25313
26816
25217
25185
24673
25313
26752
40321
26881
27585
25313
25056
26849
24897
25537
26785
24864
25217
25665
25185
26881
60546
25409
24769
26272
33153
25089
25857
26336
25057
25921
25920
25377
26913
27009
25505
25569
26720
26177
25633
25697
26721
25313
27713
28961
25057
25665
28737
26081
25953
24736
24961
24545
27200
25377
27392
26945
24897
25601
27009
46658
26881
25377
25377
25057
26721
25921
25025
25601
24865
25601
25377
24545
26977
24673
23681
25761
25505
32673
27553
25697
25441
25185
25185
25632
26081
27328
26721
25569
26977
25313
26081
24929
25089
26561
25889
24129
27585
23809
24545
24801
25697
25344
26465
24865
25505
26753
25217
24768
25185
24641
25985
24833
28865
25441
25601
25633
25089
26593
25056
26657
25120
24193
25249
25697
25249
24321
25697
25953
24897
26593
25121
27424
25569
26721
25697
25505
25409
26080
25121
25376
27137
25088
24673
26657
25089
25248
24609
25440
40545
27105
24736
26081
32417
25600
24641
24865
24737
25281
26656
25185
24768
28065
26112
25857
25313
24545
27009
27361
25569
27905
26401
25345
25825
25185
24417
24704
24417
23713
25409
25537
26145
24737
24577
25665
32865
26849
27264
25377
25473
25057
25441
25248
25345
28993
25313
27265
25600
28737
26465
26593
28545
27617
28065
29217
26049
25473
26625
27297
25409
25313
25441
24897
25761
25729
24865
26497
25089
25953
25537
25281
28833
26945
26240
25633
25281
27201
27329
26080
25953
28673
27201
27009
26241
25825
27137
25409
32545
27169
27777
25313
26881
25889
25217
26625
25665
25857
26209
24608
27201
26337
27297
28801
26753
26305
25313
26113
26721
27009
26977
25825
26561
28929
25089
25408
25409
24673
24512
24769
26721
32193
25537
26401
27073
25953
27105
25249
27008
24993
25408
27265
26560
26721
26305
27073
25889
26368
24641
24929
51074
24929
26657
26145
26529
26721
24928
24865
24961
25473
25889
24576
25153
26433
26657
26497
27296
26529
32513
27488
25761
24449
27169
25857
26753
25601
26209
24641
26273
25345
25473
24864
26945
24129
25568
25697
27009
25121
25601
25376
24609
25761
24577
25057
25313
26145
25025
25280
26081
25408
27201
25697
24705
26497
27585
28929
28641
27873
26721
25665
28833
27425
25121
28705
25121
25345
25313
24800
25057
25089
26240
32065
26689
24609
24865
25185
25121
25057
25248
24705
25377
27361
25601
25025
24577
25600
25121
25793
25121
25473
26945
25313
25153
26753
25665
25313
25089
25153
24961
24673
25313
26433
26017
24673
25216
26369
25217
26112
25793
25697
25185
25089
24257
24993
25217
27041
27329
25793
26145
26209
24704
25153
29345
27361
25473
27489
25217
26337
27425
25377
24417
26721
25825
25728
25665
28417
25985
25057
26081
24608
26433
25089
28993
26849
25249
26753
25793
26497
25185
28481
24833
25665
24704
25153
25089
25185
28737
26753
25889
26209
31521
27777
25696
25409
25377
25793
25505
65090
28705
26305
25505
27649
25505
25601
24897
25601
25633
25889
25889
26881
25057
27105
25825
24641
24512
25857
25217
26913
24929
25568
24929
24801
26176
24673
25249
26081
27105
25665
25057
24544
24673
25473
24769
25504
26177
25665
25376
24865
26113
26817
24704
25409
24257
33537
25665
25376
24673
24513
24897
24928
25025
25185
25697
25056
26785
26560
25537
28481
28289
24673
25473
25761
26945
26017
24896
25601
26689
24801
25345
25985
24672
25217
25985
25569
25825
25057
25217
25217
27457
26241
27233
26593
24673
25248
25345
25633
24865
25409
26177
26592
25537
25569
25345
25601
25121
25121
25825
28865
27553
24833
25569
25377
26465
27105
24513
27425
24481
26529
25697
25729
27009
26240
24481
24897
28097
25857
24960
24513
26081
25889
24865
24865
26497
26240
24769
24705
26784
25153
25249
26401
24833
26561
28929
26369
25376
26017
25473
25120
27041
24897
25761
25249
25248
24961
24385
24320
26849
25568
24897
26849
25153
25537
25729
25921
24929
27072
26017
25313
27073
25665
25409
25409
25089
25537
27040
26113
26817
27265
28897
25057
24929
25313
25664
25153
25505
26433
25280
25345
25569
24769
25121
26049
25953
25825
26048
33281
26433
26529
27329
32097
25344
25505
25761
25153
25441
25217
25793
25185
25665
26977
24321
25217
24801
45122
27168
25185
25473
25601
25537
24832
25345
26433
25665
24801
25505
25217
25249
27169
25633
25537
25121
27233
27265
25792
25441
25184
24929
25473
25537
25409
25089
26977
25088
24801
25249
24481
26753
28897
30465
26880
25889
25793
24673
26177
25312
25345
25600
25345
24481
25793
25153
25985
25217
25537
25153
24865
32481
29089
25856
25153
25089
26849
25377
25632
26625
25153
27457
25696
24609
25537
25793
26753
24641
25601
24225
28897
26241
25313
25825
25825
25025
24833
24544
25953
25121
26785
25217
25888
24576
24769
25313
26816
27297
25441
25665
25377
25409
25792
25281
25601
23776
24609
26592
24449
59106
25857
25152
32257
27233
45377
25249
26305
25953
25601
25281
25185
25728
74498
26337
24801
25152
26305
24577
25696
25505
24769
24865
27681
26529
27777
25377
25056
25281
25633
24928
27393
25216
24929
25473
25888
25665
25024
24737
25729
26817
25793
28545
28577
27137
25377
24352
26913
25409
27073
26017
26817
24864
24961
26529
24769
24897
26881
43041
25249
26433
24929
25761
25344
25921
25153
26625
25601
24161
28353
26241
25057
26369
25345
26977
25280
27329
25473
25409
26721
27585
25441
25408
26721
25153
24960
25569
26849
25280
25313
24481
27265
25441
26273
26849
24928
27073
25313
25953
24609
25057
24577
26401
25281
25345
25121
26944
24737
26913
25345
25185
26049
24705
24097
26081
27009
25505
26817
27457
25441
24384
25953
26657
25121
25248
24801
26145
25024
25537
42434
25729
25281
25857
26113
27361
25761
26977
25345
24992
25217
25313
25025
26241
25440
25025
25281
26177
29281
25569
25409
26561
26113
26209
24897
27425
24833
25217
25824
24769
26593
24961
25664
24865
24897
24801
27585
25345
26401
26113
25249
25472
24929
27553
26529
27681
26081
24736
25505
25857
28641
25793
25409
26497
26977
25153
25249
25024
25441
25601
25600
25601
25697
25857
25249
26689
26561
26593
26753
25792
24833
28449
24993
25345
25504
25697
29089
28961
27905
26881
25665
24960
24193
27681
25313
26944
28737
25345
25505
32641
26465
26049
27489
25761
27201
27520
26081
25792
27265
25921
25185
25697
28481
26017
25857
25729
26145
29281
26177
25953
26337
25120
25761
25408
25121
25409
26849
26049
25216
27169
27104
25505
26177
24768
25473
28737
25217
27040
25473
26720
25377
26241
25184
26081
25024
26753
27553
26977
27009
25505
26337
25857
25473
27521
26656
25921
24992
27105
25921
27649
25313
24544
26561
25217
25089
25473
25440
28705
27009
28513
32545
24929
25025
26465
25985
24960
25761
24385
25601
25056
25729
25153
26145
26881
24929
25793
25121
25665
28705
25185
25121
24544
26593
25473
27393
25249
25760
25057
26817
26977
25153
25217
25729
25440
26081
27585
26848
25729
27681
26689
27265
25249
27009
25281
25345
25409
25633
26593
25473
25761
25505
25473
24385
26080
26497
25409
25377
26913
26177
25121
26433
26849
24865
25537
25089
24704
24545
25313
24801
27009
25632
32321
25153
25761
24993
25537
25825
25089
25505
25184
24865
26721
25601
24961
25441
26401
27681
24992
27105
26176
27425
26145
25409
25728
25409
25345
25697
27713
25473
25313
25473
24993
24929
25729
27105
24833
29985
24928
26369
24800
25665
25793
26464
25313
27489
25249
26209
26977
26337
25153
25569
27105
26817
25121
27585
25825
25569
26049
25633
25601
26049
27393
25825
25825
25505
25665
24769
25313
24961
24993
25313
26113
25857
25953
24929
25729
24961
25088
26945
25089
25280
25473
24833
25537
25761
24065
25345
25857
25441
26657
27137
25249
26273
25184
24609
25665
25409
25217
27041
25313
25601
25441
25664
25633
25152
25409
25537
47329
27073
25985
25377
25313
25921
25889
25409
25536
24961
26816
25984
27265
25153
26561
28225
25793
28193
28641
25984
26209
25280
25281
25601
25056
25537
34529
28801
28257
25153
28609
26081
27009
25345
25377
63778
29249
26785
24256
25601
24961
27201
24577
25153
27201
25345
24705
26913
26081
27169
25216
26017
42081
27713
25504
27137
24448
28673
26721
24897
27265
26241
27233
24865
25760
24833
25057
25985
25633
27329
30817
25441
25793
24705
25505
24769
26913
25761
25056
24993
25185
25825
25057
24865
25601
24225
26080
24129
31073
24833
26657
25089
24449
27297
24833
25345
36481
26721
27489
26497
25441
26849
26849
26145
25537
25985
25025
24865
26881
26272
25569
24833
27009
28225
26273
25441
25569
25152
32577
24769
27873
27009
24320
26433
25249
25409
24449
26465
24352
25601
24993
27265
26305
26561
24352
25281
28192
25793
25217
24577
26433
26625
27105
26753
25057
26465
26176
29057
26945
29153
27361
27137
24897
24609
27041
24961
24513
26465
27041
25537
26017
26721
26433
25249
24161
26752
25825
24896
28449
25376
25633
25249
28577
26113
25409
25153
24961
25185
25569
25889
26432
25569
25313
24737
25024
26721
27137
25537
27809
27873
28641
28481
25153
24737
26721
24993
24544
28193
26433
26817
25793
26305
27008
25889
25761
26369
25313
25377
25472
25121
28416
24577
26369
26561
25057
26593
25857
27329
24929
25377
25313
24961
25697
26753
25953
25025
27361
26337
26273
25857
25537
26305
25312
25889
26497
24353
28641
25889
26977
25537
24865
25185
25345
31073
25409
26945
28161
26529
25025
26753
24928
25089
24705
26081
25089
24737
24705
24993
25089
24321
26305
32225
25217
24897
24769
24897
24257
31137
25569
24577
24673
24641
26753
25153
25440
24161
24065
24513
28481
32673
26017
26657
25952
25345
25889
25025
24545
25665
25856
26561
25249
27553
24545
24800
24993
24321
24353
27361
24928
25537
26593
25472
24769
25089
24257
27009
25441
25153
25089
25345
25280
24609
27297
25217
24481
27265
27489
27809
25729
25217
24577
25761
27713
25217
26785
26625
25665
26785
25601
24833
25921
25473
24897
27905
25665
24865
24801
24897
25984
25281
24992
27617
26048
24769
25569
25249
25633
26817
24897
24128
32417
26241
25921
24993
25889
25345
24832
26017
25857
24992
28609
25729
24577
25825
27617
25633
24833
25824
29793
25185
25760
25313
25697
24609
26721
25281
24961
25249
24225
27041
25537
24801
26689
25185
24321
24544
28769
25345
26849
26433
26561
26241
25185
24929
25377
24577
26337
25537
26560
25057
24768
25089
25633
42465
26017
25665
25505
27105
25889
25185
25153
25281
25601
25793
25728
25313
24801
25729
25921
25985
26337
32386
25217
25729
25152
25825
26081
27297
25153
26721
26977
26753
25953
24801
25568
26657
24993
25344
25249
27297
24833
25057
25345
24960
26721
25473
24641
25665
26817
25281
25600
25185
25441
26593
27073
25697
25312
26977
25345
25249
25249
25633
25345
26049
24993
25441
25601
26177
25281
25184
27777
28225
25857
25505
40962
25729
25313
25024
28065
27553
27137
26113
27393
26433
25793
25377
25409
27713
24737
26785
24704
25857
32865
26816
26529
26433
27265
25472
25153
24993
25024
28801
26881
26433
25473
26401
25441
25825
24513
25185
25121
25537
25057
25121
24897
27617
26337
25792
26017
25185
25793
26241
25345
25537
24705
25857
25025
42369
24769
25217
27073
26945
26881
25409
25217
27904
27265
27392
26209
25217
27649
25312
25857
24769
24801
32801
26209
25249
26689
24801
25120
26849
26753
24993
24768
26337
26305
25536
24865
28065
24993
25249
24833
27489
25857
27233
25089
25505
25473
26337
25377
25569
24993
24801
26561
28417
25697
25089
25953
25184
32289
25793
25217
25057
25601
26305
24960
24769
25537
26529
26048
26433
25825
25152
25153
25761
26305
25537
27393
27457
25600
27137
25184
25857
25537
25505
26913
27041
27009
25025
26337
26177
24992
25889
24833
26049
27489
26785
25665
25377
26305
26913
25633
24545
25921
25473
25281
25441
27073
25249
24961
25697
24641
41569
25537
27617
26432
25697
24545
24577
29793
26080
24769
26112
27265
25473
25856
24961
25953
25473
24929
33505
27073
25313
25121
32289
25633
27168
25569
26304
26881
27009
25665
25985
24737
26400
25377
26624
25729
27361
25761
25377
24065
27265
26177
25697
25697
25665
25217
25057
25345
25377
25056
25921
27009
25152
43041
26017
25601
26721
28609
25665
26433
24769
26689
25248
29345
25601
26881
25953
25377
26977
27713
25185
33281
25729
26977
26017
26241
25057
25441
24929
25184
25025
24961
25761
24929
25185
25441
26081
25600
25057
26017
25185
27617
25473
25217
25505
25185
26625
25312
24833
25312
24801
25089
25313
24833
25313
25025
26433
26625
25409
25633
25985
24960
27105
25057
27297
26017
27105
26593
25281
25185
26209
28929
26433
26753
32577
24833
25121
27233
26625
26433
27457
25665
25313
25345
25153
27489
24993
25473
25152
26433
26241
25761
28801
25633
28737
27393
25728
25473
27137
25985
25473
28449
25889
25281
25249
26433
25825
25633
24993
26433
28961
24737
25473
27649
25089
24800
27137
25889
25728
25121
25057
24993
24833
24897
25152
27137
25856
30113
26113
26209
26017
25984
27041
25601
25281
24961
25185
26113
34721
28449
26369
25569
26017
25632
30721
25217
25313
25409
25089
25601
23937
25121
26465
24257
25249
26017
26657
25345
25793
24897
25249
25729
27873
25568
24897
25440
25377
24929
26017
25505
25153
24833
25057
24512
25409
25057
25889
24737
25185
24513
25953
25217
25857
25473
24769
26113
28673
25953
25088
25953
25793
25089
26433
26497
26017
27297
26177
25441
28129
27105
25728
25921
27841
25729
26145
28577
25217
24897
25441
25089
26401
29153
26721
24769
26625
26465
26209
26465
25856
25057
26304
25505
24864
25857
26017
25440
25281
25985
24801
25857
25377
26305
25984
25697
25440
25377
25569
24961
25793
25313
25281
28865
25857
25185
26625
25729
26177
25920
25632
25633
29537
25665
27713
25057
25761
24993
25121
25505
28385
25921
25505
25825
24993
27777
25569
28609
24673
25985
32833
24865
25153
25345
24897
24513
25152
28705
24896
25729
25249
25825
25185
25280
25697
25025
25825
26785
28513
25249
25024
26561
25953
25601
24929
25697
25729
26369
25953
25409
24897
25857
25729
25377
25985
28001
25793
25409
25569
28065
25569
25697
25601
25696
23841
64642
25249
25697
25409
27265
25441
28353
25601
28288
25089
25185
24833
26464
24481
25120
25345
25089
25761
24929
25089
25505
25728
24673
27168
25665
25089
25249
25889
26145
25569
25857
26049
25920
25825
25568
25281
24737
24801
25185
25601
25537
24704
25217
39905
27073
25408
25889
25345
28128
25377
26369
24961
26305
25601
25953
25121
25025
25313
25760
26081
25729
39330
26657
25697
26209
26049
25089
25505
25760
24929
27265
24929
25601
24929
25921
25473
26113
25728
26497
29537
25569
25409
25729
24801
26977
25633
25217
25249
25760
24897
25377
25217
27361
25441
26209
26753
25921
28801
25793
25089
26049
25697
27329
25377
24672
24833
28481
24833
24865
25216
26817
25280
25025
26337
41058
25313
24737
24897
25473
25729
25345
27233
25345
25377
25600
25505
25953
24961
25825
25408
25505
25888
32929
28481
26849
25217
25793
25953
25121
25153
25249
24992
25825
25345
25793
26081
25088
24737
28673
25857
25281
24800
25377
25472
25473
25536
25985
25568
25153
25537
25985
26113
25729
25728
26401
25889
26305
39713
26753
26112
24961
25696
25409
25825
25377
25185
25121
24609
25089
25633
26977
24928
24769
25633
25057
29985
24961
25761
24961
25281
25825
25505
26241
28321
26017
25153
25216
25889
25504
25889
25569
24929
26529
25601
25153
26177
25089
25601
25601
25729
25569
25665
25089
25441
25280
25601
25761
25665
27265
26848
41057
27105
26113
26401
24961
25025
25600
25409
28736
26113
25152
24993
25377
25569
25440
25601
25313
24353
32193
26401
25856
25985
25761
25313
25729
25601
25473
25089
24993
25376
24769
24960
26081
25664
25569
25601
25793
26177
26017
26433
25632
26785
25121
25601
25121
25121
25089
25345
25249
24353
25409
24289
24928
28993
26241
25825
25857
25025
24704
24833
25920
26177
25825
26113
25345
25057
25665
25152
25761
25281
26337
27489
28577
25824
25601
25441
24481
25632
25633
25633
25281
24993
25153
25728
25601
26273
26945
25409
24608
27361
26369
24865
25697
25313
24864
25153
24800
26433
26433
25121
24929
24961
24993
25217
25889
25217
42721
27361
25889
25152
25985
25984
25121
26400
25665
26177
25025
25665
24321
25825
25281
25504
25057
26945
32193
25985
26913
29089
25888
25601
26017
25665
25761
24865
24769
26337
25473
26209
25729
25473
25889
25857
27105
27233
25281
26049
25440
24801
25857
27008
25473
24513
25761
25505
27073
24769
25665
25121
25665
25697
25473
25409
25633
25217
25664
27329
25376
25729
25824
25953
27009
25121
25153
27009
26080
27233
26432
32737
25185
24768
27361
25408
26721
25665
24385
25345
25601
24545
24800
26721
24768
25601
24897
25505
25217
27329
25729
25409
27265
25249
25697
28801
25601
27809
26529
28129
25249
25377
24449
28033
25409
28289
25441
26401
25249
26209
26497
25569
25633
25825
25153
27041
25953
25249
26337
26145
28833
24929
25473
26145
33122
25537
24993
25152
26625
25697
25921
25697
25633
27361
25089
25281
26305
26145
25217
26849
26689
25601
28993
27649
24961
25025
25601
26497
27105
24993
27041
25921
24864
25185
24897
28417
25280
25025
25793
27265
27681
26241
27265
27265
25697
25953
27552
25537
25280
25281
26529
25313
27073
24833
26145
26753
28865
32225
25792
25473
24193
28705
25473
25696
26849
25505
25153
27169
25473
26145
26145
25409
28769
26113
26593
25121
25920
26977
24609
25281
25313
24769
25185
25152
25345
25889
26241
28673
25633
26881
25185
25473
24865
25473
24768
24737
25441
24673
24897
25313
26017
26305
24833
25473
24449
26305
27137
28865
25473
25185
31105
24961
25185
25473
24928
25249
25281
26912
24961
25344
26529
26945
25536
28449
26209
26337
26529
26304
33057
25249
25408
25409
26049
26721
25985
25664
25025
27328
26209
26145
25153
25505
26753
26848
26241
25601
26817
25089
26209
24513
26273
28641
26977
24769
25281
25313
26688
25473
27296
24929
24609
25697
25025
30433
25473
25088
24353
27041
25025
27937
28129
28033
27073
25281
26849
24801
25377
25632
25569
25217
26881
26177
25568
27009
25601
25473
25281
26689
25473
26753
26593
26785
24929
25057
25569
25313
25537
28353
24673
25697
24961
27009
28641
25345
26849
25857
28353
25953
25185
25537
26560
25345
25024
25569
25377
27201
33249
25121
25601
28385
25281
26369
25152
25985
25345
27937
25761
25249
26945
25729
25280
28417
25185
26145
25377
26561
27041
25057
26817
24704
26497
25633
24960
25153
26209
26017
25153
27361
26017
25665
27169
41409
26017
25281
26721
27393
26113
26785
25857
25601
28481
27137
25921
26817
25505
27009
25377
27585
25889
33313
25121
25281
27009
25921
25217
25505
25760
28353
49282
24673
27329
26016
26945
25409
26017
25697
26369
25313
26049
25665
25248
26625
25440
25473
25473
26593
25121
26016
25281
27393
25569
24768
26465
24961
41217
26817
25089
25729
25313
25345
25665
26593
25248
26497
24673
24385
24961
27009
25249
25761
24768
24545
27169
25537
25697
27393
25537
25793
27361
25825
28001
26177
26049
25569
25345
24449
24768
25985
25216
27105
26209
25505
26433
27809
26048
26849
25216
24961
26913
26816
24993
26753
25569
28769
25057
25537
25409
25185
25313
25313
26913
26241
25889
26593
25473
27105
27360
26753
25089
26305
25728
25313
25344
26785
25505
32161
25441
28289
25409
28417
24897
24641
26625
25441
28225
24705
28417
25504
26465
25024
25345
25185
26977
26112
25985
28641
25345
25665
26017
25889
25377
25568
25761
25760
26881
25313
24769
25089
24993
24673
48162
26785
25665
25665
27841
25025
25921
25697
25217
27073
25409
25441
25537
26465
25569
25185
26369
25089
32801
25313
25665
26881
25697
25505
26817
25473
28865
25985
25985
25472
25569
24417
24640
25025
25728
39202
26113
25537
26848
27393
25761
25569
24673
25569
25313
26497
25184
25057
24577
24897
26017
