133093
36545
31297
28385
26817
27201
26721
24577
25056
24609
24352
25216
24833
24929
25568
24449
5970244
30785
24065
14582175
35009
24673
14433434
37282
24417
14338615
39553
28417
14323094
47521
32417
14234740
47234
32673
14210419
51682
39585
14315799
49121
43074
14310262
55170
46242
14217811
54849
46753
14234644
53474
45026
14312822
54914
44738
14188915
59202
45409
14238324
53794
46593
14233908
54882
45889
14244884
59074
46497
14240660
52002
47714
14219892
58178
46017
14279125
54049
45314
14250421
48674
46049
14279285
49729
44546
14269269
54817
43585
14312598
53762
43873
14330103
51586
45153
14303670
52162
45601
14335863
51010
46082
14314007
53282
45474
14321335
53537
46369
14241844
54817
45217
14245940
53153
44897
14327639
53953
45666
14275894
54850
45026
14159346
56354
53569
45250
14165010
48802
46593
44994
14062478
51074
53506
45505
14097551
51809
52834
43841
14085135
55810
44578
14265109
50946
47969
14257524
53314
46370
14256917
55650
46018
14225396
54274
44738
14259573
58946
46882
14255797
51042
54722
45506
13956491
57954
45698
14254805
50562
45442
14260757
54210
45602
14264949
55042
44929
14276853
50562
46913
46369
14126512
51234
101059
47297
14072174
51873
53474
44578
14117968
53762
46017
14266261
53346
45249
14263285
53442
44546
14230548
53122
44705
14267445
60162
45858
14210420
51138
44961
14274997
49665
45826
45154
14076399
51746
46625
45409
14116528
50850
44770
14287350
57570
46241
14181618
49569
45921
46274
14058702
50402
53154
44897
14094703
47330
120676
46945
14088655
54338
45154
14343096
52642
46049
14257268
53314
45697
14287349
59330
46945
14165458
54849
45697
14231091
53602
46722
14329879
53954
45026
14196883
57666
46721
14241460
50818
45026
14306102
57249
36737
14189010
61986
47682
13988844
54914
45922
14271701
51489
46530
14281206
53633
53890
46402
14000812
51457
47169
14277173
57538
46529
14261876
58529
45729
14275989
55714
45474
14212947
56194
46530
14281398
51458
47073
46850
14099472
48450
77219
43554
14150929
52738
46049
14241908
51138
45122
14348920
55042
45954
14160594
52290
45505
14286102
54946
44929
14274069
58306
46497
13834022
55585
45921
14254612
53922
47170
14213460
51874
46338
14255573
52898
45506
14307895
53570
46242
14215380
52322
43970
14224884
54818
45377
14268885
58178
46017
14301878
52033
45506
14271029
52770
46305
14242612
55074
46466
14263125
50818
45474
14275413
51266
44577
14288693
53154
45217
14259572
54690
45889
14287478
59201
45922
14149298
52322
44417
14241141
56898
46369
14240116
56450
45793
14210739
55586
45218
14226932
57346
47041
14161457
55234
47009
14229363
52610
46369
14228563
55394
45601
14227220
57794
44481
14225907
56738
46626
14285398
54242
45025
14244629
53154
45666
14248693
51586
45505
14305270
57218
46689
14135665
57122
46497
14126480
59266
45473
14113360
50658
46529
14247029
55106
46753
14246004
53442
46946
14230420
55394
45602
14257141
52162
45730
14235636
55298
46818
14304534
51170
45569
14250228
55106
44962
14267925
54658
46626
14310166
51682
45442
14219412
66018
45826
14276342
59169
46593
14303159
56354
45154
14248885
53665
45537
14242740
56066
45153
14211955
52226
46209
14241428
54690
45090
14319895
59554
47713
14069198
53058
45985
14202002
50754
45378
14241300
55074
45537
14267701
52834
46626
14165842
51553
45185
14216691
54370
46818
14194067
56226
45793
14295222
50946
45473
14302422
52290
45730
14239348
51810
46050
14297654
51906
46369
14280949
51522
46882
14260693
51106
45634
14269493
51746
45922
14300150
54626
45570
14179282
56673
46209
14235924
52962
45506
14241844
51585
44033
14237204
55746
45122
14245621
55362
46402
14253205
58050
46241
14296406
52162
45441
14250996
57890
46529
14309558
57218
45474
14265429
53762
45410
14283062
53954
47010
14304982
52098
45538
14280566
53698
44194
14274709
55074
46530
14224500
51042
47554
14224244
53282
46177
14265493
51426
46017
14286901
60706
46625
14212275
51138
46882
14239125
60770
47106
14408410
58337
47745
13924329
52866
45441
14250260
51458
46593
14257333
51746
44417
14283509
52097
44802
14267765
51458
67714
14228307
54210
46177
14204755
52578
44609
14273494
60386
45697
14144945
58338
46050
14260309
58210
46049
14265461
54626
44898
14256789
54306
45154
14296854
58402
45826
14085711
53954
45026
14232052
54786
45954
14301238
53634
45121
14335991
55457
47233
14214867
55682
45666
14222420
57154
46434
14251829
54593
45857
14222131
58818
45793
14264245
51906
43393
14350103
58690
45666
14299350
53089
44418
14292310
50274
44962
14344280
61090
46050
14138257
45890
34497
14323511
38337
29761
14417946
47841
33601
14275829
39777
24193
14460764
68962
46977
13971883
57986
34561
14052206
52962
35009
14122576
56546
34626
14083343
54370
41889
14124177
53921
46018
14247924
52482
45986
14229716
40545
31298
14371352
41826
28513
14294390
44962
30209
14268821
34689
23968
14480636
63970
46818
13999661
51714
45250
14202867
50209
46337
14226451
51522
46817
14261237
52770
47330
14238356
51618
46146
14261365
57153
46914
14147601
52098
46434
14318839
60194
46497
14132624
52034
46018
14242324
52290
47362
14268949
57250
46497
14098640
57954
48354
14034414
54754
46625
14236980
55009
47041
14230900
51234
46306
14225716
57505
46593
14262805
56770
45922
14172274
55458
45889
14296982
56162
46498
14235572
55586
45602
14238260
52897
45378
14304471
58402
45729
14261301
58178
45954
14325783
57506
46658
14131665
54177
46850
14242260
62114
46562
14163026
59778
46498
14234644
55554
46626
14221396
57474
45762
14234612
51905
46466
14258133
54018
45185
14274069
51842
45730
14258325
55170
44897
14221907
53986
45986
14273910
53346
44450
14257205
55874
45889
14184178
60258
46178
14173074
58530
46210
14155185
52161
44673
14232116
52674
46402
14258837
55201
47074
14181810
54818
47298
14238740
70339
46786
14189682
57570
47682
14160466
53154
45441
14280277
51810
46145
14324407
53345
45697
14273077
54530
45154
14228308
51937
45602
14286966
53953
45729
14288245
55618
46082
14108047
59074
45857
14253236
62370
46049
14134897
54690
45474
14277141
57282
45538
14259445
58338
46082
14274741
51106
46081
14265461
50849
46241
14237268
40738
35521
14253844
47426
34081
14317911
59714
46594
14029965
52866
44482
14276278
47553
35265
14276789
51777
35329
14211540
43297
24512
14408634
59938
46562
14071535
58434
48098
14121232
62274
47266
14090640
63106
47714
14103344
61890
47650
14123984
60354
85283
14114416
50977
36737
14199795
57058
36225
14075086
51137
31713
14233107
64322
53186
13960651
64130
49666
14047182
65571
47618
14026797
58146
48545
14158385
59746
79203
14111920
61442
46594
14150961
63938
47073
14124112
63586
47490
14126993
60994
80738
14101168
58338
47649
14140913
59106
46018
14123217
59714
47746
14161874
63906
63426
14060654
60738
47009
14115472
61378
47010
14135856
61218
47874
14110127
60002
87651
14049133
59842
47682
14124209
59138
46722
14123344
60130
48322
14153426
58114
93571
14089903
67138
47138
14041582
64738
47809
14115216
59650
47361
14139793
61314
87587
14094575
62594
47202
14141905
57954
45922
14152721
61378
48001
14128464
58242
46785
14135249
64226
48130
14100592
62946
46977
13989900
64642
48098
14007149
60450
46914
14184466
59842
48033
14149681
54882
46689
14235284
58978
48225
14212595
57410
46145
14146001
59074
46306
14168434
56738
46146
14254037
55714
45953
14228019
59330
45794
14153777
56418
46529
14272470
57378
45377
14139441
60610
45634
14269493
52770
44546
14291958
55618
46625
14216084
57058
45601
14227475
58849
45602
14199763
55810
47394
14220371
59426
45762
14220980
56354
44386
14238004
56770
46114
14224788
52866
46369
14222643
57410
46434
14254869
59554
47169
14181458
55682
45698
14253877
56610
48193
14160498
59010
46241
14189202
59042
46081
14244884
56290
46498
14204755
57730
45762
14139025
52930
42657
14201234
55745
46018
14241332
59138
45954
14174706
61122
45794
14167761
58754
45730
14177266
56866
46850
14221524
60514
46466
14137617
56770
44321
14230356
59202
46562
14222516
57378
47138
14249973
55394
45697
14281270
55554
46562
14350488
55458
47394
14160114
56066
46945
14202771
60418
45186
14196307
52098
46625
14214260
57570
48290
14144849
59298
47618
14249269
57058
46434
14230100
55266
47298
14252757
56002
45985
14135344
59042
46593
14202739
54882
45249
14254740
57121
48226
14233204
57410
46498
14258261
57377
46529
14209843
56866
44801
14260885
61698
46177
14169458
60962
46626
14245012
56034
45441
14270837
58114
46370
14243732
59490
56354
14015405
53698
46369
14237076
53185
48322
14188115
57602
47425
14253716
60130
111844
14056046
62210
46849
14273333
60962
47298
14134161
60962
47329
14147889
56226
88131
14082991
71938
45857
14101711
62146
46754
14128400
56002
47841
14158545
64866
56002
14027277
60130
46914
14154065
55490
45761
14133777
61954
46018
14131985
59458
55682
14059182
59586
46594
14124048
59714
46594
14143057
60322
46562
14135249
59906
68674
14071342
61282
46594
14145905
58242
45826
14174706
58498
45730
14144337
58370
53154
14082767
60290
47170
14147281
61442
47105
14113104
60578
47010
14136977
60258
68835
14034830
58306
46625
14150129
59458
48002
14143665
65282
48578
13958827
64066
54658
14102415
64066
47522
14139600
59074
46626
14140689
60994
47618
14154322
64706
63842
14064015
63362
47361
14120144
58018
47265
14142129
61762
47010
14135153
57730
52578
14102480
58754
47650
14145681
62082
47778
14067502
60705
47905
14132368
65027
57314
14043149
58466
48226
14145745
62178
47425
14124016
58178
48322
14147153
58850
62210
14098448
59010
47202
14124656
61410
46945
14148561
62114
47106
14133073
58242
57602
14098863
62019
47362
14090287
60802
46850
14213107
57346
45794
14283798
60674
45985
14193203
55778
45569
14189171
56802
46658
14158162
53922
47297
14207699
52418
83555
14144433
57026
46370
14219219
58049
46402
14140753
57442
45569
14223315
54434
45378
14185139
53986
46594
14226580
64226
47873
14113296
59330
46914
14147249
60386
64066
14073743
57026
44641
14182994
66594
46145
14057038
62274
46818
14091823
60482
57441
14109040
60738
46049
14145521
58530
47202
14160017
57218
47522
14156593
59554
63842
14055150
63170
45697
14125808
58434
46818
14058030
57442
47361
14167986
61218
63042
14098096
61698
46594
14164658
61346
46690
14161841
59202
46721
14162865
60386
51042
14068238
56353
46626
14164593
57090
46817
14157489
60034
45825
14157649
59490
56066
14098096
62818
46561
14133328
62114
46498
14157202
61602
47074
14157202
56386
56354
14078671
62210
46786
14126288
58882
47426
14139313
62626
46370
14080879
56706
65602
14101391
63970
45890
14142256
62978
47010
14149681
62978
47138
14147698
58562
61698
14111664
63298
46178
14168818
58466
46850
14157650
56673
47137
14154033
58690
67138
14072014
60770
46273
14060046
32225
23553
14552094
58050
47394
46081
14007532
57410
47617
49698
13960523
57794
47297
45921
14011916
61282
47297
14135921
62722
46497
14139089
60226
62434
14143281
56002
46401
14174514
56834
47106
14170994
59906
46754
14169234
58337
61090
14000812
55105
46530
14253717
54434
45346
14246581
57122
46114
14240469
59010
54530
14076142
55330
47362
14185203
60514
46754
14190642
57858
45730
14136721
58850
45666
14012813
56642
46785
14132560
55650
47522
14165361
56610
45026
14173554
56706
47905
14139377
56802
46849
14132369
57026
46946
14173170
67811
49857
13979883
58370
64898
14094384
56866
46145
14176370
56162
45857
14177202
62722
47234
14143569
57410
63042
14124913
61666
46241
14107151
59010
46594
14142257
49634
33345
14252597
46018
59458
14252468
48289
31457
14238580
72835
46625
13952235
60898
46626
14122672
58530
63010
14087791
63266
45986
14140368
59714
46338
14116336
58978
47010
14142737
57890
64835
14088079
58530
46658
14136977
52226
34497
14156529
60898
35681
35713
13982027
47873
38689
14202195
70370
49793
13965675
61570
47649
14021709
56226
40098
14171730
58626
38625
14037389
49345
31073
14255924
63298
39873
14072750
61186
41409
14085039
59842
87107
46402
13879305
64035
47297
14140529
58977
48258
14157937
63394
46977
14114288
60802
63331
14080239
63298
47137
14152625
63618
47778
14159506
66466
49794
14039054
60162
102852
14154546
59074
46594
14295158
60898
46209
14236116
65795
46914
13951403
54722
46785
14243476
60194
47010
14192658
56354
46689
14205587
62530
46818
14144305
60066
87299
14120048
60514
46402
14286422
57698
46018
14108784
55106
45601
14218643
56258
62082
14132433
68003
46401
14277045
57634
46818
14270357
55202
46849
14264629
58178
55906
14046510
56354
45313
14241140
57538
45185
14234515
60674
45890
14187218
58178
90851
14204051
54721
45474
14243188
56386
44994
14261301
58817
48353
14119248
61762
49058
14067662
52930
35361
14163665
39169
25249
14391001
66626
48225
13980619
64162
52194
13839687
61026
48193
14104719
59041
47073
14145873
64514
49409
14083087
63202
52258
14066703
59458
47105
14110928
51809
33057
14194163
52033
32737
14153426
48353
39074
14209075
62114
47105
14042189
62210
47394
14140400
57730
47297
14139121
57922
54658
14096208
62338
47522
14134865
56865
45922
14157042
58338
46753
14112656
60610
48386
14104368
58786
48065
14158993
57218
48194
14154257
56706
47329
14162546
63170
52417
14106384
63234
49922
14117328
61602
47778
13911497
63842
48129
14113456
65218
51841
14026189
57090
47522
14166161
62434
47489
14109616
59938
47522
14142769
60322
62914
14110672
59394
47202
14155698
56706
34465
14126577
72194
49442
13966027
60546
47329
13951691
59458
47585
14155409
59970
47330
14119760
61250
48482
14143024
58338
46562
14083887
58754
47650
14123857
63266
48097
14134512
61954
47138
14150161
57858
49410
14115696
57730
46945
14156817
58914
48226
14124913
57762
47234
14161714
61442
49218
14099535
60930
47810
14148337
63554
47458
14138800
59202
47522
14158802
60290
47362
14059567
61314
47842
14114640
59522
48002
14157714
55938
47425
14172178
62082
47489
14022605
65218
46850
14113936
58146
47266
14133680
57538
46497
14163985
58658
47649
14105103
58434
47489
14144305
60290
47521
14135857
58562
48194
14150513
62754
48609
14052494
58978
47233
14122096
61666
46530
14126544
62018
46401
14149009
62498
47809
14086191
59938
45314
14128785
53666
46338
14259829
57570
45377
14243316
57409
47266
14076111
54881
45569
14280949
55842
44546
14233012
53730
45090
14239348
51842
89315
14234580
54177
45730
14237908
53697
45730
14242900
63714
46849
14034221
56098
89827
14209971
55906
46209
14264021
63234
46018
14074735
60130
45026
14203699
56130
64546
14128848
56098
45761
14252660
59458
46434
14203442
53570
44865
14223891
59714
108260
14187122
53218
45666
14257717
58754
46369
14203251
56706
45473
14209299
55394
65154
14178034
59362
36673
14100591
44001
25697
14222132
40482
29696
14409817
53986
49346
14187634
68130
48929
14065934
63811
48417
14144305
57602
34657
13982443
46273
26145
14100143
44353
24865
14215347
46530
29921
14229971
47234
33185
14222835
77539
41729
13985708
51106
34689
14162642
48930
29441
14233620
44034
26177
14302198
43234
34433
14271349
50401
37185
14232852
65954
48161
14018797
60322
44290
14123408
62786
47234
14077390
58370
47777
14099183
51522
35265
14265556
58818
38337
13958795
82178
50946
13944075
75490
47970
13847303
61378
36033
14023661
67650
36641
13799046
88195
51458
13636001
76034
49762
13796965
60930
36097
13948394
62882
35201
13905481
81890
49122
13800133
61570
43842
14198771
73091
55778
13833926
62530
46850
14094640
64482
51330
13987532
62818
47393
14114448
66050
47778
14090959
67970
48289
13972107
54210
36545
14150641
69346
47650
13959467
58850
46082
14115344
57537
47361
14133617
57986
89091
46338
13950891
54562
48418
47457
13994540
58722
48673
48257
13961003
61666
46914
14159090
60834
54113
14118928
59106
46562
14146833
56802
46625
46145
14027565
57666
46018
14121585
61506
51490
14117520
60514
46498
14093167
56930
46626
47585
13945450
63043
48034
14070671
66274
49410
14060814
61282
46818
14131985
57442
46113
14126352
61282
47202
46914
13925994
56897
51266
14123056
59266
47809
14155185
58018
46882
14158482
53346
47266
46786
13998956
57506
62530
45537
13968779
61410
47650
48257
13903273
59201
47298
47458
14000076
57794
46594
47650
13922313
58018
50466
14103439
57314
46466
14112239
57634
46786
14177554
56354
46625
14141361
60098
57250
46337
13940842
54178
46849
47426
13852168
54658
47841
47010
13986636
63586
47778
14133329
54498
52418
45857
13972107
56642
46658
47937
13983563
57922
47137
46978
14017325
58818
47586
14129041
60098
51105
14079023
57185
47554
14152913
53890
46978
48001
14003980
54210
47778
47234
13970731
60002
47202
14131793
59938
45985
14136752
63618
48738
14169298
64066
49154
46274
13882505
55265
56738
48162
13937771
57762
46594
46658
14002636
56098
48290
45601
13968011
56706
46082
14157393
55426
46945
14148113
59682
46593
14160273
60194
48130
14124496
60098
47234
14115888
59522
47042
14085551
56322
46946
14153553
61474
47010
14161106
61314
46306
14088207
61282
50913
14113264
60642
46433
14148401
62434
47233
14153649
59842
47041
14093231
58466
49826
14069455
52161
34305
14208499
48354
29921
14206163
62370
39649
14037229
66562
34145
13904585
57346
31841
13986731
57538
30144
13958123
49186
25761
14108496
56290
30337
14040334
64354
48130
47266
13807366
58882
35202
13985804
62242
29025
13998988
58914
29345
13577823
53410
26849
14007149
51298
29569
14020653
51650
29569
14007468
55554
47553
13893833
57410
34337
14060431
72386
49186
13834247
41858
62242
14250197
83171
49057
13868520
49793
34497
13984427
49697
31809
14241300
71138
47906
13793126
85026
38433
14098767
60034
35777
13958955
73059
36993
13951595
65122
38081
13904649
67170
37953
13823046
50242
24705
14040909
71138
170534
39521
13458843
73954
164357
36929
13267476
102659
34145
13820263
121636
29217
13667201
76579
44642
13733059
49218
25345
14132016
39169
25633
14272341
37857
24929
14467323
77410
51810
13837254
75458
48385
13829222
59330
48130
13956619
54978
45410
14310775
68162
47138
13996460
59554
49442
47073
13912361
55618
67138
46593
13940586
67266
49346
49953
13862088
53410
48513
48130
14014189
58178
48481
47393
14019373
59266
65922
47041
13934730
58114
48578
47745
14005580
59522
47522
14135376
59554
47458
14145713
58274
48353
14125136
57890
48642
14136688
58370
46498
14155826
56930
48193
14139121
62978
52066
14066126
59394
49090
14129393
57442
49153
14147857
60642
47842
14101295
96227
49730
14031502
63106
48545
14095119
60482
48769
14015245
58210
48833
14139697
61154
49058
14123056
59618
48610
14125489
60130
47746
14142321
65250
50114
14073102
61410
48706
14109872
57154
47138
14187379
69538
50818
13974603
53058
36481
14235540
49729
34658
14213715
54786
35585
14122032
40609
26337
14314390
60130
50722
14073999
58946
51586
14128336
59746
46754
14167218
57282
47362
14162514
60193
47042
14164273
58082
49281
14109712
64034
46690
14054574
55330
34433
14194098
54530
30529
14111375
51553
35106
14201971
72738
48673
13978507
60194
47681
14132113
64066
48385
14142481
75715
49953
13973867
59042
49410
14145777
56962
47105
14172530
62210
47138
14151250
57282
45985
14114672
57602
47010
14130449
57730
45890
14181586
57570
47553
14147473
57954
48002
14109360
60578
46913
14142577
59330
46881
14158545
57346
45409
14173746
60034
46946
14160370
52161
25761
14100016
57826
28353
14112304
53794
33922
30753
13915690
73666
45890
13885609
67330
63874
13917353
62978
42082
14038861
69058
64195
13801957
73346
45218
13795813
60962
27041
13839303
64802
35713
13884873
64194
36801
13946443
68035
33921
14005709
50337
29248
14149489
46465
26849
14288886
41825
24289
14354136
38849
149445
24256
14143025
36257
107811
24512
14264565
68451
49473
47041
13827207
64706
50338
47105
13815494
95683
47554
14072846
52962
54210
47778
14033261
55297
48322
45793
14012396
59874
47201
47554
13979820
53921
54274
46466
13932778
65506
46529
14088751
61090
48289
14158385
53441
47554
47298
14015468
58562
50145
45441
13947530
54370
47682
46818
13987468
55234
48898
45154
13999532
55554
47874
47010
13968748
62530
47586
14097328
54818
48194
47010
14013805
54818
48865
46817
13991244
53025
47137
46977
14023309
60738
46690
14119760
64546
47298
14127504
64546
47617
14074287
64290
46881
14104112
56706
49410
14119024
61922
46306
14127569
60962
47362
14112880
62882
47393
14057518
51266
66306
46626
14014797
51841
47010
46369
14075631
58978
48834
46658
13957515
54434
47489
46434
13946315
51650
63586
45282
14031245
65698
46753
14059534
57794
49633
45089
13965899
60034
47713
47202
13987596
56898
50978
43778
14003949
63426
46625
14127632
58178
46273
14158545
61282
45570
14046670
81667
48961
46722
13946987
58882
46146
14159154
59522
47106
14130609
60866
46529
14151409
58210
45697
14121232
58690
47937
45601
14006796
55873
48034
45954
14037773
60322
47266
14117009
59362
45889
14089743
57730
47906
46818
13934506
58978
45601
14170962
57666
46690
14172882
57378
46242
14114224
58786
47522
14192499
58626
46210
14149682
57954
35329
14169234
80515
47874
13885833
63106
46337
14147217
61250
48354
14161426
58146
47329
14149969
95203
46145
14099087
60770
47713
14147537
53602
49345
46946
13966411
52674
46785
47042
14002412
54178
66210
45858
13963083
57250
47169
47234
14009325
53986
48129
46625
14019053
56001
35009
32929
13935626
101795
36385
13948619
53346
44642
43906
13972587
52898
48290
46978
14012941
57218
47650
14166258
62754
49250
47265
13892681
59170
48097
46337
14082607
63586
46146
14133617
61730
48994
14105968
88483
47522
14115792
54498
46817
14256276
54209
48002
47553
13983659
61826
47521
47393
13936362
89763
47905
45729
13976715
58754
48417
46497
14020685
63650
46625
14100239
53826
48258
46913
13997004
87811
46722
45762
13961899
53761
46818
44386
14024045
55394
48129
45953
13854823
61954
47138
14141937
92131
46305
14065518
60770
46882
14153458
59074
47138
46242
13999372
56705
45665
14145969
97379
48673
14092143
61154
48162
14083887
54914
47041
47201
14005676
52385
47138
46274
14029261
88867
45825
46497
13963243
58402
47778
46722
14011373
54498
48353
46817
14017613
60258
45954
14156466
121412
48706
13938762
54914
47202
46913
14002476
53538
47937
47841
14011212
60642
46305
14176946
66562
46657
14048366
61698
47522
14143441
60834
46818
14150578
58146
46178
14163186
95812
45569
14081743
54369
36993
14220819
65442
47201
14042701
61122
47937
14157585
74562
48610
13901225
60898
35809
14104047
60706
35234
14120624
56674
38593
14092688
46689
26977
14026829
74274
48289
13791045
64130
47841
14066734
57250
46434
14137392
109571
46209
14116368
58274
46529
14167922
61378
45922
14156658
57186
46401
14186642
87843
50657
9777665
72066
49378
13953259
61794
48449
14155473
61730
47426
14154545
72834
47521
14082671
62082
48034
14058095
56322
46658
14198643
62050
46369
14172498
74659
52034
13703618
58626
47649
14234708
63874
48289
14058574
57601
46594
14200019
72866
49730
13958347
73122
49922
13922442
70883
48706
13954859
62274
47586
14128881
94307
46050
14141233
60130
47169
14126992
62626
47809
14130800
61923
46369
14134288
90691
46434
14144113
61538
47618
14178578
61858
46370
14118544
57186
46945
14169938
67778
47105
14119536
59010
46434
14110736
58050
45249
14185106
55842
47489
14206067
73442
48033
14009388
58306
47298
14117200
59106
48578
14114096
62082
45889
14170226
71778
46178
14120752
57954
46689
14190418
56130
46722
14181074
56770
47746
14182482
56674
47042
46913
13962091
52802
45505
45921
14026893
56834
45698
14174898
61314
47233
14154545
66434
46434
14105488
58274
46562
14166386
58498
46050
14187155
62114
47329
14073198
61762
46530
14066446
57250
47105
14175122
56802
45986
14201299
59266
46401
14119024
60162
46882
49826
13937482
56834
46690
14141969
57474
47009
46145
14017229
56674
48162
46305
13953962
69571
47073
14109456
55906
47425
14176082
60450
44962
14002605
59746
46914
14126288
64898
46850
14133649
58882
46849
14171633
54689
48322
46273
13987563
56866
46433
14162994
69378
46914
14095472
56578
46050
14157170
61346
46497
14153329
58434
46434
14160786
67138
46722
46562
13961067
56290
47810
47010
13997548
57218
45985
14155409
57761
46465
14175826
72579
46786
14094000
63618
46849
14142033
58178
46690
14132913
57794
47265
14159345
72770
46498
14132240
56834
45538
14182130
60578
46082
14160690
62915
47681
14141041
62082
45794
14134129
56546
46337
14141937
54242
47138
47202
14020845
57890
45602
14167474
62274
46338
14112752
58209
46721
14168881
61026
45506
14190099
57506
46049
14166706
70082
46401
14071183
53154
46209
47394
14016781
55489
47074
46721
13973995
56450
46881
14186130
66115
46945
14066510
56738
45313
14173265
57122
45729
14165650
56834
46305
14171090
61250
46370
14095888
57154
45442
14165810
57122
46786
14167090
57570
46978
14167154
69218
46529
14099247
58338
48674
14118800
57218
46433
14129744
56706
47458
14162962
62818
46018
14010445
56642
46594
14161073
58274
46818
14144913
56289
47937
14167058
62914
46145
14128560
60450
47714
14085647
54209
45858
14203827
45921
33953
14295829
49986
30081
14264309
70979
47746
13873000
53058
35713
14190323
53442
31393
14165170
70435
50594
13840103
63555
47617
13995308
50722
32033
14161489
75426
48130
13907785
56257
36705
14073487
53697
33089
14175794
74050
48386
13855560
66370
64099
13907529
64930
48258
14033646
61890
47425
14116496
60226
47298
14107760
63170
47905
14116496
71330
47810
14073326
57249
46849
14133680
59970
48418
14115312
61858
47521
14136913
64162
48706
14060046
61602
47746
14152241
62562
47650
14141969
57026
47842
14154545
69378
46850
14122128
61378
47489
14122672
58242
47425
14160146
61186
48034
14151026
70210
46114
14118416
58210
47202
14138161
61410
47906
14138801
60930
47970
14105712
74818
47489
14069038
59490
48449
14128561
62338
47329
14104816
56706
47394
14164818
62402
47201
14081743
61154
47330
14157393
57794
47234
14002316
57634
47137
14164593
62146
47554
14106320
60930
46977
14159570
62306
47298
14128465
105092
58370
10753569
61858
47553
14125808
62402
49186
14015949
58402
46881
14293302
227560
158277
13253172
79203
50338
13613600
57474
35585
14033197
42529
25761
14247924
71234
49666
13902633
75811
48642
14001613
67330
49153
14023309
60258
48321
14097967
63875
47745
14008557
151749
58274
12990251
63682
52033
13752068
73698
52610
13785253
61602
48482
14115921
53602
28257
14051470
55202
37217
14174034
65410
48386
14005421
57474
46849
14207059
111140
47138
14173298
59777
46913
14237620
55650
45762
14280278
56257
44833
14289685
93475
45601
14220563
53506
44929
14295286
54466
45570
14279574
53666
45249
14324311
84450
46401
14221107
54369
46082
14306359
55778
44930
14195763
53889
44098
14300054
94083
45986
14243285
57858
46017
14128912
56290
46337
14290070
54434
44866
14180851
98147
46850
14224532
51234
46209
14265461
55105
46881
14246772
53698
45665
14287414
67139
48194
14090735
54178
44834
14281558
58434
45537
14261909
54594
47297
14272021
66146
47458
14158514
53218
45794
14287350
52962
45665
14284373
53730
44449
14253076
53441
45185
14229812
53506
45153
14276981
56770
45250
14225364
54850
46273
14273973
98947
45729
14178802
58146
46177
14229843
53154
45954
14272789
51554
45537
14277653
59650
45409
14195890
51682
44833
14292214
53858
44289
14305527
53889
46017
14279541
93699
45506
14191827
53154
44641
14297750
54689
45090
14266101
53345
45666
14277622
111204
46049
14201651
50594
43713
14272309
54210
45409
14272213
57730
45730
14277109
55426
45346
14230868
55458
45569
14251124
50338
44898
14294998
59778
45538
14224660
58914
45761
14174962
50978
45762
14293270
53538
45794
14264533
49729
45409
14282325
82595
45858
14269781
49666
44769
14287798
49953
44610
14275670
49826
45922
14278326
67778
46178
14227188
51298
46625
45409
14116336
53185
44130
14259669
50594
45665
14317175
56673
45441
14234964
50306
45314
14274613
56705
46498
46338
14032814
54274
45729
14268757
92291
47682
14227028
51393
46689
14249556
58018
45537
14252084
53026
46370
14214035
64578
44353
14239124
49121
46082
45410
14141873
59842
46754
14179058
55169
45601
14283638
84323
44193
14291094
55042
44546
14265141
49505
44450
14327671
62786
47265
14131632
67234
47362
14209268
49921
45666
14245909
55906
45282
14251477
55234
46657
14280053
61410
47266
14177426
53122
46434
14295958
59330
46722
14160338
51617
44481
14243156
58946
44098
14187795
50241
45825
14258868
54210
45698
14210835
51617
45601
14281877
58626
47682
14149106
55010
46913
14227667
54498
45377
14277717
57634
47010
14279766
57441
46273
14256372
58914
47490
14201267
51970
45954
14264117
50786
44321
14302966
69859
46466
14137488
53890
45122
14241429
54305
44897
14272310
55170
45473
14287062
69603
46561
14128048
50786
46018
14256245
54562
46370
14239220
47618
88259
45921
14003340
92739
45825
14226451
58274
47201
14272725
54306
45730
14259893
54466
45153
14262068
56706
47650
14082031
57954
45889
14274453
54178
45601
14257652
55010
46241
14259253
68258
46369
14156209
54593
46913
14205235
51041
46305
14239732
57826
45985
14295670
59042
46690
14166481
54273
45921
14190258
52898
46754
14323671
52418
45249
14270133
55618
45889
14203155
50978
46273
14318967
57826
46818
14227316
55810
46914
14165905
68770
46241
14203187
55842
46498
14257813
54017
46178
14312567
50082
46721
14299414
60226
45058
14231732
52321
45858
14288406
52834
44513
14325335
65602
46145
14202323
63554
45441
14231860
50849
45410
14277878
52321
44354
14285142
52001
46465
14277109
60386
45794
14233268
55970
46177
14256404
53346
44770
14265973
52834
47138
14285430
49762
45602
14243028
53218
47586
14289558
58658
46754
14200915
52865
47105
14274549
57026
45441
45314
14090575
52034
45473
14294710
53538
46082
14277142
54113
47042
14309142
57666
44898
14239188
51746
45761
14304374
53922
45634
14327095
53282
46817
14311542
50178
45505
45217
14161745
56257
45793
14192370
49602
45473
45985
14022925
53442
45281
14229748
69314
45986
14227508
51298
46401
14244340
52930
45889
14270421
54690
47362
14196786
68002
45761
14230900
47074
86467
45825
14138705
55042
45634
14248405
54370
45602
14318583
54434
46369
14209139
55906
46146
14267637
56578
46689
14206035
54946
46337
14265365
53217
138628
47234
13942123
54465
45825
14283477
57922
46306
14270677
53058
46721
14298646
68386
46466
14229332
54754
46337
14286998
54914
46529
14265205
50754
132804
44770
14006413
62882
46722
14196915
54305
47425
14288438
55394
45954
14225396
54978
45218
14272181
60034
44322
14213876
54178
45025
14261685
55106
46082
46402
14121777
51234
46017
14289046
67970
46465
14217331
58402
47234
14234900
54082
47362
14333015
56610
46210
14225268
67970
46722
14186354
53538
45953
14220756
54818
44962
14292630
54242
44801
14240276
66786
47042
14223444
58114
47329
14242964
57826
46530
14256341
53634
44866
14254613
60034
45857
14258293
53825
45122
14288054
58146
45922
14239540
60226
46529
14230739
55714
47105
14125328
59106
45985
14262005
58850
45986
14258101
59682
47297
14248404
66530
46466
14199763
54818
44769
14236532
51842
45537
14277141
58050
47138
14253845
57570
46274
14246773
63778
49089
14084879
56322
46593
14239444
54914
47553
14301814
54690
46081
14221747
53058
45761
14252020
53409
45825
14261813
53986
46817
14319478
64738
45122
14205587
50882
46113
14262453
50818
46305
46657
14111152
51265
56578
45729
14110896
58306
46945
14171602
54689
47073
14244052
59042
46498
14217812
51746
45570
14273174
55361
46145
14239956
53601
46849
14267381
55042
45506
14205747
50369
46498
46242
14110832
49378
47105
45377
14098223
50690
46626
14289750
57186
47457
14238580
51457
45826
14291446
54242
46338
14235924
53889
46689
14263636
54978
45793
14234772
54978
46146
14251829
58498
45985
14230260
54753
46273
14277653
57890
46305
14234068
50658
44897
14287349
54722
46210
14219124
52354
45858
14248117
57378
45666
14252853
53730
45025
14286902
57186
46114
45633
14061806
59874
45441
14262037
53602
46530
14166994
59234
47618
14234036
51937
47393
14234420
58658
46369
14253493
55874
47009
14258357
53314
45474
14259445
57826
46657
14213043
54209
44897
14270037
56002
47681
14187250
55010
44770
14291158
57121
47714
14174066
54017
46785
14192978
59458
46754
14223764
59169
47489
14237972
53570
44929
14221587
47457
55522
44994
14107248
54210
46433
14326583
56994
46146
14243893
58978
44513
14244533
53570
45569
14284981
55138
46786
14188082
55202
46562
14298870
53570
43682
14188530
54882
45410
14310359
54306
45218
14280822
56865
46497
14240788
55778
44738
14254165
52161
47234
14258132
56098
45858
14252117
59074
47137
14154289
69186
46914
14214611
52546
46945
14339671
67298
50114
14007789
61730
47618
14171890
63266
47938
14223156
146372
99011
13440410
77891
71234
13757572
67683
54178
13955563
149349
50594
13648033
64418
55169
13880713
166533
52801
13711587
135012
131716
13815046
60546
40097
14229364
62146
48993
13957035
62754
48545
14027949
59298
48097
14142705
57153
46114
14063086
53794
46177
14288373
59170
47361
14250580
52674
47362
14287830
69218
51233
13977068
64867
48417
14016845
60226
47297
14187602
56002
46305
14180114
38305
28833
14481948
87779
70626
13327222
76323
66210
13640065
83714
63042
13509725
70690
73539
13510461
79106
70978
13493275
79491
70146
13225266
141893
133093
13463963
62050
36514
14022477
49410
41537
14034637
59362
46722
14182130
47682
36161
14325591
47329
32033
14290038
73890
53410
13950122
63970
48386
14180050
60290
47714
14218388
56610
46946
14206195
55618
46690
14227827
58338
45889
14258261
66146
49154
14039598
60674
47425
14050733
54081
47265
14261237
58146
47457
14175250
58018
45281
14189939
55233
45378
14257717
50786
45762
14329847
51234
45857
14316950
51874
44801
14290614
55074
46433
14229140
50657
45281
14290518
52321
44866
14302646
56929
46721
14207443
55490
47137
14213587
54306
46626
14231924
51649
44194
14283254
65154
46050
14222516
54786
46594
14212467
59170
46113
14257973
53154
46850
14132209
52290
45442
14310679
52609
44353
14269013
54978
45377
14271765
64514
46465
14080719
53666
45569
14195347
54913
44450
14239669
59266
47969
14154737
51426
45249
14307638
51842
45377
14315702
48290
45282
44610
14093360
48001
100803
45761
14111504
51490
45025
14260244
51970
45858
14274389
51202
45346
14283318
56066
45474
14181075
56418
47138
14238516
53761
44738
14284022
53282
45217
14223764
54465
45602
14290070
53442
45537
14315798
55202
44290
14248052
56258
45730
14203571
50465
46338
14266869
55682
45665
14274325
53026
45729
14309014
55329
44866
14219540
54626
45666
14275509
53762
45474
14271669
54786
45761
14322615
57026
47105
14175186
55362
45057
14239637
51330
44897
14268021
52449
45057
14275413
50722
45121
14227251
52386
45825
14252820
52194
44898
14260565
55361
45473
14209235
61090
46978
14162514
55810
45793
14243860
54754
46625
14236180
58626
46337
14234964
56258
46465
14190386
59650
47074
14196563
55714
46785
14302454
56194
46305
14317398
57282
46690
14200979
59041
45857
14122672
59394
47106
14269622
53442
45409
14320311
58850
46722
14229140
56898
46177
14250868
55202
44449
14264724
56065
46497
14220243
55714
46337
14226195
56194
46274
14241845
54498
46594
14237812
52865
46241
14271893
52641
45666
14220276
52066
46337
14260021
56994
47010
14212371
57378
46561
14198771
56353
46913
14204947
54146
47457
14236340
53345
44578
14264469
53697
44802
14265205
55042
47426
14213427
52865
44738
14284438
52577
44385
14336695
56034
46626
14184627
54178
46209
14224692
58658
45569
14153905
55938
45410
14233844
57730
44962
14201683
55618
45537
14275765
52354
44930
14273621
55265
46721
14275637
55426
46114
14247669
59298
47234
14132177
56930
47073
14253268
53441
46049
14253332
52546
46018
14273685
59586
46849
14119280
61058
46370
14222260
52770
46114
14225716
52354
46818
14267957
57954
46081
14164978
53250
44418
14286678
54945
44897
14251572
57122
47266
14202227
57282
44641
14206291
54850
45985
14288534
57314
47234
14210835
55490
44866
14132561
55458
46338
14232148
55074
46050
14222484
55138
45602
14221492
51810
44130
14262453
58370
45922
14245429
54754
45474
14205171
49570
45729
14229876
53538
45890
14249813
53794
47521
14209523
56897
45473
14196915
54753
46017
14236692
55170
45730
14258037
61794
45377
14214035
54338
45953
14207635
51777
45378
14248533
55938
46242
14262868
61122
46305
14186194
53250
45122
14245940
52642
45473
14251316
53602
45377
14268501
53986
44545
14243477
58498
46626
14262165
58594
49058
14257109
54625
46178
14299638
72642
51906
13926186
58017
46018
14184403
57506
46593
14229140
52130
43649
14236020
46466
36801
14306679
41089
32033
14415962
53890
33537
14239732
56386
46626
14151889
54722
45634
14212275
57570
47266
14167826
55266
46946
14268693
55874
44930
14263925
55170
45570
14245972
51042
45474
14278230
49282
44609
14120560
51585
46050
14195123
59810
45858
14142385
52929
45633
14214483
49633
56066
45793
14130224
56706
45633
14159025
59842
45281
14253109
58626
47361
14031245
54210
46306
14199219
55650
46370
14291734
55010
45314
14244340
53442
45698
14502781
59906
48546
13920234
60450
47074
14202451
54178
47137
14259508
55554
45890
14284310
58370
46465
14262581
54274
45890
14281430
55842
46114
14202003
54754
44929
14278389
54434
46145
14266165
53826
45602
14303414
53666
44898
14255157
56450
45250
14215187
55393
44130
14279029
50978
45922
14279702
57410
46945
14291798
53474
46593
14332567
57922
45378
14323063
56225
46946
14188307
54370
44609
14224819
50241
46049
14286678
50530
45729
14339768
49537
46114
14277206
51361
45314
14256405
49441
44417
14339383
49793
45153
14292310
54370
45697
14260948
54562
46081
14256341
51426
44993
14299255
45570
54018
43105
14188242
58754
48738
14094511
54658
46818
14243156
51746
45857
14260405
54978
45186
14273622
50978
44353
43937
14142833
58626
45602
14264533
53986
47329
14249876
51554
43682
14275893
54498
46145
14291542
56961
44385
14215956
54754
45441
14272213
51457
46274
14325879
51810
45953
46018
13989900
55458
44577
14259701
55041
46561
14261204
51010
45378
14334360
54178
46722
14294742
53985
46018
14250741
51841
44930
14291862
51329
44642
14302582
52418
45697
14311670
54978
47234
14248821
56066
45889
14230420
53026
46273
14243764
51298
44961
14286421
55202
47810
14213523
58434
46689
14248468
52321
45026
14266677
54722
45282
14291158
55426
45058
14221780
59618
46850
14303991
57858
45090
14199539
56226
46945
14180498
52194
56258
45634
14058350
54306
45505
14262869
52737
45570
14253845
52258
44897
14275381
55202
44770
14247573
58657
45441
14273045
53986
44097
14266261
51874
46242
14251317
58849
46337
14273941
58210
46178
14146545
56578
46113
14264949
53794
45090
14263029
59298
46593
14241620
57986
47041
14310390
54434
46626
14258516
53601
45825
14217427
58754
46594
14225108
50113
45986
14269365
50530
46658
14342648
52706
45953
14322455
55170
45185
14247924
52737
45762
14320567
50977
45058
14277013
49698
46050
14301591
54721
45793
14241461
53346
45761
14164466
50690
44513
14265429
50593
46274
14317783
55010
45570
14223732
49698
45089
14265237
55842
45345
14299030
74819
52961
13927114
58626
48513
14121584
55682
45953
14257940
74819
64418
13742148
79458
73570
13725955
65442
56674
13914857
85859
90403
13772133
67298
68323
13968267
76930
56417
13777989
75106
54850
13835303
66210
44194
14044142
55714
43458
14156978
60226
46881
14143825
59618
47106
14193619
60322
46562
14200499
54210
46113
14322679
61282
46337
14219827
57282
46337
14221107
52034
44257
14278517
53122
44609
14250196
55010
46370
14225492
58434
45665
14224883
52578
46881
14263445
55746
46242
14206707
52674
46465
14268757
59010
46562
14185555
50561
45473
14276982
52194
46721
14277173
54914
46946
14306102
53378
45090
14326007
56674
45826
14258069
62690
46593
14114416
56674
46402
14190579
53186
47106
14262741
55778
46593
14163825
55138
46498
14253909
58530
47617
14199218
54626
45218
14221332
51522
44482
14261717
58850
46818
14255765
52097
44898
14140049
55458
45122
14285494
72834
51297
14031277
61122
49538
14142033
58594
46818
14228820
59778
47969
14113968
55810
47553
14256596
63554
49506
14054574
65122
50466
14228500
70370
51426
13909066
62786
48834
14075854
67106
51393
14048462
61666
47553
14196371
59586
47010
14089871
53762
41249
14237972
50370
39009
14269973
54402
45857
14206163
57825
45858
14160050
56129
46050
14200307
55906
45921
14194994
55074
46882
14214963
59842
47041
14223476
54594
46465
14226004
56098
44801
14259285
59746
65538
14173330
54466
46530
14247317
53826
44641
14275285
53985
44770
14259221
53954
45057
14255380
55618
45506
14248052
56802
47137
14313335
58178
45633
14266581
57281
46242
14319031
51298
46593
44417
14097743
50849
55970
44769
14103727
49570
88195
45474
14026893
53090
45537
14286869
54754
46913
14232116
55329
45185
14252245
55138
44801
14256852
52386
44353
14260053
54370
45025
14254484
53890
45633
14254133
57601
44994
14271286
57986
45921
14251604
58753
45761
14231604
52258
47106
46401
13957803
56418
46018
45538
14141585
55426
44610
14261557
55617
44994
14266933
54401
45698
14234036
53954
46210
14245685
53730
45601
14271637
59682
45953
14246132
55010
45410
14226100
55778
45474
14252693
59522
46722
14240948
55714
46817
14263637
56226
46081
14234196
54722
45826
14258325
59970
47457
14224755
58882
45474
14231156
55298
45537
14271285
61954
46978
14162834
50786
45634
44801
14122480
56641
83907
45122
13987020
50562
53922
44162
14100592
59842
44834
14235892
54594
45954
46114
14136241
56450
47105
45633
14081359
52353
46209
14239860
53218
45729
14245141
68707
51010
13990188
57378
46209
14157809
57474
47458
14204755
59394
46433
14244468
56482
46497
14219955
54914
45826
14219412
60610
44929
14185042
60354
47074
14240564
53026
45825
14282773
59298
46274
14211252
53954
46241
14242708
52962
45442
14228692
55394
46306
14219220
55265
47809
14207987
55873
46177
14266390
54081
45601
14231892
57217
47969
14248724
54530
46337
14196467
55138
46593
14249268
56610
45442
14235444
59650
47137
14188850
53250
46753
14200018
59074
47041
14255349
54274
47682
14259925
57058
47266
14246068
53058
46082
14203667
59490
46241
14234420
55042
46050
14224276
58465
45698
14226164
56866
45698
14188755
55074
46210
14267541
53506
46178
14236757
56354
46945
14237236
54658
45057
14270261
54690
46850
14229620
53826
46946
14233716
53314
46594
14286006
54850
46114
14210099
57922
46305
14254004
59266
46850
14256853
53986
45665
14316118
59586
46305
14220275
54402
44546
14247829
57634
46914
14248469
53857
45666
14319031
55105
46689
14175570
55362
44834
14235188
57570
45697
14221811
55009
46402
14232596
57250
44578
14223028
53730
45570
14227124
58402
46114
14224788
53890
45314
14292630
56994
47106
14213011
59490
46305
14276437
60098
46050
14131089
58018
45186
14243445
55329
46146
14189267
56034
47042
14237812
54754
43842
14248532
53729
46849
14244788
53922
46561
14235028
59842
48482
14115504
55970
46754
14215636
55970
45633
14258837
56129
47009
14241300
59042
46978
14063087
56034
48194
14216532
55809
46433
14250676
53346
45505
14274101
54369
46561
14250580
54434
44609
14275765
57026
47553
14220275
67906
46913
14212819
54402
45345
14296342
53538
46050
14306614
59970
45441
14277429
56802
46498
14212020
59682
46306
14209523
56033
46978
14279797
53954
47458
14297334
55394
47937
14212499
56577
46946
14281205
59202
45666
14261845
55681
46209
14254900
56034
47009
14232756
59106
45761
14300214
53986
45858
14229684
55650
45730
14207348
53218
45570
14275093
54850
46145
14267765
58242
46402
14253077
54018
46721
14242708
53666
46945
14223379
54177
45314
14297942
55458
46369
14261813
49793
51266
45442
14124721
51265
45666
45602
14098288
56385
45922
47297
14106063
52802
46785
14249140
54978
46625
14233363
55074
47234
14266165
56418
47426
14183378
55522
45442
14254389
60642
47201
14244436
54562
48226
14232339
52994
47522
14238613
54881
44609
14241172
54305
46081
14244692
52930
47458
14236468
53634
46882
14223827
51266
44642
14279574
57730
45762
14123697
53506
46914
14246837
53729
45858
14255604
53314
46242
14231860
53698
46498
14242484
53666
45729
14265109
52673
45569
14242581
53666
46625
14246612
54049
46786
14290678
53793
47042
14309111
57186
44737
14191922
58242
46594
14242325
53186
46465
14239444
53602
46689
14237076
58402
46370
14231124
53602
44897
14249556
54690
45506
14244116
56898
46274
14243732
54498
45089
14236372
54562
46882
14231508
56130
46370
14287830
62626
47553
14155121
52578
46786
14264661
52226
46241
14291414
54594
46946
14261141
53794
46593
14268277
53409
45058
14303222
54722
46882
14241780
55074
46561
14249300
54114
47202
14249460
53218
46690
14232212
53698
44897
14279765
52994
44993
14282197
53729
45474
14298262
55362
47106
14183059
58818
46433
14236308
55074
46402
14262101
53858
47105
14253300
52513
47074
14305495
58306
46530
14243957
52514
47841
14282710
52769
45570
14319479
52897
45890
14267061
54850
45345
14272149
55362
46113
14298934
51202
46145
14351032
61826
46337
14029485
53186
45794
14268661
50306
45633
14281109
53890
47265
14219700
51458
46145
14266261
57282
47009
14243444
50497
46402
14259316
51682
45409
14279541
50754
45729
14266325
51266
45378
14283222
51458
46466
14273557
53538
44545
14269493
51521
45730
14253492
52834
44481
14258324
54594
46018
14267541
57602
46369
14236468
57410
46370
14244660
51809
45122
14256373
55842
46145
14248244
51042
45506
14267733
55266
46818
14214867
53474
46049
14313430
58978
44961
14313846
54210
44706
14275157
53570
45057
14320215
53441
46114
14318679
53601
46882
14284694
55394
45249
14316150
70243
46881
13962763
58498
46210
14205555
52738
46081
14298262
75234
49921
13976555
64066
49474
14011020
69090
49890
14007245
63714
49186
14061294
63522
48417
14143153
61922
48482
14038702
59170
47138
14108304
53186
32961
14260564
71458
47201
13840103
59330
50625
14150417
61346
48481
14174002
59394
47681
14158641
55234
46017
14240180
55522
45698
14250037
56098
46081
14222419
55009
47234
14154321
54978
44610
14243124
54370
47042
14202163
55170
46722
14217428
54818
47297
14250004
53282
46466
14264725
54306
47234
14241588
55554
45218
14250965
52482
45986
14291958
54497
44609
14250645
58818
46978
14265621
50977
43938
14270165
54370
45666
14264629
54242
44641
14245556
54562
46273
14283765
59202
46338
14239860
53922
46082
14253141
55202
46178
14243317
55233
45025
14278037
52386
44865
14284565
56290
46529
14226099
55746
47458
14237556
54658
45345
14253332
50722
45666
14269301
56514
46689
14221267
59457
46402
14246901
54433
45090
14268149
51714
44545
14264533
51649
45314
14271766
52354
46273
14291830
58466
45986
14264917
57218
45826
14326775
59522
45826
14274006
56738
44833
14331671
53506
45569
14294454
53377
45090
14266549
54114
47361
14238164
53954
46786
14334584
55234
45953
14252276
55138
45377
14269973
55746
45314
14259925
59137
46690
14254613
56258
44641
14242484
66818
46786
14283798
55074
46306
14245172
58978
47489
14275925
54082
46498
14222356
60738
50049
14157617
72866
51489
13986700
58625
48418
14161842
53698
46402
14252725
59362
47426
14099312
45217
31425
14295222
58338
47265
14116848
55970
47169
14171442
52098
44865
14240724
59458
49666
14161234
58818
44801
14197075
57218
47041
14177522
56866
47842
14234484
53826
48226
14238292
58210
46434
14266901
56802
46786
14153681
53921
46241
14232148
54497
45633
14246964
53410
47682
14234260
52994
45762
14251700
52418
45602
14250133
57474
46658
14212660
58818
45761
14230612
55490
45665
14232852
53346
45377
14280181
52162
44865
14293366
58082
45281
14228404
58786
46018
14248693
52801
45409
14254261
57378
45729
14243316
55138
48034
14241300
49954
90627
72067
13996237
51201
80995
45634
14040078
54785
44322
14286806
54178
46338
14276149
56674
46370
14299926
57154
47233
14298486
49473
108291
44770
14106544
53089
45218
14251061
50305
46402
45186
14084015
53634
46562
14234868
53250
46241
14264245
53346
45986
14240500
54625
46849
14197363
53698
46402
14253525
57474
46593
14116208
51809
44674
14268789
51586
45953
14260213
54018
46914
14236980
52290
46369
14261621
55106
45282
14278165
59170
46370
14230612
54594
44673
14262997
54050
45378
14242293
54658
45793
14273749
52642
45729
14302262
53826
46178
14261141
52834
45569
14250388
53826
45858
14246453
57250
46882
14215124
53762
47009
14265045
56770
45634
14280470
60002
47074
14190802
56641
47266
47553
14039438
58850
46529
14230771
56737
46785
14264021
51969
45698
14257525
57762
47330
14235892
54945
45442
14269941
54850
45506
14276629
54530
46722
14258965
53858
46082
14231476
54818
46402
14526494
60258
47874
13915946
53026
47137
14314486
54914
44257
14287030
52642
46210
14332983
51458
46369
14283765
51970
44833
14296854
52898
45954
14280758
57026
46722
14230196
57249
45921
14256404
55778
46178
14197587
53698
45378
14275958
51330
45218
14274230
54818
44610
14297206
66274
44833
14247988
65698
45666
14260405
58914
45858
14298358
66563
46177
14250548
57570
45537
14260916
56322
45282
14121553
55810
45602
14267733
52290
45922
14311799
56386
44834
14256917
54114
46306
14297622
54210
44386
14268725
57922
45697
14289942
56738
45250
14254549
56546
46113
14275381
52929
45249
14255508
52162
46562
14266677
55138
46114
14254772
50658
44226
14335287
51617
45954
14271382
51010
44705
14334648
49954
44033
14314806
54562
45538
14222228
54593
45154
14326103
57378
46081
14278869
58594
45249
14340823
55874
44385
14214867
55618
45122
14309303
52130
43809
14342999
53666
44034
14346872
55778
47842
14146257
53218
46850
46177
14120048
50498
46593
14291094
55970
44994
14202611
54082
44129
14277461
52482
44481
14293622
57858
45314
14313239
54722
44737
14302870
52961
44929
14307062
52546
45026
14343479
52962
44385
14324215
50017
46434
14311159
54370
44065
14338039
53666
44994
14328887
54594
46242
14229204
53922
45378
14325751
52449
45250
14287766
57730
46210
14281270
58081
44738
14314263
54977
44034
14257653
55042
47010
14258485
52930
44065
14337624
58722
47234
14174130
56034
45826
14202163
54338
46945
14316951
55330
45281
14220979
51617
46114
14304118
51138
45025
14291030
50466
45409
14261941
50690
44354
14294102
51554
44481
14247060
51458
45729
14260596
50626
43458
14308535
49730
44161
14309974
56994
47265
14175282
51841
45858
14326839
63554
46370
14068846
58754
47073
14276693
55234
45378
14257557
54690
45218
14260277
54626
45601
14315895
53634
44673
14252340
57346
45889
14265429
53474
44289
14264725
54465
45154
14292758
52066
46466
46017
14059950
54434
46434
14269973
54625
45794
14304054
52354
46593
14297814
50178
44833
14318103
54817
45730
14327895
52706
46401
14276661
53762
44257
14330264
51938
44993
14260597
49474
44642
14304182
52898
44258
14345016
58146
45441
56290
14009709
51906
44673
14313622
64418
48641
14136689
56770
48065
14200019
57154
48290
14238260
59426
46466
14259893
57026
45761
14240052
54370
47810
14232852
54786
45538
14235988
54082
47138
14250101
53793
45185
14238772
53794
46786
14264021
51810
46530
14127953
50017
45026
14262837
54082
46690
14220052
55041
46081
14233972
53954
46017
14272725
50978
46081
14207731
55234
46306
14249589
57025
46113
14247124
52994
47169
14257525
56706
46785
14210035
56450
45153
14247476
56962
45698
14237525
54338
45506
14262709
58690
46850
14240148
55970
46210
14296662
57569
47265
14253620
53058
45666
14271605
51874
46241
14223092
53762
46594
14264181
53570
45666
14253749
53729
44993
14251988
53953
46434
14266069
52706
44898
14244309
57730
46722
14251541
53602
45218
14248149
53474
44865
14280245
54818
46465
14253780
53505
45346
14276470
53954
45633
14255413
55650
45826
14246645
59137
45409
14255796
55714
46273
14264309
54530
46049
14260309
56226
47618
14185746
54178
46561
14233876
53858
46466
14230324
59106
46498
14211091
51297
46306
14283094
51330
47970
46306
14064399
55618
46689
14235636
53505
46082
14200755
53761
47170
14264533
59266
46786
14248949
53922
45602
14249013
52865
46881
14215603
49666
46337
14315606
58466
45697
14089647
53890
45729
14274677
60610
98307
46018
12718403
64642
49410
48258
13882825
55138
45633
14173970
52418
45154
14305463
78019
59554
13615072
82211
154757
13199922
62434
47010
14109808
154693
75202
13389400
221800
75203
13176209
171366
160613
13191954
145061
67586
13382040
114084
46402
13928937
60450
57474
14038029
55394
48898
14151698
61378
48802
14089552
56386
46913
14201107
55650
46018
14188434
52706
46081
14256341
56834
45473
14215795
54978
45377
14248244
56706
46114
14214163
54818
45761
14237972
53922
46721
14235220
53026
45985
14249268
54082
44898
14216563
54786
44929
14262997
56866
45121
14242516
53474
46049
14245204
56898
47586
14190899
53953
46241
14244884
52833
46241
14230708
52065
46753
14239988
51681
47265
14208083
53890
46338
14297174
55458
46082
14187122
55265
46497
14209299
59106
46369
14217012
55234
46305
14229363
54786
45505
14266805
53665
46242
14275829
57762
45890
14228404
57954
45730
14229300
53985
46241
14231828
54626
44865
14197939
55650
78435
14102767
51457
46145
14275701
57538
46625
14234484
56546
46977
14297110
56642
47074
14137808
55586
46209
14245108
56226
46402
14232051
59074
45377
14214579
53378
86499
14120496
55265
46338
14298455
55074
45505
14258453
55138
45825
14268053
53922
46306
14214611
55426
46722
14195987
52610
45986
14230644
51874
45921
14318647
52738
46369
14260085
60162
47042
14172338
54978
44929
14301046
51713
44258
14349720
59170
46850
14199283
58658
45217
14236180
54722
45761
14241364
60034
46082
14233396
55362
45474
14205779
52706
44930
14256245
53121
44546
14248725
57186
46434
14222964
52706
44833
14220787
54754
45441
14272277
56098
47169
14200275
50562
45538
14250549
51010
46882
14323959
53921
46561
14247252
58306
46561
14255989
58337
45986
14212499
54530
46050
14221812
54914
46721
14299734
52802
46657
14305334
53409
45602
14261269
53890
46177
14326615
51746
46754
14236212
52482
46082
14268597
57634
45762
14250773
54978
75555
14128752
50498
44897
14254005
60162
48577
14131441
55138
44513
14312822
50370
46145
61698
14066126
57570
46273
14310230
51522
47042
14261685
57186
46977
14168146
61154
89763
14147761
78819
75683
13601664
60002
49761
14119824
61858
47554
14083887
58818
84195
14099919
58977
47105
14123824
58210
45953
14148113
60834
45761
14151441
58369
56642
14049166
50850
30145
14269813
50241
35681
14244789
59458
47330
14111312
64803
63010
13997804
62499
47073
14139953
64226
47106
14116496
60386
46177
14176626
59714
98595
14096207
64578
47521
14095855
68994
47201
14058126
59458
47106
14189619
58658
56706
14111216
64098
47201
14090063
58530
47362
14119472
58786
45346
14287574
51298
46945
14280437
51554
47138
14281846
59298
47586
14156850
59682
47297
14161169
55650
47394
14191283
52418
46018
14222324
50978
47074
14278710
62146
47681
14111760
56418
47265
14232916
58018
45442
14221716
57954
45538
14270709
62722
46562
14152402
58370
64738
14062350
55521
47073
14281685
48290
76194
45762
14102704
55266
45057
14243284
63971
49602
13976876
51138
46305
14240564
51330
45794
14271189
51042
46018
14288086
68546
47970
13979499
57058
47842
14188467
68770
47233
14123056
57698
46306
14175986
60898
60866
14113008
60290
48610
14115728
57922
46178
14155218
55170
47266
14191794
59906
55938
14142289
64706
47329
14106255
61666
47105
14166034
59394
47714
14122000
61602
61474
14097807
57698
47042
14182035
67458
49858
14054318
63138
48322
14089935
59778
68354
14117968
58146
44962
14169490
55202
46721
14190771
59362
46562
14112272
55137
58018
14112816
61378
46338
14195570
62626
46593
14057518
57346
44673
14180498
60674
61698
14146385
56834
45922
14215316
64835
46817
14102736
61570
46210
14205363
56930
63234
14112592
60674
46722
14178226
60162
45698
14178675
59970
47425
14113744
54434
63202
14137009
58978
45921
14245940
66114
49762
14019629
59618
51330
48257
13954955
58018
73922
14062830
51618
47617
14273013
51362
47266
14281302
57186
46081
14239252
54914
46946
14261013
62306
46914
14155730
55362
47169
14111792
53921
47746
14190195
52033
75554
14415578
68706
45697
13719683
54818
45826
14223028
55810
47138
14240212
54434
46562
14277653
52770
45665
14235636
54082
46210
14227604
53858
45185
14251796
57890
76802
14183378
53537
188870
47009
13925738
110596
54114
10820132
88771
184390
49346
13061357
75043
158949
38977
13188306
71426
163334
38594
13425050
62018
391437
43426
13047021
70754
38209
13681890
61666
33153
13824327
56898
30081
13840519
57762
27105
13835623
59810
30497
13841703
42177
32545
14007533
68643
49217
13997932
62819
36321
14078254
61794
27681
13763300
60354
86435
13635968
109732
49441
13776773
64034
48545
14051150
63458
46626
14113520
57121
65922
14118449
57986
47777
14208339
67810
46498
13955147
66050
48226
14077007
56866
66114
14099087
57505
48162
14178803
61218
48162
14151921
68546
51489
14012845
60802
51329
14088335
57410
47138
14163985
58689
48353
14125745
63394
48738
14058478
64034
52193
13982092
59426
49345
14139665
58082
48354
14153457
56866
46881
14163217
98884
54882
13867752
63522
48577
14137297
62434
50273
14055534
62754
47266
14136529
57154
51330
14088495
65346
51170
14065710
144901
50466
13930794
58210
48706
14137873
59170
64226
14097359
62178
49410
14075631
61506
48738
14042318
58850
48034
14151505
60802
49697
14061678
59106
48226
14148881
65410
132260
13873256
69986
50786
14000204
62274
55650
13958379
60162
48033
14084623
60514
47202
14151921
62882
47970
14014476
64706
61410
13948715
58082
48001
14147601
57826
47361
14161649
58786
47682
14122225
64450
52482
14027053
90819
57058
13475611
74147
52290
13854984
58274
49506
14115729
55874
61634
14096271
60386
47873
14150001
67682
50177
13977100
64322
48674
14135569
56610
54466
14099055
57474
47329
14165810
62818
50402
14004653
54306
47969
14253909
55938
63874
14146961
62531
134596
13997388
63906
48130
13996493
53378
46081
14209011
56546
65123
14178610
144005
66978
13886185
62050
49313
13928010
61346
47905
14180658
55234
65410
14134609
64482
49154
14012076
63938
46849
14005612
59714
47682
14147217
62882
49282
14044718
65891
51298
14062862
78947
49826
13928266
58786
47841
14187667
57090
84099
14249109
56641
47170
14162770
62466
47202
14137457
60194
47265
14091471
58433
46690
14062446
56066
46850
14246197
55362
46049
14268661
62946
48226
14065711
62466
48354
14037293
54466
46146
14247765
51618
46401
14249268
65090
51330
13972779
64162
49921
14031309
59714
46465
14128689
67875
52994
13985996
66146
43617
13937642
61218
48449
13965547
61122
46401
14113712
63906
46562
14055886
58850
36289
14055470
57602
44673
13709027
73666
52482
13910601
61730
50242
14077199
62594
49538
14048526
68354
54210
13939499
55298
47490
14167602
60962
48226
14257685
71395
51138
13876616
56930
38657
14043406
44385
26209
14198867
68994
43586
13911145
61314
46242
14102352
61666
50914
14054798
64898
48674
14080783
56417
47170
14176786
62338
47362
14149169
58178
50625
14151057
67811
46882
14057966
62050
45729
14174546
55201
44866
14188658
57154
49826
14005069
60418
46242
14111792
64226
46466
14102192
58818
45953
14218100
52450
61410
14205843
64450
45346
14144241
64738
46113
14064910
56738
45153
14200851
56802
62658
14142737
61282
46850
14105680
61058
46849
14095535
61250
45282
14101615
58338
50370
14136752
57186
44354
14204179
60098
46625
14123280
65090
46818
14074063
58433
44962
14075215
56290
47842
14168625
60482
46690
14187539
60226
46273
14185746
59170
46593
14073646
60194
46754
14168146
56610
45026
14201971
58754
45505
14161713
64386
52129
14029261
61058
47137
14089807
57378
46210
14187123
55010
46529
14178802
62274
46849
14088847
61538
48034
14103184
55522
46529
14192210
59586
46018
14184467
59618
48898
14081935
61698
47938
14076143
58050
47138
14169394
55906
46946
14183186
60258
47714
14070063
62178
47553
14082543
60962
47073
14126992
57473
46945
14134480
57122
48258
14099728
65858
47042
14077359
58754
47010
14150097
58114
46977
14153521
65282
50978
14068751
70787
48961
14024877
69091
50145
13864424
60930
48226
14130609
59490
47618
14113488
57218
47042
14202675
55073
50754
14157138
65186
46594
14076142
54017
65442
14144721
54177
44769
14264213
59586
138532
13973004
59586
47042
14111952
57346
58242
14093455
54146
48130
14276533
68674
48609
14103792
66530
48994
14060943
59138
50274
14120624
57698
46210
14172562
63811
49698
14050350
61442
47169
14141201
59522
47586
14121585
58914
48098
14140305
67778
47394
14074831
58338
47425
14164497
56930
47809
14142897
62722
48193
14069327
59426
48258
14139441
56386
45473
14160913
58274
46977
14130289
63426
46978
14099888
66018
48993
14085231
61442
47937
14097231
58146
46305
14127024
57762
47585
14171634
60226
48609
14109360
64546
46977
14095087
64290
48226
14035309
61570
46626
14164721
56706
47361
14171090
63394
47073
14144977
64642
48386
14032941
66530
48290
14081135
59330
46146
14145905
56802
47841
14167794
57090
52641
14105008
65794
48450
14090607
56578
47746
14171666
55906
47106
14205043
75650
48130
13855495
69346
48258
14014061
49922
32801
14235028
54177
34881
14145361
49250
35393
14243092
75523
48706
13899049
61218
47554
14063727
63682
48289
14081647
101827
52834
13968875
70082
52610
13931434
66114
50274
14041902
67779
48481
14060910
58018
41922
14078511
53954
38530
14145969
52226
35617
14156241
40449
25281
14288662
43073
36001
14322199
69602
49250
13994764
66178
48193
14040781
60322
46817
14181618
60962
47265
14116656
60226
47521
14181586
56130
46402
14146001
61090
46946
14118385
57282
46049
14140529
56802
46274
14201683
54498
46689
46658
14058959
64290
48193
14076591
59746
46593
14078191
53538
48065
14181586
56994
46114
14175986
59362
46529
14103247
64450
49665
14062958
58914
47457
14114512
54753
47201
14307958
56770
47362
14200691
57346
46114
14157874
58146
46241
14141297
56514
45409
14209747
55586
45890
14173714
61314
51682
14129840
62082
47618
14077006
60194
46658
14180243
54850
47681
14213427
60226
45954
14071599
57602
46626
14132752
55906
46049
14070095
60482
45761
14172690
56674
48993
14148561
58082
46689
14129552
59618
45441
14203027
63138
48098
14104496
61922
49634
14097167
59650
46561
14134608
57121
47297
14117008
55874
47681
14191539
55713
48226
14154033
60866
47266
14135697
56354
45953
14158225
58850
47746
14124176
56674
47234
14087376
56546
46466
14191442
59586
47426
14097776
55682
45889
14165585
57570
48738
14143793
59490
46817
14176370
58786
46753
14170546
60898
46274
14107695
55202
45857
14128432
53250
46178
47266
14034382
60834
47362
14106768
58466
47554
14109456
59330
47169
14107568
59074
46177
14140305
58978
46306
14078287
57890
46178
14214548
49602
84258
46210
14007052
60642
46530
14120593
58434
47361
14104464
56129
47746
14178259
56130
46050
14166450
58465
45922
14180883
59074
47041
14130993
58530
46049
14160402
60066
47137
14059886
60706
46562
14117105
59298
46594
14111568
56578
46242
14179762
57634
49986
14163954
62466
47234
14123185
58754
45985
14108048
56961
47266
14172754
189958
46433
13906697
58338
47554
14099888
59746
46562
14143537
59810
46273
14123472
56834
47810
14155378
54402
46850
47169
14054222
58722
46881
14093039
55682
46818
14176818
62658
49730
14084335
55714
46977
14199923
56002
45889
14216627
63522
46113
14110256
65154
37505
14028814
44834
30881
14336728
53090
36290
14110384
53666
34881
14198707
62914
49954
14115536
57121
47233
14180018
61730
47489
14085999
64770
47361
14094767
56897
49057
14080303
55906
46146
14217811
62274
46146
14128368
62626
47905
14085743
59266
47521
14068302
59458
46498
14219060
55362
45889
14239380
54945
45697
14276565
90819
46754
14049838
59201
45633
14095855
61570
46945
14152561
54978
45313
14206644
57634
48769
14148305
61858
47554
14113968
60130
47330
14176786
60930
47842
14114768
57409
50337
14131985
57281
45954
14199411
59234
46945
14092783
57954
47361
14130961
102307
48353
14013645
58338
46369
14168690
56930
45729
14181106
56449
47074
14218068
105540
47265
13988204
57314
45217
14193298
55458
46626
14071631
61378
45985
14181746
91939
47554
14096336
63106
46626
14082607
60322
47074
14181074
54305
46178
14199251
59874
50210
14137552
64866
45377
14070062
62562
48033
14125232
59842
46818
14159922
58402
48769
14144081
56514
47585
14188563
60258
47714
14117361
55842
45793
14186866
109188
46338
14041806
56610
46594
14146449
57217
47650
14164817
56481
47298
14185011
112260
47777
13992044
62082
45761
14154321
56162
46689
14191731
56898
44706
14191315
102211
46593
14029677
61442
47458
14113904
58306
46786
14114928
61474
45730
14148530
60994
47521
14139089
60577
47617
14111344
56162
46497
14195442
56354
45953
14201395
75491
46498
14008909
61666
47106
14106800
58562
46594
14127760
55586
46306
14172754
57122
47937
14164914
61570
46594
14148754
52994
35393
14201555
58690
37953
14129649
55682
48385
14176370
63074
47874
14057422
56098
46786
14215284
51457
46978
14302230
51010
46434
14237877
56578
46977
14228244
38689
24385
14309142
49825
33217
14223604
58177
31553
14108560
69762
48705
13944874
63074
47490
14098640
62594
47073
14190002
57506
49825
14158449
59746
47458
14236340
58594
46562
14118480
55490
42465
14165266
45826
35009
14299894
53378
35073
14165266
45633
29665
14326423
68483
46146
13992685
55426
49314
14147089
55394
45442
14256917
52609
46626
14319863
58370
45250
14207156
55202
45217
14184914
58530
45570
14122960
55842
44898
14276438
55714
45857
14126992
60706
50850
14141393
57378
45762
14230740
54178
46242
14237908
50594
46178
14277366
99107
48097
14053934
54337
44098
14222068
55330
44994
14234644
54369
45697
14271349
73442
47009
13994412
52705
45890
14285110
51778
45057
14297526
57282
47394
14407961
63778
48194
13895849
55617
47010
14302711
60290
47489
14090703
51969
47746
14299223
55906
46529
14235956
53698
45793
14264821
51458
46753
14315958
54562
45442
14213363
52770
49442
14221844
50146
45633
14241172
51521
46273
14250676
51682
46369
14237140
55202
47426
14212468
55266
47554
14218292
56066
46306
14140017
58370
45985
14172850
54242
49538
14215732
56290
47266
14214931
57506
45954
14181618
56642
46178
14173362
59554
49154
14165234
53922
47010
14252053
54274
45378
14246517
54114
44865
14307062
90947
47074
14076047
51522
44961
14332439
61282
46977
14163026
60098
46178
14228531
55105
49505
14190130
50818
46498
14282838
55778
45921
14164529
55746
46306
14310167
59234
45409
14237044
55074
45474
14319319
54978
46274
14325591
54690
45505
14189042
55330
46178
14195379
63906
50882
14002476
59426
48065
14121232
55746
46433
14181746
97443
47905
14134801
51298
47169
46177
14058350
58498
47841
48034
13949739
60194
46753
14176242
86595
49026
14171665
56258
45985
14199123
57825
46145
14145073
51585
46658
45665
14074222
132005
49985
14090991
56482
47329
14200659
55618
46721
14205395
52962
46113
46017
14029613
89027
45506
14167986
55393
45953
14220979
53954
46753
14202291
53538
45474
46530
14040910
98147
48738
46913
14000300
56738
46017
46082
14051374
55202
46626
14220468
60802
46146
14161074
62370
45153
14043981
56962
45634
14173746
51618
46242
47170
14067599
51650
47778
46274
14040718
85539
47585
14169842
55842
46818
14204755
56962
45762
14212052
54178
45858
14187059
86211
45921
14195571
54882
44898
14226196
60322
47553
14111408
58402
48385
14092304
92227
46018
14090447
54242
44321
14207059
55394
46145
14216275
56161
46562
14184211
90467
45793
14113424
56418
46433
14168626
55042
46561
14213139
59106
47362
14079983
87683
48065
14139377
54402
45793
14187186
56706
46465
14148657
58338
47138
14188562
162086
47905
14074191
56066
47138
14160914
55522
47010
14170866
55202
46626
14201939
87842
47010
14156466
56033
47234
14196211
63778
49986
14111408
55490
47233
14203475
53186
46658
14245077
58466
46690
14155122
57218
46242
14191155
55682
46402
14241396
93923
45346
14141041
62402
46178
14147249
55810
47202
14185747
55042
46721
14221971
82754
46370
14180563
58594
47074
14114768
55426
46881
14200851
57186
45057
14186514
87394
46946
14190163
66435
51042
14007917
66946
52258
13831814
50370
38593
14154961
56545
32961
14158546
52961
36577
14197107
74050
51874
13954922
67330
48866
13954442
67490
48642
14089808
57218
48354
14201875
61122
48417
14114864
65026
47906
14040078
63682
44034
14067343
47778
35905
14218580
51298
35553
14202899
43618
29025
14334743
54017
32737
14142769
40225
27585
14400185
65122
47649
14056910
57057
47938
14178803
102596
47425
14142545
61314
45890
14199219
56993
48002
14206676
59810
46338
14185011
68227
46434
14153746
60098
47169
14226771
56226
46465
14189586
55010
45153
14204147
93891
46081
14140049
54785
47010
14197203
55074
46370
14200851
59778
46338
14206483
88739
46625
14214963
63906
47426
14078511
60642
46274
14169362
55586
45985
14206643
92675
46114
14152241
55682
46882
14222740
57442
46210
14206323
54658
44545
14213971
180166
46497
14057678
59234
45474
14127089
60098
46338
14157426
55298
46305
14204947
91203
46850
14166482
57506
46465
14171218
59842
46754
14184723
55297
47105
14204147
97795
46434
13885353
52641
47298
46466
13998637
58306
45698
46402
14040270
56098
46594
14208500
90051
45601
14224980
59266
47010
14123025
53186
46754
46305
14030669
51393
46722
45025
14075534
52449
56418
44322
14071663
50305
44162
46306
14105392
51650
46402
47393
14052046
48770
44930
46721
14095247
75362
49890
44802
14092496
47682
45377
44193
14133168
51010
46177
45954
14062255
55298
46209
14186738
89890
46050
14155474
50210
45569
14297750
58114
46466
14314327
57026
46690
45762
13979052
67970
46274
46977
14003564
52162
45793
46434
14094992
51106
45825
46498
14159474
58050
45921
46050
14001389
64674
46369
14147761
50818
45857
46402
14045422
51234
46337
45826
14117168
58338
46145
14277717
58946
46018
14145937
50817
44802
14320791
54689
44385
14214963
53922
45986
14253589
75491
46914
14250581
54241
45985
14194259
48738
53025
46946
14131505
52610
117508
47362
14005421
83235
45985
48482
14063343
55233
46562
45953
14035406
50306
44993
46946
14109360
51074
46689
44482
14043982
79715
46306
14195603
49954
46082
14290454
59842
46465
14166162
55362
45602
14265909
68802
45890
14140753
56482
45954
14160434
59618
45762
14125873
53698
46754
14254964
58754
45185
14119888
55810
45858
46945
14076239
59650
45186
14245909
55202
46082
14272246
70914
46785
14044334
55810
45409
14206291
52130
46210
14285878
59298
45985
14177234
88803
46274
14221044
53794
45921
14303094
51586
45793
14249204
51106
46177
14317431
91075
46786
14227860
60194
45409
14079983
53762
44193
14226803
60002
46434
14065487
64258
46530
14166354
58018
46241
14241428
69058
45794
14228307
56801
46817
14232180
89091
45985
14216499
53378
36002
14148562
40513
31873
14340216
49505
37089
14188307
62626
36513
14085679
62114
48034
14174290
54498
47298
14223348
61314
47713
14113808
52417
46306
47329
14017933
57058
93955
47042
14096880
53154
46498
46433
14137425
53538
44993
14227508
87427
46881
14226067
63330
47233
14087439
52738
45506
14245557
56642
45537
14164369
82274
47202
14274998
54274
47009
14276245
52674
46177
14275925
55138
46753
14290997
69698
47969
14140305
55393
45889
14559358
75618
50369
13087438
57090
47650
14229267
52834
47105
46818
13982891
60802
48034
14152274
55074
47042
14263733
59266
46434
14203315
146053
47681
14140017
53346
46050
14219476
50370
52098
45441
14106736
52513
51490
44802
14104400
101731
46306
45089
14050350
48417
90307
48641
13980748
51714
45505
14271125
51713
45537
14288918
69218
46978
47873
13894793
50178
136933
47809
14003852
58978
46561
14194258
59361
46433
14246740
62914
46050
14173426
50977
47009
14271605
61698
48674
14099536
50690
37570
14286806
55746
35297
14011725
45026
31169
14291190
41218
24737
14270933
61570
47778
14129841
