130916
35906
32161
27649
27969
50754
26561
25601
25568
25760
25025
25377
25249
24833
24833
25056
5936676
30273
24929
14456795
29697
23872
14555583
39521
24033
14413146
30561
23968
14497789
34145
27777
14457851
36961
31553
14464092
45249
36097
14343800
49409
41090
14319191
61698
46722
14149425
53986
48002
14337624
62562
50209
14075055
59362
47906
14158289
56098
49154
14166610
56770
47746
14181267
55554
47874
14203283
54850
47746
14288310
60770
47042
14236821
55745
47681
14222932
51649
47649
14260117
50370
46978
14334328
59778
46018
14201523
57506
46882
14163825
58178
46369
14185107
55650
46274
14206932
58754
47041
14180914
56290
47810
14202323
56866
46722
14203667
54913
48290
14179123
58178
46881
14145009
54273
46690
14200403
54882
46241
14230484
57506
49250
14133425
63811
47618
14162706
53474
47714
14294838
57090
47841
14133201
54369
47585
14231572
70178
46433
14170002
56450
47970
14165905
56226
45890
14285142
55874
46274
14254325
56130
46561
14155665
55682
47234
14256757
57986
47073
13990412
54433
47425
14240052
61730
47138
14194035
53346
46529
14313558
59266
47138
14115856
56450
46690
14183603
55266
46433
14173298
57154
47361
14208339
53986
48162
14196403
56193
46082
14158386
54529
45761
14208147
51682
46818
14265525
56290
46626
14238132
41793
24513
14430939
62754
48290
14074607
60802
49089
14129040
61858
50017
14070159
55330
47713
14167602
53730
46338
14298358
59874
49122
14109904
53858
45954
14242388
55202
46818
14256853
55969
47489
14245972
57154
47586
14109552
55138
46274
14209396
49602
45665
46178
14114544
54818
46146
14197203
53794
46210
14267573
52257
46209
14253653
53954
46113
14273717
58114
45410
14207123
53090
46178
14264373
49890
53282
45697
14159185
60674
48002
14112400
68770
47265
14224019
57314
47458
14120144
56898
46434
14185715
56770
46401
14204947
68418
45730
14214964
43970
33217
14330135
38114
28225
14399034
32001
23681
14520797
62467
48417
13942954
56834
47810
14153010
57794
47330
14137968
49506
53729
46689
14104720
52833
47426
45986
13980044
55138
46241
14116016
58946
43873
14100047
51170
39169
14236436
49569
34433
14331959
44610
31233
14274389
53474
34753
14116912
42305
30241
14401338
66626
48226
14003756
59650
47618
14117009
55106
47809
14191890
50946
102019
49602
14060847
57474
47457
45602
14071407
52865
47265
14278805
53633
47361
14252789
51202
46274
14302550
56002
48194
14161426
55714
45730
14319383
57090
47265
14164690
51425
46914
46497
14115440
57538
54177
45890
14102256
54274
45922
14265781
52642
47137
14279669
53122
47201
14325015
49665
46626
46818
14141393
54242
45665
47905
13941770
52066
51489
47105
14045709
52577
47234
46210
14097328
51618
46689
14265909
57314
47202
14104240
53250
46082
14286006
50017
126564
47521
13977292
50401
46690
45697
13995980
57185
45890
14134961
53217
47010
14323447
61218
49442
14076975
55745
48705
14232628
52610
47458
14297046
54018
47490
14246069
51297
47105
14261013
55298
46497
14265077
51682
46529
14273109
50593
45474
14293142
53122
45025
14287349
60066
48898
14073903
53986
46498
14233685
52545
45761
14298423
58978
46914
14120977
57474
47554
14022285
52386
46914
14260789
52609
46081
14290261
53377
46274
14226740
56226
45377
14206451
55457
47393
14212819
49026
91363
46689
14109328
53601
46945
14269717
55906
47298
14075183
51074
46145
14302774
51458
46049
14324055
53346
46561
14234420
67523
45602
14235284
53442
46594
14253557
51362
47554
14273333
52801
46658
14270358
55938
47105
14242868
51874
45793
14287990
54114
45665
14224948
53506
46626
14244437
53378
46306
14285622
57986
48450
14142129
52705
46209
14251060
52290
47298
14280054
96995
46210
14176914
58722
47042
14149521
49026
46786
14275669
51170
45985
14326775
56993
47201
14235508
52802
47202
14262805
54050
46561
14312439
52770
47810
14280150
54562
46626
14160626
53698
45825
14310614
53474
46657
14258165
55394
45377
14300247
58850
47233
14245492
53954
46273
14273909
53602
47298
14273813
54882
46690
14307735
56386
47873
14121776
54466
47650
14269910
55234
48002
14198771
55234
47106
14181363
53218
46146
14222868
53602
46433
14254197
53698
47073
14229332
54722
46818
14187443
52354
47170
14222292
54562
48034
14267797
51682
46722
14276694
53345
46337
14246388
53378
46786
14216532
52130
46530
14283638
58626
46977
14161010
52642
47266
14257013
54722
47618
14223700
55778
46402
14262773
51170
47970
14312023
55938
47426
14193811
55042
46049
14246452
54018
47010
14225715
51169
46657
14283765
57378
47586
14136241
57473
46946
14237268
55938
47297
14131985
55266
46465
14230100
51681
46722
14258677
55106
46754
14254389
51777
46785
14246068
55874
46913
14222292
42593
36353
14365721
48898
36097
14127153
42369
33569
14254325
51746
31554
14162002
66626
47970
14002028
112324
49442
13808550
51297
36641
14173202
46945
29633
14261845
70306
50114
13883177
60354
47714
14080239
58402
47586
14138737
58114
47201
14205395
57666
43233
14058959
52065
43617
14208307
47649
39137
14357272
51362
35073
14217236
49377
25569
14174515
40129
27457
14332184
58434
48130
14085775
52962
46690
14302262
55906
46978
14164786
57058
46753
14186002
58114
47682
14105456
52962
46338
14239637
52417
46978
47457
14098543
53826
48001
14193138
53249
46529
14256340
51489
46977
14278485
52897
48353
14248948
54850
46658
14233620
54498
46465
14195026
54690
46626
14263861
53538
45761
14287830
55233
46786
14143313
49378
46849
47458
14118289
49313
46145
46434
14125233
48834
93923
45761
14121392
53986
48354
46305
13969899
53474
46850
14280182
50465
46466
45793
14120720
51841
45314
44706
14132945
50562
46017
45345
14093871
52290
46370
45697
14144529
52834
47073
47426
14029869
53858
47170
46497
13971979
52385
45282
47521
14034861
51490
46082
47073
14082639
49474
53538
46466
14135633
50562
84707
45473
14120528
49442
46721
46530
14146801
59010
47554
14120016
55554
47649
14114416
54529
46754
14239316
55106
47138
14266997
54274
46017
14262741
54946
46497
14269557
53922
47682
14263253
55810
45986
14208339
56226
47074
14268309
57442
47234
14162481
56642
46817
14163154
63874
49889
14010125
56290
49377
14260949
57953
47458
14207923
54594
47714
14258325
60290
47137
14174866
55394
46690
14238772
54690
46914
14256149
51746
46017
14301110
54946
46753
14391257
63650
48994
13786085
53154
36257
14216499
66274
49442
13999341
55457
47426
14188531
54114
48130
14251220
54722
45665
14265557
55745
47361
14285749
53281
46178
14244821
55649
45857
14205139
55362
45858
14255893
54658
46114
14240948
53410
46018
14271190
57058
47841
14166994
56258
48001
14211731
56226
46626
14264021
55650
46689
14237716
53186
47041
14275445
52610
45569
14246388
54146
46434
14286326
51810
46242
14242165
52257
46753
14250164
54658
46305
14216147
51522
46337
14307958
56450
47937
14137969
52930
46913
14263797
55010
46946
14232212
53122
46945
14296214
53378
46465
14226644
56289
46882
14226900
56705
47617
14135185
53186
46466
14241781
56642
48642
14097968
52833
47586
14269397
53986
46753
14264853
54338
46114
14269654
56674
47554
14102928
51490
47361
47682
14108048
53954
46178
14235540
51266
103715
46498
14137489
59522
48481
47234
13893545
54402
46945
14157361
52162
46593
14280021
52450
46593
14266901
52994
47009
14286550
58466
46529
14125904
54433
47554
14133265
58210
47009
14197363
58594
47329
14078703
52001
46145
14268085
52706
45793
14309015
53185
45666
14311575
54050
46658
14231796
54978
46049
14310326
52034
46658
14263157
52578
46178
14280310
54306
45570
14271830
58210
48097
14122192
53826
47362
14147346
54882
47298
14215572
55298
46113
14280309
52322
47137
14321783
54433
46626
14266709
52066
45762
14255125
52738
45442
14275318
57409
46657
14218484
54401
46177
14252021
53634
48225
14297846
55458
46081
14221043
54498
47138
14230004
52641
46657
14294230
52962
46498
14316759
52865
46274
14284982
54082
47265
14228820
52385
45601
14297238
53058
47458
14261749
53762
46018
14239060
52482
47234
14308023
52866
46594
14251509
51778
46689
14250548
56642
46369
14212787
55266
48066
14222867
54306
46561
14180498
53026
46626
14256821
52577
46753
14249812
51298
46977
14289334
52738
47138
14283510
52130
46849
14251540
55042
46114
14236277
51042
46945
14266101
51362
46561
14265781
51521
46625
14305142
60706
46657
14073582
54145
46914
14138385
52930
47682
14226932
52130
48002
14252885
52194
46114
14245877
51618
46594
14215444
53186
45409
14242964
54306
47170
14263797
55138
46786
14238964
53890
46722
14271510
54306
46017
14237940
54434
47617
14273909
55074
46497
14250965
53314
47266
14280533
52514
47266
14302742
56066
46658
14147313
53442
45538
14237781
52002
46786
14289014
53922
46498
14234356
52802
47522
14272373
53442
46210
14246325
51873
45857
14295734
59074
46785
14131792
53634
46498
14271094
56130
46337
14247508
53602
46529
14279638
55298
46530
14198611
51106
47650
14276726
52290
47266
14285974
51137
47777
14274133
52193
47233
14292406
58945
48961
14070543
53954
47618
14286262
64962
46305
13997420
45698
34370
14337336
43906
30849
14240436
33474
24353
14443098
59778
48610
14015245
57730
47138
14180659
57282
48002
14139025
57922
47938
14095823
58274
46817
14166065
55522
43969
14216500
59938
44546
14098512
47521
36417
14288854
47393
33825
14331799
70531
46690
13536221
37153
25665
14542302
72962
49506
13804422
60066
49218
14176435
60546
48897
14161458
55426
53090
47906
14034349
52642
48257
46850
13990700
57890
47266
14148433
60930
48930
14150866
61058
48193
14175826
60994
49153
14156753
57954
47841
14195283
57730
47682
14094320
59233
47361
14147729
56930
47970
14137105
51970
47041
47265
14048046
52162
47265
47169
14049998
53634
48098
47234
14037870
51234
48001
47361
14001708
51746
48130
45634
14050830
59138
47777
14176754
59457
48001
14152433
58754
46913
14128944
57602
48129
14183026
51233
47810
46594
14035054
52194
48961
47073
14026029
53826
46529
46657
14003532
52130
47810
46370
14043118
52546
48577
46081
14028397
52226
48097
47361
14027213
53089
48482
46946
13989228
56225
47138
14182034
54210
48225
46914
14034254
57922
47074
14172626
58466
46562
14120400
56354
48449
14179090
58402
46242
14171538
57281
47746
14162769
58370
47490
14145362
55682
47809
14168530
56418
47906
14158802
57218
48034
14185523
58465
47938
14143697
56578
46785
14179122
57090
46786
14170482
57953
48737
14162706
58273
46594
14155186
57858
46945
14136305
59714
47874
13858791
57538
47330
14183283
57506
47746
14156946
56994
47969
14191698
59170
48097
14161457
63586
50082
14132913
61602
48737
14114928
57634
47650
14197139
56418
49089
14168146
58178
47137
14135505
58177
47714
14161010
56066
47457
14191442
57954
47233
14166418
57281
47202
14152274
59650
47138
14124176
58434
48289
14160497
58754
48705
14139217
59266
48002
14094383
58434
48418
14130352
58690
47393
14165106
57890
48769
14163858
57154
46177
14179570
57698
47778
14140849
59170
46433
14163698
59586
46273
14164274
57986
47682
14207699
60706
47618
14103408
58242
47937
14161105
60098
48865
14167954
59362
47137
14149873
61570
47650
14115888
59650
46945
14168274
59970
47137
14141617
58274
46594
14168370
57538
47394
14151090
57346
47681
14173554
54978
47425
14177842
56130
46850
14171602
58018
47745
14158354
57346
48705
14168690
58817
48706
14148849
57730
46978
14205619
57794
47682
14146609
57346
47649
14176210
55778
47905
14188882
56514
47041
14213171
58242
50370
47970
13789190
57538
47170
14092368
57090
47810
14182483
65058
49154
14040333
65570
50210
14045838
59170
49282
14170290
61987
50689
14116688
61218
50178
14135377
61154
49058
14085231
57538
46273
14183314
59458
48418
14156402
64674
48130
14069551
57634
48417
14099632
57730
46434
14198291
64066
47394
14107632
58658
47746
14212820
58274
47362
14156401
59170
48642
14157169
60226
48802
14147026
59906
46370
14217908
61410
46881
14142417
58338
46626
14169714
57858
46626
14188499
58402
47394
14219123
59682
46945
14117776
58466
47874
14179410
58722
48738
14177426
56481
47586
14229076
58689
45954
14135089
58498
47425
14185170
58530
47777
14085455
58178
47906
14196723
59010
47233
14126768
59490
47362
14143377
60162
47874
14125489
60162
48514
14159346
61090
47138
14083599
58306
47650
14151218
57890
48066
14156210
57538
48514
14188434
59842
47426
14119728
58466
47618
14151154
57730
46849
14176498
57218
46593
14183570
59042
47745
14124913
55746
47138
14154706
56609
46881
14153457
58401
48001
14053486
58562
46722
14129425
67426
51682
14065646
59138
48802
14145138
59586
49025
14195283
66242
51298
13999245
59362
49954
14150577
55778
48097
14191346
76418
49890
13906761
60610
48354
14118097
58978
49217
14175250
57250
48802
14185426
56642
48353
14216019
58594
47010
14146513
58082
48193
14171314
58178
47425
14162514
56066
46466
14228692
54689
45889
14267925
59458
47329
14157329
55298
46945
14283637
58914
47746
14149810
54177
46433
14279125
53602
46369
14356280
62882
47714
14076047
59522
47778
14185875
59746
47490
14113296
54241
47905
14309590
56193
46882
14171826
60546
47073
14158898
53922
46978
14259189
53314
47201
14245876
51394
46274
14251733
52898
46370
14287670
53345
47521
14224723
59714
46754
14257877
58306
47617
14178546
51521
45793
14275925
49953
46050
46658
14086576
49314
95012
47425
14053646
53954
45506
14254869
55842
45281
14173298
53602
46946
14254357
52482
45921
14306103
52738
46082
14290358
51010
46658
46433
14161201
48865
93123
44961
14044174
53154
46146
14258101
55938
47297
14062158
52834
46178
14294998
53666
46274
14222708
53986
45793
14296054
52962
47297
14273429
53122
46562
14313367
55906
46658
14247829
57314
47778
14147313
55938
46273
14268149
56130
47714
14229012
59842
47233
14115728
58338
46497
14182514
57762
46402
14163890
58690
47074
14209683
58242
47874
14133361
55618
47073
14175858
55170
46530
14185779
56290
46658
14185907
52610
45410
47138
14008269
57954
47586
14151665
59010
47329
14081071
53538
46305
14292054
58402
45762
14200627
58850
46274
14147761
53858
46849
14233588
48289
46978
47521
14146033
56705
46498
14174002
55618
46690
14180594
56002
47010
14165682
55874
46657
14248308
55362
47138
14141201
56162
46498
14186707
52834
48225
46273
14049102
53794
47810
48002
14031374
55682
48482
14142097
55809
47490
14174482
54466
47041
14180082
55682
46626
14170610
54530
47490
14175634
52737
47522
45858
14019725
56002
46978
14159026
56130
46241
14199315
54241
46786
14187571
56290
48065
14175218
57505
48706
14201715
56450
45378
14185811
55906
47777
45537
13861576
52770
47810
46498
13953995
58178
46786
14148434
57249
48194
14144593
56226
47554
14170194
57474
47234
14122224
56770
46913
14157585
57570
46465
14177106
56545
47714
14161489
57954
46946
14150834
57186
48962
14150258
57826
47426
14150962
56002
46081
14180498
56930
46786
14169618
57538
51362
48130
13968235
57986
47842
14142385
59010
48226
14162417
57505
48162
14183731
57442
48321
14178450
57794
47489
14182546
57058
48066
14182931
58018
47810
14184243
56642
49090
14182450
56226
48001
14176882
57698
47393
14192819
62306
49602
14132881
60130
48290
14125649
57314
46498
14317494
58945
49922
14046957
57058
48481
14163122
56930
46466
14195826
57250
49058
14190547
57794
48129
14170482
55201
48066
14189331
57634
47618
14208819
53186
47233
48161
14059534
56162
48193
14173106
57058
48417
14181810
56034
48034
14203475
62626
48546
14126961
55490
48514
14184915
57250
47938
14194290
52002
48258
47169
14005165
53154
47074
14276278
57794
47393
14183474
58050
46465
14251381
55106
46209
14265973
55649
47041
14136177
51234
46434
46017
14092047
50017
46818
47042
14106127
54242
47362
14225748
56194
48354
14223124
55201
46817
14263157
56097
47329
14216147
53793
46753
14255349
49250
46978
47297
14127632
52802
46017
46850
14063919
55266
47298
14217588
54178
46113
14267413
53473
45697
14267989
55746
46914
14183379
52898
46018
14268437
53538
46914
14225364
52482
47233
14279157
52642
46689
14316983
51169
46786
14329463
58658
46850
14183379
55778
46273
14280597
53281
46785
14238484
54754
46305
14305782
51106
95139
44993
14109264
55009
46593
14261877
55266
47490
14253621
55649
46017
14246292
53154
46722
14258197
53346
92259
44866
14002925
51810
46241
47265
14017677
55970
47874
14132305
114724
59458
13260436
71778
52481
13960395
86019
53570
13697826
64770
51650
14003629
64834
49122
14204371
59298
48290
13944427
65154
45313
13959083
50082
37601
14256693
55170
37826
14144946
65730
42049
13649185
52353
43969
14205139
59714
48258
14152274
58594
48514
14108240
55938
45953
14191090
53474
45794
14266293
51522
84162
46625
13895689
51842
64002
14130897
54562
46274
14240533
54146
47170
14207187
54849
47458
14191411
53858
46306
14229940
50690
53825
46050
14084368
53826
47298
14237876
54049
47777
14242356
54210
45985
14246708
53922
46210
14251477
51201
47138
47969
14083119
51009
47682
47105
14071279
51265
47266
48001
14109520
52290
48065
46210
14100688
53154
46594
14199699
53890
47554
14246420
54402
46785
14205907
54498
47265
14249172
51010
46593
48578
14078671
50786
46978
46433
14060718
52258
46625
46018
14066575
68514
45665
14126896
53538
46561
14276149
53186
44993
14253269
53185
45505
14244853
51330
46881
47234
14067823
49762
46241
46818
14075727
52961
46241
46338
14148690
54018
47009
14220275
52033
46753
14227347
52354
46626
14259957
51906
46210
46370
14038286
51362
46721
46242
14089776
54754
45889
14210739
54978
47778
14219283
53282
46050
14222100
51394
46946
14293366
52162
46498
14255188
57666
47938
14147954
51810
46721
14300022
52258
47906
14300503
53570
46753
14165202
57058
48097
14139697
52097
48322
14239508
54082
47649
14252405
52898
46562
14227988
53858
46882
14137809
52642
46498
14245877
56930
47969
14174418
54306
47138
14126480
54242
47425
14148753
52674
46594
14241620
53122
47170
14241461
51329
47170
47073
14076079
50433
89859
47361
14069070
51649
47202
46593
13987340
51618
47201
45058
14066319
53250
47298
14237428
126340
46497
14057966
56226
47137
14189010
55266
48930
14125809
54786
47106
14325687
58498
48225
14116400
60322
49666
14056078
58466
42529
14018797
42113
34145
14391354
69059
53186
13848679
60162
50689
14103472
67522
37249
13812934
66050
50818
13957675
55618
45697
14171826
52610
46209
14183378
52097
41057
13967084
58466
40097
14041934
41410
33601
14319095
50594
36225
14186003
56930
49377
14190130
55714
48225
14196115
53378
48386
14283254
51745
47617
14246964
54498
48801
14189938
52545
47841
14264853
49473
122276
47137
13997388
50082
52514
48322
14071950
48994
54498
46594
14120337
47873
73570
46401
14083247
57506
46850
14258677
49794
46978
48033
14066894
49250
45282
46433
14146705
52065
46817
14274933
53794
47394
14260661
53218
47426
14266422
53858
46209
14141329
54145
47297
14243124
53730
47874
14233844
52258
47330
14281846
49154
52290
46850
14099632
48769
53378
46817
14128913
50850
113251
46306
14025614
53314
46210
14291958
52481
46946
14290518
52385
46338
14300055
49826
39905
14225908
67458
54146
13900937
59682
49570
14136560
57602
47778
14201331
51009
96163
48065
13990412
55586
47650
14259029
51553
54594
46658
14034702
50786
84898
45953
14021389
55426
47393
14243604
54434
46753
14245332
53153
47073
14230804
50978
53826
46273
14089103
52290
46561
46978
14086959
58466
48449
14131281
56033
46850
14156498
53633
46306
14276758
59170
47426
14041838
54370
47298
14194195
66402
46434
14111792
49505
45346
48193
14085839
51042
47905
46945
14047598
51297
47489
14238260
49890
46241
14262869
53633
48033
14195443
57922
48930
14171730
49761
46178
80579
13995724
52385
46849
14218323
51970
46562
14255989
52994
47138
14229492
51937
47745
14429082
53121
39361
14003565
46882
35553
14228564
42722
34657
14303670
59106
43586
13836327
61058
45794
14155218
58722
48514
14122833
55938
47362
14223060
54338
47394
14070511
54562
47841
14296982
55330
48482
14180082
51969
46882
48994
14081647
51969
86531
46913
14041230
53889
46913
14231060
55106
47233
14201491
54114
46658
14259828
53378
47265
14238900
52993
47617
14242228
52386
46946
14237685
50690
46722
46434
14059919
51106
87747
75970
13966699
54018
46913
14209331
55778
46274
14235764
55298
46946
14251733
55170
46434
14254325
51906
46305
47170
14088591
51522
89635
45633
14079183
51969
47074
46753
14055374
53602
46785
14231572
52226
45409
14255029
52673
46209
14220659
54114
47489
14265365
54625
46721
14254676
49474
52642
45185
14079951
51906
83843
46785
14058318
51137
46210
46273
14090319
52674
47169
14220307
52833
47457
14253269
54754
46370
14195347
55586
46721
14193490
54850
47618
14221332
51649
51042
46370
14074063
55394
47010
14221236
53442
46882
14248149
54146
46850
14247349
51906
47042
46978
14084399
50786
47137
46689
14071374
54401
46658
14218164
56257
47330
14064622
53986
46689
14217107
55329
47074
14232276
55842
47394
46946
13972875
52258
47649
77538
13950635
50754
47553
45890
14082383
51970
47266
46210
13953003
50498
62306
45698
14005805
51521
46818
77794
14011405
51490
46754
46305
14086832
52417
46850
46914
14024174
51906
47201
48802
14062382
53602
54466
46817
14080111
51777
47362
46273
14054798
60738
50562
14027470
55586
46881
14204115
53826
46593
14264085
71779
48353
13991916
56482
47457
14216499
54018
46657
14228340
51618
45921
143205
13921098
55522
45730
14218548
52834
46913
14222131
56354
47137
14203635
60578
38369
14118961
66690
51522
13951979
57025
47329
14160626
53954
46497
14217843
53922
47490
14099631
53025
46369
14292214
53985
47777
14174034
54146
46178
14227828
52610
46306
14251669
53250
46946
14242356
53762
47426
14230452
53698
47426
14247829
56962
47553
14154609
54818
48481
14173490
54594
46497
14211827
52322
45953
14232372
53346
47394
14245909
52962
46434
14235380
52930
46530
14235668
54465
45921
14303222
54914
46625
14241492
54978
47170
14240532
55778
47042
14216340
55458
47938
14219763
55170
46882
14288950
56546
47169
14121712
56962
48162
14127793
53986
46145
14213779
52962
46113
14273877
56514
46945
14033613
56514
47873
14157906
55234
48482
14179474
54690
45314
14291253
54050
47233
14168722
52130
47458
14240853
54274
47457
14146929
51906
47137
14253269
54242
47938
14246900
67394
49442
13952907
58466
47329
14127216
55586
47585
14266133
66882
47170
14045006
55234
47841
14205971
57538
48066
14146481
54914
48130
14199443
60674
50562
14085104
58114
48065
14162002
57090
47041
14224787
53986
47361
14285046
52610
45794
14256981
54082
46338
14241365
54114
46626
14219476
52770
46946
14332632
54273
46561
14180466
50946
46785
14253749
53538
46305
14234164
51778
46018
14291446
54114
48130
14213684
53602
47425
14219859
53762
46305
14253909
58082
49185
14107376
54850
46753
14203411
55234
46273
14243412
52929
45729
14246420
54722
46210
14287670
54018
46306
14203475
56161
45954
14213972
56162
46978
14199922
52162
46530
14250613
52705
45986
14233332
56130
45761
14247669
53153
47201
14229684
52770
46049
14263893
52834
45633
14223379
52930
46721
14242964
53058
46818
14119281
52386
47329
14266069
53345
46658
14268438
54081
45953
14246388
57218
48066
14189875
60226
48321
14121265
62434
48354
14047470
57378
47425
14084015
58050
47042
14123857
49666
41697
14241013
40865
33665
14369721
38273
32258
14349688
34561
26753
14467388
35329
27073
14455099
32513
25409
14518590
60962
47554
14096239
30401
24481
14538974
54978
46561
14159346
54210
45506
14212852
53857
46465
14235732
57122
47106
14232020
56065
47618
14162226
69570
47682
49986
13729315
47041
76130
36545
14012653
47042
31073
14518109
52929
55330
13728963
46178
28161
14328695
66946
50593
13979980
63266
47873
14009932
61890
117156
14020525
66594
48738
14010796
63490
46690
14058158
60962
44737
14107312
49889
37153
14199635
48450
33217
14320311
57986
36961
14088495
53634
38081
14155346
52802
34977
14230388
75747
51905
13948235
71843
53090
14010892
59426
49346
14114864
58306
89123
14101712
60034
48994
14166354
57026
47938
14174194
57794
47041
14166610
59618
96739
14033549
58690
48642
14041453
57474
47361
14173330
64322
48577
14083407
58306
90883
14117680
57378
46401
14156241
57218
47714
14184115
59522
47586
14156434
56482
48929
14151281
58146
48609
14166834
57474
47617
14187410
57442
48513
14149297
56642
83139
14093648
60354
48513
14104144
58178
48321
14150385
57794
48450
14175283
57090
82019
14120081
55713
47458
14186899
56482
46049
14184594
56834
48482
14191059
61794
49154
14069775
57922
48354
14156690
57410
48033
14186675
60610
62530
14109424
58754
81762
14140209
59746
48482
14139313
57697
48481
14158898
56258
47521
14179506
56674
47457
14153938
57729
48610
14170386
57121
46626
14180594
55874
47233
14185298
56642
46721
14172786
57442
47746
14157138
57474
47522
14154545
56322
48993
14196723
68770
48418
13922473
56289
35361
14050478
48577
30177
14262037
71875
51394
13934955
65154
51426
13985676
66882
51201
13985132
64898
50338
14021389
63906
48961
14030189
65346
53153
13970763
61922
44514
14098640
51522
35425
14181938
42433
24224
14176754
43489
27008
14318454
64994
48097
14064686
56578
48130
14143249
58978
47681
14148081
56546
92355
14347896
70818
127076
49122
12977835
64578
49666
14018221
57026
47906
14166097
55874
83235
14120113
57602
48162
14211828
56194
48545
14185650
58338
48578
14143665
55809
47650
14168946
56738
48706
14167218
56418
47586
14175506
55585
47938
14184403
53698
47521
14203539
52993
46370
14256885
55618
46434
14248309
57249
46529
14147569
56930
82115
14114256
56353
47138
14216884
68258
49186
13993900
55682
49602
14164946
52193
47714
48641
13973772
52322
54562
46946
14041166
57122
47298
14137073
55106
46882
14199507
55010
78979
14133777
58818
48994
14152466
58082
49218
14159025
56482
48866
14173970
55938
85411
14083407
58274
47617
14121808
56834
47842
14176819
54657
47586
14181267
55682
80802
14140145
56066
47138
14191026
52450
48162
48066
14028782
50946
47233
47105
14027757
53954
79554
14143665
54081
47970
14202803
59170
48290
14122928
58754
48449
14176498
56738
94147
14106479
52738
47586
46977
13928266
57122
47746
14165330
55042
48801
14177458
57794
86723
14137649
54754
48129
14200147
52066
46113
48130
14022989
51745
53314
47777
14009293
52418
46881
49057
14015181
52993
47042
46594
14067951
54338
48097
14158418
54210
48098
14179187
53922
104100
14119984
52738
48002
49634
14031534
52929
55074
46721
14017069
52802
54722
46049
14022765
55458
72867
14163729
54786
48066
14219923
54882
48546
14180210
52642
47489
48130
14034925
51938
47554
48225
13993292
53089
47874
48834
14032621
51458
47841
48097
14022061
54849
47714
14159537
56002
84419
14094864
54754
47169
14223252
57346
48289
14147089
54690
48545
14181907
50433
47554
48034
13997004
55554
48578
47201
13943530
55329
47074
14174802
54945
48322
14194707
55202
56930
14103280
59778
47906
14102736
53313
46882
47489
14002988
53154
47201
46977
14020525
58466
54082
14090255
55938
47073
14222420
54818
46754
14210548
53506
45858
14282454
56738
47873
14171314
56290
47042
14276534
53698
47138
14276886
53602
45825
14241428
54882
47362
14183475
59106
49473
14125585
57441
48418
14226932
55202
47042
14147889
55105
46945
14231956
53442
46434
14301559
45985
35778
14336824
48770
34945
14187954
40737
31393
14345400
51841
35105
14258517
52130
36609
14166161
57858
48866
14186771
55394
47842
14163026
56226
46721
14247636
55010
46017
14288950
53506
46082
14256437
54178
47746
14228660
54114
46562
14253429
54146
46081
14274837
53282
46434
14299350
54402
46625
14214772
54914
46593
14266677
52482
45921
14274389
54338
45250
14300086
54530
46241
14248148
55554
45825
14205075
58082
46914
14211443
55106
47650
14246357
55042
46978
14197331
52385
46562
14291254
53218
46850
14243573
54146
46497
14258197
54433
46946
14256660
54818
46210
14277814
52258
46114
14255093
53730
46145
14267509
54594
45761
14238164
55585
46434
14273526
52385
46369
14242164
51553
46434
14317527
55394
47202
14246453
54178
45313
14275413
54178
46241
14281301
53154
46018
14287446
53122
45346
14272630
54466
45634
14261685
55169
45601
14279093
55138
47042
14278326
54146
46529
14235732
53474
47041
14158769
54370
47105
14251732
56097
46721
14276693
54434
45249
14227988
52001
47810
14260053
53026
46370
14277590
54562
48129
14294774
57666
55170
14077071
51906
47137
14294678
55234
47266
14195987
51586
47362
14247029
51842
47394
14264053
50593
45761
14281109
51074
47266
14300535
51906
46306
14282294
51041
46370
14270261
52514
47138
14267190
54242
46562
14245781
53570
46529
14273845
53922
82691
14159569
53538
46721
14288982
54497
46721
14290262
57154
47202
14143089
53570
84131
14197234
50625
46785
14261941
53026
45986
14282358
51586
47425
14285974
51393
46434
14311927
48258
36770
14228500
67554
49346
14020653
56034
47586
14232565
54562
46946
14223476
53057
46914
14296630
50786
82627
47585
14029773
48866
49665
48322
14115728
50209
92291
48130
14069039
50818
94755
46049
14095151
51714
46305
46754
14116497
49634
46082
47521
14117392
50210
45890
50434
14069326
50145
46434
47138
14117553
51778
46433
46498
14102512
54081
47010
46433
14061998
50210
47394
47553
14065231
49186
46625
45826
14104848
49634
47009
46305
14118768
54306
46625
14166834
52417
45761
14226900
49153
51778
46561
14110384
50049
47010
46785
14100495
51426
47457
45986
14126033
52930
47009
14206003
53921
45697
14215859
52962
46050
14235669
53506
46754
14264629
52258
47650
49890
13976075
50113
100451
45345
14108080
50082
46849
46817
14015373
51170
98787
46082
14079567
51138
46978
47458
13981196
52769
53122
46401
14114544
50177
77474
44898
14091504
48226
53153
45218
14120336
50850
87619
46626
14059055
49602
45858
45889
14110800
49442
46146
45601
14132720
55202
46337
14178418
51938
46049
48097
14045358
52226
45793
46626
14097360
51905
46690
46145
14092495
55042
45185
14285494
55586
45537
14262677
57250
47649
14126992
53537
46337
14240116
61666
49122
14069775
53986
79427
14177874
53569
46337
14253845
53121
47618
14218612
51106
46273
48065
14069902
50818
103395
46625
14076783
62850
50146
14046126
63522
52162
14042798
69250
50817
13878601
56417
52674
14113457
57378
48002
14266517
61026
49153
14094416
56066
39938
14100400
43714
34177
14305078
34433
28897
14435482
32289
25472
14509502
30401
25761
14527806
29505
25089
14567999
56002
43426
14045198
58754
47970
14098511
56161
47554
14226676
52865
53730
14164593
54434
46177
14195251
49314
38369
14281814
59170
51970
13867176
61602
34817
13932650
65634
50946
13961547
54978
48673
14222099
52994
47137
14231892
51329
75714
14249300
53378
46274
14301910
52450
47361
14323223
51810
46145
14292182
51233
45666
14260629
59106
47298
14111472
56609
45601
14270197
55490
47010
14232884
55746
82851
14154289
53666
46305
14270133
58242
45057
14171986
47553
33953
14278710
37889
125860
36257
14188307
50146
34049
14200883
66434
49154
13982091
60706
47137
14105520
58306
51074
14121329
66754
51745
13988172
67778
50946
14026253
64674
44385
14081327
54690
48130
14152402
46401
37666
14601152
52546
38593
13945739
46850
34657
14151634
48578
32033
14216884
41185
30785
14263509
57250
47841
14184274
55202
47330
14202387
54402
47393
14192627
53121
46497
14252788
53154
47138
14261269
53985
47073
14296758
52129
47234
14286774
52066
47170
14301623
51617
46722
14312823
52321
46017
14150321
52546
80003
14254165
52610
46881
14291542
65250
49889
13990828
53025
46658
14235124
53377
52674
14211188
54178
45986
14252373
53729
46338
14231412
52642
47362
14328567
54882
47330
14130705
46337
36033
14278614
53217
35713
14115888
46529
34817
14211667
59522
48962
14032334
56002
47906
14133681
56705
47649
14160178
57378
49314
14126193
56129
49409
14239860
83106
52354
13584863
562387
367117
52706
447631
65378
157989
164805
13147568
86211
69826
12129551
104996
363116
115076
6445428
66882
212935
36609
13184305
80419
40161
13262516
780410
36321
6798527
57442
203783
54113
13332918
58754
121828
26625
13426970
115300
133060
27713
8239439
50594
26209
14055278
49186
27009
14030478
51202
27937
14052046
60834
30945
13698371
60610
28481
13711843
57954
28353
13771141
54722
27296
13832647
57890
26849
13773861
59426
26593
13683266
53825
26273
13817382
54114
28513
13838951
52930
26753
13868936
47842
24896
13927210
48257
25633
14039886
42498
25185
14303255
37794
24960
14347608
63202
26273
14288597
39265
24705
14259253
62850
24481
14293366
39265
24897
14339063
39329
50850
14318391
40482
24416
14361977
40609
24801
14294582
41601
24961
14363737
41666
24993
14138705
30497
24193
14532318
54914
25569
13744516
59906
27457
13706307
38849
24608
14155858
37505
30241
14392889
47234
38210
14257397
55873
46306
14101424
55074
46946
14154482
55554
46082
14148817
54498
46401
14190291
54497
46402
14219508
57666
48418
14043598
56066
46849
14188530
56194
47937
14177202
55522
48417
14214803
58850
48225
14067567
57250
47234
14156082
56642
47073
14186066
56802
48065
14164754
55586
51618
14151346
55553
48642
14192627
55586
47713
14204659
56418
46945
14169426
56642
53441
14145169
55650
46594
14205364
55458
46850
14228500
56545
46722
14166066
54914
49122
14141265
55618
47681
14178354
56226
46498
14164402
55233
46274
14223636
56002
49153
14135505
55170
46913
14193427
61026
48162
14071438
55842
48130
14182962
55074
47841
14112080
52481
47874
47714
14013933
53122
47490
46593
14014285
53570
47041
46657
13935850
55394
54562
14129745
52162
46530
47010
14048782
52097
46626
47010
14053454
56641
47746
14163570
56354
50434
14159858
54946
47586
14202451
54786
47745
46690
13980460
57057
47554
50306
13963852
52994
77538
47746
13996365
55650
48098
14151505
55970
48289
14175026
55106
47266
14176498
54786
55106
14146481
54306
46305
14243156
54434
46690
46754
14072303
58658
47682
14120913
55522
46081
14173842
54882
46530
14269493
55106
45506
14272566
54209
46465
14266709
55106
63490
14181394
53954
47233
14197619
54754
47682
14254197
54945
46369
14239476
51746
46146
47905
14031117
54562
46850
14256085
55234
46594
14232692
54498
46689
14282614
56098
48321
14185170
57762
49346
14165202
55809
47010
14175347
52961
47266
14278838
60258
49185
14051918
55298
47874
14228436
53954
46273
14232948
54658
48449
14187218
54082
49794
14167762
53825
46113
14254389
54626
46466
14224884
54626
46337
14220723
56290
50849
14189683
56226
46210
14218644
54978
46082
14248213
59906
48129
14121265
55714
52833
14199379
57858
47522
14108144
55714
48130
14194803
50273
45858
46529
14110672
56002
49218
14149105
56354
47554
14230356
54114
47458
14261877
55970
47361
14276469
54914
51202
14206131
54434
47298
14249845
54465
46434
14218996
55298
47873
14273397
54722
47553
14164113
54114
46753
14224500
55265
47329
14243700
54434
46882
14297303
83618
37921
13978732
44769
33026
14253173
58242
40961
14088368
59234
41345
14040142
52705
46625
14245780
57538
48258
14178610
59650
47490
14081871
53058
91971
47361
14069550
49793
112996
48546
14090992
54402
48034
48418
14007405
52673
46914
46945
14005132
53410
47809
46721
14039982
54530
47202
14148017
51394
46401
47521
14025581
52674
47266
46274
14063407
54562
47201
14182546
55266
48129
14150321
53953
47074
14166161
54466
46113
14210643
55106
47489
14174162
51874
47361
45921
14010189
50433
47202
47106
14025037
51810
46625
45954
14025741
50177
46274
47682
14022894
50946
47521
49314
13969036
51458
46337
47873
14062414
57986
46754
14177938
54562
47394
14207188
55362
46593
14179218
56098
45922
14202259
54210
47554
14212659
55874
47010
14163954
84418
45378
14047566
53954
47266
14191795
54401
46434
14185843
55618
48130
14173746
55042
47969
14169362
55106
46721
14179186
56034
46401
14149681
55682
45794
46466
13975436
53121
95011
46273
14045678
53825
46050
14244053
54466
46370
14265525
56513
47138
14189843
56482
50082
14102192
56098
47714
14194770
54818
47905
14170066
56802
47138
14189011
54946
49090
14144081
55810
46401
14186675
59202
47234
14141233
56514
47138
14168882
52866
62146
14247285
55938
48418
14148721
31009
80706
25600
14253653
54945
45794
14271094
57857
46913
14083535
54850
47617
14248021
55138
46626
14204372
50785
46177
14271797
54018
53122
14204083
52034
47617
47841
14132944
57601
48673
14146001
56130
46241
14275893
55010
47073
14222420
52673
46978
14256821
53633
46433
14270837
56322
46114
14270486
52514
46882
14250453
50306
47009
47201
14093263
49985
37634
14309719
63778
47586
14031470
56130
46881
14116464
55234
46690
14173491
53954
47010
14162866
55810
46849
14187698
55458
47298
14190642
55554
47266
14183923
56546
48706
14076111
55778
48034
14178643
54209
48673
14138161
57473
46722
14199059
56002
47393
14183986
57153
47426
14148242
53986
47426
14171602
55490
47265
14159697
53666
48321
14171410
56962
46818
14140177
55073
48610
14130800
54946
48130
14188723
55649
47362
14191795
57282
46530
14176338
55842
47937
14110032
55522
47169
14175666
55009
47938
14167121
56674
47490
14166514
56194
47202
14126480
61794
48770
14105680
55650
47905
14167442
55298
47745
14190483
56162
48034
14142065
58434
48258
14116305
53890
46881
14172690
54530
47873
14183538
54881
47010
14145074
60354
47745
14119696
58018
46465
14151505
54626
46721
14186643
90691
47265
14098928
56610
47266
14135569
57218
46433
14167410
55457
47394
14192883
56002
48321
14143121
56130
47073
14186322
59874
46689
14137233
56994
47009
14169394
95779
47138
14108432
56001
47458
14183187
54882
47778
14185746
55906
46561
14187698
54434
46658
14147186
56161
47074
14192915
57569
47810
14162865
55874
47457
14190771
62018
48194
13999308
55810
47842
14177266
56386
46753
14199475
55426
47937
14173106
55522
48161
14146225
55362
47329
14188179
55202
46306
14183058
56002
46593
14187282
54626
46401
14159634
56225
48802
14190451
59106
46498
14140433
55873
46498
14181203
91843
46146
14124144
55266
47329
14178386
55362
48577
14184243
55522
46337
14195667
83971
46817
14153169
55458
47425
14195123
66882
49473
14013101
59042
46946
14099375
77635
32481
14219635
52161
31905
14109872
46050
33953
14344888
70531
49826
13930474
65731
48354
13978091
65314
49538
14041901
65410
48610
14070287
64770
48353
14061710
71171
50817
13965003
57730
42114
14122480
51042
38369
14202035
46081
33729
14284310
44033
36673
14234580
54274
39233
14112688
50882
32993
14238708
71074
50242
14004333
68610
49505
14018093
57442
49282
14166674
56386
47521
14203091
57282
46658
14149169
90019
47970
14135729
53410
147141
33057
13921354
44641
34145
14283414
66114
48033
14005901
67106
48801
14037517
58114
48290
14149010
60258
48674
13993708
60738
47970
14036877
91747
48001
14112400
53826
41665
14206035
62818
49890
14071375
52642
35393
14227219
57250
35361
14058766
50465
31489
14247732
64898
48130
13996108
57217
48034
14150673
100931
47906
14101295
59746
47426
14144241
59842
48257
14151089
63554
47777
14069775
56098
46786
14220212
54786
46401
14232724
57410
48161
14150545
58594
47169
14156018
86275
47297
14136433
57218
48385
14153297
56386
47266
14137361
57249
48961
14140433
81378
47009
14126160
56258
47746
14140753
56994
47042
14119313
56642
48353
14149041
55106
46049
47074
13935819
52129
47138
46625
13990444
55234
47361
47010
13990348
57154
49090
14143410
85155
47618
14146705
63106
47937
14057518
59074
48545
14134801
57889
47649
14146033
60354
46881
14085871
53474
48418
49026
13992588
54433
47138
47874
13979660
64418
51425
14091503
69442
47394
14106863
56834
47138
14182514
53506
48674
46721
14030797
60578
47426
14112112
53922
46657
14223316
54050
45538
14280886
59874
46946
14146321
55970
47105
14157970
62242
48097
14021293
55426
46658
14181170
56385
46754
14181459
57666
46722
14162610
92707
47969
14141585
57570
47618
14173395
56386
46817
14181554
56706
47713
14179858
118532
47393
14098096
56930
47073
14153970
55810
47234
14171442
56546
47073
14162034
95171
47458
14126193
55842
47522
14177810
54370
46658
14182355
54497
47362
14188403
84675
47809
14148433
54466
47745
14191955
56161
46594
14187603
56642
46209
14176914
84035
45122
14147218
54530
46850
14193075
55330
46113
14181394
54978
46658
14194962
57250
46945
14101424
54530
46817
14179314
55618
46082
14178739
52674
47777
48225
14020269
61922
45665
14150097
55266
47234
14186771
56098
47106
14185843
56290
47009
14178098
89667
46017
14160530
56002
45922
14192691
58946
47490
14110544
55394
46690
14176946
92899
47010
14103216
56802
46306
14172402
56642
47426
14149329
56674
47553
14167954
85698
46978
14129136
55554
47361
14172882
54530
45985
47809
13980460
56577
47458
14204468
83139
46370
14147346
52738
45985
46466
14053454
58562
47521
14076687
54338
46082
14242773
90723
47041
14163954
54882
47297
14243540
57922
45921
14158481
53602
47042
14206387
60770
47330
14051150
55010
45954
14262613
56482
47170
14142385
54881
45697
14228276
54177
47074
14192755
53154
46561
14228948
53954
47170
14213107
54498
45442
14232436
77922
46209
14229364
55586
46082
14155666
56802
46850
14220916
54050
46945
14282102
55074
46625
14257685
57154
47361
14109488
56674
46401
14226292
54498
46625
14203027
88099
47457
14174194
53697
46561
14261429
54626
46146
14254421
57154
45281
14213875
88355
46498
14145905
53378
46658
14290710
55810
47137
14221939
55522
47266
14263926
55362
50178
14194483
55330
47682
14228916
56290
46401
14195091
54882
46785
14202931
85827
46433
14177106
52930
46082
14269525
54914
47202
14204211
54018
46209
14276789
86402
46754
14175219
55426
47745
14238228
54402
46850
14231924
55330
46754
14212180
88579
46625
14166706
52322
46113
14252948
54433
45761
14220532
54114
46562
14251925
54978
47201
14070510
58530
48161
14135313
54466
46337
14260085
53858
46465
14246165
81123
45378
47361
14008717
55617
45826
14190387
53986
45921
14220083
52801
47297
14276661
69955
47330
14073423
55170
46530
14192210
56481
47458
14208275
55266
47169
14288790
54529
47361
14235476
55937
46497
14280150
55458
46466
14262677
55490
46562
14289622
86403
47554
14174835
53538
46017
14265013
54721
46210
14281942
56162
48098
14199795
57154
47809
14144785
54529
47586
14198035
54818
46978
14249525
55810
46305
14201523
55073
48289
14275829
48225
36962
14221107
49538
33506
14105488
62082
46594
14039214
56546
36449
14091440
62370
47810
14012141
57954
48002
14144209
57154
48834
14181523
61954
48002
14133168
57090
47394
14183923
58402
49282
14145265
55394
48321
14182578
59074
48674
14138417
56897
47010
14150385
57282
47906
14163090
57346
48609
14162610
64098
47586
14130961
56770
48961
14177746
57826
48514
14174867
56866
47266
14154386
65731
47490
14133616
55842
46913
14155282
57890
47969
14073679
57410
48290
14168882
62626
47553
14117616
54562
47393
14169842
58721
48865
14138065
56834
47457
14188403
60770
48545
14068751
56226
47618
14172210
55362
48386
14176147
58562
47970
14139697
62178
48834
14133137
58146
46689
14169554
58178
46433
14180370
55778
49377
14157361
59554
47010
14142738
56802
47905
14169426
57474
45729
14175218
56162
48225
14151153
61282
48385
14083887
57762
46978
14128913
56610
48162
14177234
56098
47874
14182258
63522
48002
14096815
57762
48225
14159698
56994
47585
14172434
56738
46690
14167538
68195
48225
14131729
56034
49089
14172626
56482
48449
14198227
58465
48257
14103568
57250
47137
14161266
56034
48097
14154577
57698
47074
14179891
55521
47458
14188979
68258
48226
14138545
59298
47233
14162834
55490
47234
14185779
55906
47585
14209811
60322
48162
14090800
56738
47617
14177106
55522
48193
14194546
56514
47938
14140146
57826
45698
14169074
75490
50626
13981803
58978
48353
14123952
56962
48418
14172626
57698
48802
14013485
62946
48865
14101456
56354
47681
14140369
57570
46530
14166450
62114
42850
13711331
67778
50626
14012397
58114
48834
14127472
56321
48289
14161650
68611
47137
14096144
57826
48097
14145073
55842
47905
14213331
56002
48738
14046478
60098
48322
14131377
52898
47266
14245781
54914
47329
14211315
58978
50306
14069358
60034
49282
14193138
55649
47874
14166610
55361
48322
14212596
55297
49346
14187635
61250
48194
14134449
58722
47489
14138417
55265
47810
14184691
57890
47874
14137457
56674
47169
14164146
54402
47361
14212883
56449
48002
14162321
53218
46626
14214772
63266
47681
14106192
56866
48066
14216788
57698
48290
14150162
55234
47810
14202835
61922
47553
14157841
53249
46914
14220500
56066
48353
14169106
54146
46594
14201812
69027
47137
14137329
51874
46434
14220436
51457
47809
14190547
55265
46657
14226260
57090
46849
14170674
53826
46434
14190675
54977
48001
14177618
55042
46849
14190802
55778
47329
14152817
53826
47201
14237108
56418
48034
14085231
55970
48257
14163858
55874
47266
14154290
53794
46882
14240660
62306
50370
14072207
54562
49057
14188659
58466
47010
14164306
54562
46786
14198675
53026
46306
14218004
55201
46818
14192083
63202
47489
14160850
55266
47170
14184146
56289
47714
14196947
54146
46850
14211508
63042
46529
14145489
54626
47617
14223604
60386
48577
14068303
66786
42689
13967436
52674
35809
14174450
73698
59810
13545885
72035
50401
13805478
50658
33409
14063214
72866
55426
13585182
68706
50561
13926634
69442
51074
13922218
67843
50722
13923402
56322
34945
14069391
46657
27841
14160146
44065
25472
14234004
40289
29569
14329495
48994
32321
14192530
53634
32993
14085935
41057
27265
14327896
68290
53122
13960651
60578
48577
14061966
57154
48258
14150770
57442
48737
14169682
55906
48257
14161585
56801
47074
14153298
55874
49378
14180050
57410
50049
14153169
57057
48834
14168658
56642
48418
14149425
55681
49026
14200019
56386
47777
14192819
56546
47330
14167506
56578
47138
14028974
56770
48513
14170258
55874
45633
14171218
55810
46882
14168786
56770
47234
14138097
54882
47202
14172178
57698
48386
14180531
55234
48162
14139473
56962
43521
14160466
60322
51266
14086255
56066
48513
14230292
55138
48066
14207892
57154
46370
14210516
55330
47041
14267285
52641
46433
14265557
53378
46849
14272981
56930
47649
14111920
55394
46881
14236404
55649
47906
14246133
53634
45922
14223668
58050
46017
14242036
59105
49986
14116945
56258
47362
14175346
56546
48002
14169298
59746
49954
14078063
58242
46913
14191507
53922
47969
14214451
55138
46113
14181106
55842
46402
14152146
54401
46018
14193427
55106
47137
14193426
56226
47201
14198003
57154
47905
14142737
55746
47042
14179443
55394
46882
14188627
56226
47746
14154194
54338
48194
14143121
55746
48194
14188211
55970
47137
14176818
55970
46785
14192403
55937
48097
14142065
55874
47362
14209972
58082
48674
14111248
56162
47425
14162546
56066
46722
14162706
54850
46914
14182675
56418
47809
14082031
54178
47073
14176082
53858
46849
14164434
55714
47969
14182162
56002
47905
14183122
56546
47554
14210196
56514
46850
14157202
54626
48162
14193586
55233
46818
14177202
56161
46338
14190643
55586
47330
14167057
55170
48066
14191539
56194
47522
14168210
56866
47234
14168306
54946
48193
48129
13976556
56033
45762
14150194
30561
24384
14561695
56162
47202
14184499
56162
47874
14166802
54274
46850
14197683
54690
46850
14183859
55554
46562
14193043
54145
47106
47073
13954411
51745
46946
46786
14031790
55042
47266
14201747
56002
47490
14171090
57730
47682
14100848
56770
46433
14155633
53122
47106
14267318
52193
46946
46433
14140689
54593
47137
49154
13913737
51906
47426
46754
14058095
51522
47202
45922
14040206
53473
46594
46562
14044910
55810
45857
14170674
54786
46401
14178546
54690
47457
14187026
55810
47330
14206612
53986
47105
46689
14018509
52226
47713
48257
14042030
52386
46529
45826
14057359
56226
47713
14139857
56738
47873
14125456
55842
45538
14191219
55810
46913
14194226
59425
46689
14116464
55778
47874
14038606
56226
45953
14170002
55586
46786
14175154
56002
48450
14146034
57954
48482
14136081
55042
47266
14182547
57442
47873
14170770
55714
46817
14182962
57058
47874
14148370
56386
48001
14184306
55522
46594
14163602
55106
46050
14179955
56674
46946
14131409
57506
45121
14163761
56130
46370
14180947
55137
46146
14190803
57154
48001
14126225
59906
48866
14107120
55842
46881
14172914
55810
46113
14185875
56578
47809
14130929
56674
48321
14179602
56098
48610
14183635
55554
47681
14168786
56162
46657
14144689
54690
46818
14179443
55938
47746
14202003
67458
49986
13999212
63522
50657
13994605
57601
46497
14175282
57314
48258
14141714
62402
49570
14051662
59490
49378
14182547
58242
48610
14257813
55842
47010
14242453
58210
47009
14176210
57698
46593
14163026
55746
47041
14217299
57026
47233
14155377
55682
46753
14183346
56418
47426
14152722
55874
46786
14191219
56258
46721
14190162
55202
46497
14186835
56642
46338
14171314
54850
46434
14177138
55810
46498
14069583
57922
46657
14178834
55458
46209
14158514
56609
46658
14186675
54274
46017
14198899
55938
46881
14196819
56321
46274
14158002
55586
47457
14180594
55650
46946
14191443
55490
46018
14191539
57314
46945
14125936
56706
45282
14200307
57730
46497
14171250
57826
46209
14182994
52898
46209
47202
14006125
51073
46786
47490
14034350
52226
46657
45986
14048558
56066
46978
14211380
55361
46978
14151282
52610
46465
48449
14054190
59394
46721
14137809
52033
46402
46850
14072751
51778
46145
46689
13977067
51746
46881
47361
14051982
51874
45729
46785
14023917
52546
46433
46081
14076815
52802
46337
47554
14030926
54114
45825
46946
14040302
52002
45602
46721
14033645
50689
46530
46018
14042062
53442
46561
46786
14012941
52194
46466
45953
14067791
52450
47138
46434
14073967
51906
46017
46433
14041101
56674
47553
14157746
52834
46849
46497
14091183
50849
39361
38050
14035246
57218
40738
14118800
45666
31265
14229332
54882
40194
14163217
68194
48161
13952363
57697
49121
14201139
55266
48481
14234580
57250
47233
14192627
53794
48257
14303254
53602
46786
14270230
53249
46849
14142097
52802
48290
14260533
52898
47970
14276566
54914
47233
14263509
53378
45986
14253141
54530
46945
14203571
51650
46658
14271958
53058
46466
14289494
51458
47394
14253717
53377
46785
14238644
52130
46849
14299606
56354
47266
14153746
54306
46306
14214548
54242
46146
14264885
52130
46370
14273910
53218
46305
14265301
53122
46177
14213907
52738
46497
14287766
52834
46145
14272021
54018
46274
14323671
52001
47105
14236756
55010
47553
14177650
55042
46850
14235828
53826
47585
14233716
54338
45922
14232532
53185
46594
14289333
53794
47042
14247637
54626
47298
14258005
56578
48322
14181555
53890
45794
14250997
54210
46721
14243636
53442
47330
14233941
53633
47425
14205811
54594
48610
14294038
55873
48130
14169522
54274
46050
14196435
54178
47713
14162673
56130
46785
14216851
53633
45858
14201363
53505
46498
14233076
58690
48482
14105648
56194
47650
14158354
53986
47969
14209971
54274
46850
14279254
56642
46593
14209395
54082
46817
14238292
56834
45281
14173810
54082
47106
14289398
55394
47521
14220499
51330
47458
14325527
72386
52258
13907658
57250
48993
14233460
54818
48993
14203091
55810
48130
14162993
52898
47361
14294710
59394
47873
14089679
54337
48354
14200595
54818
46241
14266933
58626
48162
14102416
55970
46914
14271189
55330
48418
14205427
51170
36897
14226036
65890
49377
14008364
57186
48258
14169426
59266
48033
14114640
56802
47874
14209748
55746
48770
14194291
56066
48770
14189522
56194
46977
14159698
56258
46977
14204403
55362
48226
14204979
56034
46625
14208019
55362
45890
14159762
55489
47298
14193491
54402
45826
14206580
57026
48066
14196211
56385
47714
14184307
54817
47426
14191315
55169
48322
14196115
55970
47682
14204980
56098
47554
14180371
54274
46402
14198771
54978
47393
14184562
50658
34785
14242261
53730
34753
14112625
185126
27457
14161457
59138
48642
14093647
58753
46338
14162898
60130
46913
14068047
58562
47425
14152689
56706
47938
14153554
58786
47490
14081231
63298
49089
13922698
42946
33409
14338904
42081
33505
14288854
39874
29505
14396890
58818
46817
14149265
55649
46946
14219988
54338
46018
14240949
59202
46786
14081840
55714
46754
14215380
56258
47362
14257845
56642
47778
14248277
53666
46722
14257525
54978
46913
14225972
60386
49922
14080335
55426
47809
14195603
58402
48514
14179314
70082
50946
14000140
61506
47874
14087919
50594
33601
14235476
49634
32641
14240437
46305
32577
14299542
84163
61826
13622880
77859
58689
13807143
73762
52930
13968491
68067
50434
13990348
63874
51362
14046638
59650
49602
14110768
57602
47010
14226676
54626
47425
14216755
53634
46530
14277334
49537
37121
14162514
56674
39137
14086832
56674
35297
13418873
60706
38817
13957867
60674
38369
14078800
62498
48577
13929514
64450
48673
13951403
58498
48482
14165521
61410
48514
14092112
55682
47745
14205171
55106
47074
14162161
55778
51010
14118096
56130
47458
14153170
55106
46818
14233140
56993
47426
14187827
55873
47074
14167634
57730
48065
14007341
55650
46786
14186451
57634
45858
14140785
54818
47650
14185587
56002
47297
14169298
56322
51233
14119760
57890
46113
14112176
51969
45217
14241748
51521
47809
14280789
60034
48130
14112465
57153
47170
14154289
54594
46497
14223188
54561
46786
14189043
54306
47074
14188243
56769
47330
14092879
56418
47745
14188339
55714
48353
14189458
54114
46593
14185331
56258
47457
14140529
52706
47330
14195827
56546
47298
14173170
55586
47298
14177075
56610
47650
14178674
54914
46850
14191795
54241
46658
14188819
54274
47682
14202387
56130
46497
14162290
54082
47105
14182386
54626
46914
14188883
54881
46658
14177330
55906
47041
14149329
54562
46433
14196563
54818
46338
14206067
56738
46946
14229332
56098
46274
14148721
57634
47650
14154706
57793
47137
14150673
56258
45985
14187954
56834
46945
14181074
58370
47745
14112208
56897
46625
14137681
55746
47074
14132881
57601
46977
14134545
56674
47585
14144657
54370
48065
14171026
57090
47777
14146289
59169
49185
13976587
55713
47265
14255252
50754
46434
14287286
53698
46081
14268213
54402
47138
14255733
52322
48354
14220148
49794
48066
14285270
51522
47105
14277493
52194
46081
14272981
50754
47233
14288150
55618
47746
14147090
51298
46306
14249781
55970
46497
14273237
55298
47169
14210771
53698
47874
14211955
52066
46722
14296950
52161
45121
14265685
52450
45185
14263093
50241
46273
14256085
49186
99107
46434
14038382
52226
46370
14247797
50466
52354
46913
14034670
48130
53921
46018
14123473
50498
47041
14274229
50562
46370
14244277
51330
46818
14285398
51553
47554
14292727
53122
46274
14238453
49569
46786
48321
14093839
49985
118916
46274
14015661
48898
45826
46753
14103056
47361
89859
46818
14094416
54498
46465
46594
13969900
51842
46274
45569
14062126
52098
125956
46017
13943370
49250
49410
45857
14137201
52898
46273
46050
14053198
54722
45761
14241236
50017
80291
44769
14075215
51746
46114
14296758
51873
51810
46433
14061806
47969
97507
46754
14094992
48962
46657
46818
14133745
52737
45793
14272534
55650
45505
14206003
53986
44802
14274102
52321
45986
48289
13988812
51618
49857
46145
14019949
52449
112804
45538
13950379
53058
47457
14255925
47233
52194
45601
14106640
48193
85443
46466
14053390
50913
100867
45089
14049262
50818
45665
14297270
52705
46753
14180562
51330
46753
14274005
59938
47522
14102256
53730
47073
14258805
52897
48002
14251381
52001
47233
14283382
49730
111395
48962
13996077
51330
123332
47201
13983500
49634
45954
47074
14055343
50241
106083
47938
14082064
52290
51298
45313
14063470
54402
48130
14202995
50338
46530
14252756
52098
46146
14262133
52482
46753
46945
14032493
54274
47778
14251316
55426
46465
14176370
52258
46914
14284342
55138
47106
14231572
54497
47585
14254133
51649
89795
45442
14053423
50658
46018
47170
14074127
57954
47201
14174258
56450
46881
14211667
57250
47330
14215315
52737
47201
14266773
56450
46562
14178899
54434
48322
14224340
56770
47586
14160945
53506
45986
14216468
57954
46786
14168882
53089
46658
14208723
53634
46689
14227956
55234
46306
14231092
58497
48066
14112529
54594
46690
14212244
54050
47233
14249268
56162
45602
14273046
59682
47937
14043886
55042
47169
14221715
55202
47329
14222547
58018
48258
14184851
55778
46818
14235092
52610
45346
14282134
55618
46818
14214420
54113
46402
14270421
57026
47874
14131121
52642
47329
14217971
54881
46753
14217108
54626
46626
14218580
55297
46753
14208147
54146
46370
14217812
51618
45634
14249045
54370
46721
14227412
59874
47746
14050702
54562
46562
14250836
52866
44962
14247253
55970
47073
14143057
54658
47521
14187538
52610
48289
14229908
55745
47330
14207924
54786
49250
14142481
56769
47745
14201811
54402
47362
14167506
65346
48801
14021165
56450
48738
14186643
54914
47778
14279190
69347
51074
14018541
55938
47649
14187891
57794
46946
14207283
56930
49601
14050670
56674
46338
14192339
51458
46754
14232788
52866
46370
14329143
56417
47170
14151634
54594
46081
14214419
53281
47234
14203859
53633
46274
14221844
55042
46754
14190547
53538
46241
14242612
55522
47298
14187955
54274
47554
14226932
55554
47137
14189395
54434
46626
14217588
52578
46754
14103248
52706
46050
14285078
63426
41570
13682818
48002
34273
14230932
55553
38370
14092368
57570
39425
14105808
58882
49378
14186291
53698
48674
14221652
53250
46690
14238645
52674
47042
14261333
55650
48258
14205267
53761
46593
14226388
53762
46114
14260565
55266
45569
14260565
51393
47298
14277558
52866
46593
14315031
62050
48929
14040398
59906
48929
14116304
56194
48161
14214388
53281
46529
14297686
55426
47777
14314967
55649
47586
14211668
55554
47106
14251253
56002
46178
14254325
51969
46049
14256853
52194
47746
14317335
58082
46562
14121329
56898
46850
14244757
55777
47522
14195603
60898
48002
14162930
66370
52642
13994252
59970
48673
14112304
56194
47938
14187954
57377
49218
14248789
58018
47361
14152593
59906
47842
14133873
56834
48097
14192083
56290
47553
14248244
59522
48706
14123249
55010
47425
14171346
56130
47233
14190771
56162
47426
14211604
57250
46466
14126769
57218
48737
14122352
56386
48258
14174835
55394
47426
14234004
61698
48802
14000205
58146
48577
14114768
57762
47650
14170098
55905
47842
14195411
58178
48801
14079791
54882
46402
14202420
57794
49090
14138193
57410
47202
14154130
57058
48994
14147314
30177
26080
14175378
56418
46881
14185298
54402
47809
14463196
49633
38721
13919050
95523
41122
13727652
43426
32673
14301302
74274
51682
13960203
72546
48386
13810055
59202
49474
14093200
58274
47649
14151281
61538
48865
14128177
63778
50466
14029581
62146
49826
14340024
51106
39329
13873928
57378
39586
14205523
49217
34146
13937099
69250
51618
13920970
75651
56834
13683042
75235
53986
13923818
60706
50946
14071375
58754
50434
14163058
58978
50401
14136657
67234
52034
14039982
60386
49665
14117008
56130
47457
14198291
63010
50497
14043182
55650
47713
49186
14020077
55618
46721
47554
14012461
51874
46785
47841
13965228
51681
47042
49089
14023661
53410
46945
47266
14005901
54850
47458
47010
13985516
54210
46882
47361
13956203
53730
46850
48802
13980204
54274
47106
47425
13986668
55809
46466
47585
13990924
52705
47458
47489
13966763
54337
47522
47105
13885513
52546
45057
47777
14084943
55745
47938
46817
13913897
53250
46817
46785
13988364
63746
50018
13970923
59234
49474
14125905
56706
47809
14132337
57122
48130
14140401
66979
59202
13982124
62882
51329
14093168
58882
48130
14119184
55330
47874
14178963
58594
49057
14148433
226824
54210
13762532
65986
50882
14008397
57506
49538
14125201
57922
48546
14138865
64290
52034
14060206
77027
53922
14921195
61218
127524
35361
12758820
54465
31457
14170002
67618
48994
13903945
59106
47746
14088688
57442
48386
14146610
58882
47746
14117361
60386
47714
14156593
60514
47425
14076655
56770
46658
14143026
50786
35137
14205652
45089
31393
14276950
97731
49921
13182129
67650
83715
13884008
60226
48930
14097007
52130
47329
14262421
54754
46690
14291926
52993
46978
14262325
53857
46146
14276022
53378
46561
14336503
54338
46178
14239444
54210
46466
14254229
52002
46145
14335543
51586
45761
14327799
55874
47842
14180083
55426
46657
14335447
62690
48033
13907881
53090
46241
14290230
52162
46882
14152306
55586
47298
14314583
59106
47682
14109968
52258
46530
14263637
50434
47009
14284822
55970
47202
14235541
56034
47970
14244981
54850
46658
14265942
51714
46146
14324920
50850
46209
14262261
51106
46561
14247636
54722
46753
14270421
48930
45410
46369
14096367
55489
46946
14261110
55809
46593
14244916
55586
47042
14217236
56322
47298
14249173
54113
46882
14284501
55713
45953
14209491
51490
46145
14272085
53313
47137
14236020
52929
45601
14338648
52674
45698
14300727
52993
45922
14311863
53762
46498
14261173
58690
47042
14087695
52802
46914
14290550
53282
46530
14296086
55394
47394
14227860
53473
47393
14252340
51010
46850
14281782
54786
46850
14263701
52354
46946
14305207
52546
46977
14262421
53281
47234
14292406
67555
48385
13958923
56450
47554
14164434
52450
47074
14286934
64355
46689
14069135
54626
47362
14233300
51330
46274
14309719
83491
56834
13749540
69442
50913
13932458
55329
48257
14227540
64003
49090
14086607
53666
48578
14163698
90115
32961
12804645
86627
49921
13612928
70531
48066
13869448
61730
48642
14018253
60002
47201
14143281
60098
48066
14155666
62306
48770
14133233
58018
47874
14148145
57730
48578
14132625
60450
47681
14144145
57474
48770
48610
13926378
54370
48737
48481
13977004
60386
48545
14060686
56353
49698
14168210
57185
48930
14130929
56641
48897
14152113
57634
47874
14155698
54049
47842
46849
14000076
53217
48322
47585
14006477
56578
47234
14152082
58338
120964
14036589
60674
48641
14108688
65570
48738
14007405
57890
48354
14170578
60610
49602
14067375
61090
50786
14020941
55682
47841
14214451
55362
47906
14274198
58530
48578
14130641
56321
47874
14166994
54850
46913
14182194
59746
48705
14141873
57474
46946
14119089
56162
46849
14141809
59714
48290
14103280
59042
47650
14126512
57922
48578
48065
13933322
60194
48258
14056302
58914
49057
14100048
58338
128164
13983212
59394
47585
14104656
61506
49410
14096015
60546
48834
14086032
60642
48994
14100879
59938
49282
14075759
63458
51522
13978860
60450
49217
14023277
61666
49250
14164946
57058
48033
14126865
57154
48386
14230836
56482
65698
14046094
58946
48834
14136273
56642
47394
14177107
54626
47650
14157714
56354
47170
14166418
58594
49601
14056814
54722
46882
14201491
57090
47649
14240724
58530
48673
14130353
73794
85219
13918762
56002
49761
14151153
55938
47650
14108720
57026
48834
14198227
57890
48609
14150417
55874
47138
14197971
58722
47810
14091280
57346
48737
14158034
57057
48449
14144209
59586
49538
14069295
59170
48193
14136785
56546
47745
14152401
57826
48577
14185011
62883
51362
14058766
62050
47682
14141745
59746
49154
14138033
56706
48353
14141649
57890
48258
14171090
57698
47937
14165074
58882
47266
14163538
57186
56194
14039950
57569
48705
14149329
57570
47778
14137425
58370
48706
14173074
58402
49121
14149297
58274
48481
14163122
58978
48353
14133681
59649
48481
14075119
56513
47490
14170354
55809
48097
14138929
57250
48258
14162002
56609
48545
14131825
56578
47650
14150257
57058
48321
14110928
57601
47553
14112176
58050
47842
14155985
56610
47297
14417082
61762
49314
13856136
54177
47138
14234996
52353
47586
14316951
57090
47138
14160402
55810
46242
14224436
56514
46753
14163858
55842
48322
14163090
57186
47777
14131889
55873
46881
14146097
60194
45985
14148497
57250
46306
14150130
60098
48930
14098032
57538
48290
14129680
56770
47554
14149426
57185
48641
14145073
57762
47361
14191155
55682
46945
14141681
56354
47682
14135697
56769
46690
14169138
56482
47681
14213555
57729
48002
14133873
56482
47425
14163794
55714
47233
14170162
56866
47682
14208692
58690
47009
14103536
56930
48802
14163154
56962
47169
14157586
57666
46113
14205107
57314
48098
14148850
58466
47202
14143538
58338
47682
14158930
56802
48866
14195699
56130
46818
14157042
56482
47394
14180659
56450
46018
14201363
55234
47586
14188627
56001
46530
14194867
56770
46914
14248852
60098
48802
14102000
56482
47938
14220820
55810
46401
14108400
56610
47073
14178450
57442
48514
14030734
55362
48354
14146161
56226
47650
14146322
58178
48289
14108976
53153
46626
47522
14005324
54657
47746
14209076
55714
47426
14120913
56738
46689
14150513
55202
47138
14175731
61346
47585
14082511
55041
47106
14167186
55169
47522
14179730
56610
47617
14142929
56930
38465
14080495
46402
32929
14248629
56994
42945
14096688
56642
38561
14004396
36097
27521
14408922
85187
36513
14072303
56002
44641
14187027
57314
49089
14162802
56034
48418
14183314
56226
48097
14187827
56034
47137
14198003
54978
47009
14214835
55010
46721
14221556
55458
48098
14189107
53058
47042
14201108
55873
47618
14186547
54114
46945
14218164
56929
48418
14174866
56674
47938
14159154
54466
47170
14207380
58754
48290
14064174
55650
41217
14113776
57922
37281
14074415
48225
31489
14247509
59362
47746
14046094
58178
48737
14103248
60866
49314
14067214
58882
48930
14083407
57890
47714
14085487
58018
49026
14145713
58210
49794
14154322
55074
36673
14089519
48866
35169
14226900
41762
31713
14241877
59650
47553
14096431
56449
46882
14242773
57730
47490
14183442
57474
47522
14146066
57313
45217
14227892
55170
46210
14261493
54594
47522
14230932
54850
46177
14234164
53634
46625
14220244
57154
45793
14141873
55842
48386
14211092
56386
47361
14144113
57122
47105
14158258
60674
49185
14084783
57634
48290
14123568
55458
46434
14179027
60098
48514
14140049
61090
48834
14058574
56129
48065
14136593
54913
47650
14176306
56834
46465
14133553
54945
46113
14161297
54658
45985
14137425
55873
46817
14152241
55554
47042
14165938
54978
46753
14174354
56066
46433
14218964
56610
48161
14129841
55202
48610
14167858
56578
47394
14172146
56546
46529
14155570
58882
48162
14100335
56578
47362
14174451
56770
48578
14183827
56930
47233
14126993
55266
47618
14144433
51906
40930
14223892
68483
54274
49665
13670274
59778
47585
14006508
59554
48834
14130864
57250
47778
14148946
57346
47106
14181939
56770
47138
14114448
57218
47618
14166322
56770
48226
14197395
59042
46881
14042830
61826
80451
14028717
57602
48610
14132144
56898
47809
14162354
56033
46977
14159954
57026
48641
14125105
56866
47778
14149873
59234
48002
14134608
57634
48962
14143985
57218
47426
14131537
55938
46945
14154418
57026
47810
14156530
57058
46977
14145777
56802
46497
14108944
57409
47777
14152657
54434
47682
14149234
57474
48289
14115344
53346
36705
14122449
57154
39074
14029869
51490
28641
12647008
62626
48642
14039374
59970
48257
13968811
59362
47649
14106160
58017
48034
14159985
57090
47937
14165138
56162
46817
14144817
56546
48385
14164466
55265
33729
14150354
97667
40609
13731716
53154
36961
14292662
69123
48450
13783430
70979
53409
13930698
60706
48770
14102864
60162
48450
14096368
56770
47202
48833
13991596
54530
47810
46657
13992844
53378
46977
48385
14001581
58530
48706
14121424
64323
48642
14069935
60290
48258
14123409
58050
48162
14158833
56194
47970
14111184
55778
48321
14166770
57250
49250
14162001
57890
48194
14152882
58434
48994
14090575
59106
48097
14023085
53410
48738
47682
14009709
55010
47010
47393
13994060
53154
48322
58114
13964716
56066
46433
14161778
56482
47426
14158353
63170
47937
14127185
56002
46466
14130097
57922
48930
14110096
52801
47298
46497
13990924
51938
46562
46721
13995436
51554
47202
51298
14010541
58626
49602
14072431
60674
48706
14096559
57922
47873
14242612
57986
46945
14127185
55586
46721
14218227
54977
48002
14204819
57442
47489
14243572
54946
47489
14250197
54881
46401
14259093
52770
46689
14306518
54882
46690
14268981
54018
46273
14323031
57986
47650
14114737
58657
47137
14150833
57122
47298
14197811
56834
47649
14122257
61570
49122
14054894
57569
47938
14168562
56802
46498
14188563
56161
47233
14113072
58274
47874
14146449
56897
47393
14202387
65666
48130
13952363
57474
87363
14068559
57121
45890
14181842
57058
47490
14198163
55842
47809
14172466
57442
46562
14168594
56353
48130
14167634
55329
46594
14184339
56418
48866
14184179
55810
47554
14130673
56482
47490
14174706
56450
46242
14180179
56418
46466
14062255
57218
46465
14160402
55426
47906
14166802
57794
47266
14132401
56449
47106
14175283
56770
46913
14122929
57666
47073
14160946
56450
47457
14166578
57058
47010
14154642
56226
46177
14160562
56642
47010
14156882
56321
47713
14151089
57954
46146
14178131
59586
47618
14126000
55266
46657
14149393
56834
46369
14170994
57186
48289
14191635
63394
50978
14030222
55938
47425
14171794
55842
46465
14181490
59170
48706
14096784
56226
46657
14149425
56866
47106
14185811
59810
46337
14140401
56674
46402
14172146
53602
46242
63074
13979084
56706
47329
14181202
52609
46786
46690
14026190
56962
47586
14208627
59938
91587
13996876
55874
47393
14185523
56385
47330
14165170
58594
46754
14166962
60322
86563
14042638
56066
47170
14204564
57666
46433
14192147
59810
47650
14090544
56962
47810
14172850
56706
46529
14177490
57826
47234
14168242
56801
45826
14162065
56098
46466
14167186
55298
47490
14165970
58754
46593
14167570
55394
47074
14170226
56706
46082
14144914
58306
47490
14031278
56546
48001
14177490
57889
47809
14169426
59618
47649
14137361
58818
45890
14169170
57089
47585
14172498
56834
47746
14156849
56033
72738
14137617
56610
47106
14163506
57186
46274
14172498
56770
47202
14152722
59010
80131
14128176
56962
46977
14161330
56866
47490
14158962
55042
47106
14171058
56770
81858
14134641
57218
46978
14144753
58530
47393
14154674
57089
46946
14188947
55010
48066
14165234
56290
47009
14161522
57314
47169
14177330
57506
46082
14146738
57090
46850
14164914
58274
46466
14118001
56642
46690
14149426
55842
45890
14159122
56994
76291
14118609
56258
46274
14160850
55681
47554
14160881
56769
48513
14166642
57218
47106
14132113
57026
45857
14209587
58850
47553
14136049
59170
47361
14080879
57954
46497
14167410
55906
45922
14213972
57410
46113
14167730
57474
46785
14173970
56770
46690
14134769
56642
47778
14145905
56738
46721
14172370
57122
46402
14167154
56290
47329
14161330
56322
47714
14188435
57153
47873
14098384
56738
46305
14054894
58690
47169
14148722
57474
45057
14181586
56610
46626
14160946
56994
46338
14134576
55681
45634
14155026
56769
47169
14173874
58050
47298
14143985
56066
47425
14150481
56354
93763
14097456
57282
50370
14142737
56546
46178
14171954
56802
47490
14167154
56610
73762
14134257
56290
47010
14160305
55330
47265
14171762
54818
46721
14178290
56034
45666
14141586
54370
46370
46498
14029966
59266
47201
14158930
54786
46306
47874
13995244
53250
47105
47458
13954699
51713
45506
46945
14033805
58114
47618
14177074
56450
45345
14152721
57794
47490
14150450
56865
46178
14205747
55842
47266
14143569
53314
46305
46849
14015597
56738
46497
14153329
56290
46241
14203123
56706
47137
14169234
55042
47554
14181202
57250
46658
14217460
54882
45506
14249173
55810
46850
14222100
52993
46210
45922
14040590
55970
46913
14148177
56482
46594
14192082
57218
47810
14158257
57378
46689
14170482
57506
46305
14182546
56481
47489
14160177
59778
47522
14128881
55298
47874
14193235
55490
47009
14196659
62402
48098
13935435
58338
48289
14211859
52610
47906
14243412
58562
85059
14117009
56482
47873
14186803
56258
48258
14215732
55714
45153
14271605
56993
46305
14192723
59266
46786
14107728
56194
45697
14212755
49442
32353
14253909
48578
64322
14192851
47330
32321
14242229
57250
46753
14102896
57090
46466
14190515
62434
52770
14042894
58945
48418
14179474
58146
48481
14165266
58658
48034
14096528
55234
37058
13667841
61538
36673
13764900
46881
30850
14221460
48866
31746
14222804
62050
49314
14032462
61922
38369
13906825
52450
34561
14172786
48385
32225
14290998
48802
29473
14135825
63042
44257
14032622
61058
49634
14100783
59521
48866
14134161
58530
52610
14055150
57858
48610
14150098
