126628
36257
28801
27681
25601
25792
25408
25440
24769
25344
32833
24928
24865
25153
849373
30433
26369
25409
25729
24897
24384
24705
24481
25601
24865
24929
25473
24256
24001
25633
24833
25025
24737
25473
25344
25409
25409
25537
25985
24929
27136
27169
24801
24865
24641
25633
24864
25313
25313
25377
25281
25441
24481
25057
24513
24513
26497
25921
26721
25089
24897
24737
24961
25697
25761
28065
25761
25089
26113
24801
25089
25569
27809
27201
24673
24961
25505
25568
25313
25729
24961
25313
25825
24673
24961
25312
24993
25057
25057
26017
24865
25857
25345
25537
24385
24353
25345
24897
25537
25537
25408
26273
24865
24929
25985
25441
26913
26081
24993
25281
25344
25313
25025
25121
25409
26945
25249
26241
24929
25057
24929
41889
26337
24609
24897
25569
24673
24257
24417
26465
25025
24512
24961
24705
25697
24929
24545
24801
31521
26465
25505
24417
25505
24897
25281
25217
25121
25889
25505
24192
27489
24769
25601
24385
27393
25121
26241
24609
24129
25601
26913
26529
24897
24705
24705
25569
24289
24897
24865
24865
24513
25281
25377
25217
25601
25153
25216
25249
24993
24961
26113
25249
25249
25505
24865
24513
24897
25665
24993
24961
24417
24864
24865
25281
25089
24225
24896
25025
24800
25440
25280
25825
25120
24768
24225
26529
25185
24833
24961
24865
24449
25280
24705
24257
25057
24801
24897
24801
24289
24417
24609
24896
27393
25857
25345
25152
24833
25313
24545
25025
24897
24961
25377
24769
24865
25281
24449
24481
24704
27009
25057
24929
25377
26369
25921
26625
25505
24865
25569
25473
25473
24897
24513
24480
23873
46978
26369
27457
26017
26529
25697
25248
24929
25569
25601
26017
25921
25761
25953
25216
26209
25569
29057
25601
26177
25057
26081
25345
26529
26337
24864
25088
25472
26145
26657
25601
27041
25441
25921
26881
25857
26400
25568
25761
25121
25121
25505
25057
25281
25505
25089
25537
25505
26369
26049
34465
26465
27392
25249
24065
26433
26304
26336
25441
25601
24961
25089
25313
24321
24769
25089
25729
26337
25537
25473
25569
26593
26497
25569
25665
25121
25313
25185
25857
25441
25473
25569
26241
27681
26593
25313
24897
25409
24384
24193
25601
25217
26785
26081
25921
24960
25441
25633
26529
25921
27937
25825
26113
25408
24768
25377
24289
26049
25281
25377
25377
25537
25505
24609
26433
25057
25441
29985
25441
25409
25345
25793
25473
24096
26848
26113
24705
25729
26657
24641
26241
25121
26272
24224
26369
24737
26305
26241
24352
27104
26048
25633
24513
27073
24513
24577
23968
26593
25536
25728
26145
26177
24769
25057
26432
25216
27681
26881
26336
25697
24609
26464
25249
25345
25473
25857
24737
24672
28801
26209
26273
26401
24609
26209
26497
24385
24513
24736
24704
26528
24960
24897
26593
25793
25249
26369
24865
25217
26881
25121
25377
26464
25825
24832
24385
24193
26081
24769
25409
25377
24577
24129
26241
24033
26945
25889
24737
24289
24352
24481
23809
25569
23809
25345
25377
25921
25056
24641
24545
31617
24961
25377
24609
25153
24929
25313
24641
24641
23936
24192
25025
24225
23745
24801
26497
25153
26209
26433
26017
25697
25697
24705
25345
24577
24513
24545
24225
24577
24737
24257
24321
24033
24353
25441
24641
25281
24321
24833
26817
25952
25601
24929
25665
24289
24737
24417
24673
26560
25889
31617
26369
25313
24609
25121
25344
25313
26113
24481
23840
26145
24928
25057
25729
25152
23872
24577
32353
24449
24097
24320
23457
24129
23905
23937
24289
23649
23937
23937
23937
24065
25953
25313
24577
31009
25441
24833
25729
26369
25889
25249
25345
25153
25569
25600
26241
24257
27105
25761
24129
26273
32385
26593
25601
25920
25473
25601
26081
23905
26561
25953
25921
25473
25312
25025
25729
25025
25313
31009
25697
25121
26017
25569
25600
25281
24673
24321
24001
25056
25569
25633
25185
25473
24961
24193
26561
26209
26336
25345
25889
24897
25377
25921
25441
25633
23937
24160
26209
25729
25729
25601
27009
30465
25184
25697
26145
24897
25697
24961
25985
26049
24352
25249
25249
24353
25889
24545
24449
25537
25824
26945
26753
25760
24321
24321
25505
25633
25441
25376
23361
26081
26081
24929
24417
23777
24513
26017
25377
25281
24352
23809
26049
26113
26081
24929
25696
26913
25377
24961
25504
24321
23457
25505
23808
27553
24192
26273
26113
26048
24737
25825
25761
26145
26401
27009
25761
25057
24161
24929
26977
25792
25825
25057
25025
24481
24481
24769
24129
24225
26049
24993
24449
23073
24449
25280
27297
24801
23777
25313
26529
25633
24993
24353
24705
25505
24225
24545
23744
23681
23521
26273
24449
23489
24417
25985
32225
23969
26081
25057
23681
23745
23937
25729
24769
25249
25889
25057
24129
23808
24225
24929
24481
31297
25537
24289
23457
23969
24961
25153
26209
25377
24833
26561
26305
24257
25024
24736
24129
23681
24384
23809
24353
24833
25473
24193
26273
24257
23969
24257
26465
24384
24033
24257
25089
26496
24513
24352
23489
24481
27073
24481
24289
24032
25729
26433
25056
24321
24097
25217
24929
26017
26113
24256
24193
23680
24992
24256
24992
25665
26817
25601
24129
24736
24737
24513
24161
24545
24673
23585
23937
25505
26561
24097
23361
24001
24385
24608
24736
24001
23905
24449
23969
24321
24161
23936
24225
26433
26401
26817
24641
24129
24001
25057
24353
23969
24705
23744
26433
25537
24385
24257
25569
25089
25249
26273
25665
25312
25601
25121
25857
24801
24577
24481
24929
24353
23520
23969
23777
23937
23937
23457
25889
24256
25825
23937
23809
23937
23648
23681
24353
24129
23841
23649
24801
24193
24673
24320
24161
24033
24769
24161
23841
24833
23745
23809
24417
24577
24128
26048
24257
24801
23936
24864
24384
24481
31393
25313
24673
24097
24897
24032
24416
25377
24321
24065
23713
23872
24576
24001
23937
23873
23777
30081
24736
24481
24289
24033
25537
24801
24097
24065
23553
24737
24673
24481
24033
24417
24353
24321
30209
25793
23968
26113
26625
24833
24609
24544
24609
26273
25728
25729
24513
26400
26177
24352
25121
30433
25633
24417
25473
25441
26849
26369
24769
25473
24065
26593
26305
26145
26433
24321
24385
26113
29921
26209
26657
26273
24705
24737
24961
26401
26081
25857
24737
24672
24097
26369
24705
24449
23712
32321
25313
24481
25953
25569
24737
23553
26305
23777
23777
26145
24225
24065
26369
24321
23649
23617
32545
25505
24705
23969
24353
26497
26305
24065
23936
26273
25985
26497
24993
23745
24001
24225
23841
24737
24481
24128
24160
23360
24001
24896
27041
26817
24513
26049
26657
24961
24225
25921
26144
32801
27297
24993
24065
26305
25857
25505
25889
26625
25633
26209
25057
26561
26145
25121
24673
24289
24609
24641
26305
25633
25185
23905
24289
26401
24449
26689
24417
26497
24961
24129
26208
25728
24609
26081
25217
25217
26433
25825
23841
26241
24289
25409
24577
26144
24897
24801
25985
24609
24321
25825
26017
23969
24449
26433
26433
26561
23777
24545
23873
25985
26433
26401
26305
26273
24097
24097
24129
27233
23521
24001
24321
23681
24417
24161
23905
24609
24001
23361
24929
24449
24769
24289
24609
25377
25153
23969
24353
24449
24161
24161
25761
24832
25889
26145
24385
23649
23937
23969
24001
24161
32258
25825
25313
24609
24385
23489
24097
23873
23905
24449
23841
23777
24097
23681
23809
23680
24128
25729
26401
24993
24321
24129
24129
24609
26625
26977
26145
24129
24161
23873
24193
24033
24961
24321
24576
24736
24353
24897
24672
24513
24353
24385
24193
23841
24289
24065
23713
24001
24161
24513
42817
26273
24001
23777
25985
25921
24032
24065
25889
26977
26113
25665
25537
26625
26529
26433
24705
32609
24705
25089
24641
23073
24513
23264
24032
24737
24129
24705
24577
23905
24033
24609
24833
25185
27105
25441
25441
25281
24097
24416
24544
24353
24353
23969
25888
24993
24865
24577
24193
24641
24097
31969
24705
24448
26049
24224
24161
24097
24577
23936
24256
23872
24512
25025
26113
24385
24865
24161
31777
23905
24609
24513
24801
25377
25633
24224
23456
24737
23904
25313
26304
27009
25249
24897
44738
28353
27201
25569
26241
24833
24417
25121
24193
24096
24224
26209
25312
25729
24417
23969
26721
26241
24128
23520
24160
23456
25377
24672
24288
24192
24608
24128
24192
24289
24704
25313
24865
24641
25121
26081
24289
24289
24097
23329
23584
24449
23969
24001
23585
24161
24225
24065
24001
23681
23649
26529
25633
24097
24097
23937
24353
24321
24225
23713
24161
24193
24449
24961
24609
24097
24321
29377
26881
24673
23904
23585
24288
24416
24801
24513
25313
25377
24897
24832
24448
24384
24256
23777
26433
24961
26401
24737
26305
25921
24225
24705
23649
24481
25089
24224
23777
24545
24289
24865
24609
25121
24128
24096
24097
24064
24544
23616
24064
24288
24641
24609
24577
24673
24800
24321
23681
23905
25057
24673
23745
24609
24065
24449
23745
23937
23777
23841
23777
23585
24929
24096
23936
24481
23841
26528
24705
23969
23841
24737
24833
25793
24417
25121
24512
24608
23617
24257
24161
24321
24225
26497
24961
26465
24481
24161
25089
24513
24224
24000
24416
24064
24736
23681
24320
24545
24257
24161
26561
23905
26208
25441
24321
24961
24545
26272
26272
26401
26528
24545
24481
24576
24545
24545
24673
32353
24417
24673
24289
24513
24705
24065
24321
24417
24961
24640
24385
23873
24033
24161
25281
23777
26049
26337
24993
25601
25281
24321
24449
24673
24289
23969
23712
23105
24097
24097
24673
24545
24257
27521
27329
25761
24448
24449
24481
25953
27105
25153
24161
24385
25409
24960
25249
24737
23873
25121
23777
23553
24289
23520
23969
23649
24289
24768
24000
23521
23617
23969
23617
24161
23745
23585
23969
25697
24577
23649
24513
24257
24769
23905
24161
24545
23745
23553
24321
23649
23841
25920
24064
26433
24737
24577
23585
24193
23841
24033
24257
23777
23713
24000
23712
23809
24129
24001
23969
24129
25985
24065
23937
23617
23873
23744
24608
23904
24065
24353
23617
24225
24097
23969
23777
24065
24065
24929
24897
24289
24417
23457
24769
25025
23840
24352
24321
24032
24512
24289
24609
24577
24801
41569
26433
24225
24161
24257
24129
23649
23329
24193
24321
24193
24065
24289
23712
24033
24161
23937
23809
26433
24897
24033
23553
24001
24065
23841
24225
24321
25121
24161
24481
23809
24033
24896
24032
30305
26049
24160
24033
23777
23937
23713
23649
24001
24065
24961
24993
24833
24353
24385
23809
23937
27393
24193
24289
24193
24193
24128
23552
24288
24672
24353
23968
24353
24897
24161
23233
24513
24161
28481
24832
25057
24225
23617
24000
24192
23904
23361
23841
23841
23777
23809
24480
24000
24257
23841
27393
25312
24353
23521
23168
24609
24673
24033
24065
23969
23873
24449
24417
24769
23905
23969
23776
24896
24800
24161
24353
24097
24481
23489
23936
24353
24641
24865
24225
24705
24257
24064
24385
25409
25632
24800
24704
25217
24801
24769
24096
24417
24289
24576
23968
24897
23969
25121
25153
25089
23969
24865
26177
24097
23521
24097
23649
24001
23424
23232
23713
24289
24161
24385
24193
23713
24385
24481
26657
24801
24577
24032
24352
23520
23808
24513
23936
23457
24289
23841
23745
23265
23713
23617
23488
26017
24193
23937
24481
25345
24321
23553
24353
23553
24193
24129
24321
25153
25313
24545
25441
44002
26369
24577
24609
24065
23553
23905
25697
23905
24577
24065
24673
23969
24321
23809
24417
24641
25569
25568
24960
24737
24577
24353
26337
26305
25121
24513
24097
24065
24448
24832
24769
24928
26208
27777
26273
25153
24673
24256
23648
24352
24161
24417
26305
25057
25057
24577
24097
24289
24385
23905
26433
26433
24289
24257
23937
24641
24641
24257
24129
23809
24097
24576
23873
23904
23937
23776
23712
26241
25153
26177
26305
25152
24865
24928
23616
23744
24064
23521
24385
24385
24257
23137
24353
23777
24000
24225
24288
23905
26241
24353
23777
23969
24033
24417
24289
23649
24449
24577
23777
23905
24097
26209
24993
24577
24673
23809
26241
26049
26209
24001
24833
25633
25184
24417
26881
26017
25217
24641
26817
24833
24960
24577
24705
24225
24289
24161
24161
24097
24641
26401
25217
24481
24737
23841
24545
27361
24353
23905
24321
24321
23873
23488
24577
24193
23872
23552
23969
23521
23329
24161
22849
24449
26753
24257
24193
23873
24225
24545
23969
23649
24129
24609
24577
26017
25153
24513
23745
23617
26401
24225
23968
24449
23521
23745
23777
23713
23873
24577
24321
23937
24065
24481
23489
24225
24577
29281
25857
24833
24161
23937
23233
23297
23905
23617
23553
24001
24705
23873
23968
24257
23840
24096
24545
23521
23937
24161
23585
24353
23617
23777
23937
23104
24096
23776
23520
24161
24961
24193
23937
24577
25153
24417
24320
24065
24097
24417
24929
24321
24481
24257
24161
24256
24224
24544
23840
23681
26337
24577
23649
23905
23969
24577
23809
23969
24129
23681
23969
24609
23969
24065
23937
23936
23360
26177
23905
24897
23777
24513
23905
23873
24033
25024
24768
24384
23936
24256
24576
24000
24193
23905
26145
24033
25441
24129
27521
25121
24801
24064
25056
24481
23105
24705
25185
26049
24353
27521
24257
24833
25697
24609
24385
23872
25921
26145
24961
24225
24961
24513
24225
23777
24353
23968
29665
25185
24448
24768
24449
24897
25025
24545
25216
24577
25761
24545
24065
23937
25825
24769
24737
40737
25025
24801
25153
24865
26049
26241
24289
24385
26241
25569
25217
24832
24577
25601
25025
24001
24481
24769
24833
24769
24065
23809
24385
24385
23265
24833
25537
23905
25761
25569
23776
24257
23457
25985
24289
24897
26465
25345
24481
23105
23841
23745
26081
25729
24161
26177
25601
25377
24545
24160
24481
27265
25537
26529
26401
25025
26336
24257
24065
24961
24640
23969
24001
24353
24096
24384
24641
25281
32833
25345
24801
24896
25857
24641
24673
24481
24160
24801
24033
24705
26689
25537
26209
25217
26209
32577
24769
24929
24865
24225
26369
25537
24897
24225
23905
25793
25025
23936
24321
24641
24321
24033
31841
25312
24481
25825
25665
24033
25025
24640
24129
24609
24193
25761
25216
24193
25537
23937
24033
25729
25889
26273
26241
26273
26561
26177
26017
24769
26561
25280
25568
25665
26977
25985
25825
25153
25857
26337
25761
25217
25088
26081
24769
24225
25633
25857
25089
25152
25824
26337
26369
25665
26241
25729
26273
26337
26080
24641
26721
25505
26881
25665
26369
26433
26369
25728
26433
25249
24385
24609
25217
26241
26177
26145
25889
23873
26881
26273
24161
25441
26497
25889
26433
24257
26081
25793
26209
25121
27073
25697
26209
26113
25953
25824
25953
25761
25889
25825
26752
25953
25921
26689
26497
24769
25825
26561
26241
25633
25185
26273
26017
25601
25857
26017
24897
26529
25185
25729
26817
25761
25761
25313
26561
26017
25985
25409
25056
25056
25537
26401
25089
25729
24993
25600
25504
25601
25505
25537
32578
24833
24801
24097
25057
23649
23777
24609
24065
24097
23745
24705
24257
23777
24161
24129
23777
24673
23905
24513
24225
24896
24128
24961
24801
24961
25345
25249
25376
24416
24961
24833
26209
24193
26849
24416
25185
23649
24129
24417
24545
24481
24449
24321
24545
24961
23745
25153
24449
24449
30305
25313
23841
24609
24897
24257
24769
24705
24737
24705
24737
24609
24193
24257
24417
24161
24545
30497
24993
25089
24001
24449
24193
24257
25120
24449
24065
23713
24897
25984
26369
25473
25280
30465
25121
24097
24609
24256
24576
25057
24737
24161
23425
23905
24033
24672
25985
24673
24385
23937
30753
23937
25153
24705
24513
24577
25665
23809
23937
24033
24769
26081
25441
24449
24801
24385
24129
25985
24321
24929
24385
24225
24481
24193
24577
25728
25024
24352
24865
24609
24673
25121
24993
49026
26657
24865
24865
24160
25056
24001
25377
24961
24769
25249
25185
24545
24353
24993
25024
24288
28641
26625
24641
24961
25345
24705
24161
25089
25441
25057
24961
24641
24384
24896
24608
25089
24961
30785
27297
24545
25025
24673
25057
24289
24897
24961
24544
23937
24961
24417
25184
24768
24864
25185
25793
24417
25089
25569
24193
24801
24353
23809
24097
24033
24257
23681
23905
24705
24481
23905
24033
26177
24609
23969
23809
24289
24513
23905
24353
24289
25793
25313
24129
24641
24673
24193
25377
24705
25889
24993
25121
24192
24353
23489
24289
24865
24577
25345
24417
23521
24193
24257
24833
24129
24449
26080
24160
24288
24768
24672
25025
24897
24865
24801
24897
24672
24929
24385
24001
25281
24641
24289
25281
25568
25217
24417
24801
24289
24897
24673
24545
24097
24481
24769
24673
24225
24864
25761
24513
25857
24097
24353
24769
23649
24801
24769
24353
24449
24193
26209
25088
24737
26369
25473
24769
24033
26177
24737
24417
23873
23873
24705
24481
23713
25089
24705
25024
26081
26177
25281
25249
24705
29473
26113
26177
24577
25185
24833
24193
23841
25665
23745
25569
25057
24769
25153
26657
25281
24161
28129
24897
24544
24801
24225
23425
24065
24224
23713
24321
24225
24929
24545
24001
23937
24768
23905
29377
24385
24705
25249
24673
24609
24640
24480
24673
24353
24129
23617
24321
24001
24161
24417
23777
32610
26593
24257
24609
24385
25217
24033
23873
24161
23873
24417
24513
23905
24097
24481
25249
23776
31457
25153
24193
24641
24481
23649
24513
23809
24001
24225
24513
25761
24097
24577
24865
24768
24672
29665
26017
24641
24417
24705
24384
24416
24512
24320
24609
24065
24225
24097
25440
24256
24352
24064
24993
24961
23969
24385
24865
24992
24352
24225
24257
24929
24065
24576
24705
24481
24929
24289
25153
25152
26913
24225
24129
25121
24449
24705
24513
24833
24097
24480
24801
24288
24161
23776
24033
24193
24640
26368
25409
24961
24609
24993
25121
24353
23809
24609
24449
24385
25185
24481
25313
23905
24417
24769
24513
24321
24321
24257
24929
24993
24065
24641
24961
24577
24897
24225
24065
23745
24993
24865
26817
24833
24704
24577
25761
24833
24193
24897
25185
24705
23937
24641
24577
24673
24705
23905
25089
27169
24385
25153
25249
24385
23969
24833
23969
24865
23777
24033
25153
23969
24672
23489
24449
29889
26529
24449
24481
25281
24513
24545
24961
25217
24225
24481
24577
25121
24545
24129
24480
24032
29697
26337
25505
24577
24225
24801
25248
25249
24641
24417
24321
24417
24833
25313
25185
25248
27201
25761
26753
24769
25345
24993
24001
24065
24129
24769
24385
24609
25121
24289
24193
24769
24065
24929
26561
25825
24609
24481
24577
24193
24384
25089
24385
24865
25633
24129
24641
23905
24961
24385
24193
25889
24417
25281
24256
24737
25057
24417
24481
24609
23905
23393
24097
24065
26465
25312
24897
27969
26689
24417
24161
24129
24577
25249
24065
23553
24544
24737
23744
24192
24352
24544
24064
24224
30529
24577
24161
24705
24065
24705
25025
24449
24673
23905
23905
24609
24961
24609
24417
24385
24353
25441
26753
24353
24897
23745
24257
23585
23745
23616
24897
24672
25729
24161
23841
24928
24673
24321
25633
24225
25281
24417
25185
25473
24193
24545
24385
24545
25249
23905
25857
25441
24097
24289
23649
24065
24097
25473
24385
23617
24609
24257
23681
24225
24641
24577
24417
23553
23809
24193
23777
24609
25633
24737
25216
25504
25216
25185
26305
25441
24641
24609
24289
24769
25121
24929
25729
25569
29697
26689
25217
25505
24833
25249
24897
25153
24001
24385
24065
24769
24128
25409
24737
25441
25153
30753
24417
24320
25473
26081
25249
24161
24801
24161
24192
24161
26657
24481
24161
23681
25089
26209
24224
26272
25473
25409
24257
24993
26465
26049
25537
25345
24385
25473
24576
24513
25313
24641
25249
32417
25344
24961
25665
24865
26721
24417
24737
24513
24544
23617
24097
26145
23809
24224
24001
26177
43042
26176
25504
26720
25824
25889
25185
25569
25153
25121
23809
25409
27041
25440
25665
24705
24769
32418
25601
26753
26081
26465
25249
26272
26176
24833
24065
24289
24097
23873
24737
25825
24673
26593
29985
24705
23841
25249
23937
24833
24065
24129
24001
24449
26272
24384
24545
26241
24417
24833
24577
32098
24289
24353
24161
24097
24129
24960
25696
25761
25217
24897
24257
24385
26657
24225
24385
24641
26625
24961
24481
24641
23873
24257
23969
24513
24289
24417
24065
24481
24129
24321
23297
24065
25761
25025
25697
24449
24193
24193
24609
24801
24353
24609
24193
23841
23617
23393
23617
23521
24001
24769
24833
25057
24161
23809
25120
24417
24000
24352
23745
24640
24353
23809
23585
24065
24097
23457
42433
26113
24512
25121
24929
24737
24801
24257
24257
23777
24513
24097
24161
23681
24385
23873
24065
29633
24161
24129
25345
24577
24609
24545
24417
24513
24257
24097
24641
26785
26081
25313
24929
25281
26561
25633
24673
24801
24993
24161
24384
24961
24609
24097
24353
24545
24449
24321
24065
24000
24768
26401
27393
25281
24545
24481
24833
24129
24864
24225
24833
24897
24833
24577
24193
24289
24097
23681
26369
24481
24353
24641
24001
25089
24193
24481
23777
24097
24705
24449
23712
25472
24928
24864
42273
26689
24545
24481
26048
24192
23776
24384
24161
24801
24289
24353
24481
24033
24673
25121
24480
28513
26241
24993
24737
24513
24449
24577
25441
24801
24033
23585
23905
24193
24417
26081
25121
26337
33249
25377
25632
25377
25281
24449
24961
24961
25025
26881
24577
24449
24449
23937
24225
23905
24641
26497
24705
24993
25057
24833
25057
24801
25120
25345
24577
26273
24609
24800
24801
23744
24416
29953
25153
26305
25601
24993
25025
25729
24993
24577
24865
25985
26497
24577
25281
24673
24449
24769
33217
25377
24256
24897
25089
24353
25697
24705
24385
24961
24385
24673
24865
24608
24352
25088
24832
25889
24801
24321
24193
24449
23841
23969
23937
24545
24256
24417
24257
24097
24833
24577
24769
24929
26625
24001
24897
24929
25025
24417
24417
24161
24481
25121
24705
25185
24737
24065
24672
24897
39393
25825
24993
24993
26209
23937
24577
25057
24449
24097
24449
24609
23617
24193
24289
23809
24833
43745
25505
23937
24897
24865
25121
24800
24672
23969
24833
24897
24193
24897
23873
24929
24673
24673
23969
26273
24929
26081
23744
24224
25024
26177
24000
25889
24833
24576
26529
25089
24704
24864
24192
32609
25056
24769
24224
25409
24449
23265
24064
25184
24608
25024
24833
25953
25121
25217
25537
24609
31137
24609
24673
24865
24929
24801
24513
24353
24545
23904
24737
24321
24929
25632
23904
23904
24065
29345
26049
26529
24865
24481
25089
25281
25153
26689
25249
24801
24961
24801
25793
25793
24353
24577
31521
25217
24096
24161
24800
25217
24544
23905
25153
25121
24449
25537
24865
26176
24608
25216
23840
25057
24129
25249
25153
23873
24673
24193
25441
24353
24865
25249
26849
24545
24225
24192
24769
26273
25985
25281
26785
23713
24801
25985
24545
24225
24289
25057
24577
24129
24417
24929
24609
25281
24257
25024
24577
25825
25729
24801
24353
24033
24513
24833
25185
24385
24705
24320
26561
25153
24513
24257
26400
24289
24801
25185
25345
24897
25409
25441
24672
25441
25057
24417
25025
24321
26561
25601
24545
32097
24193
25281
26561
25600
25793
26145
26817
25793
23777
25057
25089
26881
24033
23937
26433
26112
26657
24673
26273
25057
24865
25857
26561
26273
26593
27233
26657
26497
25409
24481
26465
26977
26433
25985
24449
25728
26049
25953
26209
25409
25473
24609
25153
25153
26432
24577
24897
26849
26945
24897
27104
24673
24929
24609
24480
26113
26017
24481
24545
25185
24545
24545
24737
24672
24353
23873
25153
25729
24833
24961
24705
24640
25665
24513
24865
23905
24321
24832
24289
24801
24737
24481
24513
24417
47906
26881
24225
24833
25857
24833
24833
25249
26337
26465
24672
26401
24417
26497
26209
26561
26849
30977
26593
24545
25089
24481
24353
25953
24673
24193
26080
24416
26081
25569
24545
26561
26369
24481
47361
26977
24513
24481
24833
26209
26241
26689
24993
24769
24673
26209
26080
25249
25185
25057
24992
32033
25537
24097
24801
25185
24865
26529
26529
26145
24705
24768
26113
26689
26017
25185
26401
26273
44033
26945
24321
26241
26305
24353
26145
24577
24577
26497
26625
26497
24673
25601
24449
26689
26593
41794
26465
25089
25441
25153
25121
25377
25217
24289
24577
24417
25505
24257
24449
24513
24096
24129
44065
25185
24448
24353
24897
24353
24160
24321
24385
24577
24993
24929
24480
24513
24481
24257
24928
24801
25697
25409
24865
24417
24513
24065
24961
24128
24865
24801
24416
24513
24929
24673
24737
24609
24705
25281
24545
24736
24833
25185
27456
29729
26241
26305
26593
26433
25025
24480
24865
24097
24033
24192
27105
24193
24321
24257
24577
24385
24480
23905
24833
25472
24705
25120
24705
24193
24993
24288
24449
26273
24289
24705
24193
24001
24768
24033
24385
24545
24640
25664
23520
24129
24161
24065
24801
25025
25185
24737
24481
24193
25025
23873
24641
24000
23264
25089
23969
24385
23809
24353
24737
24513
24673
24385
24641
24257
24320
24769
24705
24321
24513
24897
24449
24801
24737
24353
24832
25280
25505
24641
26528
24801
25121
25344
24705
24609
24161
24608
24257
24321
24577
24352
23233
26240
24897
24513
24321
26433
23904
24193
24992
24033
24032
23809
24481
24705
24001
24161
24608
24961
24385
23713
25121
24609
31905
24513
24609
24417
24097
24864
24641
24769
24641
24673
23809
23712
24801
24769
24673
24320
24129
29825
26849
24673
24673
24257
23840
24033
24481
25217
24769
25569
25697
24961
25025
25473
24097
24961
27201
26593
24769
24513
24673
24193
24481
24321
24160
24321
23777
23937
24417
24384
25057
25025
24833
50466
25889
24577
25697
24353
24833
24833
24481
24705
24353
24417
24513
26497
24417
24416
24257
24577
24673
25729
24705
24513
24897
25217
24353
25184
24736
24353
24609
24481
24352
24705
24353
24513
24737
24416
26401
24801
24417
24193
24673
25057
26145
24193
25633
24129
24672
24737
24928
25409
24289
24289
24673
25313
24353
24545
24992
24993
24929
25153
25441
25441
25313
25281
23841
24545
24641
25985
25601
24449
25505
25984
25633
26593
24737
25249
24768
24705
24641
24865
26977
25441
24545
25121
25729
24961
24801
26529
25889
24065
24257
24961
27841
24481
24384
24801
24833
24257
24385
24961
24033
44386
25985
26049
25473
25281
25121
24897
24449
24704
24896
24993
24129
25248
24448
24736
24512
24897
29377
25793
25025
24769
24865
24833
25889
23873
24161
24513
23649
24481
24353
24129
24353
23809
24001
28545
26273
24225
24609
24545
24449
23873
24161
24257
24929
25345
24353
23969
23969
23585
24257
23649
28737
26209
24513
24225
25025
24736
24576
24545
24097
24321
24385
24801
24385
24289
24705
23905
24481
25665
24193
24577
24065
24577
25057
24225
24193
23937
23937
24865
24865
24545
24129
24641
24417
24545
26209
26017
24001
25377
24577
24449
25569
24481
24609
24800
24769
24225
24289
24065
24352
24096
45953
25825
24481
24737
24929
25761
24449
24833
24289
24257
23617
24321
24033
24321
25057
24417
24641
29153
25121
24993
24001
24289
25440
23968
24417
23905
24737
24737
24449
23873
25217
24705
24225
24641
29121
23713
25377
24353
24513
24673
24897
26401
25249
24832
24480
24865
24641
25633
25313
25313
23905
26305
24705
25025
24705
24833
24865
24289
24129
24129
24065
24513
25025
23841
24193
24513
24577
27777
26337
25025
25985
23905
24513
24769
23969
24993
24705
24641
24513
24673
25665
24609
24705
24993
29153
24929
24833
24065
24065
24129
24801
24865
24513
24545
24385
25600
25057
25088
24865
25057
24577
24385
23521
24353
24545
25537
24193
24897
24449
25089
24289
24129
24193
24865
24160
24769
24608
25344
24929
24353
24321
24289
23841
24385
24417
24129
23969
24865
26081
25569
24352
25312
26113
25505
46081
27393
24161
24385
24321
24641
24193
24416
25601
24993
24801
25537
24801
24417
25089
24353
24321
29729
26081
24321
24321
24193
23329
24353
24897
24705
24097
23745
23681
24609
24513
24257
24385
24897
23553
24033
25409
24001
24097
24449
23905
24321
24609
24001
23905
24353
23745
24289
23937
24033
25281
23968
24544
24449
24513
23393
23905
24064
24608
24192
23968
24737
24865
24993
24065
24705
24161
26561
26049
23937
24193
23712
24129
24641
24033
23585
24097
23937
24161
24352
24192
24000
24992
23745
24193
24256
24385
24481
23873
24129
23905
23745
24001
23809
24193
24897
24577
23841
24097
24609
24097
24321
25665
24801
24417
23681
24417
24577
24673
24673
24545
23873
24225
24257
24385
24449
25025
24545
42081
27009
26209
24577
24129
24417
24737
24417
24064
24417
23873
24225
23361
24545
23936
24256
24608
24417
26177
24865
24096
24225
23937
24193
24257
24737
24032
25313
24609
24225
24961
24833
24481
24609
44929
26369
24033
23937
24129
24193
24385
24064
24513
24481
24961
24865
24673
24289
24961
24865
25505
31393
24481
24673
24641
25216
25185
25153
24289
25377
24705
24801
24833
24673
25089
24065
24545
24513
28801
26177
24737
24897
25249
25121
24065
24897
24993
26017
25473
24449
24737
24417
24801
24929
25153
29537
25281
25377
23873
26209
25344
25473
24641
25089
24545
24257
24417
24961
25153
24513
24353
29665
23648
24513
24353
24545
24865
25121
24385
24065
24545
24897
24225
24385
23969
24513
24929
24800
28193
25121
24064
24512
24576
24225
24160
24609
24385
24929
24641
25377
24577
24513
24673
25441
24865
24800
25985
26881
24672
24352
24576
25057
24897
24865
24865
24321
25153
24769
24449
24865
23841
23777
26848
24320
24545
23809
23713
24161
24705
24449
24737
24321
24449
25185
26529
26433
24801
26401
26785
26689
24641
24417
24353
24609
24641
24897
23713
24705
24353
24673
24449
24129
24769
24193
24513
24001
26849
24257
24768
24800
24352
24001
23681
24545
24481
24609
24449
24513
23969
23617
24097
25793
42690
24065
24545
23873
24353
24641
24033
23937
24289
24865
24449
23649
24513
24833
25665
25344
24993
30273
26913
25281
24641
24929
24481
24065
24513
24193
24897
24193
23905
24673
24320
24225
24640
24224
24225
24865
24320
24224
24577
26753
24193
24961
24897
24225
24161
24161
24801
24161
24256
24832
24673
25505
26369
24513
24353
24897
25600
24897
26273
24641
24961
24065
24673
23649
24449
23937
24193
24673
27425
24992
24064
24193
26689
25409
25153
24705
24449
25089
24257
24449
23904
25953
26305
24897
25729
26401
24673
24193
24353
24001
25728
23873
24513
24225
23809
25889
24608
24001
24609
25889
23553
23969
24449
23937
26176
24545
24481
23329
24545
24897
25505
25153
24673
24257
24193
24192
24769
24897
26529
27009
24928
24609
24544
24448
24705
24641
24641
24801
24257
24161
24513
24353
23777
23969
24385
28289
25921
24417
25121
23969
24641
24609
24705
24321
23681
24225
24929
24577
24033
24321
24289
24513
23873
24128
24704
24129
24225
24321
24001
24385
23905
24545
24513
24321
24192
24161
24449
24161
24033
29089
24065
24385
24865
24385
24705
24897
24513
24609
24961
24801
24929
24577
24353
24897
24769
24896
24961
24928
24864
25120
25280
24737
25217
27265
24320
24704
24800
24512
24416
24352
26433
24513
44321
26241
24929
24577
24737
24353
24129
24833
24801
24481
24577
24768
24481
24545
24545
25025
24288
28449
23681
24449
24481
24385
24705
24992
24736
24064
24512
25089
24737
24385
24577
24353
24449
24257
28705
24608
24416
26753
24033
24545
24705
24801
24641
24449
24993
24352
24256
24608
24160
25089
24289
24577
24065
24032
24641
24673
24481
24641
24577
24577
24577
24705
24001
24801
25345
24961
24673
24545
26817
23777
25121
24865
24033
24513
24001
23937
24385
24705
24705
24993
24225
24385
24449
24609
28161
26176
26273
25153
24641
25185
24224
24640
25409
24961
25121
24289
24417
23905
24769
24993
24896
24641
26976
26464
26657
24833
26561
27553
25345
24929
24832
24833
24737
25409
26593
25441
24032
23840
24737
23905
25441
24641
25153
24705
24225
24737
26113
26208
25121
26017
23969
24960
26817
26369
29473
25057
24705
24160
24160
24448
24416
24064
24481
26113
26177
24865
24225
23936
24864
24288
24161
26113
26049
24065
24257
24417
23937
24449
24161
24961
24961
24097
24193
23841
24001
24577
23713
24481
25792
25057
24801
24737
24673
24353
24033
24257
25313
24609
24801
24385
24577
24993
24833
24161
24480
26977
24001
24129
24289
24673
24545
24353
24801
24545
23905
24449
24641
25025
24961
24033
24129
24225
26593
23937
24161
24321
24641
24769
24929
24673
24545
25217
24224
23680
24576
24160
24608
24577
24865
25249
24161
24897
24513
25280
26177
24065
23905
24385
24609
25217
24865
24545
24672
24993
24897
24385
25505
23777
25473
25057
24705
24672
23776
24096
24000
25089
24128
24417
24001
23809
23745
24161
41953
24672
24577
24545
24385
25185
24512
24353
24257
24097
24289
23937
24481
24833
24545
25537
24416
28609
24513
23905
24545
24097
24929
24065
24769
24065
25057
24225
24833
24256
24768
24033
25217
24321
24576
24064
24320
24768
24480
24128
23872
24224
24576
25184
24545
24321
24129
24737
24225
24705
24609
25281
24673
24641
25313
24737
25088
24449
24545
24801
24385
24897
24577
24801
25089
25057
23841
44898
26177
24801
24737
24641
24257
24417
24321
24449
24353
23809
24321
24161
24193
24769
24129
25057
31681
25761
25153
25728
25152
24256
24864
25537
25345
24545
24609
24545
24961
24065
24289
24577
24001
24320
23552
24096
24000
23808
24256
25537
23937
24129
24385
24577
24289
24193
24353
24352
24897
42145
26881
24385
24833
24481
24961
24865
25409
25281
26177
24225
24513
24352
24736
24352
24449
24577
25441
24641
24513
24769
24481
24481
24961
25025
25024
24864
25728
24256
24512
25376
24929
24481
24897
25345
25217
28577
24929
25057
25088
24481
24544
24545
24737
25697
24481
25249
24577
24001
24481
29665
24897
24897
24993
24737
24449
24001
25057
24929
23841
23297
24289
24225
24385
24385
24225
25217
27009
24353
24609
24769
23745
25409
24481
24641
24641
24033
24225
23841
24609
24993
24769
24768
25025
25249
24353
24641
24481
24865
24609
24065
23969
24289
24192
24864
24384
24416
24320
24480
26881
25537
26401
24321
24289
24353
25089
24737
24129
23777
24321
24161
24193
24225
24481
24992
24833
23809
44353
26369
24864
24928
24320
24705
24513
24449
24545
24545
24321
25153
25537
24481
24129
24801
25633
29281
26209
24705
25217
25505
26369
25217
26017
24609
24353
25569
24800
24640
24832
24512
24736
24449
24769
24769
24289
24257
24609
24545
24449
24161
24161
23809
23873
24193
24449
24033
24288
24416
24544
24961
26753
25248
25985
24769
24769
25313
26689
24833
26209
25089
25217
25153
24961
24769
25537
24993
26241
24609
25217
25153
25057
24705
24609
23873
25089
24353
24161
25409
24353
25057
24065
24609
43234
27009
24480
25056
24833
25345
24641
24801
24769
25121
24833
24417
24768
25153
23841
24641
24865
24641
26625
25665
24289
24353
24641
24737
26145
24768
24544
25120
23969
24833
24225
25089
24545
25217
26369
26849
25057
24737
24961
24577
24929
24705
24705
24961
24545
24801
25473
24833
24513
24225
24065
29313
24257
23969
24065
24481
24481
24897
25057
25281
25409
24993
24929
24993
24641
25409
24673
26785
28993
24481
24289
25217
24352
24513
24289
24961
24001
24961
25025
25185
25153
25249
25089
25217
24960
26721
26241
24545
24897
25345
24737
24321
24577
24737
25121
24769
24769
24801
24897
25281
24737
24992
29217
24609
25281
24769
24545
24737
24417
24929
25025
25697
24961
24641
24993
25057
25249
24289
24449
27041
24129
24641
23713
24512
24544
24897
25121
24961
25217
24897
24417
24417
24417
24289
25057
24513
24544
24480
24544
24832
24352
24161
23905
24417
24673
25345
24673
25121
25280
24769
25089
25729
25025
26497
25185
24929
24353
25089
26081
24577
23937
25153
24545
24193
23969
24161
24545
24961
24289
24289
26081
24289
25409
25281
24865
24865
24513
25057
24417
24449
24929
24801
24289
24193
25056
24832
24641
27297
24865
24001
24961
25217
24513
24417
24705
24865
24737
24577
24769
25536
24448
24673
24929
34049
26560
25249
24865
25409
24513
25473
25121
24929
24769
24641
24769
24033
25025
24673
24545
24353
29697
24321
25025
25505
26753
24705
25249
24865
24000
26241
26209
25025
25089
24800
24128
25089
24641
26720
25696
25184
24480
24544
24704
25056
24832
23936
24481
23937
24449
24448
24865
25249
24673
27681
24513
25217
25120
24417
24417
24768
24800
25569
24865
24449
24001
26177
25185
24353
23649
24961
30337
25409
25888
24832
24833
24321
25601
25089
24993
24705
25089
25121
24993
24897
25121
24768
24609
28353
26273
23905
24961
24161
25153
24865
24225
25249
25697
24737
24065
23905
23520
24289
24320
23489
29473
23617
24417
23777
24352
24673
24801
24193
24064
24320
24609
24705
24256
24353
24161
24896
24737
29857
23584
23777
24129
24769
24225
24097
25057
24097
24513
24481
24512
24481
24577
25217
24833
24225
30177
24545
24033
25761
24129
23905
24257
24417
23649
24769
24321
24353
24321
24705
24545
24481
24416
29729
24320
24640
24417
24385
24449
25473
24577
24513
23841
25057
24993
24193
24865
24769
24353
24193
29985
24801
24193
24481
24449
25057
24769
24385
24193
24673
24128
24640
24385
24257
24609
25057
24257
24577
24961
24801
23745
24609
24193
26496
24097
24993
25025
24673
24193
24609
24737
25089
25217
24641
26465
25345
24417
24321
24289
23873
24129
25089
24641
24289
24865
24801
23585
24320
24352
24257
24257
25761
25345
25089
24864
24673
24769
24673
24801
24385
24385
24225
24417
24161
23937
25280
25248
25281
26401
24833
25089
25377
26753
25121
25121
25185
24417
24417
23873
24353
24161
24384
24033
24609
24737
26241
25185
25089
25185
25089
24769
24929
24545
24449
24417
24736
24129
24321
24577
24384
24353
24321
24641
23937
24705
25857
25377
24545
24673
24225
24449
24545
24513
23969
23777
24513
24129
24288
24160
24417
24033
23713
24449
24416
23809
24385
24033
24321
24161
23905
24321
23585
23937
24545
24257
24609
25345
25121
25025
24289
24481
24577
24576
24705
24641
24065
23841
24161
23905
24320
24257
24065
24321
26145
25281
24257
23937
24448
23680
23777
24193
24897
24193
24321
24288
24673
24065
24609
23872
24192
27905
24129
24897
24129
24640
25473
24961
24001
24417
24513
24033
24640
24033
24321
24513
24513
24865
28801
23777
23969
24545
24225
24449
23969
24833
24129
24704
24417
25601
24289
25601
24673
24577
24225
24577
24545
24129
24289
24641
24353
24289
24833
24481
24864
24449
24193
24289
25121
24609
23872
24480
24833
25344
24640
24481
24129
24737
24161
24161
24609
24001
24769
24449
24001
23745
24353
23968
25281
25601
24896
24801
24097
24193
24449
24448
24192
26017
24513
24097
24769
24449
24417
24673
24737
45282
25473
25249
25505
24801
24801
24481
24321
24257
24961
24161
24385
24161
24001
24353
24737
24641
28513
25825
24129
24385
23681
24609
23809
25025
24609
24993
25761
24353
24897
24385
23937
25153
24545
27617
24736
27008
24769
26049
24321
26465
23552
24768
23392
24065
24289
24417
24225
24801
24545
24929
29377
24992
24801
25153
24512
24577
24449
24801
25056
25152
24512
24288
24192
24448
24001
25313
24161
28097
26273
24577
25761
24417
25184
24929
24577
23585
25025
23937
24385
24833
24961
24993
23841
25153
26593
24897
24865
23617
24353
24960
24545
24545
25313
25441
26241
25377
24416
24256
24705
24449
24417
24256
24225
24064
24128
24001
23840
24832
24353
25409
26753
24353
24129
24481
24385
24449
25089
24097
25152
24064
24128
24992
24352
23744
24544
24385
24865
24161
24097
25856
24065
24961
25569
23873
24449
26849
26369
24545
26337
24288
24064
23648
24129
24129
24673
23776
24000
24289
23969
24225
24001
24545
27489
24993
24321
24097
24865
24609
24961
24385
23777
24160
23936
24160
24608
24608
24256
25185
41058
26177
24257
24353
24289
24321
24833
25313
24545
24193
25025
24929
25729
24417
24481
23777
24865
29569
24481
24353
24417
24865
24288
24288
24417
24833
24673
24737
24833
24065
24289
24353
24192
24033
24641
25825
23584
25089
24448
23744
24705
24609
24673
23617
25185
24353
24257
24769
25281
24641
24961
29569
24385
24736
24416
24448
24481
23841
24033
24673
24897
25057
25793
24129
24513
24897
24737
24801
26560
26977
24929
24641
25633
25440
23969
25697
23937
25569
23553
23873
23585
25280
23809
24289
24641
26401
27041
24865
25185
24385
24673
24641
24481
24608
24832
24737
25121
24513
26017
24673
24577
25793
25568
24512
25184
24416
24096
24928
24897
24353
24737
24833
24801
24257
24449
24481
24801
24769
25249
26625
26433
24449
25089
24321
24225
26369
24065
24449
24577
26049
24161
24513
25889
26177
26113
25985
26017
24545
25793
24673
25217
24097
24385
25217
24769
24865
25857
25025
25345
24641
24225
25153
29153
26305
25601
25377
24865
25249
24545
25633
24417
25601
24609
24801
25505
25089
24801
24641
24481
28673
25313
24609
25281
25089
25377
24673
24929
24289
25729
25153
26017
25056
24864
24192
25024
25217
24929
26049
24481
24353
24289
25921
25569
24545
25025
25569
24225
25024
24609
23841
24609
24256
26145
25281
25793
24961
26112
24257
24801
25729
24609
24545
24577
24257
23873
23777
24193
24321
24449
24737
26593
24481
24512
23904
24993
24321
23969
24033
23617
24449
24545
24353
24257
23905
24225
23681
23969
26304
24833
24385
23809
24193
24385
24417
24417
24321
24225
24257
25281
24128
24129
24417
24801
24641
26209
26113
24481
24737
23841
24353
24865
24417
25057
25057
24801
23969
24673
23937
24801
23905
23809
45377
24769
24481
24609
23584
23713
24673
24641
24129
24097
24033
23585
25377
26145
24801
26049
24833
29825
26081
25409
24833
24481
24193
24481
23969
23552
24129
24033
24321
23873
24609
25057
24801
24417
28545
25761
24481
25057
24961
24001
25025
24129
24513
25377
24769
24704
24672
24097
24417
25025
24417
27009
26337
24833
24577
25120
24448
24161
24993
24961
24609
24928
24129
24673
25217
24865
24929
25153
26849
26529
24256
24225
24353
25217
24993
24416
25025
24513
24065
24737
24705
25249
24961
24673
25057
26881
24929
25537
24961
24897
24961
24705
24833
25089
24609
25569
24929
24864
24544
24513
25217
24993
29153
25057
24481
25312
24065
24929
25057
24321
24513
26497
25792
25217
25601
27201
28833
27713
28385
28353
25633
25120
26881
26944
27585
26369
26305
26305
25665
24768
25088
25057
24577
24481
24993
28033
25217
25665
24769
25217
24673
24897
25185
24961
24961
24129
24289
25121
24609
24513
24833
30658
26496
24448
24545
24736
25217
26113
24449
24289
24225
24193
23969
24193
24385
24097
23969
24545
29857
24449
24897
24449
24288
24320
24961
24001
24481
24449
24513
24257
24033
24545
24001
24801
23777
24673
25345
24352
24096
24224
23905
23968
24321
24833
24257
24865
24545
24544
24704
24289
24385
24033
24673
23745
25121
24545
24417
24801
24769
23776
23777
23936
24449
24897
24609
24704
24737
24513
24609
26881
24705
24801
25632
24416
24577
24609
24321
24705
24385
24961
24801
24225
24353
24321
24609
24769
24577
25121
24449
25409
24736
24768
24929
26529
24673
24705
24865
24897
24801
23585
23969
24769
39553
25985
24161
24033
24225
24321
24224
24256
23712
23873
24353
24353
24033
24161
23873
24225
24640
23873
25857
24289
23745
24289
24032
23968
24000
25185
24385
24257
25089
24545
24161
24513
24033
24545
23713
24801
25185
26497
25537
24545
24577
23905
24417
24225
24481
24001
23713
24097
23904
24897
25697
42146
27425
25089
24192
24384
24160
24481
25345
24641
24865
24481
23969
24577
24449
24929
24577
24608
28897
26785
25377
25185
24737
25153
24929
25889
24897
24897
24641
25472
24704
24481
24769
24801
24705
29121
23840
24832
24736
24320
24225
25281
25345
24544
25185
24576
24257
24545
24833
24417
24321
24576
28417
26304
24096
24609
23649
26017
24032
24128
25601
24609
25057
24609
24193
24833
25025
25857
24929
26016
27105
25409
25249
26017
25377
25153
24513
24129
26145
24416
25505
23872
24609
24577
24737
29697
24768
24064
24352
23584
24288
23744
24448
24256
24128
23584
24384
23840
23905
23969
25633
24705
29281
26241
26177
25217
24897
25089
24705
24897
25377
25537
24769
24960
24896
24128
24672
24544
23872
24545
24545
24321
24161
24353
24321
24737
24161
24321
25184
24672
25249
24033
24769
24033
24513
24577
24705
23585
24545
24033
24417
24193
24193
24353
24481
26369
24288
24672
24576
23745
24224
23777
24672
24609
23905
26241
25728
25793
24065
24769
24129
24865
25249
24513
24577
25505
24801
24865
24385
24481
26465
25344
24576
25024
24065
24801
24353
24417
23681
25025
24737
24384
24321
24545
23713
25089
24769
25281
24705
24289
23873
24737
24609
24385
24865
24961
24961
24929
24961
24961
24417
24577
24833
25025
26433
24481
24673
24769
24608
24736
24641
25025
24321
25185
24385
24897
24480
23712
24193
24672
42626
26401
26145
26177
24033
25057
26177
26337
25441
24545
24897
24769
24993
24129
24065
24737
24384
23937
26273
24481
24289
24193
24353
24705
26017
24096
24193
24385
24225
24769
24545
25185
24737
24353
24161
26049
25697
25249
24641
24833
24321
24641
24064
23873
25377
26368
25760
25569
25889
25441
24833
26784
26177
24992
23905
24193
25377
26753
26913
25217
24609
25793
25217
24321
24417
23841
24065
25472
31585
25344
24768
24833
24769
27009
27713
25505
25121
25921
24673
24385
23936
25729
25473
25153
24513
28737
25793
26081
24193
24769
24864
24768
25184
26561
25729
24961
25921
25184
24577
25377
25185
26017
28065
25217
24673
24641
26209
25345
24065
24929
25249
25441
24801
26848
25441
26049
25025
23809
29185
26721
25889
23937
24225
25793
26017
24897
24257
24577
24513
25025
25377
26529
26497
25921
26145
27329
27297
24800
24544
24641
24128
25121
25729
24641
24513
24257
25089
24961
24513
24961
25505
24545
27009
26209
25633
24641
25601
27041
24928
24897
25889
25185
24865
25184
25377
23585
25345
25184
43265
25345
24929
24640
25985
24545
24801
25153
25888
25920
24513
24417
24513
24449
25857
24225
24289
30369
25473
24801
26209
26017
25185
24321
25185
23969
24481
26305
24608
26305
26048
26241
25537
24993
32577
25313
24705
25377
26113
26209
25888
26497
25889
25185
25761
26081
25985
25537
24769
25216
24640
25601
26241
25921
25729
25857
26497
26273
26752
24832
25985
26241
26593
26849
26017
25281
25729
31490
25089
24064
25889
25793
25121
26433
25728
25921
25153
25281
25569
25505
24577
25761
27361
25921
32514
26689
25697
25665
26721
26401
24737
24513
24929
24225
26145
25793
25953
26337
26433
24449
24705
25761
24929
27553
27649
27169
26337
25409
26017
26561
27265
27361
26017
25953
26464
27617
27041
27457
26977
26049
24865
24865
25985
26209
26464
26080
26017
24097
25729
26433
26465
26017
26593
26753
27137
25185
25249
25345
25505
25185
25057
24096
24193
24257
25185
25281
24033
24993
24352
24033
24321
25217
24929
24801
24705
25153
24321
24384
24449
24833
25217
25921
24545
25185
26560
24801
24577
25665
31969
26208
24225
24961
24929
24673
25089
24545
24577
24353
26369
24449
24993
24608
25249
24609
24640
32609
26145
24481
25953
25345
24480
24641
26625
24513
24961
24641
25440
24225
24097
24225
25376
24737
33505
26401
25441
24769
24737
24481
24032
24737
23809
26177
24673
24577
24929
24161
24992
26433
26145
25985
26369
24097
24321
24353
25601
24705
24609
24577
24865
24704
24513
24641
23905
24417
24417
24225
24993
27105
26209
24865
24353
24769
24993
26177
23808
24641
24321
25089
24673
24353
24609
24353
24033
24928
26849
24225
24161
23840
24481
24289
25697
24609
24065
24544
24289
24673
25089
24801
24352
24385
24609
29377
24480
26561
26016
26881
26433
26209
26273
24321
26337
25953
24800
24513
24481
24769
28897
26081
32577
26081
24417
23969
26145
24737
24417
26017
24225
24193
24512
24225
24833
25153
24833
25441
25440
29409
26241
24833
24385
24896
24673
24225
24705
24257
24032
24769
24417
23553
24833
24545
23616
23969
39809
25504
23713
24801
23969
24928
25056
24993
24833
24033
24288
25345
24609
24353
24417
24481
25057
28289
26017
24480
24033
24705
24833
24800
24417
24833
23553
24481
24321
24385
25921
25409
24897
24961
29313
26497
25057
24865
24769
24929
24385
24321
24448
24385
24801
24961
24608
25025
24897
24481
25089
24833
24961
24001
24609
24352
24769
24321
24961
25409
25185
24065
24417
23745
24289
24801
25152
25921
24321
26657
24609
25217
25121
25217
25281
24929
25185
24705
25312
25216
25057
25088
24897
24481
25025
25185
26049
24609
24225
24065
24001
24353
24512
24320
24065
24737
24577
24449
24961
24801
24289
24289
24609
26177
25025
24801
24897
24289
25313
24353
24001
24481
25089
24449
24033
24833
24449
24801
25793
23936
26081
23937
24193
24192
25345
24609
24961
24417
24800
25280
24256
24161
24705
24577
24257
24992
25409
26433
23841
24737
23809
23745
24481
24481
24032
24385
24257
24385
24224
24449
25313
23713
23904
24481
24065
24289
23584
24417
24609
25121
24545
24545
23361
24417
25569
25088
24577
24224
25345
24257
23745
29024
24065
24737
24385
24001
23809
24161
24545
24481
24832
24864
24673
24289
24513
24513
25473
25056
41378
26081
25217
24481
25025
24353
24545
24929
24929
26273
24449
24352
24769
24193
24737
24449
24353
24000
26337
24353
24352
24801
24737
25953
24161
24544
23905
24417
24801
24737
24289
24961
24161
24225
25185
25761
26209
24865
24417
24065
24385
25793
25441
25409
24609
24449
24897
25217
24129
24960
24513
24801
25057
23968
26305
24993
25760
24768
23713
24737
24545
24641
25217
24769
24769
25153
24161
24960
25889
25281
23872
24609
24865
25761
27009
25568
24576
24737
24512
24960
25441
24801
24737
24897
24577
38338
26145
25441
25921
24801
24993
25152
24193
24097
24353
24033
24833
24609
24129
25313
25857
23904
31713
25601
24865
25121
24865
24480
24641
24161
24161
24193
24576
24961
24129
24225
24225
25601
24704
24545
24673
24865
25216
24609
24929
24737
24769
25569
24673
24192
24641
24641
24353
24416
25025
25185
24832
24801
24993
24928
24993
24769
23937
24033
23937
24449
24352
24353
24737
23841
24321
24129
24097
23905
29281
23904
24257
24289
24225
24161
24065
24193
24577
25921
24577
23937
24449
24865
24993
24673
24481
23904
26369
24065
24320
24225
25153
24225
25153
24641
25217
24865
24609
24033
24641
24673
24065
24769
24417
104644
60802
54466
55874
52417
50209
54050
27713
59970
26049
25184
25217
24705
25889
24673
24513
26017
25121
25376
24897
24161
25025
31681
25505
26305
26113
26017
25473
24993
26016
25120
24897
24673
24736
24801
24513
25185
26113
24640
31905
25121
25665
24481
24225
24225
26017
24353
24257
25729
24417
25313
24545
24513
25025
25025
24225
26529
25985
24608
25760
25440
24897
25537
24288
24832
23872
24288
24129
24992
25440
24000
23937
25441
26529
24865
24673
24641
24417
24225
25697
24961
24257
24577
24129
25217
24161
25185
26177
24737
25345
26880
24896
25633
25281
25313
25857
24001
24193
24609
23777
26593
25857
24673
23969
24705
23873
31585
24993
24769
23969
23905
24193
24896
24289
24769
25665
25121
23553
24864
24480
24288
24449
24641
32097
24577
25313
25121
25633
25473
25793
26401
24609
25313
24353
24961
24289
24897
25345
24097
24129
25569
25985
25473
24481
26177
25729
25025
24321
24993
24865
25217
26305
25696
26049
25761
25857
25217
26433
25953
26305
26337
26240
25889
26209
26177
25793
26017
25761
25601
25600
26369
25953
26497
26017
26017
26561
25793
26240
26433
25505
26401
25793
25953
25761
26945
26657
26497
26465
27072
26305
26529
26369
25729
26721
26369
26081
26465
25537
25760
25664
25793
25729
26305
25953
26017
25889
26305
26145
27105
25121
25248
26017
25601
25313
25952
26337
25920
25985
26017
26273
26337
25569
25505
26145
25697
30177
24609
26401
26368
26113
26369
25249
25537
25857
26209
26337
25569
25761
26017
26433
26529
26177
32801
24769
26433
26432
26529
26273
26721
25345
25825
26465
25313
26049
25601
25537
25153
25377
25793
32289
24673
25537
25345
25761
25473
26305
26273
26209
26017
25568
25825
25697
25409
25889
25952
25921
25985
25825
26657
26433
26689
25569
26528
26433
24737
25217
24801
25761
26177
25760
24385
24289
26145
25953
26081
26241
25856
24705
24577
24865
25793
25409
26017
26401
26401
55745
25729
26336
25888
25633
25793
26049
25729
26241
26273
26177
25761
25729
28065
26401
26145
26017
32481
24864
26145
23969
24832
24193
25729
26497
24737
24769
24256
25377
25921
25121
24353
25601
24641
30337
26145
24929
24705
24705
25153
25345
25857
24065
24353
23808
24384
23648
24128
24769
24065
24289
26752
25057
27009
26849
26561
26432
26209
25217
26369
26497
26049
26016
26657
26785
26401
26113
26049
25729
25569
24545
25729
26465
26337
25793
26401
25921
26176
26209
26177
25409
25985
26593
26144
25825
32385
25761
24481
25601
26753
26529
26689
26081
26049
26369
26945
26753
26017
26657
26433
26080
26241
32801
25473
25985
25089
25953
26177
25345
25697
26017
26017
26369
24513
24673
23809
24288
25761
25729
29249
26049
25409
25505
25473
25601
26177
26017
25729
25985
25729
26273
26016
25825
25857
25697
26305
26145
26753
26465
26433
26272
26305
25953
25921
25921
25377
25953
26017
25601
26305
25985
26720
25857
26817
26273
24353
24801
24129
24864
25665
24161
24897
24577
24225
24833
24448
23968
24193
24577
24097
24001
24289
25729
24705
24097
24545
24641
24512
24832
24288
25057
24513
23968
24193
23873
24736
25088
24193
24705
24385
23905
24353
25952
25857
26273
25921
25377
25953
25633
26177
26049
26977
26145
25889
25920
28129
24577
25985
25377
26465
25921
26112
25505
25857
25313
26465
25889
25793
25697
26209
26080
26144
32609
24352
26113
26497
25793
24801
24225
26049
26209
25920
25825
26177
25985
26273
26336
26241
25729
43105
25953
26689
25857
26016
26017
25985
26400
26305
25505
25633
25633
25249
23809
25505
25857
25601
52865
26209
25697
25505
26049
26305
26273
26817
26305
25281
25632
26560
26145
25665
25889
25312
25921
26017
26497
26113
25792
26081
26017
26433
26113
25825
26017
26177
26337
26401
26209
26113
26017
25856
25569
25985
25920
25569
26081
25793
25056
25857
24577
25153
26273
26241
25601
26369
25729
25729
25089
25217
26593
25761
24609
24897
25441
25217
25121
25729
25376
25761
26145
24545
26561
25888
25921
25697
25600
49538
25217
25632
25697
25441
25312
25185
25665
25953
25409
25633
25345
24193
24193
24385
25121
25472
25537
25569
24320
24449
25793
26433
26209
26049
25377
26081
25057
26049
25313
26017
26304
26017
26177
26081
32033
24545
26208
26017
25633
26497
25441
25985
26273
25409
25505
26113
25569
25985
25729
24641
25056
25793
25921
25825
26113
25889
25825
26177
26113
26049
25953
25793
25504
26113
25889
26049
24065
24800
42786
24481
26177
25953
26145
26593
26401
26145
26497
25761
25473
25761
25217
24321
25312
25729
25697
46017
25537
26337
26241
26081
26209
25825
25889
26049
26017
26305
26144
26017
25793
25921
25953
25792
33953
26017
25409
26049
26305
26433
25761
26625
25889
24225
24385
25697
25825
25953
26881
25633
26209
32001
24545
25600
25728
26369
25889
25537
25761
25761
25697
25537
25920
26240
26368
26336
26241
26401
26656
25025
26273
25569
25985
25121
24865
26401
26017
26241
26209
26528
26080
26368
25408
25664
25505
31745
26433
26401
26849
25441
26305
25921
26305
26305
25985
26369
26433
26976
25184
25056
26305
26496
26273
26785
26369
26017
24833
25793
25025
25985
25697
25665
26241
26145
24033
24865
24801
24609
24033
25792
23649
24321
23745
23745
24064
23969
23489
24353
24481
24928
24225
24417
24321
25217
25537
24705
24961
24417
24800
24321
24833
24993
23969
24673
24801
24192
24609
24160
24705
24417
23745
24609
24160
26401
25505
24865
25281
25473
24673
24897
24352
24481
25217
24801
24609
24864
24257
24033
24256
25313
32321
24865
24673
25217
23904
24865
24513
24577
25345
25025
25248
25057
25281
24609
24449
24321
25505
26465
24929
24289
24865
23809
24736
25025
24577
24449
24384
24193
24929
25921
24832
25089
24737
24769
25025
25792
24929
24225
24737
24512
24833
24961
24737
24513
23681
25377
25088
24481
24609
24897
25601
25377
28321
25121
25313
24833
25825
26305
25537
24800
24833
24353
24769
24353
23969
24161
25185
25473
25185
27841
24417
25185
24897
25121
24737
24385
24769
24320
25025
24801
25057
24800
24737
23937
24288
24224
23905
25761
25793
24353
25473
25697
24225
26081
25025
25441
25697
24737
25345
24384
24865
26337
25441
24929
32290
25505
24321
26304
25985
24225
24993
25824
25601
26049
25857
25153
24608
24449
25217
25249
24897
41409
25921
26401
25889
24193
24865
24481
25025
24545
25024
25408
25536
24161
26017
24545
23584
24641
24033
25984
25345
24353
25793
24897
24832
24321
24417
24769
24641
24225
24481
23905
26241
24705
24640
24609
24609
24545
24513
24320
23777
23905
24353
23872
23841
23489
24001
24321
24224
24417
23873
24769
25761
31969
24353
23969
24000
24897
24097
25152
23937
23905
24672
23937
24097
23553
24225
25056
24001
24321
25665
25217
24769
25185
25473
25409
24353
24353
25153
24801
24673
24897
24513
24961
24161
24545
24705
24609
24609
25985
24385
24673
24608
25025
24769
24897
25249
25121
25153
25504
24641
24929
26049
24161
24993
27681
24385
25985
24545
24609
24673
25057
24577
24545
24641
24545
24193
24480
24897
25889
24833
24673
32385
25408
24481
24609
24288
23937
24257
24161
24129
24928
24897
25089
24641
24673
24000
24737
25921
25121
26048
25569
25889
24609
24064
23905
24321
23617
23520
25249
24289
24097
24065
24065
24128
23713
24289
42562
25633
24609
23425
24033
23233
23265
25665
24769
25121
24513
24192
24769
24193
24705
23969
24129
24577
26177
25473
24001
24352
23905
24513
24481
24384
24641
24736
24577
24512
24641
23969
24449
24385
24641
32641
25281
24801
25121
24065
24448
24352
24449
24289
24513
24321
24801
24545
24801
24897
24609
24513
26817
25281
24257
24609
24097
24064
24641
24769
24865
24001
24512
24609
26113
25217
24577
24001
26209
29921
25313
26849
25824
26049
26081
23681
24897
24609
24225
24960
24928
23905
25025
24769
24801
25665
24961
26881
24449
25089
24992
25280
25537
25313
25793
25057
25249
24321
24321
24641
24641
24289
24864
25761
24800
25761
24161
24065
24641
24449
25089
24800
24161
24097
24225
24609
24673
24065
25633
23937
24640
45729
25537
25697
24609
25025
25505
24801
25601
25505
24673
25857
25441
25185
24225
24481
25473
25152
25281
25633
25025
25121
25121
26177
25665
25857
24608
25408
25857
24289
25313
24225
25089
24769
24385
24577
26721
26177
24256
25057
24929
24225
24417
25409
24673
25985
25024
25025
24097
24897
24032
24513
25025
24545
25921
25985
23968
24513
25601
25537
25696
25889
25953
26017
25057
24833
24993
25217
26113
26049
26049
28609
25985
24673
25729
23457
26145
25761
24865
25313
24928
25601
25185
24545
25217
23969
26081
25153
47266
26401
25409
25761
24320
24609
24417
24641
24225
25921
25985
25921
25441
25889
25569
24416
25121
24545
25217
24128
24289
24641
24992
24576
25825
24929
24417
25185
25664
25665
24929
24577
25153
25985
25536
32257
26401
24929
24993
25761
24833
23841
25121
25152
25025
24961
25569
24417
24609
23425
24257
24737
24641
25857
25889
25824
25857
26593
26176
24993
25601
25761
24449
25217
25185
24801
25985
24161
23809
25025
25953
25025
25793
24865
24961
25025
25377
24353
24641
24865
24577
24225
25441
24513
24225
24609
24673
32097
24193
25025
25313
24928
25729
25313
24769
24513
24609
24353
25025
24609
24577
24801
24641
24737
24737
24481
26561
23873
24097
24545
24033
26369
27008
23969
25121
25761
24961
25761
25761
25313
24928
26049
32194
25280
25472
24449
24737
24961
24673
24449
24609
24544
24673
24737
24672
24769
24737
24545
23840
25185
25600
25857
26144
25793
25761
25601
25153
24801
25249
25632
25249
25537
25920
25345
25697
26145
26017
29249
24705
26177
25121
25569
24449
24993
23841
24544
25217
25089
25632
25664
24385
25441
25345
24865
25856
26305
25473
25793
24257
25985
25281
24673
25313
26177
25473
25921
25121
25312
26145
26017
26241
25985
32513
24641
25729
24096
24769
25441
24673
25281
25345
26177
24353
26081
25920
24961
26145
25281
26433
26561
25792
25185
25505
24192
26113
25473
24449
25121
24289
26241
24768
25217
25537
25889
25441
26529
25153
25921
24897
24385
25889
25633
24833
24001
24545
25921
24353
24545
24193
24641
25793
26113
24672
24673
24833
26145
25089
25441
24449
25633
25985
24992
25985
25089
25761
25025
25441
24480
25057
25792
26209
25473
33634
26849
26785
26785
29825
27041
26912
26273
26561
26753
25793
26529
26401
26240
27009
25729
25729
26209
25665
25665
25665
26081
25569
25793
25569
26145
25537
26560
25889
25921
26241
25601
25889
26433
27489
25537
25921
26305
25729
25857
25248
26305
26177
26049
26113
25025
25793
25505
26081
26113
25569
31649
24353
25953
25857
25761
25633
25729
26145
25920
26177
26305
26497
25696
25761
26049
25793
25665
26177
26049
25441
25729
25569
25473
25985
25889
25153
25505
25281
25537
25793
26305
25824
25537
26241
26145
26753
25697
25024
24833
23937
24641
26049
24800
25025
25665
25441
25633
24609
26209
25185
26113
25697
32353
24737
25729
26433
26208
26497
25281
25601
26176
25953
26081
26209
26177
26337
25249
25761
25889
26177
25985
26209
25793
26049
25953
26529
24832
25025
24801
25025
24769
25761
25729
25441
25792
25953
25665
27041
25761
26433
26017
25857
26433
26305
26112
26337
25985
24225
25825
24544
25376
26369
25569
25185
26209
26241
26113
25665
25825
25761
25377
25185
25568
25729
25441
25793
25889
25153
25025
25313
25697
32321
26689
25313
26241
25601
25185
26337
24001
24609
25473
25889
23712
25473
25377
25377
25633
25344
31649
25377
25985
23745
23521
25345
25376
25217
25281
25345
25409
24833
24193
25473
24865
24961
24609
24832
24833
24673
26017
25601
24192
25313
24705
24705
25345
24545
24641
25920
25569
25153
24641
24609
25345
31873
24833
25185
24257
26625
26433
25793
25793
25025
25729
25377
24256
25537
25729
25664
25345
26081
31746
24961
26529
26401
25665
25376
25761
25697
24609
25473
24417
24513
24545
25344
24705
25985
25473
25184
25793
25761
25857
25889
25633
26273
24417
25120
24993
24609
24993
24576
24737
24801
25281
26305
26017
32289
26113
24769
25089
24768
24257
23969
23841
24865
24769
24481
25025
25057
24992
24385
24833
24257
38913
25153
25409
24513
24129
25856
26145
25217
25825
25728
25473
24833
25185
24385
23937
24609
25185
25216
25825
24225
24257
24160
26273
23361
24481
24320
23681
24385
24769
23617
24897
24225
24225
23969
26337
28705
25057
24321
24577
25568
26177
24801
25473
23777
25120
25313
25473
24961
25376
25761
25953
25825
26017
26561
25089
24993
24160
24129
24768
24833
24385
24801
24961
24481
25473
24289
25312
24769
25089
26113
31393
24897
25185
26081
24481
25377
24001
24545
24929
26561
25217
25569
25921
25345
25409
25985
25345
27937
24673
25857
25281
25569
25217
25856
25089
24993
24417
25088
24865
24961
24993
24224
25409
24449
25601
26977
25537
25793
25953
25728
26113
25889
25537
27137
26241
26497
26112
26241
25856
26624
26816
25920
26145
25857
26369
25921
24705
26305
25697
25825
25921
25025
25985
25729
25825
25664
25889
25697
25121
26017
24385
25665
25345
25505
25569
25953
25217
25089
25728
25697
25217
25665
24545
25793
25984
25889
30625
25249
25281
25953
26017
25601
25537
25185
25249
25889
24129
24897
26273
25601
25473
25761
25697
31073
24961
25728
24992
24737
26017
25633
25377
24801
24737
24705
24609
25249
24608
25600
25857
24609
39714
26401
26689
26177
25857
25025
24992
24832
25249
24097
24097
25600
25633
