120517
36034
34721
29953
29601
28865
27393
27521
27393
27009
28193
26977
27425
26625
773178
28961
28641
29729
28033
27425
27905
27585
27649
27361
27136
26401
25729
26081
26529
26464
26785
28545
26017
26817
26081
26817
26433
27073
26337
25281
26785
25281
25473
24321
25089
25600
25025
52194
27425
26209
26369
25152
25345
25601
25057
26401
26305
26657
25793
25985
25825
24833
25377
25761
25409
26401
25313
25345
25057
26017
24993
25153
25857
25665
25569
25376
25441
25953
25249
25793
25121
26337
25569
26177
25376
25633
25985
25729
25345
25057
25057
25121
25697
25473
25921
27585
25089
25857
24929
24417
24513
25153
25120
25857
26369
25185
24673
25217
25857
24928
25153
41474
26753
24993
25089
25280
24705
26113
25889
25601
25281
25377
25025
24385
25185
25409
25633
25441
28321
27009
24929
25729
26401
26529
25377
25377
25665
25793
25377
25537
24641
25505
25729
25568
25441
25281
25185
24961
25152
24192
24865
25089
25441
25505
24897
25088
26177
26048
25985
25696
25057
29825
26177
25249
24833
25120
23552
24705
23745
23841
24065
26337
24192
25664
25185
25345
25025
25217
32417
25057
24705
24321
24641
25409
25281
24768
24992
24513
24897
25537
25121
24993
26081
23745
24289
28737
25729
25409
25120
25664
24768
25472
24961
24544
25056
25089
24993
25377
25665
25281
25249
24929
26913
26529
26433
26049
26145
26145
26145
25505
26273
24833
24545
25056
25056
24897
25217
25345
27297
26304
26401
26593
26561
25953
25185
25697
24961
24833
24673
24833
25121
25121
26017
26017
24993
27009
25313
24929
24641
25153
25761
25057
24640
25153
25185
25473
25153
26657
25153
24993
25537
46562
25089
25441
25536
25152
25345
25153
24865
24897
25121
25249
24672
25312
25313
25952
24865
25153
25985
27009
26336
25920
25312
24993
24289
24992
25056
24576
24609
24481
25600
24928
24289
25441
24737
46786
26753
24513
24481
24385
25985
25280
24801
25313
24609
24897
24641
24513
24289
24449
24321
25025
29057
26721
24417
24609
24896
25057
24128
24129
24353
24545
24705
24737
24481
24449
24385
24385
24352
26561
25121
23936
23808
24961
24737
24577
25153
25409
25376
25601
24481
24929
24289
23713
24097
24513
23777
25793
26497
26145
26561
25889
25473
25665
25441
25889
26593
25889
25921
24256
24513
24257
25601
26145
25281
25537
25665
24289
25536
25761
25601
24129
23808
23809
24161
24321
24193
25249
26273
23872
27809
25057
23873
24993
24609
24673
25057
23585
24193
24225
24097
23713
23713
24193
24225
24033
24321
24641
25217
24193
24737
24705
25185
24545
26401
24257
24897
24352
24545
23457
24353
23649
23777
24065
33153
25889
23969
24321
24321
24225
24321
24161
25888
24385
24641
24640
23905
24193
24609
24609
26561
30465
26081
26561
24289
23905
23905
24001
23553
24192
23745
24321
24033
25121
25440
25952
24032
23169
32161
23969
25601
24449
23969
23969
24192
24193
24641
24609
24096
25984
24385
24193
22977
24481
24705
29473
24929
23681
25569
25409
25601
24801
24769
24161
24609
24257
24161
24897
25089
24449
23616
24065
27617
23840
24353
25057
25057
24609
24801
24161
23840
24065
24001
24033
23873
23937
25857
24321
24001
28033
24864
25217
24321
24417
24705
24512
24705
24416
24481
24097
24737
24065
23873
26817
26433
25633
24768
25089
23904
24704
24545
24960
24577
24705
24481
24385
24672
25120
24608
23872
24928
23937
24289
26465
24545
24993
25441
24001
24257
24032
26305
24577
24225
25024
24385
23969
23681
24129
23585
24257
23553
25569
24545
24161
24737
24353
24065
24737
25249
24833
24353
23872
24897
24769
23969
23521
23969
23777
25249
24321
26753
24833
24609
25825
25025
24961
23905
25889
25985
24576
26177
26049
25057
24449
24064
25153
24673
25569
24449
24129
24353
24417
24897
24321
25665
24544
24193
24001
24001
23905
24385
28417
24833
25185
26401
26113
25025
24321
24768
24641
23617
24000
23681
24321
23713
24801
25505
23680
32417
25505
24961
24737
24257
24513
24353
25057
24417
24609
24353
24544
24192
24865
24352
24257
25025
27553
26433
24097
25056
24129
24097
24577
24385
24065
24001
24001
24577
23937
24225
23681
24576
24385
28193
26017
25248
24737
24513
24737
23905
24673
23713
25472
23904
26337
24193
25921
24353
25760
26497
23745
26209
24704
25921
24545
25793
24481
25025
23776
24288
24353
24225
23873
24257
23809
24640
23617
24225
26753
25537
25505
24256
24609
25185
24449
24545
24257
24225
24513
25793
23937
24737
24833
24641
24672
25857
25569
25601
25057
24609
25601
23680
23809
24385
23521
23873
24769
24065
23745
24065
23777
24225
26912
25280
24352
24480
23904
24033
23808
24225
24033
23649
23745
23649
24641
24225
23777
23713
24801
26273
26369
25441
25441
24769
25057
24641
24736
24448
24993
24449
24288
23777
24641
24449
24225
24064
26241
24705
25089
23713
24769
24641
24128
24481
25121
24833
23489
24129
25281
25184
25633
25152
28513
25057
26273
24961
24385
24545
24833
25697
25281
25569
25632
25057
24449
26049
26209
24609
26465
43170
24737
24929
25409
24896
24481
24961
24096
25441
24320
23937
24577
24385
23937
25057
24193
23905
24801
25153
25217
26177
24897
25377
24801
24864
25824
24417
23968
24193
23681
24576
25985
24769
24897
24129
26113
25121
24705
23937
24385
24065
24225
25057
24097
24481
24929
24385
24225
24513
24448
24385
24833
28513
25056
24993
23969
24321
23393
24577
23809
24609
25633
24353
24289
24225
24385
24225
24801
24896
24609
24705
26081
25568
25569
25537
25889
25216
25217
25441
24225
24609
26241
24512
24705
24321
24481
48449
26657
26657
24288
24417
24321
24641
23553
24416
24353
24001
24385
23712
24257
25313
24289
24737
24353
26497
25857
24289
25697
26369
24192
24352
24417
24225
23841
24865
24608
24353
24993
24257
24064
24865
24545
24705
24833
24224
25089
23841
23872
23841
24193
24129
24224
24321
24129
23681
23457
24065
24353
27521
25377
23808
24417
24545
24993
24737
24449
23648
23905
23873
24193
24225
24577
24257
25313
24513
29025
25473
23905
24737
24800
26369
24801
23873
24832
24065
24577
24576
24705
24577
24129
23777
25825
28545
26785
24385
24673
24577
24705
24097
24800
24577
24289
24673
25121
24192
24513
24673
24929
24000
25441
25409
26529
25057
24833
24961
24097
25313
24385
24001
24001
24417
24289
24065
24384
24545
24577
40449
26112
25953
24769
24032
24577
24929
24321
24544
23552
24769
23681
24801
24353
24449
24769
24705
24864
25153
23937
23905
23840
24544
24672
24385
24481
24609
24257
24288
24544
24161
27169
25345
25024
28545
24545
24993
25505
24097
24672
24352
26784
25953
24417
24289
24161
24705
24705
25025
24897
24257
28481
24033
24801
24321
24033
23937
24289
23968
24097
24481
24417
24417
23745
25185
25313
24929
24065
24769
26785
25249
25249
24193
24289
24193
24000
24897
25345
24449
24705
24929
24256
25761
24929
25025
24161
25697
24065
24385
24897
24321
24801
25025
24161
24416
23937
24417
23905
25152
25633
25409
25793
25312
25057
24865
24609
24897
25473
25441
25633
25025
25185
25633
24769
25217
24865
25121
25857
25121
26785
25185
26017
25793
24705
25249
25249
25409
24449
24737
25441
25185
25569
24769
25729
24897
31585
26465
24129
25505
24289
24193
23713
24065
24545
24833
24384
24129
23841
24161
23809
24097
23777
30017
26337
24129
24833
24481
24833
24576
24769
24833
25825
24577
25793
24897
24769
24128
24608
25057
27296
24353
25057
24641
24545
25185
23681
24033
24545
24257
24033
24257
23809
24833
24161
25825
25025
23777
24033
23809
23649
24224
24032
23872
24353
24225
24065
24513
24513
24449
24801
24640
24320
24065
24705
25089
24129
23968
24608
24705
24289
25089
24641
24513
23841
24545
25217
25057
24129
25473
24033
24929
25313
25313
24833
26305
25953
25377
25121
23649
24449
25217
25345
24321
24289
24641
24609
25089
25697
23872
25729
25409
24961
25601
26721
25569
26273
26273
26305
25185
25025
25345
26465
27009
43426
25056
25953
26209
26593
24545
25825
26273
25729
26305
26049
24384
24064
25889
25953
24321
24673
31809
24577
25728
24384
23904
25441
24193
24257
24993
23905
23809
25761
25537
26081
26081
24609
25665
26241
24513
24289
23969
24385
23105
23905
24353
24065
24033
23489
23873
24001
23489
24001
24545
24385
24417
23681
23873
24769
24097
24545
24385
24705
24353
23553
24289
24033
24161
25697
25601
24576
39425
26560
24544
23904
23489
24352
23424
23649
25056
23904
23776
23393
24097
24353
24257
24353
24321
28033
24321
26369
26113
25857
26529
26113
24385
24609
24353
24833
24097
24865
24481
24289
24608
24416
27745
25089
23937
24193
24097
23553
24001
24001
23969
23968
24032
24257
24161
24769
24577
23713
23841
23873
24833
23937
23425
24289
23904
24224
23392
23872
24481
23969
24129
24001
23361
23873
23809
23713
25761
24801
24769
24577
24448
24448
25664
23776
24289
24321
24449
23585
23713
24033
23617
24257
24929
26433
26145
23873
25601
25729
25345
24769
24449
26497
25537
24577
24097
24225
24481
23681
24321
39681
24833
23585
24769
24673
23969
25057
23841
24513
24097
23937
24161
24193
24289
24065
24513
23425
56258
26689
26177
24321
25505
25761
26145
24673
23712
24257
24161
24449
23969
24353
25249
24225
26401
26753
24769
24929
24929
24065
24001
24001
23681
24321
24609
24481
25505
24161
24225
24001
24577
24129
25089
24961
23744
23905
23776
23617
24769
24544
24832
24161
24161
24865
24321
24769
24289
24769
23745
24832
24224
24801
25953
24864
24256
26113
25665
24257
23969
24321
24897
26305
27201
26593
24033
26401
25984
24993
24641
24193
24161
24193
24577
23457
23937
23937
23617
24833
24449
24192
24160
23840
24865
26593
25121
24353
24833
24225
24161
23457
24097
23777
23617
23809
23969
23873
23777
23841
24289
24097
26305
24129
26464
25952
25025
23488
24769
24001
23681
23457
24001
24417
23969
23713
23777
23521
28225
24513
24481
23809
24097
23937
23905
23905
23841
23329
23425
24097
24353
24289
23873
23905
23649
27553
24385
24289
24545
23873
24225
23937
23905
23777
23777
23841
24097
24065
24321
23969
23937
24161
24384
24993
25601
24065
23776
24064
24096
23904
25793
23937
24705
24897
24289
24097
24384
24384
24096
25121
24769
24193
25089
24641
24385
23265
23553
24065
24289
23937
24032
24896
25728
26081
26561
26112
26081
24385
24833
22945
24737
24065
24321
24192
24096
23936
24224
23617
23745
24033
25121
26401
47874
26656
24513
24641
24449
24481
24385
24513
24289
24705
23745
24545
24321
23969
24385
24353
24481
30593
26464
24641
24353
24833
24192
24321
24448
24416
24992
23936
24032
23744
24161
23809
24321
24769
24320
24384
24352
24352
24353
24385
24545
24929
24481
24513
24481
24256
24096
24864
24609
24545
24609
26433
25889
24193
24641
24609
25889
24449
24609
24673
23809
24289
24257
23937
23905
24193
23937
39874
26369
24961
25153
24801
24897
24481
23681
23777
25057
23745
24608
23809
23680
24704
23328
23904
24321
24609
24545
23745
24192
23585
23585
26081
26561
24737
24609
25025
24545
24576
24577
24385
24001
27617
25505
24737
24129
24097
24321
25057
24225
24641
24192
24353
23968
24096
24129
24449
24929
24833
24257
24353
23328
24320
24097
23521
23777
23969
24385
24097
24897
24449
24257
24673
25313
25345
24257
26273
25505
24353
24161
23553
23617
23393
23777
24065
23744
24257
23777
24705
25345
24256
24480
29698
24608
26721
24705
25056
24832
25024
24801
24417
24641
24481
23969
24865
24321
24289
24385
24769
27969
24961
23777
24065
23905
24449
24673
23873
24097
24545
24576
24385
24737
23713
23809
24385
23649
25409
25025
24577
23681
24673
24801
25217
24769
24641
24865
24864
24704
24096
25280
24544
24384
24161
25537
24865
24641
25376
24577
24065
24673
24001
26241
24513
23809
24353
24673
23745
24577
24609
24065
26401
25376
24161
24257
24800
24897
25280
24225
24641
26209
25473
26401
24897
26785
25889
25889
32417
25184
24225
23393
23617
24609
24033
24513
23968
24897
24640
23616
24544
24384
24385
24193
23937
29185
25857
24257
24353
24065
23745
24129
24065
23425
25089
24897
24193
23905
24577
24481
24129
24385
24768
26017
24448
24096
24480
23712
24833
25249
24289
24289
24257
24577
24737
24737
24897
24353
24481
24769
26240
24545
24641
24481
24192
23808
24417
23841
23969
24513
24161
24641
23809
24769
24449
24257
24353
24577
24129
23937
24193
24641
24097
24129
24385
24257
24129
23905
24352
24096
24065
24609
24737
24385
25505
24961
24641
24289
24737
24513
24993
23969
24225
23713
24353
24737
23809
24353
24129
24161
25345
24513
24353
24641
24865
24705
24993
24289
24929
24577
24481
24481
24417
24001
23617
24097
24545
26593
26337
25025
26369
26017
25729
25985
26304
26145
24769
24641
24097
24417
24769
26017
26977
26337
26593
25441
23681
24097
23585
24481
25089
24289
23841
24033
23840
24225
25345
26401
24321
24129
24352
26369
26017
25441
25665
25760
23776
24000
24353
25025
23969
25921
25985
24193
24129
24417
24641
23521
26624
25376
24992
24641
26177
26561
25664
23872
24801
24833
27809
24064
24224
23968
24353
23968
23777
23425
24353
23873
24193
24033
24321
24288
24512
24641
24865
24609
24033
24129
24001
24225
28385
24545
23713
24481
25121
23937
24065
24449
24001
23520
23808
24320
23424
23616
23680
24256
24449
23809
25473
24865
24385
24417
24193
25569
25057
23841
24769
24833
24673
25409
26721
25345
26080
24385
26817
25313
24417
24513
24417
24353
24736
23553
24033
24033
23937
24448
24577
24161
24289
24417
23969
25440
24480
24352
24160
24320
24608
24032
24192
24000
25184
24928
24961
24577
24481
24289
24641
24449
25409
25665
25921
25408
25665
24289
24385
23809
24609
24097
24385
24545
24993
25281
24961
25569
24353
26785
25793
24385
24993
25313
26689
25921
25825
25376
25729
23809
24289
24353
24161
23681
23777
23809
25569
24065
24257
23969
24385
23521
24321
23744
23904
24224
23840
23777
24001
25249
25185
25761
24833
26625
25889
25633
25953
25345
25921
24064
26081
24577
24801
24481
24513
25505
25089
24353
24609
24001
26209
25185
25281
26305
25697
25793
25185
26497
26657
26209
26561
25633
24897
23936
24353
24769
25281
26593
26688
25793
24769
24321
25953
24449
24865
25729
24609
25057
24992
24064
24096
24353
24353
33505
25825
24832
24160
27136
26017
25025
24609
24321
24513
24129
24193
24705
25313
24640
24288
24256
24321
24065
24225
24417
24193
23809
23553
23969
24321
24481
24065
24865
23713
25121
24385
24481
23873
26561
25025
24385
25793
24481
24321
25953
26017
25505
24897
26049
26048
26081
25697
26177
26113
24961
26369
24865
24833
23905
24801
24225
24385
23457
24865
24289
25473
24673
25505
24609
24161
24417
24897
26273
26241
26145
26625
24929
26017
26753
26208
26337
25473
25985
25921
24513
24161
24577
25153
24353
24801
24065
24385
25889
24769
23937
24129
24513
24001
24193
24033
23713
23936
24577
24001
24769
23937
24225
24129
24257
23777
24353
24481
23649
23905
23681
24705
25089
23873
24385
24833
24161
25665
25089
27009
25857
24673
25729
26017
24897
24545
24577
23681
23969
23520
24225
23937
24449
23937
24033
24353
26689
26305
25921
25889
25665
26721
26945
26433
26529
26145
25889
26785
26081
26113
25761
25377
25985
25793
25057
23873
24289
26017
24160
23553
25729
25921
24865
23841
23616
24032
23873
25121
26017
26241
24704
24512
24512
24448
23744
24416
25281
25984
25921
24033
24193
24192
24001
24193
23553
24289
24641
24385
24097
24289
24225
23905
25025
24353
23937
24161
23809
24321
24193
24289
24321
23937
23553
24417
26401
26753
25633
27201
26337
25921
23905
24833
24289
23937
23361
24673
24097
24385
25057
24289
24737
27073
26817
26209
25665
26337
24833
24161
24769
24704
23680
24577
23681
23649
24385
24065
24065
24769
26657
26145
24225
24385
25121
23905
24449
25153
24225
24769
23777
25153
24609
24001
24769
24449
28193
26177
23809
24865
24800
24833
24577
23616
23808
23681
24737
24321
24385
24672
26208
26177
24800
24321
25185
24545
23937
24865
24193
24385
26465
26497
25889
25793
23937
25985
25889
25985
24641
25729
25409
24705
24097
24481
23617
23873
24801
24353
24289
24641
24193
24705
24129
24737
24321
23905
24289
27041
24929
26465
26177
26049
26112
25857
25729
24288
26305
24705
24064
24192
24065
24801
24960
24192
26753
25889
25601
25537
25185
23968
26273
25921
23937
24385
24417
24353
23712
24192
23680
23872
23968
25376
24673
24192
23904
24000
23520
23808
24640
23873
24033
24545
24385
23553
24353
23969
23713
42273
26657
26657
25152
23681
24417
25857
26017
23840
23936
24160
24129
23873
23649
24065
23233
24385
27008
26113
26145
25632
23680
23905
23201
23489
23553
24001
23905
24033
23809
24097
24577
24065
24064
24897
25409
26337
24449
24545
24577
24609
23937
24033
24577
23745
24225
24129
23681
24609
24001
24865
30145
26529
24352
24640
23968
24385
24513
23681
24257
23617
24705
23937
23681
23873
23137
24257
23745
25825
24993
23713
23841
24225
24449
23905
24609
24417
23713
23873
24417
24193
24769
23969
24577
23105
24769
24289
24097
24065
24129
24321
23745
23745
23905
24737
24033
24769
24225
24065
24929
24257
23841
26272
25280
24993
26497
25057
23809
24097
23969
24577
24257
25281
24993
24961
24641
23680
24736
24609
25537
25089
24737
24321
23393
24993
24993
24609
24193
24257
24641
25313
24001
24129
24480
24385
31457
26081
24769
24673
25185
24577
24065
25153
25185
24161
24161
24097
24513
24641
24129
24097
23873
27841
25825
25313
24129
24929
24512
25345
24225
24065
23777
24609
24225
23905
24513
23872
23744
23745
38401
26849
24577
25696
25153
25601
24769
24064
23553
23745
23553
24033
24577
24193
23937
24096
23904
24320
25409
24833
26497
25953
24577
23937
24160
24545
24609
24193
24417
24353
24065
23937
24224
24353
23969
23808
24097
23905
24609
23809
23808
24801
24769
24353
24225
24385
24193
23936
24481
24097
24801
24513
24097
24033
23617
25345
24449
23585
24385
23713
24321
24929
24673
24353
24321
24193
25569
25633
24960
26337
24449
24129
24001
23905
23841
23777
24385
24641
25601
24481
24513
24353
24833
24864
24288
24385
26433
25857
25633
24385
24641
24033
24097
24129
23905
23969
24033
25377
24609
24545
24417
24481
24737
25024
25025
25441
24065
25089
25312
25089
24225
25056
24384
24257
24097
23745
24353
24256
23584
23521
25953
24865
24961
24289
23969
23713
23649
23681
23905
24193
23905
23904
23872
24192
23872
25217
47362
27009
26529
25601
25569
26273
25825
25345
23617
23489
23521
24161
23425
23553
23521
24033
23937
24576
25409
25473
24609
24001
23745
24545
23681
23713
23905
23969
23905
23937
23297
23777
23681
23937
27456
26273
24481
23905
24321
25729
24225
25056
24480
23552
23584
24064
24033
24353
24193
24609
24641
25089
26209
25409
23585
24481
25153
24865
24705
24481
24225
24096
24320
24128
24224
24992
24128
24192
26017
23777
24545
24993
24481
23841
24065
24033
24609
24545
24353
24481
24993
24193
25601
24545
25377
25793
25121
24769
25857
24993
24577
25729
25248
24321
24769
24769
25089
24897
25057
25185
26145
24993
28161
24065
24321
25185
24321
24449
24192
23904
24064
24352
24800
25025
25889
25121
24800
24000
24257
24321
25345
24897
24673
24065
24257
24225
23809
23649
24129
23297
23649
23873
23361
23617
23457
24257
24481
23873
24129
23393
23937
24224
23872
23680
23648
24224
24416
24256
23936
23904
24000
24288
24000
25025
24641
23649
24577
24737
24897
25153
24193
24001
24032
24769
25057
24609
23969
24929
23809
49154
24993
24065
24673
25825
24321
24897
25025
23649
24609
24961
25089
24481
25537
24545
25281
24673
29377
26016
25888
25633
26145
23681
25473
24449
25153
25729
24641
24513
24609
24417
23776
25121
24801
24929
25825
24192
26496
26016
24000
26113
25504
24224
24384
24480
24320
23713
24193
24545
23456
23873
29025
24769
24065
24257
25856
26305
25313
26240
26657
25057
24929
26817
25313
25153
24768
25473
24833
30593
24577
24833
25057
24321
25057
23585
25185
25633
24641
24064
24577
24801
24609
24704
27169
26401
28737
26657
25441
24609
24641
24321
26625
24385
24801
24417
25377
24065
24417
24577
25056
25121
25057
24545
26977
26785
25377
26112
24961
25153
26913
25345
24801
25185
23745
24513
24865
24993
25185
24673
26337
27169
26081
26305
24833
24833
23937
26529
24033
23905
24417
24257
24257
24320
23809
24000
31745
25025
24768
25184
24545
26529
24929
24673
25089
24705
25057
25025
24353
24449
24385
24576
25153
26369
25697
25089
25121
24929
25505
24577
25024
24576
24672
23776
25313
23777
24385
24481
24225
24161
27009
25921
24513
24225
23681
26465
24033
24833
24321
24193
24289
24961
24416
24801
24993
24961
32897
26689
25761
25216
24225
24289
24737
24545
25121
24865
24480
24192
24416
24064
24640
25249
25121
25857
24417
24257
24481
24288
24001
24545
25089
24513
25217
24673
25281
24833
24513
25217
24993
25537
26721
27265
25217
26241
27041
24961
24993
24353
24769
24417
24673
24384
24960
24352
24416
24673
28801
24161
24129
24225
24769
24481
24961
25249
25121
24545
26113
24609
25345
24929
24193
25697
25953
27745
25409
25633
25441
24449
24801
27137
26080
25537
24769
25857
25281
25025
25376
24353
25857
26048
26209
25760
25217
24257
24417
24481
24129
23809
24289
24289
24993
24673
24385
23745
24417
24321
25312
27393
24001
23873
24033
24257
24257
24257
24320
24704
24353
24673
24289
24353
24513
24897
24001
29313
26273
24321
23681
23745
23296
23872
24289
25025
24960
24929
25536
25121
24321
24321
24449
24929
27073
24737
24033
23745
24289
24353
25281
25121
25121
24288
25088
24320
24736
24481
24993
24417
29601
25217
24513
24225
23649
24737
23809
24032
24512
23680
23744
24416
23937
24865
24513
25121
25153
35618
24833
25729
25185
25473
24609
25601
25921
24833
25473
25025
24961
24257
24193
24001
23745
23681
25729
25441
24864
24288
24928
24672
24704
24161
23393
23681
24609
24929
24097
24609
24513
25409
25665
26817
26081
25537
25793
24352
25857
24769
24417
24544
24353
25985
24449
24417
24673
24769
24161
23457
23905
24096
24353
24257
24481
24161
24225
24193
24481
24481
24832
24160
24480
25185
24481
24705
24481
24801
24321
23937
24289
23745
24417
24097
24001
24737
24705
24513
24385
24321
23457
24161
24353
24289
26209
27009
25345
25057
24577
24897
24737
25185
25345
25697
24992
24544
24672
25985
24641
25793
31393
25313
24545
25249
26081
25025
24865
24129
24544
23393
24257
24961
24001
26177
24033
24256
24129
29921
26113
24321
24193
24097
24097
24416
24129
23649
24033
23809
24097
23680
24128
24224
24545
24257
23873
25985
24673
24001
23776
24000
24225
23489
24289
24769
24321
23745
24833
24385
24769
24512
24032
24577
26849
25729
24833
24417
23809
25153
24257
24353
23552
23777
23712
25217
24321
24065
24609
24928
23969
24577
23969
24737
24129
23841
23937
24705
24897
24865
24417
24385
23457
23905
23681
24033
24225
23617
27233
25889
25089
24865
24128
24097
23777
24129
24001
23745
24417
23937
24577
24704
23745
24449
24513
28513
24897
25120
24161
24257
23649
24001
24257
24128
24097
24353
24993
23713
24833
24481
24289
23905
26145
26241
24161
24161
24641
24961
24801
24256
24032
23777
24353
24257
24577
24001
24769
25729
24353
26945
26209
24129
24929
25057
24321
24257
24129
24001
23841
23585
24449
24897
24449
24193
23713
24897
24480
26241
24833
24321
23649
24129
24609
23873
24161
24129
23649
24545
24321
24737
24289
24513
23713
28161
24096
24800
25632
25057
25057
25473
24641
24961
25472
25505
24992
25857
25121
25505
25344
25056
25889
25153
24577
24064
24416
24736
24545
23873
24065
24065
24832
24065
24801
23713
23744
23777
23809
23712
26016
24897
23777
23873
24577
24641
23553
25601
25249
24513
24833
24704
23745
24353
24417
24993
27553
24896
23745
24577
24225
24193
24257
24544
23937
23905
24513
23617
24289
23905
24417
24449
23425
24161
24737
24961
24513
24513
24065
24225
23649
24193
23905
23873
23937
24321
23648
23265
24161
25153
27617
24609
24513
24897
24321
24321
23713
25025
24129
24737
25217
25409
24929
24321
24001
24225
24288
33025
24704
24480
24449
25153
24129
24417
24001
24033
24609
24513
24225
24224
24161
24289
24065
23393
24641
26017
25857
23841
24225
23969
24673
24544
24321
24449
23649
24545
24129
24512
23585
24033
24129
28097
25121
24865
25089
24769
25185
23777
25313
25057
25697
24705
24417
25249
25473
24481
24481
24193
27905
24385
24353
24993
24544
24673
24257
24993
24225
24449
24033
23808
24129
24737
24513
24576
24704
26785
25025
24449
24801
25281
23617
25153
24097
25025
24257
24257
24193
24769
24577
24129
24193
24929
28097
25793
24896
24161
24897
24321
24769
23777
24129
24192
24033
24161
24001
24801
24065
23809
24801
29985
24577
24481
23937
24545
24096
23777
24577
24801
23745
23969
24417
24321
24353
24225
24865
24705
45794
26241
24577
24929
25185
24672
24737
24129
23745
25025
24321
24225
24385
23936
23968
24193
25441
24705
26689
25184
26273
25825
25824
24257
24065
24097
24961
24257
24576
23968
25057
24321
24609
24257
24417
26081
24097
24225
24321
24481
24609
23137
24769
23872
23809
24161
23969
24065
24161
24160
24000
23393
26209
23905
23841
24033
23809
23937
23713
24001
23905
23840
24097
23457
24545
24097
26081
24289
23873
24865
24545
24577
24001
24609
23617
23777
24449
24129
23905
24321
25825
24225
24032
24032
24480
23456
24257
24321
24577
24961
23617
24416
24161
24129
23905
24256
24353
24225
23937
24321
23809
24641
24545
24321
26305
24577
24001
24033
24577
24353
24417
24257
25025
26273
24833
24225
24224
24577
23809
24992
24097
24321
24033
25280
24448
24257
25024
24224
24512
24096
24416
24064
23681
24673
24929
24513
24769
25537
24001
24129
24385
24129
24289
24705
24385
24449
24608
24416
24961
23969
23681
23809
24353
24129
24449
24257
24545
24608
24033
23745
24032
24641
23873
24033
24161
24321
23905
23713
23649
24449
24641
26081
26177
24545
24481
24833
25025
24705
24161
23937
24129
23649
24897
30113
24896
24257
24609
24449
24833
24609
24481
24353
24097
25249
23649
24193
24129
25185
24097
24545
24513
24065
25889
23712
24289
24001
24289
24257
24608
23681
24705
24321
24129
23553
23841
23969
24353
24289
23745
26401
25473
26464
25697
26177
25409
26017
24385
23840
23745
24737
23777
24609
24353
24000
23745
24353
27008
25280
24704
24865
24481
23873
24641
24097
23873
24257
24801
23777
24385
24257
24225
24385
24513
25984
26432
24065
24033
23841
24065
23585
24416
23457
23745
24353
24353
24385
23777
24001
24129
24449
26529
24833
25025
24513
24225
24193
24321
24353
24193
23649
24257
24192
24288
24033
24705
23937
24289
26273
24129
24481
23585
23969
24129
25184
24480
24737
24353
24225
24672
23648
23648
23969
24640
47201
26913
27169
24769
24481
23520
24385
24705
24449
24545
24385
24161
24481
24161
24576
23488
24256
25985
26273
25697
24321
24289
24353
23585
23905
24225
24385
24225
24609
23969
24129
23937
24577
24449
42145
26625
25313
24801
24513
25921
24449
23777
23841
23937
24161
24353
23713
23873
23777
24065
24065
32385
24481
24353
24448
24576
24481
25025
24545
24417
24193
24161
24257
24417
24513
25089
24545
23777
27937
24353
26081
24449
24097
24289
23328
24000
24129
24769
24001
24513
24033
24161
24000
24704
24961
31905
24992
24609
24961
24736
25121
25249
25185
24481
24481
24705
24768
23776
24704
25057
24224
24256
24705
24289
25377
23841
24321
23937
24065
23905
25089
23937
24513
23809
23809
23905
26625
24033
24129
23905
26369
25729
23873
24161
25729
25025
24257
24481
23969
24481
24129
24001
25857
23905
23841
25248
25569
23873
24705
24385
25505
24545
24769
24289
24512
24577
24385
24289
23808
24097
24417
25665
24033
25409
24897
24385
24705
24929
24417
24385
24385
23745
24641
24320
24257
24513
24033
24289
24480
24065
28033
24577
23777
24321
24609
24480
24097
23905
24353
24449
24288
24705
24385
23937
24961
25441
24384
24993
26433
26465
26657
24353
24385
24577
24769
23968
24129
24608
24064
24160
24033
23553
24289
24001
24513
24225
24609
24449
24705
23777
23873
23361
24097
23969
23745
24416
24192
23969
23969
24225
24481
24481
24512
24289
25185
26849
25249
24609
24833
24801
24033
24673
23905
24225
24065
24641
24257
24929
24609
26593
24961
24224
24320
24896
24449
24737
24449
23745
25121
24961
24353
24001
23841
23937
24705
49537
24577
23905
24480
23841
23777
23585
23713
23009
23744
23905
24001
24257
23681
24577
24225
23969
41249
26625
25505
25345
25409
24353
25121
23937
25473
24673
24193
25121
24609
24833
24769
24193
24160
24993
24417
24801
24513
23553
24769
23553
24257
24576
24065
23969
24097
24673
24161
24577
24001
24417
43842
26337
24513
24033
24321
24577
23616
24769
24129
24641
24321
24801
23969
24161
24577
23681
24897
29601
25473
24929
24705
23712
24257
23969
24129
24065
24416
24001
24289
24641
24129
23968
24481
24577
24481
25345
25185
24961
24673
24160
24545
24353
24193
24513
24417
23905
24673
24129
24065
25057
24065
24065
24481
23937
24481
24897
24129
24609
24513
24897
24801
24545
24417
24545
24257
24065
25121
24833
24673
25793
24449
24641
25057
24673
24961
24481
24897
24289
24673
24737
24736
24833
24385
24961
24545
25185
30209
24865
24096
23905
23873
23841
24225
24544
24385
24193
23617
24193
24609
23777
25120
25024
26241
26817
25153
24801
24641
24417
24577
24225
24800
24161
24256
24096
24032
23872
24417
23937
24897
23905
25153
24993
24609
24129
24705
23489
23552
23873
24225
24161
24225
24897
24161
24417
24545
23264
24321
24128
26017
25729
24417
24417
24097
24641
24256
24033
24225
25249
23777
25569
24065
24993
24289
23649
24257
26337
24001
24160
25216
24161
24641
24065
24353
24481
24385
24609
24001
24352
23296
24193
24481
23905
25025
25057
24865
25441
25761
24321
25153
24641
24673
24257
24929
25025
24001
24769
24001
24161
24833
26689
26209
25537
25185
24544
24480
24480
24897
24833
25025
24256
24001
24289
23041
23777
23777
23617
26305
24769
24705
24577
24545
23649
24257
23968
24192
24224
24224
24320
24097
24001
23937
24064
23905
26273
25761
24064
24448
24865
24737
24257
24417
25089
24993
24321
24641
23841
24160
24448
24897
25217
26241
24385
24161
24736
24544
24320
24097
24481
24769
24865
24609
24897
24929
24833
24033
24513
24161
25057
24705
23745
25185
25345
25088
24736
24929
25376
24576
24097
23873
24449
24097
23777
23937
24609
24705
24513
24320
24193
23969
24513
24480
23936
23873
24321
24705
23713
24321
24609
24481
23841
24705
24833
24097
24641
24001
24417
23873
24481
24000
24449
24257
24769
24737
24993
23969
24289
24001
23937
28801
25889
24641
24385
24513
24416
23648
24288
24705
24353
24321
24641
24225
23745
23777
24353
24865
40993
26560
25056
24384
24064
24769
24737
24096
24001
24385
23937
23425
23745
25185
24769
23617
25377
29985
24513
24353
24736
25153
24353
24353
24097
25185
24769
23329
23425
24864
24801
24257
24289
24545
41025
26561
23905
23905
24704
24672
24384
24480
24320
24033
24641
24417
24129
24353
24801
23841
23969
39905
26337
24417
24065
24513
23969
24192
23552
24417
23777
23969
24129
24801
24449
24001
24737
24417
40897
25441
25185
24385
24352
24257
24481
24225
24193
24257
23905
24193
23425
24321
24321
24512
24224
23488
26433
24865
24065
24225
24353
24673
24865
24897
23649
24449
24961
24481
24065
24033
24097
23745
24033
24865
24961
24705
24192
24769
24737
25089
24801
25089
24577
23905
24929
23873
23905
24129
24224
24896
25377
24737
23745
25121
24097
24481
24064
24992
24289
24417
24001
24033
24353
24577
24193
24193
24353
23937
24577
24449
24384
23968
24705
24289
24257
24385
24193
24449
24161
24161
24257
24193
25025
23937
24865
24257
23841
23713
23361
23393
24065
24321
25185
24640
24385
24417
24801
24097
24641
24320
25280
27329
24801
24385
24737
25217
25153
24801
24161
25025
24225
25121
24833
24897
25089
24833
24321
24449
27905
25409
25217
24769
26177
24865
24641
24993
24961
23937
24928
24353
25505
24161
24672
24065
25633
25089
26145
24385
24416
24448
24961
24385
24801
24160
24896
24609
24224
24833
24320
25056
24353
24993
24385
24416
24481
24321
24001
23905
24289
24513
24769
24289
24385
24672
24289
24897
24129
25313
24673
24736
24513
24705
24289
25153
25729
25409
24897
24737
25057
23777
24641
24769
24449
24161
25089
24641
25217
24161
24769
24576
23968
24224
24288
23649
24417
23201
23553
24641
24513
26273
24161
24897
25857
24096
24577
24065
25217
24577
25153
24161
24033
23617
24705
24193
24640
24513
23553
24576
24577
24577
24609
24929
25280
25376
24385
24545
24449
24481
25184
24385
23713
24385
24001
23201
24385
23584
23840
23937
24161
24705
24641
24161
24321
24257
24257
24000
23904
24864
24385
24321
24481
23713
25217
24417
26465
24833
24577
23713
23553
23681
25025
25025
24416
23809
24289
23841
24961
23809
24545
24033
24065
24385
24481
24193
24417
23809
23969
24545
24513
24833
24257
25089
24097
24673
24864
24705
25281
24769
24129
24577
24449
24257
24065
24129
24705
23905
24801
24161
24257
24449
24481
24257
24320
24192
24065
25857
24033
24929
24225
24737
24481
24385
24449
24449
24833
24961
23969
24513
23745
25057
24449
23681
27585
24577
24225
24577
24673
25121
25089
24737
23905
24161
25057
24993
24705
24864
24449
24832
24609
25376
23809
23745
24929
24449
23937
23809
24577
24609
24385
24481
24417
26017
24289
24673
24801
24257
24641
25281
24705
24705
24609
24704
24320
24257
24769
24865
25089
24449
24545
24257
25313
24289
24513
24353
25217
24513
24545
24257
25057
24417
25153
24705
24193
25153
24321
24129
24193
24161
24225
24737
24001
23521
24641
24225
24449
24065
24897
24193
24897
24993
24449
24577
24769
23777
24289
24097
24225
24833
26145
24289
24641
24673
23841
24513
23969
24161
24897
24736
24481
23329
24608
24960
24000
23744
25057
24481
25504
25345
24705
24705
23968
23296
24481
24609
24641
24193
24801
24993
24865
25761
25537
26305
24832
24417
24705
24161
24257
25473
24097
24161
23905
24128
24577
23841
24097
24961
23937
24801
26177
23713
24352
24033
24161
23936
24321
24449
24481
24000
24289
24193
24225
25056
24737
24289
24129
27233
24929
24577
24001
24801
24321
24833
24129
25537
24993
23617
24833
23585
25057
25985
23809
24865
24705
24129
24641
24321
24321
24193
24993
24320
23264
24640
23936
24993
24865
25089
25185
24609
24353
25440
25249
24513
25121
24993
24065
24321
24193
24929
25153
24609
24481
24929
24897
24321
24225
24417
24929
24801
24929
24353
24737
25185
25121
24193
25345
25793
25121
24481
24289
24161
24961
25249
24161
26305
26177
23681
23840
24417
24705
24417
24448
23905
24321
24321
24673
25089
24961
24609
24865
24641
27073
25281
26593
25345
25185
24769
25153
24801
25505
25249
25153
24385
25089
24897
24513
24353
24545
26625
24641
24737
24609
25505
25729
24929
24961
23713
24641
24352
24321
23905
24417
24192
24257
24257
24512
24289
24129
24481
25025
24224
24257
24193
23937
24608
25121
24129
24545
24481
24385
24448
24545
27905
26049
24769
24801
24353
23712
23873
24609
24289
23968
24417
24097
24321
23777
24225
24641
25281
28417
25985
24705
24097
24225
24289
23873
23937
24993
24673
24321
24448
23905
23809
23937
24225
24704
38817
24832
24896
24320
24481
23969
24321
24417
23585
25089
24001
24289
24161
24641
24001
23648
23521
24129
26273
24353
23745
24801
25025
25313
24641
24897
24961
24129
24129
23809
24129
24577
24257
24833
30241
24417
23616
24481
23968
24065
25121
24544
24097
25217
24577
24096
24416
24865
24353
24577
24417
44577
26113
24033
23808
24193
24129
24161
24545
24193
23617
24353
24512
24128
24577
24737
24865
24449
39586
27457
25601
25057
25024
24128
24096
23809
24449
24257
23873
24673
25120
24864
23905
24673
24513
42753
26561
24769
24129
24641
24192
24545
24577
24641
24769
25281
24577
23361
23840
23968
24193
24161
23297
26272
23744
24608
24512
24608
24928
25345
24608
24128
23969
24257
24545
24481
25249
24801
24320
41985
27041
25633
25409
24897
24865
24257
24512
24545
24417
24161
24672
24608
24353
23745
24065
24065
24257
26337
25345
25249
24353
24609
24289
24289
24833
24609
24321
24129
24033
24737
24289
24705
24193
24448
27361
24577
24576
24833
24673
24768
25633
24545
24833
24865
24257
25537
24321
24417
24417
24416
24320
26753
26080
24512
24320
25440
24609
23969
24129
24321
24897
23937
23936
23361
24737
24768
24097
24193
48098
25665
24769
24417
23745
24257
25377
23936
24193
23489
23745
24129
23649
24001
24417
24513
24097
23969
26113
24865
24737
24385
23904
24353
24288
24609
24416
23840
24225
24897
24225
24481
24513
24449
24608
26048
25505
24801
23585
24033
23105
24481
24705
25249
24864
23968
24001
24065
24641
24705
23937
24641
26305
24545
25153
24225
24129
25600
25088
24928
25281
24897
24417
24385
24257
25217
24320
24961
24001
25056
24865
23712
23841
23873
24321
23969
23841
24129
24641
23680
23937
24193
24001
24289
23841
23873
25217
25761
24513
24033
24609
23457
23713
24673
24545
24385
23873
24193
23904
23872
24160
23552
24289
27489
24353
24513
24769
24321
24385
24256
24224
24097
24577
24257
24417
24257
24449
24097
24353
23745
24672
25120
24609
24673
24449
23841
25376
24417
24065
24321
24353
23393
23617
23969
24865
24833
24609
25377
25985
24288
24352
23873
23553
24513
24161
23681
24481
23809
24065
23905
23041
24449
24673
24737
24193
23937
23937
24641
24225
23873
24384
24961
24097
24641
24257
24513
24257
24225
24385
24576
24801
24897
25985
25825
24737
25249
24321
24321
23841
25409
24481
24961
24128
24449
24161
23905
24129
24929
24160
24672
25345
25025
24705
24961
24289
24513
24833
24385
24353
23712
24641
24257
23297
24801
23681
27905
25057
24417
25825
24065
24705
24641
25889
24321
23969
23777
24225
24385
24577
25249
24161
25057
27937
24737
24321
24513
23393
24641
24001
24225
24257
24513
23841
23936
23840
24096
23648
23648
23649
26785
25825
24097
23745
24224
23808
23840
24513
23585
24385
24001
24513
23649
23873
24161
24385
25793
24513
24577
23649
24384
24033
24097
23905
24033
24161
23681
23649
23777
24641
23969
23905
24705
23649
24705
24097
23681
24545
23809
25121
24256
24257
24320
24544
24385
24417
24961
24993
24993
24673
24769
25249
26113
26721
25217
24801
24417
24545
24449
24929
24384
24161
25729
25313
23872
24609
24993
24449
26433
24417
24289
24352
24033
24321
24225
24065
24640
23904
24129
23969
23937
23233
24224
24097
23937
28001
24769
24193
24545
24289
24224
24289
23873
24737
24993
24417
24353
24353
24001
24065
23905
24193
27777
25985
24449
23873
24033
24289
25633
24512
23744
23809
23969
23937
24193
24609
24833
24513
24065
27456
25441
24704
24321
23489
23649
24705
24321
24737
24960
24289
24385
24449
25025
25025
24481
24481
28417
24257
24801
24225
23937
23745
24161
25089
25569
25696
24225
24545
25825
23713
24193
26337
24033
32962
24929
25248
24609
24513
24353
24129
23681
24353
24160
23648
24481
24513
24257
24577
24321
24225
23745
26625
24257
23873
24577
23937
24321
23776
24129
23937
23328
24321
24417
23681
23937
24193
23521
24577
24449
25185
25601
24001
24513
24289
24096
24416
24321
24225
23425
23905
25569
24577
24545
24577
24224
23873
26049
25057
24481
24353
23425
23808
23969
24161
24737
24544
25601
24225
24033
25025
24416
24481
27105
24545
24193
23937
24673
23937
23905
24640
24097
24161
24833
24513
23873
24801
24929
24513
24544
29313
24449
23937
24609
23681
23744
24769
25825
24097
24449
23905
24193
24449
24256
24545
24385
23713
24577
26593
24897
24064
24736
24641
24609
25153
25089
25761
25185
25089
24993
24160
25440
24704
25441
24801
26625
25601
25153
24481
24193
24129
24417
24417
24577
24289
24097
24065
24608
23937
24129
23553
23809
26145
24641
25025
23841
24737
24929
24385
25761
24609
24641
24737
24161
25024
24192
24481
24769
26497
27009
24545
24129
24288
23809
24417
25377
24417
24257
25089
24129
24481
23841
24769
24705
24481
24097
25121
24513
24961
25345
24961
25121
24673
25473
24833
25345
26433
24929
25473
24737
24065
24192
24673
26401
24513
24385
24640
25120
24705
24289
24641
24705
25185
24321
24161
25089
24193
24705
24545
24288
26401
24705
24321
24193
23296
23712
25057
24449
24001
24321
24513
24065
24545
24512
24161
23841
23361
23968
24737
25025
24257
24961
23937
24289
25217
25440
23873
24609
24065
24416
24096
25057
24321
24705
26881
25889
24993
24577
24481
24385
24289
24449
25473
24641
24225
24641
24608
24128
24257
24608
24768
28609
24673
25761
24128
24257
24545
23713
23936
23904
24193
24609
24737
23777
23521
24929
23649
24705
26753
23873
24225
24609
23777
23969
24097
24001
24737
25217
24001
24353
24129
24097
24544
24449
23937
40833
26785
26017
24385
24257
24480
24513
24193
24257
23872
23873
23841
24384
23681
23617
24865
24353
24321
26273
24737
25633
25409
25441
25153
24513
24225
24641
24481
23616
24384
24577
25249
25185
24897
24833
24097
25089
24672
24481
24065
24385
24353
23649
23777
24097
24001
24193
24352
24865
24641
23745
23808
24417
25889
24416
24193
24065
24385
24417
23841
24608
23713
24417
23777
24993
24065
24385
24193
24160
25537
25249
24737
24865
23681
24769
23809
23872
24961
24512
24257
24769
25024
24929
24097
24320
24705
31553
24193
24897
25217
24993
24129
24673
24929
24449
26145
25953
24993
24769
24769
25217
25312
24321
24417
26689
24929
25824
26273
25857
24833
25569
25537
24641
25024
24609
26337
24225
24737
24800
24449
25984
26081
23713
24513
24801
23937
23873
24064
24512
23936
23968
23296
23937
23521
24897
24289
24609
24833
26721
24993
25953
26593
26593
26433
25537
26241
26017
25440
25569
26529
24993
24577
23808
26305
24545
25025
24929
24288
24417
24000
24192
23905
24897
24896
24257
24545
24609
24481
23681
24385
24417
24289
24288
24640
23904
23873
23873
24161
24321
24257
23745
23713
23841
24641
24065
24705
24225
24448
25120
24545
24641
24641
24545
24033
24193
24481
25025
23681
24609
24065
24192
24512
23809
24193
24129
24833
24577
24321
23936
24193
23777
24065
24001
24481
23905
24705
26337
24769
24321
23841
24641
23969
31585
25056
23840
24289
24001
23905
24129
24353
24353
24257
24577
25056
24224
24001
24097
24929
23777
27041
24385
24769
24513
24001
24385
25057
24385
25377
24641
23457
24737
25473
24545
24897
24737
24641
28417
24481
24737
24161
24193
24641
26881
25025
25121
24577
24833
24449
24321
24577
23680
24161
24321
24609
24833
24385
24289
23809
24929
24609
24225
24353
24097
24321
24225
23905
24769
23681
23905
23937
23969
24193
24481
24225
24001
23393
23969
24065
23649
23616
23841
23744
24224
23968
23392
23648
24928
24257
24257
24289
24481
24513
23969
24001
24673
24545
23937
23905
23297
24001
23457
23905
24064
23808
25153
25089
24769
25057
24993
24961
24449
24704
24737
26241
26337
26241
26177
24097
24673
24737
24929
25153
24577
24513
24160
24704
24769
24129
25025
25249
24833
24513
25025
24865
25057
24705
24161
24705
26753
25345
25121
24929
25153
24737
25313
25473
25409
25281
25377
24865
24609
24577
25025
24289
25057
26657
24545
24513
24833
24993
24449
25473
25281
24513
24449
24737
24801
25025
24225
25089
24673
24929
26497
25217
24641
25089
25409
24832
24673
25473
24641
24673
24353
24545
24609
24705
24865
25025
28193
25441
24833
24801
24385
24289
23777
24096
24768
24000
24768
24097
24224
25441
24001
24672
24416
31841
24609
26945
26561
25409
24961
24577
25057
25473
25152
24833
25025
25217
24257
24897
25057
24609
31873
26784
24896
25057
25697
26305
25569
24865
24769
25249
25217
24993
24576
24993
24992
25088
25665
25345
24705
25345
24545
25121
24769
25121
24641
25121
24353
25025
24417
24705
24129
25025
24256
24832
25185
25345
26049
26305
25185
24961
25185
24641
24961
26273
26177
24928
26209
25857
26432
25089
25248
26753
25473
24481
25089
24769
24225
24321
24929
24193
24641
24161
24929
24481
25505
24897
25921
41250
25281
25249
25185
26337
26369
25344
26593
24481
25889
25377
24833
26336
25313
23744
24192
23424
42241
26241
24929
26593
25537
24897
25537
25377
25121
24865
24417
25313
24928
24896
24896
24833
24641
29057
24993
25185
25025
26049
26561
26081
25537
26017
26401
25089
25537
26305
26465
27841
25441
24801
28129
26017
24513
25633
25088
25761
25377
25121
25089
25089
25121
25217
25857
24673
24641
24513
24161
28193
25921
24577
24769
25793
24705
25217
26049
24705
25089
25025
24737
24609
24705
25249
25153
24929
25025
23969
24193
25217
24993
24897
24832
25344
24800
24865
25537
24577
24705
25089
25537
23873
24608
28673
23777
25121
25441
25121
24672
25089
24961
24800
24961
25473
24800
24577
24992
25697
24705
24769
27201
25025
24672
24608
25857
25312
24928
25025
24992
24353
24193
24545
24161
24320
24801
24513
24801
28673
25633
25440
25088
24833
24641
25153
24993
24993
24737
25153
24609
24929
24769
24705
24577
25025
25184
24929
25505
26049
24737
24961
25697
25313
25633
26689
26625
26113
26369
26625
24417
25153
26497
25921
24993
24097
24385
24577
25857
26593
24961
25985
25217
26049
25729
25504
26081
26113
25537
25025
24449
24545
24353
24481
24961
24609
24673
24769
24608
24833
25152
24961
24513
24321
24193
25313
25249
27393
24929
25505
25441
25249
25537
25569
25537
25377
25281
25601
24417
25281
25249
25377
25697
25633
27137
25761
24609
24129
25825
26785
25408
25889
25377
26177
25409
24737
24449
25536
24864
24769
24961
32641
24865
24865
26305
24769
25409
25217
25281
24961
25057
25120
25760
25121
25408
25312
25505
24577
27745
25185
25217
26241
25633
25057
25249
24929
25121
25121
24929
25440
25376
25729
25377
25153
24641
32769
25569
25153
26081
25537
25569
25217
25633
26081
25505
25601
25569
25569
25281
25696
25184
25505
27969
25537
25441
25665
24928
25024
24928
25312
25249
25537
25153
25185
25185
25281
25185
25601
24993
25601
26241
24993
24769
25185
25633
25313
25153
24737
24673
25761
25409
25505
24801
25953
24992
25344
28129
24641
25121
25504
25185
25184
25505
25376
24288
24961
25121
25089
24737
24993
24737
25249
25409
26784
24417
24800
24801
25537
25377
25889
25281
25089
25345
25921
24769
25025
24673
25089
25281
24705
25153
25857
25185
25121
25281
25601
25441
25409
26400
26337
25473
25313
25120
24481
25025
24769
25569
32737
24417
24609
25312
25569
24609
25249
25217
24865
25057
25441
25377
24897
24641
24321
24481
24737
31202
25761
25313
25889
25056
24481
26113
26337
24225
24448
24769
25313
25217
24609
25281
25440
25761
31457
24800
24065
24737
24801
25217
24449
25601
25217
25185
25537
25345
24897
24449
25217
25089
25665
24864
26497
24897
25665
24705
25281
25025
24417
25313
24769
25537
24673
25825
25377
24865
25217
24993
26017
26657
26369
24673
25313
25025
25089
24705
25153
24961
25505
25153
25280
25025
25217
25537
25377
45474
26145
26017
25953
25024
25088
24417
24993
25249
25088
25313
26241
25217
25473
25249
25185
25313
28065
24161
24577
26689
25281
26401
25185
26305
26017
25729
24737
25665
24737
25889
25024
24577
25281
27329
24193
24321
24545
25537
24609
24641
24160
24641
24929
25377
24577
24481
24577
25025
25344
24801
38497
25729
26305
25857
26209
26209
24064
24129
24993
24097
23776
24193
25409
24961
24705
24416
24353
24609
24928
24608
24993
25441
24769
25057
26401
24736
24992
24384
25441
24737
24704
25376
25153
25057
25729
26625
26177
25537
25569
25601
25633
24897
26145
25088
25409
25377
25344
24416
25248
24704
25953
48674
25153
24513
25697
26753
26017
25185
25441
27073
25121
26369
24320
24705
24513
24801
25537
25185
28129
26881
25345
25057
24673
25120
25185
25632
24993
25345
25313
24993
25089
25569
24801
24417
25025
28097
25473
25760
24161
24705
24833
24833
24577
24769
24897
24833
25056
24641
25441
25089
25569
24769
28833
24705
24961
25793
25025
25665
26177
25184
26561
25985
25793
25281
26465
25217
26017
24769
25569
24992
25184
24704
24609
25281
25057
24929
24801
24865
25153
26497
26016
26080
25761
25473
25985
24768
25857
24449
24417
24705
25057
24737
24385
23713
24289
23425
24897
24065
24289
24257
24033
24929
23393
25569
26529
25825
26113
25313
25249
25569
25153
25409
24993
26337
26305
25984
26369
24065
25121
29409
25025
24833
24481
24096
25184
25409
25057
25025
25153
24513
24705
24801
24513
25056
25184
24992
29249
24256
25569
25377
25921
26081
25665
25889
24801
26305
26336
26273
24993
25857
25569
26017
25153
43457
26721
26401
25281
25697
25057
24513
25569
24385
24929
24417
25505
25312
24448
24577
24769
25249
30721
26145
26273
25728
26177
25057
25249
25249
26721
26561
26657
26401
24961
25121
26017
24961
24960
32321
24321
24321
25953
25985
24353
25889
25313
24513
25441
24865
25473
25505
25281
25761
25249
25761
25441
26113
25248
25185
25249
25376
25313
25185
24961
25025
25601
25121
24992
24832
25569
25569
25025
26753
26305
25281
24737
24961
26721
24448
25793
25601
26081
25345
25857
25505
25216
25921
24577
24801
26305
25217
25568
25089
24289
25313
25345
24769
25665
25217
24897
24865
25345
26305
25281
25537
31201
25761
26593
26561
26977
26305
26017
26273
25856
25569
24865
25153
25985
25921
24928
24545
25185
38593
26817
26209
25889
24769
25153
25377
24513
24545
24513
24545
25217
23841
24192
24064
25024
24897
24801
26753
25697
24608
24800
25185
25697
24065
24193
24961
24321
24544
24609
25569
25152
25056
25184
39457
26432
25152
25024
25089
26369
25025
25345
25633
24672
24800
26433
25985
24064
26081
26881
25857
31425
26272
25633
26273
25185
26305
24225
24897
24001
24833
25217
25121
24577
24705
24673
24833
25729
48866
25664
23937
24609
23937
24609
23329
24225
24128
24384
24001
23873
24577
24769
24865
24672
24961
39617
26753
26048
26433
25729
24225
24641
24512
24673
24961
24737
24865
24513
24865
24673
25729
25505
26113
27264
24704
24705
24832
25121
24641
24737
25184
26369
26625
26337
25633
25793
26112
26273
26177
45314
26369
26240
26081
26305
26625
24737
24448
25025
24737
24961
26113
26273
25697
24577
24641
25601
25089
26177
24929
25185
26433
25313
26721
26113
24673
24641
24673
26369
24961
25121
24641
26113
24353
25153
26560
24160
24832
24609
24321
26401
24577
24833
24705
25985
26305
24896
25280
24864
24864
24961
24641
24993
24609
25185
25409
26209
25185
25441
25089
25185
25089
24545
24865
24321
24545
24768
24576
26049
24929
25889
24193
24705
24257
25345
25569
24417
25217
25697
25057
25537
25025
24641
25185
25697
25409
32321
24033
26689
26529
26113
25729
25792
26273
24577
24993
26977
25921
26401
26241
24929
24641
24673
27457
24481
24705
24801
24481
24769
25313
25633
24513
24801
25473
24320
24481
25921
25216
25568
24961
24737
24897
24897
24673
25825
25921
26177
26241
26401
24736
23969
25505
24992
25152
26048
24481
24513
26593
26625
26305
26433
26176
26241
26209
26401
26721
24704
24961
25217
24961
25729
25345
25153
25280
25281
26273
25441
25441
26017
25537
25793
25281
25793
25665
24449
25569
25185
24769
25057
25089
24193
25441
25185
24961
25089
24833
24545
25025
24641
24833
24896
24833
24833
25313
25601
24992
24513
25057
26337
25793
24800
24033
23841
24609
25025
24513
25089
25473
24193
24545
24321
23745
23841
25697
24481
25121
25121
25025
25057
24737
26624
26209
25953
24257
24096
24737
24577
24225
25121
25153
24064
24737
25889
26337
26017
24129
25057
24065
24065
24961
25761
24737
24321
24737
24321
23969
24513
24193
23713
27457
25025
24289
24224
23905
24673
24609
24832
25057
25185
24097
24961
25313
24033
24897
24160
23905
39778
25633
24097
23904
24992
24544
24897
24385
23809
24161
24033
24801
24897
24513
25057
24384
24321
24193
26849
24609
26593
24801
24833
24641
25729
25153
24736
24673
24896
25441
24641
24833
24833
25089
30625
25696
24352
24384
24897
24417
25152
25344
25761
24641
34913
27777
32417
24705
24097
25345
26048
25537
23425
24673
24513
24001
24705
24417
24577
23745
24576
23968
23937
27393
25729
24065
25761
24641
24673
24385
24481
24513
24865
24897
24993
24352
24384
24288
24000
24352
25505
24769
24513
24960
24449
24929
24385
24449
24609
25249
24737
24897
24641
25537
25153
25729
26465
25825
26113
24000
24705
24225
23585
23809
24737
24513
24705
24161
23264
24865
24481
24257
23713
23840
25601
24289
24097
24225
23681
24225
24993
25185
24608
24192
25025
24833
24289
23425
25089
25089
24097
24897
25921
24513
24321
24609
24129
24704
24801
23809
24481
24321
24160
23393
25216
23776
25921
26081
28385
24032
24129
23777
24161
25089
23841
24416
23777
24577
25569
24353
23777
24993
23969
24289
24609
28129
25185
24705
24705
24321
25025
24705
24577
24449
24129
23520
23457
23681
23425
23553
23873
25153
27009
24321
26016
24097
24417
24897
24832
24256
24737
23713
24129
24161
24097
24353
25089
24993
24417
28577
24225
24193
24385
24961
25665
26273
23936
24385
24449
24001
24801
24993
24257
24769
24673
24737
28225
24192
25248
24864
24832
25121
24224
24289
24097
24193
24225
24160
24865
24385
24353
25025
24321
27489
24609
24449
24032
24001
24864
24993
24161
24833
23777
24065
24640
24608
23937
24609
25440
25665
27521
26049
24640
23680
24897
24289
24385
24929
24865
24289
24833
23936
24833
25057
25280
24225
24129
26208
25984
25985
25825
23777
24097
24289
24256
24256
24161
24129
24737
24641
24385
24448
24640
24033
39138
26497
25697
24352
25313
24961
25185
24577
24961
24801
24385
25025
24481
24449
23488
24225
23745
24577
26369
25153
24865
25249
25313
24161
24545
25409
24513
24289
24353
24801
24832
23905
23425
24065
28737
24897
25313
24897
24577
23873
24609
26401
24513
24481
25665
24641
25185
24225
24801
24385
24353
27553
24449
25409
25281
24929
25505
25537
24833
25121
25441
24577
24993
24673
25537
24864
25953
24289
26305
24097
24129
24160
24129
24001
25185
25441
24512
24801
25537
25249
24641
24577
25185
25121
24513
26784
24769
26561
25377
24865
24865
24865
24609
24737
24705
24833
24769
24545
25505
24801
25249
25089
28545
26113
25537
24544
24641
24545
24545
24865
24833
23904
24256
24352
24320
24928
25025
25056
25025
32705
25441
25632
24576
24192
24992
25313
24865
25377
25217
24609
24833
24673
25505
25729
24993
24736
24929
24769
25313
25505
25441
25697
25024
25665
25089
25505
24961
25377
25504
25409
25473
25409
24513
24512
24544
24417
25089
24673
24641
25057
24961
24801
24353
24801
25153
25185
24833
24737
24833
24929
25313
25857
24833
25217
24577
24832
24800
24928
24961
24481
25121
24385
24513
24865
24129
24992
24385
24769
25441
24801
25121
25345
24673
24769
24961
26305
25024
25696
25121
24641
25025
25089
24384
24353
25761
25889
24929
24673
24737
24961
24897
25409
25281
25632
24609
24769
24961
24449
24769
24512
40833
26849
24993
25057
25185
24417
25409
25056
25120
25761
25633
24833
25185
25121
24641
24385
24865
43649
26721
24993
24513
25441
25056
24641
24640
24769
25281
24577
24833
24993
24833
24609
24897
24897
26753
26273
26016
25793
25536
24065
24481
25089
24417
24929
24672
24577
25089
24961
25281
24801
25313
29313
26048
25024
24833
24897
25057
25409
24673
25185
25153
24673
25569
24800
23904
24448
24385
24289
26241
25217
25633
25153
24864
24928
24704
25185
25344
24608
25793
25409
24897
25088
24833
24704
25184
29185
26209
24193
24897
24961
25440
25057
24385
24897
25249
24609
24929
25249
24705
25249
24833
24928
32801
25568
24545
24576
25569
24577
25057
24833
24993
25185
25025
24577
26497
24577
24161
25185
24833
24609
23968
24961
24801
25377
24800
25057
24129
24577
24897
24897
24449
24544
24417
24000
24544
24577
26913
25409
25921
24865
24225
24384
24769
25665
26081
26273
26176
24769
24929
25025
23840
24193
23809
47265
26721
24865
24545
23937
24801
24481
24001
23585
24609
24801
24481
25185
24641
24385
24673
24256
27617
24961
25345
24512
24608
24609
25281
24768
25088
25313
24769
24353
24929
24609
24609
24289
24609
27681
24001
24609
25121
24417
25345
25153
25441
24992
24705
24641
24481
24801
24288
24801
24641
24577
24641
26689
25313
24545
24769
25825
24833
25280
25153
24481
24929
24673
24865
24321
24737
24225
24321
25057
25568
25697
24961
24737
23712
24577
24481
24993
24321
24513
24289
24961
24897
25313
24448
24224
24769
24929
25633
24833
24833
24769
24929
24257
25441
23777
25121
24865
24961
24481
26368
24705
24769
24833
26465
25729
25921
24961
25089
25281
24961
24864
24481
25089
25089
25313
25569
25281
24801
24769
30817
27489
26625
26625
25505
24897
24833
25409
25217
24481
25089
25089
24801
24705
24321
25185
24833
28161
24289
24769
25505
24609
24929
25313
25729
26529
26369
26081
24961
25121
24993
25633
24769
54113
26273
25217
25281
25216
25344
25184
25313
26017
26241
24929
26369
25345
24833
24768
24736
25281
28161
26209
24225
25121
25889
24672
25121
24257
25025
25281
25089
25345
24673
24993
25313
24705
24705
27841
26081
24961
24769
26273
26689
24897
25217
24993
24289
24065
24481
24737
24641
25153
24289
24737
25345
24961
25409
26337
26433
24801
26081
25249
24865
25377
24929
24288
24193
25697
24513
24673
24385
26433
25825
25377
24481
24769
24161
24545
24352
24224
24288
24449
24097
24225
25057
24641
25537
44738
24929
24609
24545
24352
24481
24225
24385
24449
24673
24801
24736
24641
24609
24609
24897
24865
25025
26177
26593
24225
25025
24128
24641
24800
24960
24897
25120
24897
24385
24801
24673
25409
25505
29217
24609
24737
25633
25440
24961
25441
26401
25409
25249
25185
24961
26593
25409
24865
25153
24449
27073
24865
25088
24896
25729
25152
25888
25760
24672
24224
24609
24545
25185
24993
24929
25473
25153
26241
25729
25889
24961
24705
26497
24544
26049
24481
24417
24929
24193
23841
24513
24865
24865
24705
26465
25569
26529
26657
25441
24896
26081
26145
27137
25185
25409
24737
24737
25088
25056
24640
27808
26209
26625
25249
25312
24768
24449
25089
24449
24673
24033
25025
24673
26081
25216
24448
25057
26816
23809
24705
24929
24833
25217
25665
24865
26305
25857
24417
26273
24577
24929
25089
24576
24480
25121
24673
24897
25057
24705
26497
24960
24768
24768
24352
24288
24448
24960
24321
24545
25121
42017
26913
25409
24737
24480
25473
24929
24544
25057
24801
24449
24257
24353
24033
24353
23873
23905
27009
26593
25121
24609
25089
25185
26625
25281
25249
25825
25697
25057
25120
25025
25249
25089
25921
35202
25121
25121
24001
25057
25217
25569
24801
24385
25281
24577
25409
25377
25824
25760
25088
24865
26529
24737
25121
25537
24545
25889
24929
24961
24961
24609
24801
24865
24577
24257
24321
24833
24673
25409
24865
25921
25185
26529
26017
26849
25185
26017
25345
24896
23809
24065
24769
24833
24513
45665
26273
25185
24257
24609
24833
24609
24577
24705
24481
24129
24385
24768
24256
24481
24448
24737
26177
24513
26305
26913
24929
24673
25408
23713
24161
24641
24385
25185
23713
24513
23873
23840
23649
28033
24769
24769
24129
24449
23873
24833
24193
25313
24577
24513
24320
24416
24480
24992
25089
24481
26752
24833
24225
25057
24449
24833
25121
24097
24897
24961
25089
24801
24961
24833
25185
26113
42114
26337
24609
25121
25217
24033
24961
23809
25185
24065
24993
25057
25153
24769
24353
24481
24321
25633
24417
25153
24737
26273
24865
24481
24416
24576
25473
25697
25121
24769
24737
24865
24961
24673
24865
26305
25345
25313
25057
25761
25729
26784
25696
25345
24897
25281
25505
25472
26720
24992
25121
26401
26017
25505
26049
25601
25472
25312
25728
25568
25568
26112
26304
25921
25952
26241
25153
25441
26401
26657
25504
25985
24417
24065
24257
23393
23713
25473
24161
25057
24161
23809
24033
23905
27937
25089
23745
24929
24416
24257
24289
25025
24289
24481
25057
26241
24929
25217
24353
24865
24737
32737
24672
24449
24641
23905
24321
24353
24129
23745
25089
23969
25408
26785
25761
24673
24353
25120
26400
26209
26241
25985
23649
24832
24001
24513
24320
24416
25217
24257
24001
23937
24289
24449
40353
27105
26113
26017
26177
24545
25761
25601
25857
26048
25345
26209
26337
25121
25696
25249
23585
24481
27297
26465
24897
24321
24321
24257
24385
24417
24545
24576
24384
24480
24768
24256
24352
24288
29921
26112
26049
24481
25729
25984
25697
26113
25985
25761
25601
25889
24481
24896
26976
24704
26049
28449
25377
24353
23969
24577
24000
24481
25825
26977
25985
24641
24769
24161
24481
23617
24097
24161
31873
24257
24385
24257
23937
23841
24001
25281
24865
24321
25025
23809
24641
24481
25665
24289
24545
24641
26657
24960
26113
25441
24961
24673
24961
24481
24608
26497
25377
25025
25953
25569
24257
24129
26369
24544
25601
25185
24417
24000
23744
24481
24161
24897
24993
24769
24673
23873
24865
24353
24641
26817
25953
25793
25569
26017
25377
24065
25120
24577
24577
24449
23457
24225
24289
23905
23680
23777
24225
26081
26721
25953
26049
26401
24705
25793
25729
25664
25249
25697
25569
24609
24161
24993
24385
26913
24961
24705
23681
24353
23585
24353
24801
25537
25505
26593
26369
26113
26689
25088
25857
26145
24449
25249
24929
25216
24769
24897
24545
24193
24545
23713
24608
23520
24193
25057
25697
25889
24417
27041
24769
25985
25985
26273
25377
24609
24001
25889
25793
25152
23904
25857
24609
23521
23617
23841
28353
25153
24737
24513
24736
26176
25921
24384
24992
23936
23808
25472
24288
24769
24065
24449
25153
25217
24577
24257
24673
25376
24033
25313
26209
25857
24993
24193
24129
23745
23873
24097
24513
23681
24608
24737
23969
24289
24065
24000
24448
24417
24993
26529
25440
23936
26081
25249
24993
24609
24865
26433
24320
24961
24385
24001
24769
24833
24417
23361
24449
24289
24033
23681
24769
23745
24737
23745
26817
26369
25313
24577
24609
24097
23873
24609
23777
24129
24385
24161
25025
23649
24929
24321
29281
24513
24641
24609
24417
24321
24416
24000
24065
24545
24833
24897
25121
24353
24961
24609
24513
25857
25217
25825
25857
26433
26049
25953
24545
24609
26337
24449
24961
25409
24353
24161
24576
24289
26433
26305
25441
26049
25121
27777
26977
26305
25376
24801
25569
25665
23905
23873
23617
24320
24064
26497
26560
25953
24513
24833
24161
24321
24897
23617
24993
23841
24032
23872
24512
25281
26337
27969
24929
24065
23905
23361
24225
24129
24353
24513
24865
23553
24225
24161
24641
24353
24641
24449
23905
25313
25537
24513
23745
23905
24129
24001
24577
24801
24352
24544
24193
23457
25185
24001
24065
30881
25313
26401
25345
24961
24417
24449
24193
24097
24353
24897
24769
24641
24545
23937
24513
24545
25569
25601
25281
24321
24193
24320
23936
24513
23585
23841
24577
24577
24193
24193
24225
24417
24385
24449
24737
23809
24897
24193
24225
24065
24417
24480
24608
23936
23584
24192
24768
25057
24673
23905
27425
26369
25441
26369
24385
26560
24417
24288
24609
25089
23584
25025
25889
26177
23905
24192
25313
24641
24161
24096
24640
24961
24224
24033
23649
24225
23201
23873
24577
24353
23361
23840
23488
39361
26625
24896
24000
23232
23937
24161
24481
23905
23521
24673
24033
26017
25665
25889
26049
24161
32449
25121
24257
24673
24289
24673
24001
24513
23457
24161
24161
24001
24737
24928
24513
25153
23328
24929
25473
24737
24129
23905
24225
24193
24161
24513
24545
24737
23584
23649
23840
23969
