158310
53186
53410
39394
36385
36929
35297
35329
61538
36385
34305
34657
34241
33570
34657
35585
34786
34241
33857
35842
35105
34817
34113
34337
35553
34049
32641
32065
38561
32001
31681
33729
34433
33985
32321
32225
32930
34945
34210
33345
33953
34530
85122
33633
35361
36225
34466
33250
32193
33249
32737
32898
31937
31681
33858
31745
32289
32385
33441
33313
31873
31169
53090
37314
33249
32097
31777
32161
29313
40225
34145
32577
31873
31937
32257
31233
31233
31970
31873
32641
50626
31457
32641
32225
32545
31041
33057
32193
31073
30625
31585
33025
31585
30689
31169
31041
31905
32097
31905
33057
32737
31585
34818
31457
31810
32097
31649
31041
30209
34753
31841
31169
31681
31105
32001
30785
31489
36001
31105
31425
32321
31745
31521
31553
32737
32257
31489
31937
31873
31585
30913
30113
34081
31585
31585
31137
31841
30913
31137
31106
30625
31521
31201
30753
30305
31297
30913
32193
31649
31041
31649
31073
31330
30753
32194
68258
36225
33473
32897
32097
32897
31329
32481
34305
34178
31425
30977
33345
31009
31937
31553
78914
34306
33153
32705
31745
33057
31265
31234
30658
29857
35201
31873
32001
34946
34369
32161
31489
30914
33345
39042
32482
32385
31713
34401
34049
33729
30881
31233
35169
33377
31553
32033
33505
33825
31169
31489
30913
35969
31393
31809
31233
33921
31425
30785
30657
30561
34306
33473
31265
30657
33057
35841
32641
31361
31489
37217
33633
32833
31073
30081
33825
33729
32001
32801
33025
33889
32321
33729
33313
33345
32033
30882
31169
35425
39297
33985
30849
30657
33569
33953
31553
30657
30689
34273
33794
31393
32097
34113
30945
31074
30721
55426
36290
32033
32097
32449
30529
34465
31489
32417
31265
34689
32641
31905
31297
30273
35265
32097
33537
32738
32609
35457
31937
31745
30881
34050
32353
33346
32737
31873
36033
32962
33185
32289
33985
31329
31329
32577
32161
35809
34593
30817
30369
30913
33505
32897
32705
32033
32609
34050
31297
31457
32834
34273
33313
35105
30465
35297
35042
33601
33441
32385
34146
33185
32737
32161
29825
33570
34689
33217
32769
32577
34785
33025
34145
32033
42657
31009
32705
33601
32385
35073
31425
31201
33793
33441
35106
35009
30881
30241
35041
33281
32865
30529
32065
35777
33026
35489
31329
34785
34753
32609
32449
32129
34401
34754
30753
30305
30177
34977
33281
31810
30785
34753
30689
29601
33569
30593
34209
31137
31073
31617
31841
33601
32193
30721
30209
33633
33665
32449
32417
46145
35969
34081
32770
30049
31201
35265
33857
32098
31425
33441
33249
31105
33089
30177
34369
34465
30017
31137
34017
33121
33025
30017
32065
33473
31745
31297
31041
30305
33825
31649
30529
31169
33026
33729
32193
34721
31585
35169
33697
33345
32705
32161
34146
34209
32993
32577
33441
33729
32769
30881
30145
40801
33089
30625
31041
87138
35745
32833
33185
32001
37761
34145
31170
32353
64482
35682
31297
32641
40321
31809
31426
30849
32033
59810
34657
33185
31553
33825
31777
30337
30625
29761
39969
33985
33665
30113
32673
45314
33825
31585
29249
64386
34913
30785
29825
29409
35873
32770
31425
32481
56354
32513
31841
30145
30465
36578
32161
31009
29697
30497
40641
32033
30721
30273
71522
33121
30593
30337
31393
57089
32065
35361
30657
65507
34753
34241
29953
38210
31297
32545
29761
31521
36801
33537
31937
29889
29889
41761
34241
33186
30625
75458
32770
30945
31809
39137
42178
34945
30817
31553
30849
47297
32257
31745
31265
33953
32385
31713
30401
31425
34849
33249
32641
30657
32705
33537
32481
31426
30753
34785
31937
30785
30145
30273
35009
31137
33025
30657
31874
33793
33025
32705
32481
33857
31873
30145
30497
29921
39714
33057
30689
30273
39617
31106
30593
30049
30529
33889
31105
31489
30529
38785
35361
32513
30657
30913
34530
31265
30881
30145
30337
34465
32033
31137
31329
30049
33794
30753
31265
30881
30657
35330
32129
30721
30145
34497
32097
32674
29889
30113
35041
31713
33057
32673
31297
34177
32801
32481
32866
30977
33377
33217
30049
29697
33953
31745
33153
30562
34274
34913
32129
29793
30753
33441
31169
30753
30593
29857
36257
31553
31298
30817
29537
34497
31425
30657
31009
33282
31361
30113
31009
29921
36482
31905
30433
29889
34785
34754
33441
30465
30433
33985
31746
30177
29921
29857
33857
31489
30785
30241
31073
33953
32033
30497
30785
35041
34337
31969
32193
30753
35618
33409
31169
30689
45794
32865
31073
31137
29953
72418
32193
31105
30209
31681
33281
32993
31489
32801
34433
31585
30689
30529
30529
80067
33473
31009
30401
34593
31681
31073
30433
30529
67139
36226
32289
30465
34305
35649
31425
30753
29953
33953
32482
31521
30401
42337
34209
31585
31265
51426
34433
31425
31617
31105
32449
34177
33505
34401
32129
34529
34049
33410
33249
32065
34561
33025
33057
33889
38241
35009
32993
32897
32545
33537
32513
30465
30721
31233
35329
31425
33185
32385
32609
34113
32801
32193
32833
32514
34497
33441
32545
32418
33825
33857
32641
31809
30241
34241
32129
31265
30945
30305
35137
31425
31265
60962
34081
32417
32737
31521
30785
34145
31554
31905
30593
33953
32289
31649
32385
31009
35905
32417
31393
30817
35585
35777
31489
31393
30657
29793
33953
33089
31841
31937
33985
31617
32609
33025
31489
34593
32833
32033
31201
32097
34529
33122
32897
32385
34689
34529
32961
32385
34209
39073
34818
32545
31873
32514
66723
34753
33057
31265
40449
31361
31841
31713
31553
33729
35170
34273
32098
31809
33281
31521
32545
31714
33058
32737
32865
31809
31329
36193
33473
31393
32929
31329
35041
31297
32033
31521
31713
34177
32481
31905
32321
33185
31937
32513
34722
31457
33569
32129
32514
32129
89763
31809
31233
32641
33313
33665
32161
32801
31393
33825
32897
31873
32354
54914
35937
32161
33409
30785
35553
31553
31297
31073
31137
50178
34113
31649
31137
31137
33729
33185
32257
30561
34305
33441
32577
31873
30881
34145
33313
32289
31809
31745
34338
31905
32545
31009
30434
39906
34209
33057
32065
71458
34626
31201
32321
31873
42530
32897
32705
30689
30273
61058
31841
32769
30849
34690
32193
32865
32257
32033
42626
32001
31330
30721
32321
35874
32993
32129
33217
34113
34049
32289
32353
33121
36098
33025
31969
30817
33409
33153
33122
33666
31969
33921
34017
33025
31489
63394
33569
31970
32129
30497
33345
33633
31489
32673
34433
35553
31874
32449
30945
33857
32609
32577
32418
30689
40769
34337
33634
32929
31265
34753
32417
32481
31137
30913
34113
31745
32738
33505
33921
33281
32321
32641
31969
34498
32961
32513
32481
31809
43905
34977
33345
34785
35393
33122
31937
31393
30241
33857
32865
31905
31329
31553
34337
34113
33185
32353
30561
34849
32769
32257
32993
66626
33858
33153
32897
31361
42626
33377
32513
32449
57122
33537
32225
31233
32545
40642
35073
33250
32673
35937
32961
31617
31905
32097
40961
35009
33697
31649
31297
33985
32097
30978
33121
34049
32962
32097
31937
32737
35105
31873
32641
30850
31265
34434
33473
33505
31681
34273
33025
32801
31361
30753
39649
31617
33409
32161
32514
46529
34689
32033
32418
33570
31297
30849
29857
29953
34817
31489
31713
30625
33185
33857
32065
30850
32801
84706
31649
30209
32001
34145
32257
31329
30945
32225
34081
32193
30273
29249
29985
33441
32705
30497
29825
31169
75010
33473
32641
30753
34017
31617
31841
29953
33889
29441
36097
30753
30369
40545
31809
32705
31457
30401
34561
32321
30177
31777
29729
105251
34562
31073
32289
33249
32897
32545
31073
31361
34114
31873
32257
31809
34817
31458
31969
32833
32001
34977
31745
30497
31393
33729
32097
31201
31905
32001
35233
31873
32769
32513
38145
87843
31841
33121
32289
34689
31905
30753
29857
31649
33601
31329
30561
30081
33761
31842
31937
30369
32033
34402
32001
31137
32033
39009
35234
31425
31233
32193
34945
32290
31457
32033
33089
85059
34273
31329
30753
67811
33537
31201
32097
58882
32929
31521
32385
33057
46722
34593
33217
31745
63234
33089
32577
32481
32865
55969
32961
32353
31681
66114
32289
30753
32033
30465
33953
33921
33281
32129
60898
32097
32257
31009
53858
34529
33058
32193
33345
33985
32001
31298
32609
32545
34114
31841
31105
30945
30113
58338
33090
32897
32385
34465
32833
30721
30401
30145
35713
32545
30497
31617
29793
34945
33346
31585
31586
59778
36578
31457
30913
38306
43361
33761
32546
30497
33697
31201
31873
31393
30369
34849
32450
30785
30561
29633
35009
32033
31681
30977
65538
31201
31810
30849
30241
47521
34433
31042
31937
61315
33473
31489
31393
30209
43425
33441
30465
29921
40577
32865
31969
32097
32097
60706
34434
32705
31809
62114
33857
31553
30145
30017
57282
31553
31297
32417
39521
33665
33889
31073
36097
31169
31617
30209
29921
35361
31969
30593
31905
30945
61666
34498
31681
32898
34081
31425
31169
30722
30913
34241
32865
31009
30113
33281
31457
31617
30369
34465
43073
34369
32321
32130
40673
34209
32929
31713
32097
56738
32737
31553
29825
41697
33537
30913
31873
30081
43649
31969
31745
31201
32897
59586
35905
34049
32065
62530
35137
33089
30593
40321
33377
31841
32033
30497
48066
31809
30881
30913
32737
70594
34401
32418
31393
34593
32449
33057
30145
31137
63331
33058
31041
31969
34049
32769
32610
30849
46465
32993
34593
31041
32449
33153
31969
31713
30401
30337
33665
33474
32001
31553
32033
66819
33057
31617
56866
41089
32321
33026
31745
31489
42273
32449
32290
31713
40065
32545
31809
30241
30689
35586
33281
31809
31745
39234
33313
31938
32929
31649
45281
35009
30465
30497
39874
34530
32449
31905
30401
42114
32769
31713
31393
31681
48162
34689
33217
32738
33473
32129
30913
32705
33921
32897
33698
30241
31841
34401
33441
30689
30273
30849
34690
32001
32609
31425
34017
33985
33185
32481
32033
36257
31425
31169
30945
33921
32833
31745
30241
34081
35074
32993
33441
32481
35425
32289
31521
33313
32577
34658
34209
33537
33218
37921
35841
32865
32961
35169
39169
34914
31137
31425
84675
34817
32513
32737
32545
34625
31937
31137
30401
86339
33985
31233
31297
34369
196774
34785
33345
33729
32833
31297
30945
30689
33985
32066
31393
30721
30113
34785
33537
32641
30689
37857
36129
34081
31969
31874
43074
35265
32289
32577
39361
34561
31361
30753
30497
40673
33698
32641
32257
32321
33921
32193
30401
29953
34657
32929
32513
31777
32193
40289
33377
32865
32769
32193
39009
33122
32897
32705
36801
33313
33729
32993
34273
33313
33441
32257
33089
34178
32257
31521
32737
32353
42273
32705
31938
31874
35905
33633
33089
32865
31841
33345
32257
30817
31841
33153
33730
32449
32641
32097
34337
34498
32705
32097
38625
33409
33281
30817
32545
34689
33858
32929
33057
32129
34241
31873
33057
32449
32705
33793
32961
32321
37217
33633
32225
31905
30913
33601
34338
32641
32545
33409
34657
33889
33057
32386
33505
32961
32897
32929
31713
35649
34178
32769
32897
31681
33825
32705
33025
32865
33569
32801
33633
30977
32321
34817
31617
31681
30721
30945
35202
32513
31105
31169
34594
31265
30881
30145
29953
29409
35393
31586
30465
33793
31937
32321
30465
53090
37089
32418
32673
31585
32225
35681
32258
31841
32001
33697
32737
31329
30657
32289
33633
32417
32673
32833
34625
31969
31009
30593
31457
34849
32545
30913
31393
30209
33346
31425
31489
30273
33377
31809
31873
31041
50274
33665
31713
32481
31905
29921
33313
33921
31553
30337
32385
32193
31970
31873
31361
32865
33953
31586
31169
32097
34145
32258
31521
31009
33505
31970
30753
30305
31233
33377
31841
32257
32225
32834
31745
30497
31937
50370
34561
31713
32641
32353
32225
34082
31585
31297
30369
33473
33569
32161
30657
30977
42274
35330
32577
30977
36641
32417
31841
31169
30369
33729
32193
30817
30369
29697
33633
32065
38657
33441
34625
33665
33697
32449
78498
35521
33601
33442
32161
62882
33825
33025
32097
43522
35106
33185
32801
32865
41409
32673
33121
31841
57570
35681
32930
32097
32418
64483
34690
31361
32289
39841
33409
32961
32289
44866
35554
32449
30529
39553
38177
31681
31009
30369
30785
43649
35393
31713
30497
34817
33569
32993
32993
32801
44833
33985
30817
33025
43362
31841
30785
30337
29697
41697
33601
32993
31809
32065
37761
35202
33761
31905
78467
32961
30337
29985
30305
78594
35906
31105
31137
81730
33569
31938
30433
30177
32833
32737
33313
32961
64930
33441
31713
30817
30369
74659
34433
30337
30433
33217
31329
30593
29825
30081
34497
33249
32289
31361
88355
33281
32097
31777
31937
63330
33601
32193
33089
34593
33825
31841
32993
34689
31777
31617
31137
32193
34145
33857
33025
32993
33569
48930
35745
34881
32673
82435
34306
33313
32673
36449
34689
32929
32769
31970
29345
36385
34145
33057
44897
32993
33250
32737
30881
40033
33697
34273
31937
34017
35329
33441
33025
32897
41697
31842
31233
32801
39329
34305
33921
32801
32801
39138
33665
33025
32097
32738
41154
34369
33954
32513
34850
34177
33441
32481
33601
34529
33250
33026
32001
74019
33825
33185
32225
31810
34018
34113
32769
30337
33761
31873
33601
32609
36769
35041
33857
33057
32417
40321
32289
33057
32609
31393
43714
34049
33281
32385
33409
33281
33121
32930
38337
35393
33729
33601
32897
68418
34722
33601
32865
31969
35266
33761
32737
32385
33633
33089
32481
32513
38081
34178
34017
32801
33025
34721
33730
34209
33121
33441
88099
34753
33217
32321
67746
35105
34209
33153
37601
32385
33121
33441
32097
35649
31457
30625
30529
33985
32001
33889
31361
30561
65539
36289
33761
38465
34785
34626
33025
32577
34593
31265
33185
32577
31969
34465
33473
33025
32673
30209
40705
32577
30945
30593
63842
35745
33985
33057
32737
43041
32705
30913
31681
34721
30945
30689
31201
33249
34049
33057
32993
32610
30273
36929
35809
33089
32865
65890
32449
32769
32577
64322
32545
33153
33537
39490
33569
33569
32673
53474
35938
33345
33121
32737
33313
35393
34401
33857
33729
36065
34082
33186
32929
32769
41025
32641
32769
32706
33345
33889
33537
33057
33313
34113
33601
33569
33121
34209
33825
33409
33089
32321
40769
34945
32513
32417
39265
34561
32993
32897
32033
42145
31745
32993
32865
32609
40577
32161
33089
31201
35201
33633
34113
32609
32993
48706
34209
32769
32290
40226
33794
32577
32801
32130
34081
33057
32385
32673
62242
31201
32833
33025
37026
34689
33313
33217
32193
41666
33346
34081
32929
38145
34625
33377
32801
32993
43970
34145
33537
32961
32161
33826
33793
32897
34145
37377
34626
33601
32706
39233
34146
33986
33314
32097
44994
32673
31457
30785
37250
34625
33281
32417
32545
34177
33089
32705
32993
36065
34529
34113
33057
32321
48130
34657
33601
59906
65986
31745
31393
30497
34049
32993
32609
33058
30721
35009
33313
32513
33153
32737
34273
33441
30881
31681
36449
33057
33665
32673
32321
34017
33505
33442
32545
34241
33154
35201
30017
30785
33730
31969
31585
32001
34785
31745
31329
30433
29857
33697
32673
31393
30657
30049
33442
33217
32641
30401
34785
31329
31073
30689
51650
35617
33665
33281
32577
32097
33473
34401
31457
30689
34433
31553
31265
30337
29857
33761
30753
30753
30721
32161
33857
33537
32609
32961
33633
32769
32961
30465
30465
34081
33569
32097
32993
34113
33057
35297
32577
32578
35201
33537
32865
33057
34593
34018
33409
32770
32289
34497
31969
33185
32353
31617
33730
31041
31713
33089
36097
33025
33154
32577
31969
33537
31937
33249
33185
33665
33794
33441
32609
32577
34113
32129
32705
33025
36609
34145
34049
32129
32321
33697
32097
34498
33185
34210
33441
33281
32609
32833
34145
33473
33250
32833
32545
33793
33377
32769
30401
33601
31617
33025
32481
32097
33697
33601
33057
32641
34881
31617
32865
32481
34113
34305
33057
32961
32609
33890
32833
32993
32769
31777
34177
33665
33761
33665
34562
33697
33697
32609
38561
33569
33249
33185
32225
32961
33378
33409
32065
32993
33857
33697
32161
32449
32417
35809
33601
33313
32450
37441
33858
33537
32513
34370
31073
33313
32801
32353
34818
33441
31713
32193
32321
35169
33249
33409
51617
34785
34497
34209
33281
33025
35681
33729
33217
32193
34721
33761
33249
32033
32545
33410
33953
32673
32417
34177
31905
30625
32962
32257
34913
32258
32897
33121
69059
35810
32705
32833
32257
44002
34913
32961
38721
33569
32225
33121
33153
32225
37026
32449
32833
32289
33729
33954
34081
33281
32257
35745
34081
34049
40034
34402
32001
32801
32353
34049
33857
32417
32129
32193
33857
33633
32673
32161
31809
33314
33761
33249
32673
33441
33089
33697
32898
32257
33569
31745
32865
32801
32609
34210
33473
33313
33153
33474
34177
33313
33762
33313
34049
36066
33985
34306
33377
33441
33153
32961
30593
35105
33185
33153
30721
33441
32833
31201
33089
53378
35233
32418
33025
34145
34401
31297
31297
31681
32577
33281
32417
30625
32225
32353
34049
32257
31490
32385
32225
34465
31617
30945
31937
35329
31201
31137
30561
30561
33121
31905
32865
32097
33217
33217
31201
31073
33153
34178
32225
31618
33409
33697
32001
31329
32449
30369
36225
31137
31137
31169
30913
34018
32033
32929
30497
34721
33505
30817
31009
29441
34049
31425
30721
31105
30241
34721
31585
31553
31425
35938
31233
31201
30753
35106
34145
30561
31393
30945
32161
33474
32321
31617
30593
76835
33377
31105
31201
29921
34209
33730
31457
30689
33793
31041
31649
31169
31106
37249
32353
31905
30241
34465
31777
30881
31585
32513
32097
30529
30625
30305
35169
32065
30753
30465
30081
34657
31490
31618
31809
34241
33185
32897
33089
32385
35681
32161
31105
31553
32673
33441
32929
32385
32865
34337
31905
31745
34849
30497
34369
32289
31873
32385
30913
33953
32097
31137
32482
33025
34945
31105
31009
30721
34081
31585
31233
32097
31265
33985
31457
31969
30977
34689
31489
31137
30785
30625
34049
31617
31137
31713
30465
34530
31297
30625
30465
33089
33537
32929
32385
31361
33441
33441
31489
32001
35361
32001
31585
30977
30497
34657
32194
31137
32129
29889
34241
31585
31457
30433
35393
33281
32417
32257
50658
34337
32162
32513
31905
34977
31937
32545
32001
32257
34049
32001
33026
31041
32385
34849
32993
33217
29825
33953
31649
30625
30881
30369
41569
34913
32641
31969
32769
35938
33473
34177
32705
41409
31617
31105
33441
31265
35649
32929
32353
32673
33729
33217
33377
32897
32514
82434
34689
33153
32417
33089
32674
32929
31937
32289
41409
35649
33505
32257
33857
33249
33377
33537
30273
40770
32129
31553
33185
34081
32001
31521
33249
38177
34914
33249
30817
30561
34529
33953
32994
33121
33153
34753
31458
31681
31713
30209
42018
31425
31361
30561
36129
31169
33857
32225
30274
34337
33345
31873
31745
30722
34690
36737
33889
31809
35777
32929
32801
30657
30657
32609
35553
31425
30977
46849
33665
32801
30977
32161
43938
33762
30785
31361
30049
42242
32770
31201
31521
33953
33569
32929
34881
34977
32289
31905
30945
30369
34497
32801
31073
31169
30945
33857
32865
33153
32097
34721
31553
30977
31969
30721
34817
33377
30977
31457
30721
44802
34497
32577
31010
32994
31233
33217
31489
37954
34913
32770
31137
31393
31777
36545
35009
33217
31105
33473
33153
33185
31265
30209
35649
33345
33153
32801
36897
33377
33121
31617
30625
35073
33249
31489
31362
34113
34081
31265
32833
32705
36546
33025
33473
33377
36258
33985
31681
32865
32321
35105
30849
32769
30881
31969
34273
33377
31617
30913
34402
33569
31937
30945
57250
36161
33185
33762
30273
33825
33057
31201
30913
31201
34497
33410
31169
30305
32129
34625
32865
31137
48961
34657
33121
32353
33569
31265
35618
30497
31457
33185
83203
33602
31425
30721
30241
33794
33410
33057
32481
32865
33217
32737
32353
31937
34401
32033
31137
31457
30177
33697
31393
32802
32929
34561
33985
33474
32929
62370
38562
31553
31137
30753
31009
34337
31745
33057
32385
33953
33921
33601
33377
31841
34849
33410
32801
33153
35841
31617
32929
32577
33441
35873
34561
34177
32609
34113
34497
32513
33793
32673
72738
33505
32577
50625
90084
34561
33345
32609
33857
32897
33057
32289
31937
34849
31297
33089
32962
32001
34785
32993
32737
32353
37314
33185
33185
33665
32513
35137
32897
33345
32865
33985
33473
33089
32449
32225
34401
33729
33089
32033
34817
34562
33089
32641
33026
34433
31649
31681
30337
33313
33857
33889
32161
33313
34913
33569
33633
32481
32385
34594
33665
33409
32641
33569
33729
32673
32449
32417
34689
34593
32898
32161
35842
30913
32482
32513
36162
43265
32929
33473
32961
36897
33569
33121
32449
32545
34785
32993
33249
32289
31713
37249
33281
33057
31041
33025
34497
33569
32769
32929
66722
34338
33537
32993
34273
33953
33313
33057
32129
35074
31745
33121
32513
35009
34049
32065
33057
32737
34177
32641
32769
32418
32033
45122
31265
33281
32609
35233
33121
32898
32161
39042
34753
33025
33121
32609
39745
32802
33249
33217
32705
35457
33281
33378
33409
32321
42369
31681
33089
32929
37825
33249
32610
32225
32577
34113
32545
33441
32097
34145
33409
33409
32737
31874
35425
33857
32481
32865
32769
35010
33633
33089
32961
34657
32930
33697
33153
32225
35361
33666
33025
32577
32641
34562
34177
32705
37089
39073
35969
33665
32929
65571
34945
32545
32929
32289
62082
34369
33313
32258
39650
32161
32929
32897
37153
42978
35522
33601
33217
68834
34657
33153
32609
32737
49314
34977
33633
35105
41601
33377
32737
32609
32993
43585
34337
32865
32129
63234
34209
32929
33025
32929
42529
31905
32929
32865
68162
34817
33153
33377
38466
44609
33570
33217
32545
40737
33345
33633
32866
32577
46978
36097
33185
32193
34849
32993
33153
32865
40097
44289
33729
32897
32930
34050
33793
32769
32033
31841
36513
33089
32513
32161
31393
34113
34785
32641
33057
36129
34113
33409
32993
32897
40354
31777
32577
32577
44482
34945
33697
33569
32961
66242
35713
33569
73506
35201
33345
34017
33730
86402
33409
32673
33057
32481
46081
36193
33282
32289
66562
36257
33889
33217
37954
33441
33186
32545
32385
43938
36161
33281
33090
34497
34114
32513
33217
32449
41505
32546
32033
33153
33442
42625
32161
30145
30561
33697
33601
32450
33665
32641
34881
34721
33697
32897
34145
32961
33345
32673
37953
40097
33953
33217
32161
34753
32513
32545
30113
29697
33729
33249
32898
29985
32161
33761
31905
30145
29953
36162
33601
35073
32385
29793
41185
31617
30465
32354
33826
33441
33057
32033
29985
35105
33217
30433
30337
37761
35042
34241
34657
34017
34273
33729
32513
30657
29217
46818
31553
30881
30369
32578
33601
33761
33345
32801
32865
30977
30465
30049
29921
35105
33537
33121
32449
33985
30849
30625
29793
29601
33217
33921
32769
30690
32961
34401
32833
30017
32449
34497
32705
35457
29793
31969
34913
32705
31809
32641
30241
34465
31073
32481
50498
34465
33249
33281
32769
32577
34337
33249
30721
30913
34401
32962
33057
32481
29985
34081
33281
32961
30786
32833
44065
32993
32545
32930
34657
33633
32353
30369
29633
33569
33506
32865
32449
35105
32865
33025
32481
37505
33313
32961
34081
33282
30209
43490
31649
30401
30529
33729
33217
32705
32673
29793
35713
33057
33377
32289
37794
33217
32993
30625
29889
36770
34338
31809
30849
34497
33570
32609
33313
32097
39841
31809
32769
32930
32577
60962
33698
32801
34817
42082
32865
32545
32673
76962
34273
31105
31905
30465
44225
33953
33281
32673
36065
34177
31073
32609
31297
33025
33665
33313
33217
32225
35073
32194
30945
32609
34401
33153
32865
33505
32801
34754
31297
31361
32257
35137
31521
30657
30401
31137
34081
34209
33217
32417
32353
35873
30849
33153
32673
36097
33122
33089
33249
31777
34433
31361
31649
30945
30945
33633
33730
33185
32865
35105
31713
32033
31201
32481
67939
35457
33249
32673
34305
35650
33409
32545
81507
34561
32449
32193
31617
78755
33826
33025
64258
33409
33857
32321
32321
33313
33601
31297
30593
32578
35009
33953
33185
32961
32321
35105
33601
33058
32289
35458
31681
32449
32161
32129
37409
31457
32801
32609
34754
31169
33185
32065
32417
35489
31745
30721
33281
31041
34369
31617
33153
32833
33729
31649
33153
32993
32354
35169
33249
33025
33153
32257
36097
33089
32705
58178
34081
33281
32705
32385
32065
35073
31777
33057
33377
32033
33089
33505
33442
32769
33633
32129
33378
31233
32001
34401
34305
31873
32929
34177
33249
32897
31649
30305
34049
33537
32961
30913
34689
33793
31425
32705
38242
34881
33889
32929
32673
34818
33153
32897
31233
32257
33537
33281
33281
32417
33537
33378
32737
30881
53153
34465
32929
32961
30529
32866
34753
33345
32610
30881
33697
33474
32609
31265
32961
35361
33058
34433
29953
36449
33153
31713
31073
31105
34977
31297
30978
30593
35137
32769
32801
32257
32257
35297
33378
33281
32577
30753
34913
34497
31649
30817
34081
32737
32129
32705
33697
33634
31361
31073
30945
36225
33857
32642
32993
34337
34881
31489
32641
31809
34305
33185
33633
32321
30401
34433
33698
33057
32961
34049
33761
32993
31041
32545
34689
33442
33665
32769
34689
31969
31297
30177
29889
36193
34434
32897
30241
34945
31681
31489
30305
54498
34434
31489
31233
31137
32257
35937
31681
33281
32322
34049
31521
31233
30657
30689
33729
34017
33922
39105
33601
33409
30913
30689
32609
33025
30913
30593
30241
34465
33665
31297
32193
36353
32577
30689
30305
34753
34753
33249
30977
30561
29473
35906
33281
32514
32801
34754
34177
31809
31393
30017
34657
33345
31873
30753
62050
36609
34689
33313
39042
36258
32897
31937
31074
39937
35074
32129
31297
30625
65699
33729
31714
37441
34337
32353
31841
30945
33761
36257
35266
33313
31809
33665
34497
31969
31713
35010
31649
31649
30241
62594
36225
31873
30881
30337
32545
34434
31361
30945
30145
88547
35617
33281
32641
32354
34881
34817
33857
32897
43041
34497
33921
33217
33633
32418
32833
32769
32546
35298
33153
33057
33153
33025
33281
32449
32289
32193
37025
32097
32833
33441
32129
34273
32417
32609
32193
36257
33154
32993
32449
32577
34626
33217
32609
32865
32065
33601
33473
32737
32641
35457
32289
34209
31201
33313
33442
30945
32513
30337
44738
34081
32993
32385
31169
34273
31713
31777
32450
34786
33697
33185
31969
32353
34945
34177
32577
31937
33026
33313
32929
32609
38689
47169
32417
31233
33057
34466
31457
32577
32897
32833
35297
31105
31585
32417
32417
35713
33089
33057
64354
33857
32321
33569
32642
32897
40546
32353
32033
32610
33825
31393
33537
32865
32481
33889
32225
32353
32801
31969
34625
32257
31361
31329
34113
32929
31329
30081
33409
33185
31617
30849
31041
34465
30881
31489
30209
38018
35905
31073
30625
30817
30305
34625
33569
31457
31553
33793
31169
31009
32865
31009
34402
32930
33537
32609
31265
33986
32193
34977
31105
35009
33089
33121
32673
30337
34369
32353
31297
31201
33569
33313
32994
32385
53122
33954
32705
32929
32481
32097
35329
33057
33089
32129
34849
33121
32738
31905
32001
35649
32641
31617
30786
36161
32994
32545
32354
32289
33569
32641
32833
32225
32321
34370
31617
31329
31937
32257
34882
32449
30593
30145
35745
33345
33377
32673
31745
60130
33441
35010
32001
33889
32801
32322
32961
31649
34241
33121
32769
32033
34337
34177
32641
32769
32033
33121
32033
32481
32865
31969
35938
33601
32801
33377
33665
32961
33314
32801
61218
65346
35265
33121
32769
40257
33505
33665
33697
34817
33665
33537
34241
34113
63330
35169
33825
32609
37026
33793
34177
33505
30689
33698
35009
33281
32385
56481
32033
30753
32930
34241
41697
33537
31585
38305
34529
31777
31297
31329
41025
32737
31458
32897
32097
37793
31809
31682
30913
30209
34689
31041
30625
30529
33697
31713
33249
32705
32705
35777
33537
32961
33506
40801
33217
32513
33153
30337
35521
33121
32609
30785
68866
31745
31201
30593
30785
34401
33825
32545
32514
32577
32033
32801
33089
32129
34338
33217
31489
32577
33025
35585
33857
34178
33377
40706
33442
33313
32545
32321
33953
34114
33730
33153
34369
33025
30625
32577
32449
33986
33665
32513
31073
33057
32833
31041
33089
32129
34305
32065
33089
32257
32705
34017
32257
31425
61730
35713
32545
33217
32258
30689
35937
32930
33121
30625
34305
32737
32897
32673
32001
36866
32833
33057
32162
32737
36930
33026
33153
32705
34497
33249
33345
35522
31841
34498
33057
33377
32097
33473
32609
32481
31201
31905
33665
32961
31201
30625
30721
34529
33057
33185
32513
34209
32577
31137
30849
30241
34081
32929
32866
30241
30369
34401
33250
32993
30625
34273
32737
31137
31041
30369
34273
32993
31393
30273
34017
31905
31297
30817
36129
33793
33377
32481
31905
32002
35713
31649
33441
32417
35074
33057
32577
34401
32257
37409
33985
31745
31073
31489
35137
31457
33857
32481
34849
31073
31649
30881
68418
34722
33281
32609
32449
35746
32865
32866
31137
32865
34305
33857
34498
33186
33697
33121
35393
33121
31873
49826
34177
33473
32353
33569
32865
33089
32673
37953
36258
32321
32801
32257
34017
33857
33985
32353
31809
34913
33569
32674
32545
60002
32161
31297
30561
33729
35553
31809
33377
32737
34593
31457
32577
33313
31873
33697
34241
32961
32673
34561
33537
32993
32321
38753
46178
32737
32802
32577
58690
32065
33377
31809
32609
35457
31585
33153
30273
34465
33762
33217
32417
61954
35265
33953
32929
31393
32257
30049
37697
33121
33057
34049
32865
32865
32834
32577
35010
32642
33313
31969
32417
34434
32833
31233
33250
33985
35009
33569
33665
32737
44481
34273
33153
32481
33729
33825
32641
32225
60642
34273
33409
33025
32833
33025
34529
33537
33153
32801
36257
33921
33121
32385
33250
34305
32705
33057
32289
32545
33665
33281
32833
33922
31681
33089
32577
32289
34241
32994
33281
33026
32033
33921
33441
32705
52994
34753
31233
32641
32929
32353
34145
33153
33313
33121
34209
35393
32833
32802
29857
35329
33217
34081
34817
32609
35201
34497
33442
33025
38721
32962
33217
32929
32482
34882
33601
32897
32609
34209
33281
32769
33313
35809
34721
32417
31809
33569
35265
33185
34401
33569
32961
38338
35649
33985
32609
34401
34337
32929
32289
32865
70435
33889
33345
29985
36833
32929
32705
32578
32417
39266
33281
30593
32193
32033
29313
38785
31201
32769
312139
33346
33057
33697
33025
32321
32513
32130
34689
32929
33026
32513
39233
33729
32641
32833
64674
29825
38274
34529
32897
32898
62403
33505
31297
33025
34306
33441
32321
32769
34338
31841
33442
33058
51010
34305
33281
32993
30881
30113
59074
31041
32193
32385
36609
33217
32993
31969
32225
35137
33825
33185
32514
32417
38465
34049
33185
33633
35393
33345
33313
31842
57666
32641
33089
32353
32257
33985
33154
32961
32929
37282
33985
32673
32482
32161
34721
32865
31009
32321
33729
33441
34145
33442
32289
39778
33633
33537
83171
34497
33249
32545
32577
31681
33857
33026
33025
32705
33538
33473
34401
33025
32385
35297
33698
32834
32705
37185
33985
32673
32353
32577
34305
33505
32289
32609
32577
33537
34753
32353
32225
33825
33249
34369
32545
32961
34241
34113
32513
32225
33153
32993
32673
32033
32001
34690
33505
33345
32706
34305
31009
32609
32641
38145
34689
31009
31041
35745
33473
33569
33346
33569
32801
36929
33889
30529
32225
33090
33377
32193
32321
38945
35170
31777
33473
32993
45761
34145
33025
33217
29985
34369
31585
31457
31905
31809
40962
35137
32705
36193
33761
34177
32737
30753
33409
33985
31457
32321
30113
34337
34657
31841
31585
32450
42177
33218
32929
31713
98531
35329
34337
31905
74435
35041
31777
33345
34721
35010
32833
32865
32577
82979
38145
31937
34913
68642
34561
33057
33121
41409
33409
32673
32897
31393
40706
32545
31874
30305
31905
34177
33089
31393
57697
34338
32033
31777
31233
33313
34529
32065
30881
32897
56706
31681
32865
30497
30209
33921
33153
32577
32417
36609
31745
33057
32577
30561
37569
33633
32833
32449
34145
31681
30817
30625
30081
32705
33217
33633
36802
32961
33505
33249
32801
33122
34881
33825
32417
32481
33665
33730
34241
32930
32257
33185
32449
31329
32418
33313
35233
32449
30913
31201
34785
33505
32737
33665
34530
34817
33185
33185
33378
34145
32129
31873
31681
34593
33857
32545
31041
30369
33569
32641
34337
32449
32705
33953
33249
33090
32833
32257
36481
31297
30273
30594
34241
31745
31521
32033
31841
35425
31105
33025
32641
33633
30721
30785
29761
30273
33857
30721
30273
30305
32289
33921
33441
33121
32673
32641
31457
30305
30241
30977
33313
32065
31553
31361
32673
34369
31425
30721
51778
33249
32545
30209
31585
32097
33441
32737
32801
32993
31777
33953
32706
31681
32513
34690
33793
33505
32033
38561
45729
33569
33153
32769
59394
34145
33217
34465
33025
30913
30817
32673
32737
33953
32097
33185
33089
34561
35777
32962
32865
33089
39489
33825
31073
32898
32289
34817
34050
32865
32801
32225
33953
32289
33217
32193
34913
34785
34529
32449
33281
68483
35105
31905
31266
56738
34529
31201
32897
30017
34209
33729
30945
32193
37409
32929
31617
30721
30113
46049
34625
31777
30913
30273
88131
33089
33762
32482
39394
32033
30753
55041
34081
33441
31809
31521
30817
74435
33890
33153
32513
40065
31201
30946
31361
30465
41761
33057
31041
29761
30465
34177
34145
32097
30945
56706
32769
32737
32737
34017
33538
32833
33249
32033
29185
82915
36353
33505
37697
35201
33409
33057
32865
37601
34625
33377
32385
34978
33057
33249
32801
31777
51970
36577
32961
32513
34466
43521
31841
32577
32001
33633
33857
32577
32353
32769
32673
32385
31105
29953
33825
33025
33281
32641
34433
33697
33985
32802
30785
33665
33889
32897
31009
31969
33441
32161
33698
32546
32769
34625
33857
31265
53026
34401
33409
32962
30913
31041
34465
33793
31777
30241
34434
33057
31233
30401
30081
33985
33249
32897
31009
32769
34145
32513
31457
30753
35009
33025
32673
32514
31553
34593
31873
31361
32866
32417
33025
32481
32481
60898
34849
33410
32993
33025
32385
36289
33697
32514
32673
34689
33121
32609
32705
29953
34977
32865
33345
32385
35233
34497
33218
32129
32225
34561
32129
32930
32289
34529
33441
33185
33121
32225
36385
33153
30465
32513
32257
37025
33697
33345
30145
34465
33345
31489
30721
33249
34849
33281
31553
32193
34274
33217
32897
30913
56961
36257
32129
31457
32737
33569
32673
32066
32449
31457
33505
31265
33121
32321
31713
35137
31841
33185
32449
32769
45634
32257
33377
32865
33473
32577
30625
30625
30561
38305
34113
30817
30337
59266
33889
32577
32289
38977
34113
33313
30530
33089
32130
63298
34561
32673
33089
34017
31297
32769
30817
30529
35137
33825
32353
39234
32961
33058
33057
33057
30337
34689
32833
31041
31457
33505
31457
31329
32865
32001
33825
33826
30721
30785
34337
31521
30945
30401
30274
35617
30753
33409
33089
33441
32513
32546
33473
32641
72611
33345
30081
30561
31201
34337
33953
30913
30977
34081
33377
32673
32577
32257
34913
31617
30433
30017
33153
33249
33409
32449
37537
34561
33729
33218
32769
34626
33569
32833
32609
31681
34433
33153
32833
32161
32001
34113
31617
32065
48418
37569
31713
31426
34401
32865
36353
33985
33569
33185
33473
33057
32321
32577
32609
36289
31585
32257
38049
34305
31681
31585
33057
32577
34209
34626
32705
30753
33377
32737
32929
33089
32129
33921
32833
32417
32161
31585
33697
32641
33025
32033
33825
38242
33601
32897
32577
34049
33601
33953
32609
40225
33665
32865
32065
38529
34114
32065
32705
31777
32609
34529
31425
32097
31681
33793
32897
30753
32577
32097
35809
34273
30945
32161
34625
33409
31361
31489
30817
34562
32961
33057
32929
32577
34465
32993
33185
32001
35393
32577
32289
31745
54146
37249
32993
32961
32833
31361
33217
35073
30593
31873
38562
34369
31297
32546
32097
33121
33346
31137
32289
36577
33346
30785
32321
32097
34113
31649
33185
33121
33697
30881
32801
32609
30401
59458
33953
32097
32001
32225
34369
33345
33025
32225
33505
31489
31361
31809
30273
34849
34081
31297
30401
32001
32929
33377
32321
39073
35521
31137
30465
30369
33985
31329
30785
30465
30049
34178
32961
30785
30369
30209
34305
35873
33250
51074
29217
33025
34401
32993
33377
34081
33729
32513
33281
34082
32705
32641
32609
31969
61859
33185
32225
32385
30369
46594
35041
32961
31905
29729
36193
32577
33665
32737
64514
32065
33089
31585
88739
34881
33313
30945
65026
31873
31169
31297
30337
33409
32353
33025
31041
34017
33601
31169
30689
30305
35457
33249
32545
32801
32257
34914
34497
30754
30945
33761
33697
33025
32225
32481
34402
32577
31521
30785
34625
33601
31233
31521
33121
34689
31425
30561
30177
30369
34562
32609
32833
30625
34305
32321
31521
30753
30305
35041
32673
31553
50082
35425
32673
31681
31233
31073
35457
32289
31329
30849
34113
32769
32194
30625
31265
30689
35361
32417
30721
32321
60802
36577
33377
32609
81891
34881
31425
32225
67202
33409
33249
30657
30593
44482
31457
31937
31841
36257
31074
30817
30177
32161
45858
31841
31457
33378
64419
33377
31586
30625
30561
82338
33249
32098
31297
43554
33601
31969
30273
31233
58978
31777
30625
30881
77443
31329
30081
30529
31553
31361
34657
30561
30465
34881
34113
32929
32609
32577
46370
34113
32770
32769
41090
32737
31009
32769
32929
41314
34337
33825
53186
67746
33217
30466
32194
34145
33569
32994
32321
32129
33121
32194
33377
33633
32481
34817
33313
33121
33057
33858
32001
31105
31137
30209
34082
32993
32961
34466
34753
33122
32641
32769
32865
33441
31202
33921
33633
32865
35041
33249
33218
32289
34978
33250
32161
35713
35842
31041
32641
32065
33249
34465
33185
33185
32993
32833
34977
33665
31329
31937
36481
33025
32993
32545
33506
32833
32801
32993
32737
34017
33249
32769
32577
32481
33761
31618
30913
31489
33153
31329
32482
32513
32354
33602
33025
33025
32865
31841
33409
33697
33569
31905
41666
33314
32801
31361
30081
34561
31873
31521
30145
33569
33153
30401
30337
30913
35266
33762
33025
30689
31841
43394
35298
31521
30401
34273
31553
31233
32290
30114
35202
31809
31585
30721
30081
34210
32385
31009
30657
35169
31937
30913
30593
30017
33857
33281
31681
31457
31201
36033
32769
31521
30785
34113
31234
33057
30689
34913
33697
31233
30497
30369
34465
31073
31361
31041
30145
33762
32257
31777
31073
34497
32353
31073
31649
120004
34881
31649
32929
31873
34561
33473
32993
32161
32321
33985
33345
30177
29665
30145
33857
33089
31905
60962
34625
32737
31521
30977
30529
33537
31329
30657
30401
30305
34465
32353
32577
30529
35329
33409
32193
32481
32193
66403
32002
33953
31073
30401
33569
33249
30977
31073
34337
31809
30369
29921
29921
33697
33537
31521
30529
31937
36322
31617
30465
30049
35810
33121
31009
31009
29697
36001
32065
30657
34562
34625
32321
31457
30881
34626
29505
60547
33026
31041
30657
32513
31777
31297
30945
34849
31169
31681
29889
30049
33345
33569
30946
30305
32001
45442
34433
31233
30529
34369
31073
31841
31585
30049
34465
33025
31009
30978
32834
31905
33058
33217
38017
34497
32001
30529
31585
32578
37698
32065
31233
32449
34273
32289
31649
30305
31713
35297
33025
33314
34721
33025
28801
41313
35969
32801
100547
35009
32321
31586
96420
32545
30721
31489
31041
91939
33249
32737
53154
33889
31265
32289
32257
29953
33505
32609
31649
31553
32097
33921
32097
31553
30977
33569
32705
31777
31489
37025
43842
33121
31521
30689
33986
30945
31009
30785
30241
35554
32641
30593
30882
30049
34209
31713
30913
30882
34722
32417
31201
31009
30817
34081
31361
30817
30657
30081
34753
31265
32289
31105
34401
31521
31457
31073
35489
37217
34145
30785
30625
30465
41922
34434
31201
31329
34817
32705
31009
30849
29921
35521
32546
32194
30497
30401
34689
32033
31169
30881
65634
33313
31105
30497
30465
57282
32257
31361
30753
33473
31105
30369
30369
59875
35841
31521
30657
30657
32290
33922
31745
32865
32961
44193
33761
33441
32641
31841
48386
34209
32641
32545
32097
35841
32673
31393
30689
33345
32001
30145
32641
32257
35105
31937
31073
32257
31649
43618
34305
33121
32961
33665
78371
33505
32161
31809
34881
33537
33185
32641
33729
33153
33154
32673
32193
34017
31169
30113
29633
37730
43841
34753
30497
29473
44097
32865
31553
32065
29633
34145
31137
31073
31553
30593
36449
31649
33345
49602
34273
33153
32737
32289
32097
34657
33505
32897
32417
33441
33633
30721
32065
32513
35265
33953
33281
33057
32289
36514
33377
32641
32577
33826
34625
31105
30881
31073
33953
33185
32673
32001
34881
33185
32257
33250
41666
38337
31329
33121
32737
36930
32033
30753
30689
34753
33569
32993
32257
34561
32257
33473
31010
33633
75491
32321
31457
32705
35425
31713
31745
32705
32802
39777
31169
31009
36097
34305
31649
30913
30977
37537
34017
32769
32673
30785
38369
32610
31937
32161
31362
35586
32289
32865
31553
31393
33761
33601
32481
56450
41346
32833
32353
31745
31585
28513
36289
33441
32385
41377
35778
32193
32097
31713
33857
31905
31841
31521
31329
37473
33569
31073
33026
81635
33377
31938
31489
31265
76930
33121
31457
31681
39745
33122
31713
32257
32705
35809
32193
30913
31457
34209
31905
31457
31649
29761
63362
33377
33186
30657
44418
31521
31553
32385
32546
34433
32097
32673
30721
30369
33633
33089
30881
31202
32930
32673
33121
30817
29953
33857
32641
32353
32257
32353
33249
33505
32289
31937
33025
31649
31361
30721
31874
34369
33345
31969
33697
34050
31809
31681
30849
33729
33921
32001
31681
30977
29953
34849
32897
32737
31298
36193
32513
32897
31809
31745
33473
32066
31457
30753
38209
34753
34433
32545
32641
34529
32738
33121
32642
32065
35137
32929
33281
31969
32577
34817
33217
31873
46338
34338
33121
33057
32577
32449
36418
31297
31297
32161
34625
31713
31489
30369
34177
34273
31777
32961
30625
30785
34657
32321
32641
31777
33505
31329
30753
30401
30433
33441
31553
31330
30625
30561
34337
31809
31521
32449
33985
31233
30689
31713
30369
34433
33345
33985
30721
31105
33729
31842
31873
32577
35425
31713
31778
30849
34594
35329
32514
31201
31169
34017
32609
33025
33121
30017
33954
31585
31041
31137
30593
34945
32193
32897
50018
35361
32225
31041
31393
29921
33377
33185
32769
30913
29985
33953
33441
31009
32737
34401
32705
33217
32897
38465
35266
31553
32609
32225
30433
33953
32482
32993
30945
34753
32833
31521
31169
32865
34145
32385
31073
50114
34145
31233
31329
32706
31585
34113
32833
32097
32290
32289
34401
33537
32737
30849
33345
32481
33089
32289
37410
39425
34530
31745
31713
31105
69923
33409
32513
31137
65571
32417
31681
30209
30625
42177
33058
31297
31713
36898
34017
31201
32769
30913
73347
31841
31361
32321
74723
35265
33057
32577
32577
77730
33154
31009
36417
40833
33057
32833
32706
31297
44898
32321
33345
32353
39905
33282
30593
30497
32001
70051
33346
32321
32065
38049
31169
32481
32353
31842
46273
33377
32673
32546
78787
33474
32769
31457
31809
47393
34913
33249
38081
59554
33089
31809
31969
32033
34881
31265
31489
32289
33633
33250
31841
31905
31681
42849
33505
31265
32257
31681
34625
33409
32545
31425
42081
33569
32097
30401
31041
33889
33314
32865
30849
30562
70403
35746
30593
35681
34530
31809
31009
31009
30241
58690
31265
31201
30561
29025
36545
31841
33345
32513
64194
32449
31201
30785
36193
31457
31905
30817
30081
39298
33697
31201
30401
29825
35297
33601
31585
31777
59746
31681
32289
31041
32417
40545
34401
31073
30625
34049
31681
32321
30977
30785
64834
33953
31105
30625
92803
34849
31169
30369
65858
32801
31489
30081
30721
42945
34113
33281
30401
32193
46753
32225
31874
30689
40161
31937
31489
30081
31201
33953
31777
30562
32097
34561
31745
31233
31073
30529
33953
32034
31297
30529
30625
34498
32705
32705
31394
70210
34113
32258
30305
30593
64387
32449
30593
30913
30369
44098
35553
32833
31649
33825
31521
30721
31105
30401
34913
31617
31201
30241
34305
32353
31201
30433
30657
76450
31777
30913
30305
58114
32225
31489
30817
33633
41666
31745
31201
30241
36193
34689
31489
30753
30689
44674
33921
31937
32514
30913
67043
33697
32097
48834
79491
32961
31105
30657
30305
44162
31841
33089
30817
42146
34497
32385
32450
31873
76067
32993
32769
32289
35745
33025
32609
30433
30722
40322
31457
30273
30497
30049
34114
32321
30561
29793
35009
32802
30785
30529
31329
33761
31586
31137
31009
29729
34946
31841
31809
32737
39425
30978
31137
30913
30625
34657
32034
32385
30753
31905
35745
31169
32705
32129
34017
33025
32065
31841
32513
33633
31745
32130
32481
32321
41729
33409
32641
31137
91555
33409
32577
31393
30561
46146
33281
31361
30882
39746
33409
31105
31233
30561
35233
32961
32865
31713
32641
36994
31809
30497
29569
34497
32609
32385
32321
32033
35553
31361
31009
29825
33057
33473
31457
32833
35489
38433
35458
32962
32705
32289
60578
34177
32129
32161
33313
30785
32833
32929
31969
33986
33025
32385
30049
32417
70018
32129
31105
30273
32801
32865
34209
30081
30113
38114
33633
30913
30593
33409
32738
31201
30465
38113
34177
31361
30561
30465
29985
35169
31329
29697
29825
33697
32577
31746
32001
32321
29377
35777
33505
33409
32385
66434
33026
33217
32065
75171
34369
33058
32449
32417
58434
35489
32481
32385
34081
31329
32161
32481
40161
41282
35073
32769
32033
33825
31361
32513
31937
32162
42850
33538
33825
29569
32737
34273
31649
30337
60002
33697
31201
30561
30657
29377
65251
33954
32865
30882
33282
31169
30689
30689
29921
60739
31329
30817
29953
31585
33121
33089
32162
30049
37281
34689
32001
31841
31553
63394
32962
31969
30881
31521
40289
32770
30785
79235
72611
32193
30433
32290
31841
43810
34273
32130
31905
34209
33377
32961
32385
31457
44130
31905
31233
32385
32833
33857
31777
30465
32161
34849
31457
30337
30401
29345
34818
33697
33473
32929
32257
33409
31265
30913
48354
39906
33249
32865
32065
29634
34402
33345
32321
32865
34433
31233
33121
32801
32289
34049
33058
32673
32641
32705
34177
31489
33250
32609
60386
34017
32417
32833
31873
35585
33730
32641
32065
31649
36929
33249
32545
61410
33889
33761
31137
32353
32705
35905
31554
32129
32001
35041
32929
30465
32737
31649
34529
31617
31425
30337
32033
34753
33218
31585
30657
33953
33377
33473
31905
30209
34529
31297
31297
31617
33505
31745
30849
30401
34337
34753
33345
30913
31009
30689
35137
31041
31425
30177
33314
32097
31489
30881
32705
34337
31777
31457
53794
35234
33185
31073
31777
30849
34657
33313
31329
32961
35137
31969
31393
30818
30849
34017
31265
31682
30497
30465
37570
33697
33089
30337
67554
33794
31585
32321
30273
34625
32161
31777
31201
34465
31265
33313
32481
30401
33921
32161
31201
30497
34337
31489
33377
30561
30785
43490
32481
31298
30881
30817
35041
32033
31105
30593
34817
31681
31682
30881
32641
34657
32001
31010
31233
31361
33953
32001
31713
30401
65315
31969
31489
31841
37762
33345
32321
31073
30145
34593
33153
31649
30305
30273
35394
31649
32898
30689
33441
33313
30721
30465
32065
28929
36129
31073
32769
34273
31777
33249
31169
30369
32737
35522
31425
31457
30465
34209
31650
31265
57058
34689
33697
30849
30593
30017
45986
32097
31681
31201
33697
32386
32225
31233
32738
34369
32930
31522
50242
34338
31777
31169
31329
30689
42177
32449
31713
33025
33985
33090
31841
30785
30529
35201
31329
31042
30529
30945
33634
31521
32642
29857
34434
31905
31777
31105
30497
35394
32865
32929
32193
30273
46466
31681
31233
30785
33793
32449
31393
30209
30081
33953
31809
31521
31233
30785
34657
32609
32706
31425
33761
31457
31233
30497
35138
42593
34849
31521
32321
33409
32225
30881
30913
29249
33633
31329
31105
30209
29953
34529
31649
32865
32289
35393
32225
32001
31201
30273
43489
32353
31777
30465
30593
34145
33633
33281
31201
33249
32961
32641
31201
34337
35521
32865
31649
30881
32481
34849
31649
31137
31073
65026
32225
32097
31297
29825
36097
33729
31265
30690
35905
31489
30850
30689
30753
34273
31329
31457
30753
30369
33281
31233
31937
31105
80866
32610
31265
30849
31905
35009
31041
31041
30913
33857
33153
32769
31969
32417
34433
31905
30753
30465
30081
33730
31489
31937
36353
33473
33346
31105
29761
30145
34977
32929
30529
30273
33665
31233
31489
31297
32225
34369
32449
31265
30657
32289
33825
30977
31169
31041
30529
33633
32353
32705
34529
33729
31873
31233
30817
30433
35009
32769
31233
30913
30689
78979
32833
31649
31330
34178
33217
30913
30689
30465
40129
33409
30978
30689
64130
34113
32673
32321
32193
34433
31841
31041
30593
33025
31681
30561
30977
31105
47297
32194
32257
31137
58498
31905
30945
30434
34529
33570
32321
31521
30945
34113
31778
31393
30465
30625
35073
31842
31009
30753
31617
33665
31329
33249
48994
60738
31809
33089
32417
31937
43202
34722
32833
32001
62018
32193
31489
30113
31745
43650
32097
31137
30721
31745
59970
33505
30529
31841
84898
32769
33217
30433
40993
33345
31810
32769
30977
34145
33057
32321
31489
32417
44610
34433
32993
33537
34145
32193
32194
32065
32193
36001
33185
32129
31969
35681
33345
30305
31874
51650
35842
35522
33153
31009
29889
33985
33409
32961
32449
33601
32961
30977
30337
30881
34465
32993
33313
30817
30625
34753
32801
31553
30337
36801
32993
32961
32321
32001
35425
31041
31074
31041
34401
33921
31106
29953
34817
35617
33089
32449
32321
32385
34721
30913
30785
31809
34369
33313
32897
32610
31937
34017
31521
32609
32289
32897
33697
32961
31329
31265
34082
33633
32609
31201
30273
34721
33282
30305
30145
30050
34210
33857
30369
53505
35233
31617
30657
29889
29697
38785
31681
30753
29441
29473
35138
32929
30433
29441
34049
33665
30721
30497
30369
34786
31105
30913
30721
33793
32961
32322
32065
32257
35393
31554
31905
30369
31714
34849
33537
32033
55426
35041
33282
32257
32065
30945
34145
33089
32929
32801
34337
33281
32770
30881
30369
34433
31649
32705
32577
32097
35841
33473
30465
30273
33537
31617
31233
30305
29825
34689
30913
31137
30625
30465
33953
33857
31682
32609
36802
31969
30657
29857
30113
34018
33793
32801
30721
29761
34913
33345
33217
32417
33825
33185
30465
30561
56546
35201
32257
31937
32545
30593
33857
33377
33057
32577
34113
31905
33377
30561
29729
77315
31905
30625
29505
31905
34017
33154
32609
32577
33505
31809
32737
32417
32161
34177
30913
30657
30913
62978
33153
31297
30657
34337
60098
32385
31361
30977
61571
34017
31169
32737
29761
34657
33090
30977
30849
35361
33409
31745
31169
53058
35329
31297
32481
30945
32001
34593
31841
30689
30209
33889
31041
29921
29473
29153
34049
33153
32897
30657
30754
35298
31489
30689
30145
34402
31169
30593
29857
32161
35777
33025
31041
30145
30657
34049
30817
30081
30785
32417
35329
31649
32865
30593
59874
35361
32929
30849
62786
32897
30497
30433
29793
36065
31553
32641
30241
31745
34145
31745
29921
30401
34369
32705
32417
30241
30466
33953
32641
29825
30785
30337
42626
33697
32961
30721
34881
32769
32545
31201
31585
35169
31489
30177
30497
32929
31809
30433
29473
30337
34465
31041
30401
32417
30017
40578
34434
32961
32609
34658
32033
30369
30305
29313
34433
31361
32641
32065
31649
34082
31937
30689
30081
33665
30625
30113
30177
29921
66018
33473
30561
29857
33121
31425
30497
30529
29313
34306
31809
30177
29825
32641
34689
31489
30689
29985
30081
34369
32385
31713
30625
72003
33249
31169
32706
33506
32929
32769
32386
59682
35489
33505
33025
32513
31937
44866
34785
33345
32993
32673
32705
33089
32834
32161
34849
32897
33153
32033
34273
33025
33249
32513
31874
35169
31777
30881
30337
29633
34657
31457
31073
30785
32737
35361
31810
31201
35489
87971
34370
31169
30913
38497
35714
31681
30049
32129
43170
35553
30849
30817
60258
33281
31233
30465
32609
58466
31585
31105
32577
34081
33665
30657
30433
30305
36225
32449
31042
31041
30401
33825
33025
33153
47201
35553
31201
30721
30689
30849
35329
31457
30561
31425
29793
46402
33793
30593
30465
33793
33377
32545
32609
31617
33889
31809
30337
30721
32833
33313
30977
29665
29729
120644
33506
30433
30497
33217
32865
32545
31169
31969
40193
36034
30977
30273
36449
32993
31201
30529
29121
39522
31201
30209
32481
33537
31361
30465
30401
34402
34977
33377
32929
30337
34082
30785
30593
32641
32257
35233
31521
30849
29345
34145
32673
32577
30689
35489
34657
30817
33025
30145
29953
33857
32833
33025
30945
32801
30754
30017
30209
29345
34305
33313
30369
31105
30369
35041
34369
31681
30561
34017
33345
33377
32289
32993
37569
33633
33153
32097
34049
31873
30433
30689
50754
34273
31489
30689
32737
32865
35681
32289
31617
30017
33889
31425
31233
31073
32065
70787
31457
32929
38018
33793
31233
30081
30401
29505
35009
31553
30977
29857
30466
34210
31809
30433
29889
34338
33121
32993
32545
32417
48098
32577
30817
30529
33762
33601
31617
29697
30625
34817
33665
31329
30369
29953
34945
33506
31041
37633
35298
33569
31201
31329
30017
47682
34305
30753
31329
30305
34369
31905
31393
30657
34529
31745
30817
31585
31105
34305
31745
32641
30241
33985
33089
31521
30945
29601
42242
31713
30785
30081
30337
34498
32001
31713
30977
30721
34690
32001
30305
30305
34818
31585
30625
30401
29857
34177
33281
30465
30497
39873
32514
33153
30338
30721
35617
33314
31041
30113
30305
33697
30561
30945
30113
34209
31809
31201
30817
30529
35265
32065
31329
30817
30113
28897
38241
31425
31393
33569
30753
30497
31009
30241
33473
31233
31041
31009
34145
33121
31457
30273
31393
68322
31361
30657
30177
30689
81538
30753
31073
32929
34881
31425
33346
31265
32545
34081
31969
32641
55330
34594
33441
31393
31201
31681
43233
32193
33153
32673
31873
41217
35105
33057
32353
78019
33921
32610
32737
32321
83203
33505
30562
32513
77635
34305
32865
34689
59426
34625
33313
32865
32033
63458
34242
33057
54338
62978
33313
32513
32257
31873
34466
33217
32353
32769
75299
35009
32513
32322
30977
36129
33697
33153
32674
67171
34850
33601
31073
44354
34466
32737
32353
32257
90979
34913
33281
30657
62210
35585
33281
32833
31074
43969
31809
30369
31169
44162
32577
31489
30561
31137
40577
32193
31297
31681
31489
45922
31489
31073
32801
40098
31681
31233
32897
30785
44417
34305
33441
32514
59778
34465
32833
32609
30401
56386
31393
32289
32321
41921
33441
31137
30913
30113
73507
33090
31809
33185
34561
31521
32673
30849
29441
60418
33633
31617
32129
30273
34721
32194
30913
30273
36833
33345
30401
30465
29793
34018
34145
31297
31105
34209
33537
31361
30049
39553
46018
34402
30369
30017
33857
33537
33153
31073
29857
34273
31297
30241
32385
30113
34369
31329
30305
30209
32385
35073
33729
32993
33281
42561
31969
32993
30849
30401
34529
31521
30625
30721
34146
32897
33121
30978
48930
34529
33409
30849
30433
29665
33569
33409
30241
30049
59010
34113
30689
30465
31809
34337
33121
31009
49314
69667
31969
30945
30465
29217
34241
36353
31265
33857
33089
31041
30849
40130
33153
31201
32930
39073
33985
33857
32737
31393
32545
37186
33281
33122
32769
34081
31297
33089
32833
32353
34113
32993
33025
39649
73091
33889
32993
32353
34465
32961
32897
32833
32770
33889
32257
32513
32289
32034
34529
33634
33153
32641
36609
34017
32705
32737
32513
38849
33633
32865
32673
34049
31937
31297
30881
31201
35841
32833
31201
31713
30593
35969
33378
32897
32417
56514
31937
30657
30369
29537
46242
31905
30625
30465
31937
30721
36546
31586
54914
64002
34241
33249
32641
30721
35585
32929
32034
32705
63394
34882
30433
30305
33729
32737
30817
30785
49058
33825
32001
31041
32609
30593
34273
33825
32993
32226
34274
31105
30689
31105
29985
34593
30690
36097
30817
30529
79107
33473
31457
30209
33601
31681
30465
30209
29921
35650
33569
32769
30049
34145
32353
30593
30529
53026
34658
30945
30401
30177
33089
43617
31745
30593
30626
34786
34017
30274
30433
29697
33889
33377
33409
32289
30273
33921
33665
32481
32641
37666
33633
30881
30721
29953
34209
33313
33153
31105
30433
33281
31201
30305
30817
31937
34434
32737
31777
32546
33793
34017
33026
30785
32385
34497
33377
32673
32514
32577
34241
32065
32993
38146
33345
33505
33025
32033
32065
34657
31905
32353
32737
32610
34401
33537
33026
30881
34913
31682
32737
32193
32609
34594
33313
33089
32801
34945
33761
33089
31969
30049
33857
33378
32801
31937
32257
34945
33314
32961
32353
36353
33473
33057
30785
32353
34145
32449
30945
32225
32674
34689
31201
30913
32161
33441
33153
32706
32321
38273
34913
33185
31041
30561
29921
33825
32129
32961
32961
34849
33793
31169
30913
30017
34881
31105
32289
31713
34018
32993
33345
32961
32641
35681
31809
30977
31169
30305
34689
33185
33697
33154
35489
33505
33217
30625
30273
35105
33409
32705
30529
29889
34945
31425
30785
31777
35425
34145
31458
30113
29473
33729
30945
29857
56674
33921
31489
30721
33314
30497
33697
33410
33025
32065
32706
35649
31457
30465
30113
33665
31041
31169
30241
30625
34497
31681
31745
30465
29665
33665
32673
33089
32289
33409
31105
30753
30337
29729
34177
31425
31009
29921
30209
36737
34274
30081
31009
87875
33281
32929
33089
32321
35298
32801
32769
32161
34817
56994
32481
32993
33345
33442
32001
31105
30945
55170
33537
31521
32161
30017
34433
33345
32449
30273
70723
30561
31585
30881
32513
33505
32385
29857
29889
29569
64547
33634
32801
30593
34177
31713
30433
30465
29921
35169
32705
32705
30561
32801
62210
34145
33697
32513
41889
33601
32929
32609
32193
45793
30785
31649
32321
39425
33665
32385
31905
32257
75235
32097
33025
31297
34434
33537
31841
32801
29633
34689
33313
31041
30689
33281
33249
32897
32609
35585
35041
32993
33313
33089
30721
33953
32033
31969
30593
34849
34274
33313
33569
31201
35586
33185
31649
33057
32642
33442
32385
30369
30497
34849
33249
30817
31265
31105
34209
31649
29985
29569
30498
35329
33057
31137
31170
34337
33249
32417
32449
34817
35074
31137
31201
31265
57378
32641
31041
31105
28641
40034
31521
33345
30785
33505
33538
32705
30497
30017
33985
33217
31937
30849
30497
34561
33729
32673
30817
30529
34209
33921
31201
30945
34113
30945
30881
30113
32225
34209
32833
31073
31041
34273
31617
29857
30881
29665
34433
32930
30305
32641
32257
33697
32929
32225
30497
33377
33058
31073
31329
32193
66914
35201
33377
30049
33025
33057
30305
31297
30529
35393
33697
30337
30657
30209
34658
33185
33249
32737
34401
30881
30529
29857
29665
94052
32193
30945
30305
32769
35169
31585
30785
30529
33889
33314
32609
32353
32162
33985
32673
32641
32257
34273
30977
30433
29665
34497
46786
34657
31393
30305
30145
34081
33089
33281
30401
33665
33057
31265
30529
30561
33601
33473
32737
32673
36353
33602
33057
32577
32321
34402
33473
32609
32770
29857
33633
33249
31009
30081
33825
33153
30529
30529
31617
34145
33441
32897
32737
30849
34561
31841
31362
33281
33889
35233
31297
31074
29985
79171
32321
30401
29377
40066
32385
30337
32385
32801
100995
31681
30049
29569
33089
31297
29985
29665
29889
33537
33857
33665
35298
43074
33826
31329
29921
30049
106371
34561
31137
31009
35969
33217
33473
30945
30529
65187
32577
30433
51970
35137
31457
30785
30721
30625
33889
33346
31105
29857
30913
34529
34369
31650
31009
33377
31681
31009
30209
30785
50882
33217
32193
30081
61122
31297
30785
30465
29761
68610
32417
30593
30913
62658
33954
32929
32129
35969
85283
34113
31649
31202
33569
33153
33249
32321
32833
42113
34785
33441
31393
31777
34785
31777
32417
54306
34273
33441
33345
33057
32577
37505
33473
33121
31009
34658
30561
30881
30561
29697
42434
33697
31105
30817
32385
56994
33313
30881
31009
33089
33441
31201
31041
32641
35073
31041
30113
31137
29921
33633
32673
30689
31233
62978
34273
32961
30913
31905
34305
30593
30689
30369
33922
33249
32929
32609
32321
35969
33569
33313
30145
30785
35137
33473
33250
30849
58466
33441
32994
32257
30913
35714
32706
32609
30625
34657
33858
32929
31009
57506
34785
33890
31457
30081
32193
33825
31713
29825
30785
61058
33985
33281
30625
30177
39937
34657
31969
32258
44226
32385
31489
31073
30625
41473
34017
31105
30625
29633
33857
33121
32577
32449
61282
33377
30785
30817
29889
35617
32737
32577
32161
34401
33442
31713
30497
29793
35777
33249
32834
32449
32225
35073
32993
33057
30913
33025
47297
32193
30273
29665
33506
33537
30337
30849
29729
34882
33569
33153
32417
33985
33441
31361
30210
31009
34689
31393
30977
30465
28705
63938
32801
33153
32641
35393
33089
32897
32865
32129
34561
31649
30657
31105
30465
34433
32929
31201
30049
34049
33473
32705
32289
31841
36833
33057
33057
32449
32161
35746
33537
32577
38625
34561
32833
33057
31777
31969
35361
31585
30529
31905
34625
33025
31169
31553
30433
36418
33537
31201
30753
29537
35073
33377
33186
30625
36385
31201
30977
29185
30081
47585
34401
31457
30113
66914
31873
32705
30753
29601
37921
33857
30977
30145
39713
31969
31009
30241
29569
41218
34178
30817
30337
29217
66307
31905
30977
49218
42114
31297
30977
30625
30465
61698
33665
32097
30945
33025
31201
32353
31649
32129
41793
33634
32161
32610
30913
34018
31873
31297
30561
34305
31169
30337
29857
29313
43361
33473
31713
30817
29857
33377
33505
33601
30977
32257
34657
31522
30721
30529
33505
34177
30657
31009
30401
34785
33505
33345
30753
29825
68866
30722
31169
32513
34689
31585
31169
29441
30177
33697
33217
32418
32321
32385
34337
33282
32641
30657
34145
31521
31458
31361
31106
46626
32514
30625
30337
34113
33185
30433
30433
29857
34849
32865
32257
32929
32929
33953
31649
32833
32705
32673
36065
30817
31489
32321
41474
33377
31009
31265
32609
34593
31777
30913
30593
34273
33569
32545
32962
38881
34369
33281
32961
32449
32353
67458
34433
32386
30209
33153
33313
31969
32609
30209
35009
31521
31041
30465
32097
33601
33666
31233
30369
32929
31425
30625
30913
30337
34274
31425
31425
30913
32001
34433
33569
32833
53218
34145
31649
30689
30337
30241
34913
31873
30881
32993
30721
34082
33665
32865
32130
32865
33217
33505
31073
31265
34497
32961
33249
32961
30625
34081
33218
32737
32385
33409
30817
30433
30433
29921
35362
33409
32801
32577
33121
34497
33538
31329
30721
33665
35682
31073
30817
31489
34561
33569
32769
31041
30593
34241
33313
32993
32258
36834
33057
32609
32705
29025
39649
33761
30657
30401
30305
33281
35713
33537
32737
32225
45857
35201
32737
32673
64738
34753
33281
32577
40610
32321
31937
30338
30529
33921
33569
30817
30657
30113
45602
32129
33089
32289
73091
32545
31297
30977
30721
43010
32161
30657
30529
39969
35489
31425
31681
29985
45953
32129
30657
31362
63203
32257
31202
30337
29761
80386
33569
32801
32577
33442
32289
31201
32321
31681
62850
31905
31777
31393
30113
35521
30785
31009
31169
76898
34529
33409
30369
41441
31010
30337
30402
30177
37185
32961
32993
32897
39170
44705
35617
32161
30497
43137
34114
31073
31041
30785
31873
35842
33282
32449
32705
65250
34881
33281
38625
88867
31201
30753
30337
34177
31393
31105
30209
32449
36865
34241
33217
30945
29857
34849
33505
32641
50210
33985
33441
32577
32385
32065
34593
33185
32993
32353
33281
33313
33281
32737
32257
35105
31425
33537
31265
32609
35586
31361
30401
30305
33857
33313
32993
32994
32993
35201
33570
