398638
119844
124773
114084
109188
111332
109380
106436
107876
107236
105252
108132
108163
105732
108388
106371
115492
107876
106436
107076
107044
105636
107492
113283
109251
108676
109508
109731
106276
108259
107556
106596
107812
106468
108772
108132
110627
110564
107364
108292
107267
106723
108196
106468
107555
106851
107844
107940
108164
107427
109251
106980
108932
105668
108420
106884
108612
108964
107268
106947
105123
105475
108835
106628
107844
104676
106051
107876
106692
106852
107140
105540
107364
108804
107556
105604
111812
108611
105443
108772
107108
104516
107908
107812
107204
106628
106948
106692
107908
107940
108708
109764
109699
108163
107876
107012
109795
105636
105476
105284
105059
105828
105636
105316
109539
107460
116516
107716
107171
108771
106531
105604
107683
108868
108708
105540
107364
108259
106691
107108
107460
106820
107907
104867
108356
105188
112196
108291
105475
107267
105796
104836
107300
107716
105188
108484
127493
107428
105603
104739
107619
106020
106404
107012
106116
107524
124900
105284
107940
105412
107140
105124
107972
105220
106627
106755
136324
107747
105251
106468
106180
107012
107524
107460
105252
106756
104932
105764
106980
103683
107907
106275
103780
106660
103684
106308
104835
108259
107684
104996
106436
104836
106116
106500
103907
106340
106436
113092
106371
110115
109092
108324
106020
107716
105796
107300
107204
106692
106340
105987
106436
106436
104100
106916
104547
106179
107459
121860
106820
105795
104836
105988
107524
106467
107460
104323
106467
106788
108067
105315
106403
106915
104932
105764
106564
104739
106531
106116
108100
112387
107620
106340
106980
106660
105891
105796
107492
106564
108611
107716
106692
106339
105827
104291
107012
103907
104740
105572
113028
106147
106820
106660
106980
106852
109444
105380
107012
104387
110564
106243
104355
105315
108035
106115
105796
105796
105572
107876
123364
106179
104708
105219
107715
104964
106500
105731
105475
106563
103684
106531
104899
105699
106788
106979
106019
106243
107491
106499
106531
106755
106915
105411
106372
108260
107492
107171
106596
107268
105540
107107
107139
106724
117348
107971
104260
106724
107043
105187
106948
128260
105924
108516
104996
107972
106276
106756
107172
104612
105700
126788
106372
106244
106500
107171
107715
106948
106020
107012
107364
126661
106276
106500
103396
107364
105796
108708
109668
107043
105636
105956
104227
106692
104515
106595
105828
105412
107428
105444
106435
105316
108036
107364
108644
106851
106115
104995
106948
107268
106820
104099
106532
106436
106532
105892
106500
107396
106052
106244
106915
105667
126308
106788
106180
104195
109731
111460
109796
109860
106756
109251
127108
109476
105540
105700
108132
107716
106980
106692
107748
108676
130116
105732
105123
107268
106403
106179
107427
106116
103940
106500
107748
108068
106724
107108
108036
107236
106147
108099
106948
106820
105892
107716
105828
107331
106947
106979
104580
106756
107716
106980
108611
106339
107427
106084
103684
106148
106819
106307
106148
106276
106212
130500
104836
107524
106788
108484
105156
106628
105763
104580
106820
127876
109252
108611
104164
106756
105412
106852
107555
106019
106756
108003
107012
105540
105508
107172
106052
103556
105924
106019
106019
108099
108676
109156
107140
108547
107652
107332
106820
104835
107459
105924
109251
107844
106499
107076
106947
107588
106755
106692
106436
106756
112868
106947
107012
105668
105379
105571
107812
104547
108003
107588
125476
105955
105443
107171
107139
106596
107011
107460
108580
107331
129413
106948
104260
104548
106788
107076
107588
105732
109380
106084
127332
105860
107364
106308
106980
107108
106564
106884
106339
106948
107140
107907
107939
107428
106308
106819
107588
106692
106660
105508
107460
106307
106307
106147
106820
107108
105860
106948
107716
106852
106851
107364
106532
105763
105444
107652
107844
107236
106787
106435
107940
129124
105859
106755
105763
105603
105732
106500
107523
106308
105508
106947
106756
107395
107300
107972
104516
106244
107300
107812
106628
106115
105796
106083
107267
106019
108964
107427
105924
105123
107236
105635
111780
108100
104643
105987
106820
106852
106436
106340
108771
107460
128772
107332
105508
104227
107523
104356
106948
105219
108580
107043
126917
106148
106308
108260
106724
104740
105827
106339
105540
107172
106180
108740
106147
104228
107076
109412
108067
108836
110788
107684
108068
105156
107363
105699
107331
106084
106564
106404
107044
107044
107779
104964
109444
105828
107076
106307
104580
105732
105700
103652
105508
124644
105891
107075
109700
107971
106596
108195
106340
105892
106884
126084
106916
104451
103972
106756
104323
108740
107364
104484
107012
106532
106276
108228
104740
106724
106788
106532
107844
105795
108036
107428
107908
106916
106884
107300
105571
109060
106564
105060
107236
105924
111364
107011
106724
104836
107620
106980
108132
107236
106596
106756
128005
105092
107364
110404
106596
105636
107204
108228
105444
106532
106052
108356
107299
106947
106723
107812
106564
105828
107043
106883
107140
108867
106596
107459
106563
105700
106436
106564
106628
107012
105956
134885
107812
108708
110660
108420
106532
106884
107204
105892
105700
125828
106307
106724
106276
105444
107428
105827
106468
104772
106756
124964
106339
104676
104740
106692
105923
107395
106499
103652
107780
106915
111108
108260
106308
108132
105444
106755
109091
106499
108196
103972
105987
105443
108035
106115
104419
107044
105923
104771
105475
106532
110276
108100
107651
109252
108772
106467
107268
105060
106564
108036
106468
108388
105188
107044
104068
105796
106244
105188
105956
106756
107875
107108
105476
106212
107492
105091
107780
107076
105571
106435
127236
106372
104676
104452
106724
105188
107012
107331
107940
107652
104324
105859
107427
105059
105924
105572
104164
108708
107908
107364
106948
107460
109156
105188
107300
106212
104708
106788
106692
106852
106148
104836
106564
104964
103748
108004
104356
106819
106340
105316
107076
110948
106627
104771
104388
105572
103812
105411
106340
105124
106276
126149
107620
104036
105092
106340
104196
106115
104195
104516
105572
105667
104516
108452
105988
106980
104900
103971
109636
107364
109059
105316
107332
107140
105956
108420
105796
106051
106947
105092
105283
107107
125701
106596
104516
104067
106084
104803
106659
105956
106116
107620
125860
106372
105891
104452
105731
103811
104740
105284
104515
106020
104643
112356
109092
106244
107428
106788
105860
106787
106755
106179
104932
108932
106756
105251
106596
106724
104612
107012
104739
104324
107108
125477
107076
106115
105508
106275
105987
105988
106628
104931
105795
106660
104579
105891
104099
105604
104068
104100
106852
105315
104739
105636
107139
106148
103843
104900
105956
104324
107460
103619
104259
107172
123812
105796
105412
104388
106852
104612
103651
106180
103876
106563
115972
105827
107428
104100
106244
109380
105796
108260
106724
106628
106659
108420
106244
104260
107428
104259
104772
105796
105955
104420
106083
104900
107140
103524
105315
106596
103716
106499
103652
104516
105667
104100
106756
106980
105156
106980
105443
104996
107780
105508
107908
106403
106980
107299
104548
108868
106404
105828
109380
105444
104835
106276
134085
104739
105187
105252
107044
104355
105604
105636
105028
105700
104067
108355
104547
103396
106404
104579
105059
106020
105252
105988
104963
106659
107299
105732
106308
106564
102883
107364
105636
104835
106116
120068
114340
109092
110755
107140
106723
107588
103651
104899
107395
124036
106052
104484
105764
105892
104388
105827
106723
106083
106275
123780
107203
104580
104643
105635
104740
104003
108612
105764
106660
106404
106883
107972
108771
107780
104899
105316
106820
105507
106851
104260
109220
105220
105796
106724
105764
106275
107108
104740
105123
106468
129316
106276
107300
105699
106339
105444
106436
103779
107203
106852
104579
105188
107364
106691
106915
105827
104132
106500
105732
106980
106179
107172
106851
106532
107524
105955
104356
105251
104036
104387
105027
125540
105828
105028
108067
106340
106020
106180
107300
105475
106595
104644
106500
106660
105923
105635
105572
104771
105667
107364
112259
106820
111491
107108
104612
105860
104356
107588
107428
105316
106659
106692
122948
105667
107715
106308
106276
106947
107715
106564
105027
106084
103748
103780
106468
104643
107492
104900
104516
105571
105988
105252
105764
113924
107972
105604
104516
106052
106564
105924
104452
105315
105892
131973
106628
107395
111332
106788
105188
105700
107300
105411
104196
124740
104899
103972
104355
104995
104547
107012
106628
105476
106660
106692
107331
108260
107299
106819
108548
106499
107267
104388
107716
105764
109124
108323
104100
106884
105060
104099
106947
105156
106660
105700
109924
107620
107684
107779
106275
104356
105572
104323
104388
106179
103620
103716
104964
103364
105859
105155
107236
105859
105027
106179
104675
105731
105283
105732
106468
106851
105411
105923
105220
105347
105411
128964
106276
105540
104388
105540
104740
107652
104196
105316
106500
124933
105860
106468
105155
106115
108036
105379
105763
105860
106052
104100
107332
107268
107012
106403
108483
108292
107268
106212
107268
106275
107300
106628
104644
105796
105187
104772
105668
106211
105636
106116
124036
106147
107204
104868
105636
106340
107140
106371
106148
106532
105828
107491
104899
106499
105667
106468
106691
107012
104068
106115
104484
112100
106852
105923
108932
107044
105956
106756
106500
105891
106787
122725
105540
107556
105060
105252
105731
104548
106020
104100
105891
106947
109348
105060
108644
105572
105379
103460
105156
105763
106276
107012
110020
106372
106884
106212
106948
104996
107044
105412
103811
104804
122788
105380
106532
104900
105540
105123
106019
104708
104868
107267
105124
107171
106819
107427
106020
109251
110212
109924
113028
108675
126821
106947
110308
110788
109923
111940
110628
109572
106115
108771
108804
110307
108196
107236
109123
108708
106723
105732
106372
103844
111780
106339
110180
113156
109380
110212
114564
109859
107396
109220
107812
106852
106116
107235
107140
106724
106436
104868
106435
107172
104228
106180
105636
106436
106339
106436
107300
105956
107396
106948
107331
106979
106179
105539
106212
104612
106915
103652
110564
107652
112707
107460
106980
106788
108035
104483
106179
106372
104931
105923
124389
105892
108419
107620
106340
106852
106596
106916
103428
106340
128452
105540
105380
103203
105860
105700
106083
109476
107172
106404
106148
108100
106244
104196
106500
105732
104675
105955
105507
106500
109220
106500
107139
107844
106852
105380
104643
106308
106436
106340
105764
108292
105380
105348
108772
107364
106243
107427
107972
107331
105699
112004
106403
105411
105379
106820
107108
110275
110852
108003
105956
117860
109444
105636
105924
106532
106115
107396
104868
105924
108676
107971
108388
106852
105828
106660
107140
106340
106179
107523
105284
105155
107428
107492
109924
109699
106468
106276
108099
106436
106692
117413
109796
104708
106564
106340
102340
106596
107908
106084
106851
106180
107844
105380
104932
109347
108643
106211
106532
103491
107139
123332
106500
108611
109539
107076
106372
105796
105827
104419
106147
124868
107076
104260
105699
106691
107076
106404
108964
106787
107748
105283
107075
107236
106756
106436
107300
106596
107108
105220
106115
107236
114660
107716
106051
106724
106564
104932
107012
105316
106371
104451
110820
105508
108196
105539
107395
105348
106660
104868
105796
104644
105251
105955
104932
107939
106787
106659
106595
106340
109412
107203
107107
106723
105571
104291
104643
105828
103939
105219
104164
106084
105252
108804
107971
105508
105860
105187
106339
103331
106275
104995
104708
106884
104387
106563
106148
110372
106435
107268
106564
106467
104579
106756
107844
104740
105956
104995
104003
106820
105092
109508
106948
110404
105924
107235
104707
105220
104131
106019
104740
105027
105284
128260
105155
106916
105604
105252
104387
105411
107235
103619
105956
105252
104291
105348
105732
106244
107652
107268
105603
105796
105700
105380
106755
107844
113156
124869
116932
114276
109027
109956
108643
118180
108259
104772
107140
104996
104643
106307
104132
106147
106723
131717
107204
105284
108804
110500
108196
107076
108068
105604
106564
127268
107588
105476
105571
106339
105284
106308
104547
117796
110180
127012
105603
104227
105444
106340
104388
106660
103459
105092
106436
105187
108900
106980
104868
107844
106372
103396
106340
103651
107204
104516
108131
106435
108675
106276
105507
106467
106275
105444
105764
106436
109412
105156
105955
105699
105764
106340
108836
106180
104867
106564
107939
106372
106596
108068
106723
106307
105572
104612
106692
109700
127460
105763
106915
107428
106883
106660
106596
109476
105379
105795
104356
107267
108548
106627
105891
105988
105444
106308
104164
106628
105539
105892
106404
107299
107396
107523
105988
107203
106052
104708
104964
135237
105795
104643
104708
105795
105444
106820
104899
104899
108003
130244
107236
109188
105412
106884
103811
105892
106948
104708
107139
104163
106948
108964
106307
106595
106371
103556
106468
104868
105731
105540
106372
107140
105507
105828
106308
107459
106339
105059
111395
110307
108964
108675
104707
105124
105796
104708
105892
104548
107363
105859
130532
107235
104644
104676
106340
107748
105955
105763
105348
107492
103204
105732
108868
105187
106116
106692
104643
105924
106595
105763
105732
106051
106404
106116
106596
105443
112324
107236
106020
105092
107492
108963
105444
106116
104708
108003
104644
107172
103300
107876
107012
106756
112004
106820
106052
105028
104323
102724
106820
103908
105315
103812
109508
108516
105859
107652
105220
105572
105604
106660
105508
105764
104771
106083
106916
108356
106820
105028
105956
104612
107076
105155
125092
105763
104932
103876
106436
104292
105572
108900
107172
106915
108740
110276
108420
106052
106756
107044
105796
108036
105763
106179
107300
110372
109059
105764
106500
107651
106339
107875
108228
105604
104452
103171
105924
107428
105412
106755
104003
106244
104804
104164
105124
132644
105604
106724
103395
106020
103876
105955
106372
106115
106724
104675
107172
106948
105060
104804
105732
104836
106436
105443
107299
114212
113219
115364
115428
108132
107459
107076
105540
104132
107172
128164
106435
105060
106755
106564
104195
106692
119588
116036
110116
109891
108388
106180
105027
106212
106628
107908
104932
106756
107204
127844
106019
106340
106084
105412
105412
106404
106819
103075
105828
103972
108835
107108
106948
107204
106468
105156
106916
105412
105731
106723
105316
106820
104419
106627
107844
104963
106692
106340
106532
105316
108004
106468
103620
106436
105220
106339
106179
106211
106628
108836
107460
106820
105444
104611
105764
102883
106564
104164
106147
105411
129252
106404
110948
108516
107108
106564
106308
105380
105667
105891
132485
104548
106564
103620
106307
108323
106436
105187
104548
105604
105667
106531
105315
107204
105924
104004
103651
107044
103652
106691
107652
113572
106499
107940
104964
107684
104068
106371
105700
105699
107075
111971
107075
107107
108548
106756
105284
106852
105220
103363
106436
133668
106052
104195
105892
105444
106084
105732
109252
106595
106276
105860
111908
107267
104548
106212
105603
105956
105156
106275
104964
106724
110692
110404
109924
107139
107748
103875
106148
106948
106307
105540
104772
108676
113956
109316
108100
105796
108323
105347
106948
105828
106915
106083
105476
107299
104964
104452
106052
107364
106596
106051
113124
107172
104451
104804
105956
107459
106403
105412
106755
106148
104355
110116
107171
104964
106883
110756
106884
106148
105315
105571
104356
106147
105764
104515
105924
108164
105124
105700
104196
105412
106340
113636
106852
104548
107172
106019
105124
105444
108388
108612
106980
105156
105827
106244
104100
105860
105379
106276
106371
104932
107844
131684
107844
107204
113156
107748
106243
106499
104675
105059
105475
108196
105604
104708
105508
106756
104772
105284
107619
106308
107172
123941
107204
106819
106148
106980
104515
103972
106404
105508
105124
106883
112356
107491
106628
106147
106404
104580
106371
105251
105155
106244
109860
105508
104260
104772
109507
106692
109540
106148
106724
105732
107428
105028
103171
104803
104484
104643
105411
103780
106307
106692
107460
106915
107876
107075
105444
104388
106340
104579
103844
107076
125732
105731
105636
105284
107044
110627
110436
109380
107044
108164
124516
105315
105571
107332
105700
105603
106244
104932
104228
106340
105860
107076
106244
104675
106275
106659
106371
106180
104292
106404
106756
104451
106275
106660
105380
106148
104676
105252
106659
104452
108259
108100
109828
109924
104612
106852
106435
106339
107940
105476
108068
107012
106211
106724
110564
108643
108228
106628
106372
105860
108356
107235
106148
105475
108195
106819
107108
106148
107492
108964
107556
127972
106660
106788
105188
106500
106500
106436
106404
104195
107012
105124
111204
107460
105796
106372
110308
109412
108451
109316
109540
134820
110116
107172
106148
108419
107076
106116
109540
104739
108452
110340
105956
105027
104740
106852
104228
107044
109155
106052
107939
125924
107940
106628
105476
106916
105476
106468
104547
104228
106884
108676
112484
110084
106243
108547
106436
107075
104579
104708
106755
129412
106308
106884
106820
109059
108964
106468
107780
107683
107332
109540
107876
103843
103300
106883
106180
106340
107588
105892
108035
139685
108451
106916
105156
108580
106211
106660
106788
103876
106756
130437
108355
108291
113604
107907
109348
107235
108388
106980
106020
106659
105764
107140
109252
108355
110116
111300
115108
110884
107971
110724
108708
107139
107299
107332
106852
105956
104996
106180
105636
108772
109188
107172
109731
108195
107075
104260
104675
105508
106371
107364
106276
103875
107716
108100
109860
108708
106212
109476
108740
107683
106564
104835
107011
111460
108643
110148
115076
113732
132292
108324
111076
107556
107844
108516
111492
106883
109572
108995
107491
108612
106947
106819
104451
105923
107780
107748
112548
108068
109188
108996
108196
108612
108420
108771
107268
106500
112068
132485
108996
112484
109764
107332
107172
106020
106627
105156
107556
112484
107172
108643
113540
108516
105859
111076
107620
108004
107012
110628
110500
107780
106788
106083
105188
109860
107652
108323
112932
110244
107747
107492
107876
105892
107012
108195
105700
109988
126853
106819
109924
108707
107364
107268
108644
107748
108900
107747
128837
104612
104740
108004
105731
105475
107299
107012
104739
108132
105027
106211
106372
103363
105956
104292
104387
107844
105092
106020
106755
105956
105923
106500
106308
105412
113156
110211
109572
110820
132133
114692
114020
109508
107908
106532
107204
105763
106372
106820
104324
106916
104900
107908
106979
107236
108004
106307
108324
106340
105604
106724
105732
103236
105892
105028
105572
106083
104740
105444
104451
108228
106595
104003
106563
104483
105476
107268
105795
106756
106596
110788
108323
104195
107811
106403
104100
107300
104419
106884
105348
112196
106052
103555
105636
107395
106371
106531
106819
104292
105796
122788
106148
104643
107012
105860
104579
104484
109732
105668
106723
106979
107844
106276
105604
105892
105412
105892
106916
105060
107044
105219
107172
106500
105924
105732
104996
103619
105827
103780
106115
107556
125157
107172
106660
104355
106211
108196
107044
105923
105284
105764
104324
105828
106148
104900
106756
105667
107684
106596
105636
106436
106947
106531
107780
105604
107652
105700
106435
106979
104868
106084
106659
113604
107012
105700
106436
106499
103747
107811
104196
104772
110468
106531
107556
105380
106532
106979
105699
106980
105060
106212
107140
128645
109028
105124
104996
106051
104100
108612
105444
105924
107427
116932
109988
106884
111172
109732
108004
107172
104996
106916
105572
109092
107940
105507
106819
105891
106692
107012
106723
107236
107332
112516
107684
103460
105924
110500
106404
108515
109252
107907
104931
105092
106180
105028
106244
105123
105028
105540
106819
108196
107620
111876
107331
105891
106148
106244
103908
106020
105667
105508
106372
129412
105443
107236
105284
107428
106212
108420
104484
105188
107427
131429
105988
106564
104068
106020
107300
106692
107108
106116
106500
106980
105027
105987
106051
107492
105636
105028
107011
103843
106148
108388
105604
106275
105891
105859
103492
103076
106308
105860
104835
105667
126244
106148
108452
107012
106563
108036
105860
107267
104548
107044
104611
104068
106308
105123
107459
106851
109508
106307
106276
107972
106212
104996
106499
106276
105508
105700
105860
109955
109252
107524
105412
111044
107428
106500
106467
105028
104356
106052
105572
106724
103235
120388
109220
106436
113956
111780
106595
107940
106020
105796
107108
107619
106371
107203
106819
104803
106116
108195
105028
107076
109508
106980
105188
104804
106564
105251
105988
106852
104836
106756
106595
104515
106788
106468
104323
105892
103620
105987
103940
104996
106116
105315
107331
106948
107300
107332
105412
105444
105668
103779
105443
105092
107716
106531
105348
105859
108324
105764
106276
108324
105443
107492
112164
106468
105283
103588
105412
107556
106435
107172
105187
106596
130436
108132
107683
103971
106499
107459
105859
105731
103332
106435
104036
108323
107876
108675
107555
106787
105315
106851
106595
105923
105860
107107
106691
105156
106788
111396
108419
107652
107460
105572
104292
107011
106531
104196
106404
102915
104164
106020
106660
105187
106884
106692
107140
105284
104772
106116
104419
108228
104132
104003
106628
126437
107619
106820
107492
106179
105283
106179
105027
105828
105796
104068
106019
105315
104228
106756
109220
110628
118277
108356
109060
127108
106052
105284
103748
106756
107300
106979
105700
104484
107427
106692
105955
107108
106596
107076
105860
104835
105699
104451
106340
105731
106468
106212
103940
106116
105796
105092
107172
106211
106211
105539
129925
105892
103811
107236
104868
104995
106084
107716
104675
106051
105220
106372
106020
105252
105476
104868
103972
105764
103875
105956
106404
106276
107940
105124
106532
103620
106083
105379
104164
103395
106531
127493
105988
106948
106948
108356
105603
106403
105220
104355
106115
124356
106627
105508
103587
106244
104868
107939
106660
105091
107812
104804
106820
106563
104324
106916
103300
103748
106564
104356
107011
107524
112676
107044
106627
103363
107267
105860
107268
104387
105284
105796
135589
105763
108612
106628
106052
107779
106499
104611
103683
105220
104804
105348
105891
105475
105796
106116
107012
105796
106340
106308
106916
107012
106852
106116
106692
104004
107139
106627
107300
107620
107075
110980
107076
105348
107139
106691
106532
106084
105155
107524
106052
127717
109380
111555
114532
114052
122404
119716
113764
111300
129348
106147
105444
103587
107299
106915
106692
108100
107428
107683
106307
112964
109156
105572
106564
105603
106723
106340
104291
106403
106852
107492
107204
105732
106532
105188
104579
106979
106532
106339
107300
106915
106180
104324
105700
108164
104836
106531
106563
106851
104483
106276
107012
104355
105636
107108
104899
106692
106436
106467
106659
125988
107940
105316
104836
106563
106052
105603
106787
104580
106115
104867
111780
108228
106756
107396
108547
104931
106979
106788
106659
106340
105027
106340
104868
107396
107684
107907
109475
108355
106979
106531
107395
106851
104356
104292
105443
104772
106468
106467
106916
106372
127396
107076
105412
106147
107140
105508
106564
104227
104164
105828
105699
108740
105796
107235
105699
108771
107843
105828
107524
105988
105124
105188
108612
106596
105572
109123
106500
106820
106692
104036
106020
105891
106340
105124
105155
107075
105956
106371
107588
106307
106340
134373
105475
105283
104164
105220
104100
104803
107492
107459
106339
105988
113668
107715
105060
108004
106084
107908
104836
104611
106692
106244
104068
106468
107299
104963
107876
117508
111780
108580
109636
109764
108004
106212
105028
106532
105828
105475
106339
106180
105796
107428
115940
107652
106947
107171
105156
104516
106884
104996
103811
106435
111108
106564
105572
106467
106083
103107
106307
106340
106596
107524
106499
106339
106020
107460
105828
103684
108547
106916
105348
106884
107044
106723
106339
106915
104899
105187
104132
107396
106596
106211
109284
108132
106436
106852
103107
106756
104163
105284
111299
107715
105828
104516
106148
105956
106372
107459
105027
105988
105444
104132
108292
112100
105636
104324
104547
106403
104259
106340
110340
105507
108932
132229
106212
106403
102851
107139
105795
105988
105284
104643
107203
107300
108259
105988
104772
108163
105443
107780
103107
104228
106948
104612
106275
105379
103460
105540
106275
106692
107108
105188
106468
105732
106692
106532
104740
106915
104068
107492
105828
106788
109060
107428
129988
107300
106852
104548
105476
106692
106884
105156
108004
107140
104931
111556
108132
107844
106980
107044
104228
106820
106020
105891
105891
105924
105732
106052
107716
109123
109187
106116
104676
106148
104612
105955
107075
104068
104611
108483
108484
106659
106724
106884
106275
104771
109636
111300
108036
111044
109252
109251
106884
105828
105956
110468
108228
106820
107076
106595
104227
107459
104164
106852
104835
107524
107844
105636
106404
108547
105827
106148
104451
106467
106659
108964
105508
105540
106275
106436
105476
106660
109540
107748
107395
125444
104964
104612
105380
107076
105668
106308
106692
106116
106436
105380
108836
108132
105763
107331
106019
106820
106340
105763
106276
104452
104835
106499
105732
105411
107683
106819
107236
104964
104035
106276
104580
106532
104868
103332
106276
105603
105412
106276
105540
106148
128645
106372
104516
105539
105476
106276
104707
105859
106116
105444
107140
107620
106275
106755
106819
106020
104259
106019
106788
105667
103972
105059
107204
104388
110532
106276
106531
105315
106404
106628
106499
139333
105955
105539
106724
107523
105284
106948
107747
105732
106052
103140
105891
106883
106564
106052
105636
104995
106468
104932
105412
107716
108931
107076
106148
106692
104260
105764
106628
104771
105828
107491
105668
107076
110851
108324
106500
107588
113476
109763
107524
105988
107139
107332
106435
105411
104611
106212
106724
104067
108676
109924
112771
107044
105604
107779
104900
104675
105283
103716
105540
106276
106820
106371
106852
106243
107460
108452
107204
103556
103491
104324
130340
107395
105220
103748
106468
105348
107556
107779
106276
107204
106372
104067
107363
106787
107491
105028
104356
107460
104995
110916
111428
107939
106660
105604
106852
103716
105924
104804
105764
107268
104580
106563
106755
103972
105668
109636
105828
106692
105635
104163
106179
108324
107396
104740
106116
106532
107395
105795
107556
106659
106724
127204
106435
104675
103716
107492
104835
107236
105092
106532
105924
125957
106275
108579
105156
106436
105188
106467
107140
105027
106532
104132
106404
106916
103268
105251
105892
107940
108196
105732
105636
106308
105571
106372
104995
106307
105796
104932
105220
106468
107492
107108
107556
106532
106724
105539
107171
104676
106564
104772
104579
106948
129636
108132
107555
106500
108292
106180
108580
111300
106340
113380
109731
107492
107011
105315
106979
106019
108388
115844
114884
108868
107556
107459
103907
105572
106756
107203
105924
104260
106756
105956
125444
106116
111940
109572
106980
105476
106308
105220
104196
105572
107843
105412
106307
104867
106948
104932
106819
107044
105028
106436
105220
107076
106820
106724
106724
106148
107139
106884
104291
106660
106852
105892
106788
106244
105028
106788
104068
106596
105443
106372
105155
123940
106052
107300
107236
105124
108260
106436
105316
107299
107171
122437
106851
105604
104580
107140
105347
107972
106596
106115
106596
108356
107140
107236
108324
105924
105156
105827
106756
106148
109220
106147
112515
107427
105091
105508
106308
105155
106083
105732
103683
107459
128741
106084
107971
106244
107428
106532
105348
106852
105956
106115
104004
106435
106403
104036
106532
107492
110756
109892
106787
106916
106660
108132
106948
106596
105156
105539
107492
107044
109380
108707
107267
112804
107716
107812
105635
106179
107140
106788
105156
105028
106660
110147
104931
106340
107812
109284
110788
111587
114436
108804
107748
109956
106340
106980
106692
105348
103300
107396
106851
107012
106436
106500
106276
105188
105572
105380
105156
105636
105859
107428
105668
126532
105476
105988
107140
107108
105412
106403
107364
104612
105828
136229
109539
104292
105636
108291
107171
106947
109732
106948
107748
122917
105028
106532
104835
107427
104899
106276
105795
105828
106052
105060
108612
106244
104580
106692
106115
107139
110340
109700
108292
112740
110628
108260
106052
108419
106820
112100
108003
108164
107972
130756
113412
108932
108292
108996
108676
107268
107203
107396
104068
107139
108164
105892
106723
105667
108228
108516
105028
106756
107267
105539
106243
103875
108676
107012
104708
106852
106532
106307
106564
114532
109956
106307
108260
106468
105539
107172
105827
107812
106532
112516
112228
111011
109956
111747
109252
107844
106724
106595
106852
110116
110788
116196
114692
111203
116772
111939
110468
109123
112708
108356
109124
107012
106436
104036
107300
106563
106820
110244
112260
111780
111268
108676
111652
108260
109028
110083
108643
109732
107460
109155
112260
110980
106404
107747
106948
109092
107972
108996
108132
107716
107332
108740
106436
111044
108739
108196
131717
106915
108036
106916
108003
107172
109124
110980
106116
108132
106052
105892
103652
107716
107556
106564
106884
106660
104803
106659
106180
106980
105220
104707
108963
106083
106339
105411
105636
106340
126852
105828
106084
106339
106307
106692
107268
106819
106084
106628
107364
106019
105347
106660
106820
105988
106243
105956
105507
106084
108324
104451
106883
108676
104548
106436
105731
106372
106596
105892
105572
133061
107139
105219
106371
107108
105412
106404
104323
104708
105604
106435
105444
106851
105412
106660
104292
104420
108100
105284
107012
105732
107844
107107
106851
104388
106692
106148
107171
105796
106179
108868
132261
108099
107875
109123
110083
107044
109667
112484
110115
113860
118532
113348
111012
111460
109604
107908
107555
104771
106947
128805
105988
104804
106691
106307
106980
104675
106404
107620
106116
105732
104899
106595
105187
106755
107300
108356
105572
105316
108196
106340
107236
108036
107812
107140
106020
105220
106756
104067
106084
106212
108228
106979
105924
108932
108420
105923
109572
106276
105828
106244
106179
106915
104516
104452
106916
104995
107300
107299
105220
106499
124996
105540
105219
103492
105604
107908
106372
104099
106244
106308
106915
107011
107108
106564
106212
105219
106083
106851
104100
106692
105859
105955
106083
104228
107971
107236
104772
107268
105187
103812
106916
106372
106084
105315
104867
107235
105796
106372
107331
106020
108676
105252
107940
105572
106820
106723
103268
104132
106404
104068
106148
108196
108516
107172
106020
106244
105283
104388
106788
106339
105060
106307
126596
106372
104932
108195
106756
104708
106596
105700
104707
106307
104228
105892
106116
105699
106403
105859
103556
106820
107651
106564
106820
108291
107364
106980
106916
104163
105475
106596
106692
108612
107812
108003
108068
106532
108196
111972
108612
108035
104963
106915
104835
106756
107140
106947
106211
106467
106724
107683
107460
103940
107940
105316
105476
104964
108292
111652
108900
105891
106627
105283
106916
106339
107107
105155
105412
107684
106083
106500
111908
105475
106820
127141
107043
106147
103907
105699
105380
105892
110148
105795
106051
107396
106308
107108
106756
106660
104196
104547
107491
103460
105956
105891
109316
105572
105027
105700
107587
106787
106467
107587
107492
105412
114116
105763
104196
103844
106564
103331
105892
107108
105220
106019
128965
106755
105732
104803
106339
104708
106596
106723
104356
106788
106980
110436
107940
107268
107204
105220
103812
106724
105540
106244
105924
108132
105988
107043
106627
108900
108867
105508
104548
106756
105539
105444
106596
106628
104835
106595
105956
107556
106180
108580
107299
106083
106915
104131
104580
107300
106852
106724
106787
107812
105380
106276
109796
108707
105283
106852
104100
103908
106436
107107
105444
106628
109892
106916
106660
106980
106564
105316
110244
106884
108132
106435
106980
106596
104739
106788
104484
104611
105508
105732
108932
107747
105156
106116
106116
106500
106500
107556
104836
105411
106627
108804
114916
110404
110852
112388
107012
104996
106179
104227
105924
106500
105220
106596
105283
106884
105796
106627
107108
106468
107844
111748
110628
106115
105220
106948
106948
105060
107108
106852
108804
107972
111556
108739
107396
103491
106595
105444
107492
105956
106755
106532
131236
106340
109476
106916
108068
107428
107684
107235
107107
107139
128804
106948
104100
105507
105955
104548
106180
106788
104964
107300
105412
106916
106980
104228
107396
104547
102788
105700
103460
105635
106948
106244
106435
105027
104388
106564
105668
106179
105796
104483
105348
127333
105764
106724
106628
105924
106276
106339
104068
103492
108036
103651
106916
104899
106660
106147
104579
107076
107267
105667
106467
106851
107172
107236
106627
106627
103940
104324
106628
104387
108836
105668
105924
107076
105380
106468
105348
103779
105347
103620
103939
104899
103556
118340
108483
107300
108676
112804
107812
105924
105540
107204
129156
107107
106724
105283
106563
107331
106084
108291
107908
107716
109284
113540
108068
106083
107172
104452
106148
104452
104835
106499
107460
108835
108356
105284
106532
106020
106211
106884
105155
106851
104036
106788
106755
110788
111940
111460
108068
108708
105892
105572
105732
105700
107076
106019
106723
106819
109027
108612
105508
106564
107140
107268
105188
105316
104868
105380
103203
104835
106276
107460
107556
108132
106532
106083
105188
106436
105188
105988
104260
107300
105444
105859
106755
106372
108100
107428
104964
105988
104516
104483
106275
127109
105475
104996
104580
106115
105348
106308
106019
106691
107267
105795
106756
106115
106148
104964
102691
104612
106948
104004
106820
109316
107684
105571
107491
106947
106691
105892
106468
105763
107364
105699
112164
106723
103076
109828
107715
106660
107779
105315
105443
106243
129925
104612
105604
106020
106148
105156
106468
107939
102531
108003
104515
103331
106659
105732
106308
105028
103939
107171
105220
106148
108163
109540
107620
106179
105987
105572
104292
106724
104196
106756
104611
109156
107108
106275
107876
107875
104996
108580
107427
105347
106980
108004
106500
103972
104868
107139
103748
105796
107363
114788
116164
112644
108516
107043
107491
108260
107492
106532
105892
104868
107140
108772
107492
107300
106628
107268
105700
107652
106724
104228
106948
112036
107556
105092
104835
106403
106852
106788
108612
107139
107140
126277
106084
106372
108067
107011
104676
105028
106020
104707
105955
104516
108996
107491
105860
107076
104675
106020
106595
104772
105124
105956
107140
106660
104676
108483
108387
105924
106948
107012
104067
106499
112996
107108
103395
103652
106148
103907
106660
109188
106948
107651
131396
105124
105092
105155
105060
104388
105155
106980
105476
107268
106276
109764
107524
106788
105444
106404
106820
105892
106307
106467
104804
108420
106340
106532
107011
105892
106468
107907
105315
103972
106691
113508
107972
105187
105924
107172
103651
106691
108548
105475
105988
130628
106468
106020
107204
106243
106531
105892
105955
105572
106628
104228
110788
107300
106532
107491
107012
105987
106307
104035
106627
106436
106116
105571
104324
106051
109476
107812
106692
105860
107012
105028
106244
105892
106084
105156
104867
104228
105412
105795
108804
106308
111684
110916
118372
111588
112356
110820
109507
107747
107492
104932
107460
107332
106627
108035
106115
107747
106851
107620
106372
105764
106500
107364
106468
106180
108227
105092
109475
104931
104899
107363
105540
106755
106628
106340
105188
107395
106499
106915
109476
106692
112004
106852
106308
104548
108132
104324
106244
105155
106275
107043
112068
105827
108132
106147
106852
104356
105347
106115
104644
106372
123588
106276
107812
104931
106115
107300
106180
105348
107107
105539
104451
105764
106468
103300
105188
105123
106179
106019
104100
105956
106531
107651
106596
106660
107460
106884
106980
107044
107460
106212
106275
109092
106884
105572
107268
108355
106660
106755
107620
104963
107395
127685
107972
107204
104580
106596
105988
106723
106403
106692
106724
131525
107043
106275
107044
105508
104900
106180
106212
105987
104771
110019
109763
106724
106820
106244
106692
105508
106883
106403
107524
133188
108196
107908
106052
106468
106723
105667
103907
105827
106563
128676
109348
105892
105444
108420
106371
106563
110116
107428
106819
110244
105796
105700
106691
104675
104676
106564
103331
104804
107204
107940
107235
106372
109124
106052
105923
106116
105380
103236
108899
127236
107524
106179
104835
107523
108612
105316
106116
103652
107172
105123
106724
106276
105924
106244
104419
106084
108291
105795
107748
106819
108612
107012
106276
106819
106851
105700
105060
105220
106467
106371
112260
108164
109987
106948
111396
107235
106532
104260
104643
109380
110724
107812
106884
107300
107524
107428
106276
108867
108804
109284
107108
106468
107396
106723
106980
103268
106180
103748
105828
106628
132772
105636
105251
108292
106436
105668
110148
107459
106499
107748
133028
105988
105668
104484
106404
105668
106052
106915
107204
107876
127557
104772
105764
105732
105988
106947
105315
106851
107268
106724
108804
113476
107235
106244
106340
106692
109124
106851
107140
108068
107747
106691
107363
105988
105796
107524
104804
109412
108068
108132
127876
106051
104419
107556
105924
104483
106372
106340
111172
107139
123780
105571
109252
107300
106596
104100
106371
106628
106756
106596
125989
103972
107523
107876
107460
105635
107332
107236
105636
105860
105635
107491
106371
106436
106852
109316
110436
106820
105380
105348
106212
107620
106756
105572
106436
105347
104931
105636
106755
107236
106692
112196
106820
107171
104804
106980
104580
107396
103811
106851
106148
121924
104772
106404
108899
109220
106180
106916
104324
104931
106819
105604
106755
106499
105892
106276
106692
105476
107332
103683
105571
107684
106052
106852
104548
107715
103267
103843
105348
104067
107876
105731
112964
106883
104387
105924
106116
105859
105828
104420
103300
105924
108548
105924
105380
105892
105860
106307
105699
104452
105187
106275
105380
114595
111428
108451
107044
104708
106852
106531
106755
108676
127972
106692
110084
106244
107108
104228
106852
103492
105859
104580
103939
109892
106916
105220
105668
102564
106276
104740
103652
106243
103972
106531
105988
107844
109252
106307
105059
105860
105764
107684
109764
105860
107716
106212
105156
106756
105379
106468
107172
106564
107011
106500
105444
104484
102755
105859
105444
106244
104739
104708
106180
102755
105796
107076
107204
107044
107524
105732
106980
104451
106884
104004
109444
106052
105316
105316
106468
106564
106116
105539
105156
105603
107588
106596
105027
106244
106276
103715
106595
107780
108419
106244
126820
105859
105988
104740
105956
104323
105315
105571
105155
104579
106468
109636
107043
104355
107555
104515
104676
104836
103555
106403
105924
112676
107235
104804
111716
106980
105956
105796
106020
104228
106404
112579
107043
107395
105188
105444
103652
107619
105955
106948
107108
127588
106564
106020
103843
105571
105572
104388
108804
104547
106563
103204
106339
106660
104516
107588
105316
105987
107012
104548
107268
104323
107587
106723
104899
106884
106628
106019
106531
105219
108675
104771
107076
106819
106308
112740
107716
108547
110052
104515
106820
109124
106308
108068
106052
107172
105668
104420
106212
104644
106788
105348
107396
106340
104708
106916
107908
106212
106116
105092
108356
107524
105860
105380
103811
104580
105508
107108
106692
108420
105604
108003
106596
107395
106243
103971
104707
104196
105763
103588
104579
106116
105316
112676
107748
104932
106532
104164
103716
105252
104740
105668
105060
107940
107140
104964
107651
107044
105764
105732
109956
106820
104164
107011
106084
106211
103843
105892
104420
107460
106212
105732
106404
113476
107268
104836
106275
106084
105476
106980
104420
102660
106180
104867
109604
107012
106019
107299
104867
104643
106084
103780
106788
105028
109604
107459
105188
105700
112548
105795
108228
106340
106340
105380
113316
108451
109956
107972
106339
105540
107076
105572
106564
106596
117348
109124
108324
107556
105379
106340
107523
107940
107172
104739
111908
108356
105316
107172
105187
104899
106467
104483
104387
104068
107076
108164
105668
106916
104676
107396
107268
106499
107044
109251
107588
105763
105091
106627
106852
104932
106404
106500
109348
107812
109892
105251
105604
105444
105668
106019
106980
104100
105380
105156
107459
107523
104803
107363
107556
107875
106915
104964
105796
106468
107972
106628
107876
105860
105028
107588
110627
107459
106564
107908
111171
109860
110980
110884
106851
108004
105347
105539
107780
114500
108932
106052
104195
106339
105571
107427
107300
112260
108324
110660
108964
106788
108196
107171
104260
105476
105028
104291
105860
113060
106467
107076
113188
109252
108164
109411
105764
106468
104964
105540
107396
107396
113348
111268
105059
109220
109187
108484
108452
108740
108740
106692
107779
106084
106564
107108
106340
105091
104996
105348
107300
104644
106052
105956
106051
106468
105156
108324
105828
116740
112996
114628
110500
106180
107556
105539
107140
107716
106884
106660
106596
105764
107780
104708
106628
103716
105123
106435
125125
105892
105828
105668
106948
104995
105219
106180
104964
106020
104323
105092
106020
105700
107012
105988
106275
106500
106084
107588
105412
106627
107523
103811
105988
104580
104900
105924
105315
104580
105540
106788
106756
104740
105188
106148
104196
106659
105156
104035
106435
127877
107780
106883
105731
107012
105028
106372
104387
104484
105220
104708
105123
106115
104388
106020
103459
108100
106980
107139
105348
104964
105603
107300
104292
106052
104003
104292
105251
103044
106820
107555
107332
107396
105444
104196
107012
104964
105572
104868
104323
106307
133060
108260
106340
105252
106915
106500
106180
106468
104196
106564
124388
105699
105443
105252
106627
105507
106115
106339
106756
106179
106467
106595
107140
105444
106788
103843
104132
106852
107748
112420
112708
111652
111332
106948
107268
106019
106019
107012
104420
107396
127972
105988
105764
104932
107204
104804
104196
106820
103459
105155
103556
107300
105764
104612
106019
106883
106691
106083
105731
105155
103780
104387
105859
105955
105027
103428
103843
106051
104996
105188
106052
110404
105956
106148
103812
107268
103460
105572
103139
105380
105124
122564
104996
105764
105955
106660
104771
104804
107940
103396
107491
126404
106020
106211
105476
107876
105347
107139
106179
105859
106884
104836
107427
106883
104612
107268
105092
105700
106467
104419
105476
107043
106468
106596
104548
105668
106692
104739
107299
104836
105667
106243
110308
107268
106468
107012
107332
106628
106820
105731
104611
106660
133412
106083
103715
104772
105252
105892
105508
106883
106500
106660
128324
105476
105476
105124
106692
105091
104867
106947
105380
105860
104708
107364
108739
104803
106307
104324
104964
107844
104804
106467
106371
106148
107972
105412
106436
108580
108163
106916
106788
107300
106212
106147
106852
104708
104772
103204
105859
105219
106148
105956
106596
107076
109987
107588
107076
107140
107364
106691
107171
107204
109155
107588
108419
105699
106596
108227
104355
106020
105315
105379
106115
106884
107236
104996
105092
107268
106596
109060
108836
107908
108483
108356
107619
106212
105188
107748
105220
108260
104644
104932
108036
105284
107652
109283
108324
109316
106531
108804
106723
105315
106884
105860
106500
102500
105220
106692
104291
106243
104836
105284
105796
106660
106852
107555
105571
106051
104100
106404
103844
104388
106435
139973
105508
104739
106148
107364
105956
111332
108772
103619
107396
139269
107396
105156
104804
106532
104740
105540
107076
107044
107332
128708
105891
107204
104932
106468
104804
105284
107460
103811
105635
106084
108996
105955
106596
107428
106308
105636
107300
104868
106564
103684
108035
107140
104996
105892
106436
105924
111524
104835
106820
104420
106212
105956
103844
106724
104260
105539
107140
104899
106691
106308
108644
106852
104163
106691
105123
106180
106724
104324
109059
106148
107811
107940
104067
106851
105635
106563
105892
105412
104228
105668
109156
106468
105635
104676
105892
106211
106244
104068
107556
106980
125700
108068
106852
106564
106755
104163
106148
105796
104260
106084
104484
109059
106020
106404
105956
105284
106115
107236
107396
107331
105540
103459
105411
102692
105444
104452
106852
107748
105252
109764
125892
107716
107715
105700
105668
104964
106180
106307
105283
106148
106244
108836
108292
105795
107908
106020
105732
105380
105220
106820
106564
111300
109923
106948
110596
105283
107044
107011
105476
107012
125573
105059
106500
106435
107620
105123
106116
107748
104675
105604
124261
105572
106691
105667
106147
105156
104484
106980
105284
107236
106980
104739
106659
105475
106723
104355
104260
106724
103716
105540
106980
109924
107300
107940
106500
106755
111332
109412
106851
107044
127493
106884
106628
104932
106851
107907
110532
107620
106467
107652
124068
106883
107140
104899
106980
104292
103523
106403
104739
104803
105507
109635
106372
104259
105219
106148
104452
106308
104324
106660
103779
109636
106756
108164
106692
105604
108931
107364
106179
108260
106915
110468
110660
110916
110243
107428
107331
105316
105988
108452
108835
106788
107203
107108
105828
104419
107268
104259
107267
106212
180134
107844
106468
107524
108356
105283
107492
107172
106851
107108
108227
105892
105860
105412
105508
105219
107523
107747
107460
107683
109219
108484
108516
103940
106724
106148
107172
104420
105251
106883
106404
106723
108964
105763
107364
106436
107107
105347
105796
106020
108004
106148
104676
107268
109060
107780
108132
106595
106628
106179
110404
106276
108868
105284
105860
104484
106179
106340
104963
106948
104035
106916
103364
105955
105603
104611
106403
104420
104164
107652
133381
114596
111172
109636
107876
106084
106148
104164
102787
105540
127525
107300
105987
109188
107172
105252
105828
104291
105028
105924
124964
110852
106947
105219
106564
104452
106148
107172
105316
106211
127236
105860
103716
104644
106660
104419
104260
107172
104964
106403
104196
108868
107684
104899
106692
106276
103236
108484
103588
107268
104068
105476
106692
105604
107204
105731
105988
105316
107684
107363
103972
105764
105412
103812
105411
103459
103492
105476
105955
108035
112419
110212
107492
104676
105924
106436
108420
106627
106531
104900
105699
105924
105252
104964
108292
108964
105828
108068
106916
104836
106436
108644
105572
104163
104868
105892
106244
106532
107428
109443
107908
106147
105668
104675
105284
107524
105924
104900
104868
106564
106724
132452
106019
106435
105251
106724
103716
106884
103812
103491
106083
103428
108259
105763
104004
106532
104452
109187
107972
105955
107363
106307
107556
107172
106948
106980
108164
105507
106979
104964
107492
107555
108611
107012
105187
106371
103331
104420
106404
106372
104451
106915
106468
106724
108132
107428
107203
105059
107427
105188
105348
107268
128260
107332
106596
105508
109251
107427
106115
110020
107459
108964
111652
107844
106307
107172
106436
104836
108164
109348
107364
107684
108964
120612
119748
110628
108452
116068
117988
116036
109763
113508
108835
107555
116708
111044
105699
110180
105988
111492
108932
109668
109284
110276
107588
105316
106308
107620
105187
108644
134565
106180
112292
113028
110276
106628
106563
107492
106564
107332
107940
107140
105443
106051
105859
104323
106916
103876
104899
106531
106084
106212
106884
106787
106340
105252
106340
104708
104067
106755
125605
105796
103460
104067
105187
103140
106980
106692
106531
106339
126244
106820
105540
106436
106244
104580
105315
105859
103492
104580
104611
112260
106307
105604
107267
103811
104291
105796
102852
105156
107364
104035
107332
107044
107460
106532
104708
105956
106852
104900
106244
105027
107043
104067
103780
106916
105283
108867
107140
104612
106372
131941
104100
104931
107524
106148
104388
107844
105668
106596
106692
131653
106851
104579
105284
105892
104164
104356
107140
103875
106948
104356
108387
107396
105540
108100
106116
108003
107108
105955
108644
105348
104643
106852
104515
107203
107331
104644
107204
105316
105860
125380
106436
105635
104835
105956
104772
105188
106020
105123
104899
107524
108740
106051
108036
105220
104836
103652
106212
104579
103780
106660
107428
105124
104675
105731
106180
103876
105572
104612
105412
106340
105252
105220
104579
104836
105763
106468
105892
106020
108228
108868
129380
105092
104579
103844
106308
104868
104835
107172
104164
106884
104451
106339
108163
106692
106051
105731
105284
106916
103908
104739
106563
107331
108036
105315
106948
106020
104228
105732
105700
104068
106724
125380
104420
105860
107716
106852
105315
108707
107140
106180
106596
124997
104259
106308
104195
106787
105604
103747
107267
105284
105540
105860
106500
105252
105700
106724
104068
104291
106403
104643
104387
105668
108804
106531
103972
109987
107748
105827
107139
103940
105700
106916
113796
105764
104099
105540
105956
104355
106979
107172
106564
105763
129189
106020
105316
105284
106020
104644
106052
106916
104260
106276
104451
107620
105923
104900
107812
105060
104995
105635
103908
107044
104516
114916
108163
104164
107460
106628
105124
106371
109188
106691
104067
109251
106755
106372
104964
106723
105764
106883
105571
105380
105956
113540
107364
105764
105347
106436
104611
106916
105540
103556
105732
104739
107204
107620
104932
107012
104772
104035
106083
106628
106724
103427
107716
107076
105091
105667
108196
109220
106820
105476
106308
105412
105444
106148
104004
104867
105891
104228
105060
107492
105284
106244
132101
107684
106564
104932
106756
104163
106276
104100
104419
104931
129509
105572
106083
105443
106468
104739
104868
107236
104323
106147
103652
110788
106852
104772
105252
104004
105059
106083
104803
107235
104996
107172
107140
105923
106435
104932
104611
107139
108420
105316
106947
113956
107780
105412
104100
106308
104803
105859
105380
105027
107972
125124
107459
105315
105892
108036
104836
107012
104612
105059
106819
126245
105124
107780
105924
107492
105187
105283
106499
105348
106564
105444
108100
106883
105219
105860
105156
107107
107556
104964
107652
104483
107140
111203
110916
109892
106724
106051
106948
105764
107492
105508
109636
108292
105347
106436
105220
103396
108132
105924
106660
105412
105476
105379
105315
106404
108547
105923
107396
103811
105284
107140
108164
108260
105763
104900
106532
104932
106691
106756
106019
106660
122693
105828
106020
104419
107043
104100
104164
106628
104675
105380
109316
108804
106244
106564
108483
106212
104867
106243
103812
105187
106500
106852
104995
107012
106980
107203
105060
107044
104580
104324
106212
125668
106787
105508
104516
107364
104739
108676
107011
107747
107267
105859
107396
105763
104067
106052
104004
104868
105892
103364
105187
106787
105411
107139
106052
106276
105924
104227
105604
105860
105219
105667
124805
106020
111076
110084
110948
109636
110372
106660
105924
108067
111780
107236
104132
106980
108292
105732
106340
107140
107779
108067
127269
106820
105444
105763
108323
105892
108612
107363
106211
108324
129316
104419
107139
104260
105604
104995
104708
106724
105156
105507
105572
107811
108132
105700
107204
105124
104964
106180
106371
104132
107236
107044
108260
105316
108004
107588
105924
106084
105828
105220
106180
125636
104931
105091
104356
114148
109796
109892
110436
109764
108740
106468
107876
104835
105860
107331
104516
105604
105476
105732
107204
122949
108548
104836
108548
106691
106467
107268
103716
104451
106820
128548
105987
106916
105540
107940
104260
104355
106788
103267
106051
129221
103523
106947
104132
105956
105508
105764
107459
104739
106307
105732
103299
106116
104355
105155
106051
105060
105060
104259
105827
105795
109028
107172
105956
106275
103875
104260
106084
104132
104803
107075
105220
107684
103748
108196
108260
104579
107619
104515
105283
105860
122820
104899
104995
105604
107620
105892
106308
106499
105795
108580
121828
106980
104644
105188
107524
105475
103715
105380
104580
107363
104675
108964
107844
106883
107812
106019
105827
106628
105411
106819
105315
108548
107044
105252
107684
107492
106852
108483
105571
105763
106851
106020
107620
106628
105188
106051
104803
107012
104900
105347
106596
105028
107492
106244
104196
105764
104419
106339
107012
111460
111460
107844
108708
106148
104932
107812
106084
106276
104995
105956
106468
131333
106436
105220
106308
106212
103780
105763
108740
105859
107204
126532
105027
107171
104931
106628
104868
105156
106723
103684
108004
109412
109699
107588
105892
107204
104484
105892
107108
105252
105123
106115
104804
106340
107555
104964
107972
106724
107748
105700
104579
105795
121988
105828
104388
104867
105443
104900
109027
108612
105604
107172
123301
104900
106596
103972
107332
104260
104771
105539
105796
106020
105412
110372
106947
105796
107300
105572
104772
105796
104867
106532
105539
108452
105956
106723
107812
105700
105668
108068
105604
104868
107300
123877
105667
104516
107748
106052
106628
105956
105476
106148
107299
111876
110691
105444
105860
107844
104356
107203
103875
103428
105828
107172
106852
106468
106884
107044
104868
108868
106916
105860
107972
125285
105892
105283
104739
106948
104228
109284
107844
106372
108932
123780
105796
107204
106499
105476
104740
105187
107524
107428
106531
129828
104931
105891
107140
106756
104900
106052
110404
109540
110596
129444
105508
105060
106340
106435
103747
104516
105699
104228
105252
123556
103236
106052
105028
106820
103971
107492
106371
104612
106948
106276
108612
106820
105540
106212
106660
106660
106788
104484
107044
106948
106724
107204
105700
104484
106884
103428
107139
104036
103971
106308
126852
108323
108676
105924
106852
104612
103972
105732
103171
107300
105316
104740
105924
104036
106692
107491
105155
106020
104868
106820
103748
106180
106340
104836
105348
106500
104036
106532
104003
107780
106435
122340
105891
105284
104260
106308
104131
107299
105636
104452
105027
104580
105636
107204
104292
106020
104548
104323
106724
103940
107652
104868
105540
106628
103908
109796
108388
105347
106403
104643
103492
105700
105987
107172
104548
104708
106468
104676
106788
104579
107268
105444
123748
107748
105443
105316
105827
105860
103972
107364
105891
105539
105156
108484
108004
105187
106884
105380
103172
114308
107396
107012
104388
105028
107076
106788
106596
104515
104771
107172
111268
107332
107524
105412
107780
104835
106660
104803
104612
106340
104676
105347
105699
108419
107396
106916
106628
108196
104676
106147
104644
103684
107044
106275
106563
104387
105924
106596
104579
107140
104579
104931
106596
108163
105572
104451
104740
106308
103427
106627
105284
107267
106372
122852
105156
107300
104771
106244
104964
106468
106468
104580
106468
103939
108548
107972
104771
104932
105956
105476
105155
103140
104932
106212
126852
105540
105443
106915
107620
107684
107428
105859
105027
107043
123717
106276
104196
105860
105668
104323
106308
106852
105604
108100
122117
104196
105603
105124
106116
105060
104931
105732
105092
106435
107332
104963
106339
103427
105347
106179
104068
107428
104868
103268
107140
107459
106627
107396
108036
106724
105571
106787
104163
105220
106564
107364
107108
103940
104739
107747
104900
108356
107460
105956
107108
122949
104420
106564
104515
107683
105412
104931
106787
104900
107972
107684
108324
107300
104804
106916
104772
105283
106692
104996
106147
108291
105956
106500
116260
113764
113284
109827
109412
105667
106243
105443
103811
106787
105347
103748
107012
104132
106243
105668
104195
105987
106212
105859
103748
104035
106371
103716
104099
106403
104868
105860
103715
105060
106884
104515
106787
105924
105667
106595
104324
108164
107011
104516
105700
103299
105188
106500
103492
105699
105219
103460
105732
106020
105732
104324
104675
105187
104260
105860
106724
104612
106692
104771
104516
106436
104963
106595
105092
105059
105860
104644
104995
107843
106404
106788
105732
104771
106756
108387
106756
105347
105315
109699
110179
108580
105220
106084
106980
103844
107428
105284
105604
105636
122948
105859
105252
105476
106980
104355
104676
107620
105572
106052
105060
104483
108708
103748
107076
104675
104452
107012
106979
107716
107107
108196
107747
106627
105828
106596
104707
106499
104644
102884
105892
105796
105475
105476
106820
104484
104483
105700
106564
105028
106948
126340
105188
106724
105540
106596
104996
108612
107652
107428
108228
108292
107524
107204
105156
104451
106787
105859
105892
104964
106500
107043
107140
107300
104515
106052
107172
104964
107139
103523
103524
106308
125092
107491
107459
105668
107940
104676
104003
107139
104931
105252
104484
106051
106500
107491
107235
105795
105764
107108
106531
104740
108003
106020
106788
105955
105636
106692
105188
106275
105348
106179
107171
125636
105860
104484
105156
107940
104900
107108
104579
104644
105476
104996
107747
106596
105859
107363
106788
104740
107972
104644
106435
104739
106628
107012
105731
106820
106884
106404
106340
105092
104003
107395
104868
106628
105571
107716
106724
104324
107012
104356
106435
106211
121892
105827
105924
105284
106244
104868
104324
106404
104867
107428
104836
110852
108547
105731
107908
105700
106020
107108
104996
105091
106211
107492
106788
105219
106468
105955
105220
106596
105027
105284
107588
106980
107811
104804
103620
110660
108356
107620
108291
105251
108260
133381
103076
106468
104836
106532
104100
105475
108100
105219
106724
105348
106371
107491
103812
106308
105027
104260
107076
104868
106179
106051
105828
106532
104547
106692
107172
104388
106084
104547
106179
107076
126436
105507
106660
105092
106820
106435
106339
107492
106724
108771
153285
105475
106308
104515
107012
105091
104996
106307
104708
107428
105219
109124
106724
104708
106532
105699
104580
107780
104260
104803
106403
104547
106339
105508
106084
106756
107076
106659
107012
105219
107491
121797
106980
106179
104387
106852
104324
106211
108003
106275
106915
105156
105699
108164
104836
107556
104548
105251
107523
103620
104964
108100
105603
107011
104388
104932
106756
104932
105571
105444
104292
106308
132709
106020
108676
107172
107492
105124
107044
104835
104100
106404
124772
104675
107971
105060
107172
106116
106148
106532
105124
106308
106852
106980
106627
105444
105988
103651
104740
105540
104899
107971
108068
108323
109316
107108
105348
107171
104708
107108
104228
104611
105859
114308
107172
107332
105859
105955
104804
106148
105187
104163
106627
108708
106756
103812
104195
107300
104931
105540
106211
105508
106564
104420
104067
106947
105508
106436
105635
104580
104900
104163
104323
105572
104868
107204
105028
106532
106084
105539
106883
105156
105508
106244
103747
106691
104420
106051
107396
106116
109283
105283
104900
107972
124421
106372
106435
105284
107684
105667
115588
113156
108260
108708
128613
103780
107364
105412
108196
105092
104387
106979
105347
107684
105316
109636
109380
106275
106371
107524
105636
106372
106468
106307
105092
109667
106947
104900
106692
106948
105060
107940
104772
105476
107908
110084
106563
104900
104900
104868
104163
106756
105284
105475
105508
129636
104068
106436
104163
106532
104004
103971
107204
104356
106884
104867
111012
108036
105668
107108
104740
105571
107043
104420
104899
107108
106020
107332
105540
104964
108292
105539
106947
105667
104835
106979
108996
106468
102755
104612
106692
104803
105252
105508
104420
106468
105412
104100
106276
103524
106371
105380
104068
106307
102948
104612
107044
107492
106020
105508
105187
106147
105540
105636
104356
103971
106596
124228
106755
104164
106532
106244
104579
104803
106595
104388
106564
106308
105348
106628
104739
107267
104676
105123
106275
103780
104548
105636
104132
106852
105315
104068
106564
105187
107139
104804
105988
107908
126820
106660
104740
105123
107844
103428
104227
106852
106307
107299
104579
106980
106212
104804
107492
105411
103908
107204
105220
106948
107940
106212
108036
105924
105860
107844
104452
105252
104003
105124
107268
109252
106532
105124
105187
106404
104772
105731
106659
106563
108099
129636
105124
107300
105892
106724
104611
104228
108068
105188
106467
105507
106884
107908
105028
105764
107460
107492
106948
105155
105700
106820
105124
107108
107556
107428
107236
106307
106915
105315
106627
107332
112036
107460
107268
106691
107524
105891
108676
106116
104036
107460
129636
106916
106404
105987
106275
106595
105444
106148
103779
106532
105380
107972
106276
105380
105155
107300
105699
106147
103492
105315
105955
105956
107524
103556
106180
106916
105124
106756
109636
105283
106787
125925
106436
104132
104163
107459
104452
105987
106531
106212
106628
105027
105284
106372
105059
105668
105187
104324
106916
103139
105412
105668
104771
106307
106083
104484
106468
104388
107012
104868
105859
106659
130245
105764
104259
110211
107876
104932
108996
104356
104163
107043
127525
105699
106980
103235
107043
105028
106179
109060
105411
107107
106468
107428
107428
104996
105540
107300
106307
106691
108644
107556
108708
113476
107331
105508
104036
107268
106980
107651
105700
105155
107075
109316
106468
104867
108259
108260
106916
107012
105955
104579
107204
134885
105092
107268
104451
105444
103876
105443
108259
105764
107716
109316
106340
108035
105987
106947
104483
104708
107652
104612
105060
108100
108803
107108
105156
104867
108419
104708
107556
106020
104644
106468
108132
107011
104803
106852
106979
104516
106244
104228
106275
107011
132068
104996
107203
106307
107811
105284
106564
110691
107235
108036
126533
107204
106372
104740
106948
105411
104227
107748
105380
107076
104099
108387
106435
106468
105092
106019
106596
107332
106436
104547
106723
109028
106404
106052
106628
108228
105828
106116
107204
104227
106211
126309
103491
106788
105380
107268
104547
107364
107396
106532
106372
107652
107395
105699
105604
105284
107267
104772
105764
105060
105507
105540
110244
105700
105156
107332
105988
105059
106084
105252
104451
106819
125765
106851
106371
106244
107140
106180
105668
108196
104419
106979
104323
106884
106916
105380
106404
104452
105411
108131
105603
104259
108035
107012
106628
105220
105284
106884
105283
106756
104868
108132
107715
108739
106819
105827
105444
106212
104196
107940
104387
105156
106148
104867
109412
108580
106756
107108
106180
104995
107619
105091
107427
105316
105796
105444
104420
104611
107907
104836
108484
105124
105572
106980
109988
107268
105443
104452
106403
106244
106372
107076
106788
108292
124932
103075
106115
105316
105924
105444
104612
107140
104771
106660
106308
109700
106052
107140
106019
107523
106851
107235
105219
104708
108739
110020
108132
105092
105028
107748
104516
105700
106083
105827
107107
125669
107876
105699
107780
107652
105828
105796
106788
105860
106884
124676
105283
107811
104579
107108
104004
104835
105827
105604
107172
109828
107491
106532
106851
107107
105668
104420
107108
104867
105444
106404
108452
106788
106531
105604
107876
106116
106500
105284
105764
107300
109699
107364
104771
105476
105828
105091
106724
106020
104804
105732
104195
107812
105764
104260
105731
104708
105571
106435
104932
103908
106756
111299
105475
105828
104515
105508
104356
108036
104931
105092
107492
122852
109443
106307
106979
105891
105411
104292
105732
106627
106883
107011
106819
104772
104548
106372
104995
104772
106436
103203
104740
106532
108419
105891
103684
104772
107364
104900
106660
104100
106371
106403
121893
105635
106724
105539
105955
105219
104932
106180
105123
106723
103780
107492
106724
105124
110372
106820
106820
105924
111011
109220
106052
107843
106307
107460
107940
105636
105571
107299
104580
107235
106596
105444
106788
105731
105667
103940
105668
107108
105220
106916
105667
108964
107300
105924
105796
106692
104291
106691
105700
105956
106051
111012
106084
110852
105668
106884
107236
106660
104291
105604
106948
124036
106115
107652
105059
107267
104996
104548
106052
105188
106948
104260
104452
106276
104675
107940
105508
104516
107620
106180
104067
106692
110404
107620
106116
105955
107972
105091
107363
104612
105796
107972
110852
107427
105539
106116
107204
104868
105635
105507
105540
106916
122436
106372
106084
104804
105124
105699
103876
108644
104516
106180
104611
106852
105764
106435
105860
106660
105091
105923
106052
105508
107523
113860
107364
103939
105092
107044
105219
106372
108451
108291
110212
109700
109987
106851
105859
106531
104675
105380
106052
104260
107044
123748
105828
107332
104132
107044
106276
103939
105635
105379
108548
104388
105668
108996
104868
106948
106948
106468
106084
105700
105028
106083
114275
108452
106564
104004
107524
105220
107556
104003
105604
106052
106403
106595
106180
105380
106340
104963
106052
106084
104356
107908
104484
107524
107204
106660
106627
104964
104740
106596
104835
105028
105956
105220
104611
105444
107427
107108
105380
105443
104323
104516
106564
106788
107076
105508
105348
107300
104259
106308
108004
105252
106436
124773
104740
107044
105027
107140
105700
105380
106339
105380
106980
105220
108100
107684
105956
106084
105156
105571
106147
104004
104932
105700
105956
106148
104259
109124
107203
104899
106692
106148
106787
105539
124453
105060
107364
105764
106980
106627
106980
105860
105924
106948
105380
105988
107108
105220
102595
106659
104388
105668
106083
107396
107779
111236
105668
104419
104355
106372
104996
107044
104131
104868
107140
123428
105060
107364
106404
107364
108291
103715
107652
105316
106788
105732
105188
106884
105860
106564
105763
106756
107588
103044
104867
108451
105444
108548
105540
104611
107235
103939
110499
106595
106051
107427
107235
106499
105763
105444
107108
104932
107460
102947
103812
106659
121988
105380
105987
106371
107715
105028
103492
105828
104899
106531
104740
105188
106148
104867
105635
104196
105892
108196
104803
105187
107012
104612
107524
104771
105060
107524
103908
106980
105188
106659
106851
129093
105924
105699
105315
108131
104676
104484
107012
104739
106852
105955
108291
107235
105028
106692
106116
104676
107460
105571
106916
104004
107428
106563
105988
107620
106116
105860
106404
105891
105700
107396
110372
106116
104772
104739
107107
104228
104612
106660
103683
107012
104036
105763
106275
105156
106692
105731
104996
106596
103044
105827
105604
107588
106724
105220
105699
106595
104227
106276
104228
104611
106179
106595
106595
105604
104612
106788
106371
105028
105764
104004
107748
105507
104996
106916
104131
106820
106052
106308
109188
108227
106435
106851
106436
107108
106308
107204
106084
105795
106692
105283
105411
107427
105796
106084
105956
106852
106468
106468
106468
104804
104292
107908
108036
108260
106212
104580
107748
106340
104099
106019
104196
107076
122020
106564
106436
105731
105732
104676
105539
107395
105188
105635
105859
105700
107396
104963
106019
107236
104772
106116
104387
106116
106948
105988
106404
106020
104515
105571
104228
103940
105699
103972
107172
105091
106884
107140
107012
107300
107971
104132
106532
104612
104835
107011
104804
106308
104932
105380
106884
109508
107556
106115
105540
106884
112228
106372
105027
104452
106180
103875
107396
108643
105892
106244
104324
107460
106276
105059
106180
105572
103299
106724
104644
106212
107812
105316
106372
104451
104995
106051
104740
106436
105956
105124
106340
123460
104804
107427
107620
107843
106019
106275
105860
105092
105892
128260
105027
106820
104355
107459
104260
105380
107396
104675
107171
104548
106403
108388
106467
104100
106564
106276
105476
105283
108772
106851
110564
108323
105987
106659
108996
105603
105955
104900
104612
106500
105796
106596
105892
104355
109092
108708
107012
107651
105123
105923
128933
103140
105796
105891
105699
104196
104068
106820
103427
105475
105731
107620
106499
104772
106532
106532
104451
106628
105188
106692
107908
105956
107620
106244
104644
107300
105635
109155
108644
105475
107300
105828
106788
106244
106948
106724
103876
106628
104259
105220
106180
122980
103555
107523
104516
107844
105508
106083
107812
104644
107203
104675
104868
106499
105476
107012
106660
104292
106020
104964
104036
106436
106660
106531
105443
105604
108036
107555
106275
104867
104068
106052
106115
107139
105988
104803
107939
104771
106691
104676
104452
106499
124644
105668
106564
104323
105796
104132
107364
105699
105828
104804
105764
107076
107204
105763
104707
105892
105700
105955
103844
104899
106755
130757
109092
108260
104228
106724
105347
103651
107556
104676
107556
125092
106468
107556
105572
108068
104515
105379
109028
107108
109540
107139
108900
106179
107556
108292
105540
104772
106532
105732
104868
105764
105732
106820
105028
104771
106083
104420
106404
105316
109123
107556
112516
105188
106148
104547
105347
103492
106564
105667
104580
106468
122980
106052
109348
105092
106500
105316
106019
107396
104196
106596
104932
107459
106563
104708
107236
105860
104163
104835
104836
105956
108003
115203
107812
105540
105316
106884
105731
107044
106723
105988
107460
104132
106564
105443
104068
107172
104676
107652
106019
105507
108675
104996
107780
108292
104836
107044
105348
104483
105795
103491
105156
106980
104099
106436
105156
106275
106307
105347
106852
105284
105284
106852
110148
106180
105219
107460
105284
104131
105156
107236
105412
106212
127973
105988
107844
105732
106308
106404
104420
105699
105892
106980
103588
109572
106787
105636
107492
106724
104451
108452
104419
104964
106628
105539
106372
104804
106244
106660
104867
107107
106756
104260
107108
109828
108099
107363
105123
107812
105220
110468
106916
106820
107844
125317
106148
107524
105540
107108
106148
104676
107012
107492
107364
127205
106435
106019
103779
106019
105508
104067
106724
106564
105380
104963
107172
107108
106947
107075
104164
105540
106980
106916
105220
109060
105060
105412
103075
104996
106820
103940
107555
104420
105892
105828
123428
103555
107428
104547
106627
104740
107331
106179
105476
107171
106467
105955
108260
104644
104132
106660
103363
105923
104228
106883
106947
124901
103684
107908
105475
107235
104356
106116
107524
104483
107011
127909
104964
106180
104740
107844
104196
104675
106915
103748
107300
104675
107492
105988
105091
105444
107844
106436
107076
105315
105443
106788
104580
105988
105860
104675
