1730363
792124
660791
634998
630806
646966
636022
643671
635510
647990
642294
652854
638710
678807
680216
691800
629654
622741
627990
616950
624693
623254
635798
625269
659767
625718
632310
626134
618806
624950
622038
683928
624853
621429
632502
619285
632214
621366
657911
619094
619253
632245
617014
674775
645622
663575
635542
656055
623606
625878
633654
622390
630550
617685
650967
633110
630070
635062
632918
630966
625462
648758
621493
618805
625621
622070
629846
626549
671159
626005
618229
625301
615701
627958
621205
639510
626165
619349
631350
619605
662263
620086
648183
621973
630102
622166
621526
662423
622901
643606
626806
623190
643894
619030
657047
619189
639638
621173
620757
632022
621494
636150
623702
648375
664375
638294
625750
617846
626134
627829
660311
623926
620086
623606
620054
623190
614837
647606
632406
614549
620885
625910
630293
620054
656375
621270
619350
623829
635798
629781
616374
651350
620662
621302
627734
615893
627094
619926
651639
617941
628790
643798
619061
622038
615381
649815
618741
615765
620693
619189
631094
618613
650582
617557
618965
626229
618934
630294
617685
671735
622038
617493
622326
618133
631766
622902
652246
642007
618293
627670
619797
631222
617909
656471
627638
620053
643862
625814
632405
628822
655318
629526
630326
630742
626837
636086
627446
663735
632342
617398
631478
625013
636118
628406
678231
620149
659383
633750
627254
639863
626613
649047
628694
661911
648278
640726
623989
619254
643606
624406
642870
618741
622837
628182
623478
634166
620629
651638
618677
621590
630678
624214
625781
624246
657655
629365
620085
657303
624341
620822
627990
656407
637302
623093
623926
621365
627190
622357
652278
619253
627862
634710
618645
626614
621206
655159
635798
672856
621366
619542
622390
614038
648215
620597
663191
621429
614326
622006
616949
623093
620022
653046
629046
627861
622581
618742
627734
616725
650710
623765
617045
623061
622166
649783
630453
655799
638742
625621
625973
617174
624598
616949
653879
624918
617238
627382
630294
657911
617269
648534
625686
615638
628342
615477
656278
633974
619285
625110
632054
623797
622326
647542
624918
653974
655447
640950
631894
626581
631413
617941
649238
622070
622165
628693
623670
667607
638582
674967
654967
664247
635702
630678
634646
629878
636886
631990
657430
624118
628533
638262
626742
626870
617653
654935
625494
622934
630037
621334
628629
637974
686680
634358
664887
621461
618998
621014
638774
625685
614709
640022
623157
619797
631190
618325
632917
623637
662103
621493
618518
621494
619381
624949
626581
655223
651671
626518
649111
621301
637590
621462
663575
630806
626294
633910
628310
640630
628789
658230
619445
616821
635958
617014
621589
621781
658327
625878
618070
625494
624118
626389
621749
686231
623990
614582
624694
622517
628182
627062
657591
630070
628406
649142
632310
637494
644854
651286
637782
663575
628086
627190
642455
623318
630133
629205
664983
628118
624053
639958
622742
624278
616117
659575
622806
621173
625206
624918
631062
626518
667639
625909
655862
628630
621589
627926
623253
665047
629878
664471
653591
642038
625174
621749
629525
617557
647703
622390
619477
634838
626102
630230
627382
668216
630454
624470
629302
628022
639382
623766
661079
619125
613621
621110
616629
629142
617397
658743
624694
622902
640086
615541
631190
614421
659575
623062
615445
628245
621846
647350
633590
664279
634582
618357
622997
617110
634710
620949
650838
624053
623766
634806
625877
633366
637942
657335
626582
616149
621749
618389
634518
620982
654167
641718
630005
641047
638486
657943
633270
636118
622901
644150
624534
623221
640311
611157
629078
622070
647990
628406
626165
640246
628918
633046
624694
646998
635862
629334
638294
631158
643222
637334
653206
638070
632054
646710
628470
635318
625238
646871
631766
625397
637270
652087
651127
625365
644151
619989
621942
631221
623798
637622
636470
665943
633430
626902
632982
631446
635830
622261
657911
627510
625237
645654
625238
625941
622165
655991
621302
655959
628757
622198
635478
626485
632086
630358
659991
626358
619189
628758
619925
635894
619958
657623
622966
633366
621909
617750
624630
621685
659415
627189
625718
630134
623669
640470
624726
651574
625014
617685
622870
617877
653399
636022
652759
629814
642934
663703
620661
620278
620662
669687
629686
635478
627125
622518
632502
625941
668119
630901
656151
644471
621398
624789
619830
625397
621174
648503
636374
627158
632213
627574
643159
631478
654839
630294
632534
636918
638838
633685
620566
649751
643574
640374
629910
635798
636342
621558
652342
621814
621141
623126
617589
631862
618645
655702
626165
642934
633014
630134
643318
634422
663831
635254
635414
640407
632437
639670
624277
656631
624342
622901
639478
629269
633398
629654
662519
632566
625109
633270
622453
632790
625014
658007
637335
632630
638102
631638
648279
624853
662551
621621
624534
632822
627126
627990
628661
660822
633718
651990
621301
656343
636086
626934
623221
616789
661591
648983
625462
633558
613941
614261
611606
637686
622678
610741
623701
616757
632438
623926
651382
625750
662903
630069
626998
639670
619926
660919
631030
658167
626550
621846
624374
623478
645847
627222
646774
624918
620981
636022
629910
633398
625462
669047
624726
614198
623253
617206
661015
655510
672343
627318
621142
631318
624854
633813
625590
651607
631766
626133
625910
621461
631094
622645
654998
621910
623094
647542
626358
623254
622230
656694
631190
627446
636630
624277
636726
638198
668215
618230
619830
631670
623861
632342
623509
679096
629174
637462
630934
626901
632245
622165
667863
627318
624886
625365
624470
623990
626678
689848
619734
665367
626486
634294
635478
618806
660311
652983
659223
622997
644535
617526
619765
625525
615445
624469
620405
651702
639894
618805
628118
622742
630390
621590
661686
627318
627125
636918
629749
633558
622166
650455
634006
626741
637078
628310
626582
615285
662967
621397
619862
623573
623990
632405
633558
642902
615797
617941
624342
634966
628438
650199
644758
627638
673623
628726
625782
630742
635222
619925
614325
625462
619765
651606
623958
617365
619766
629686
630742
622422
642966
625238
619349
629942
616534
634198
614550
658743
637367
633046
636694
638134
659863
663351
675224
647447
678776
659447
690648
658743
650839
661111
658423
675127
654199
651767
651063
664151
660086
691544
655095
694872
773531
724729
671639
695928
660310
722745
665495
662839
655639
651927
666775
663223
662583
663223
675511
659799
682808
641078
674583
638998
621846
628341
622453
637558
628790
668471
624118
646038
629174
618165
629077
622229
645175
628406
647543
631254
629462
637174
632469
644983
630966
652311
619061
619574
621654
619093
639158
619477
685207
629046
623606
637814
620950
624245
618005
650551
619350
618229
627861
620693
627125
617302
666263
621718
616182
627093
620341
634614
623701
660534
626646
661687
631958
624886
630326
623477
658198
613462
657238
624982
620438
629685
650295
633525
618550
655767
622197
615189
626646
620341
629494
619029
647062
629110
620854
636438
617909
628726
624629
657175
623285
632054
629398
617046
630742
630582
655479
616533
612597
623797
617077
625686
622934
640118
626326
653687
623029
618229
623382
620149
642358
620533
618934
633430
621045
620214
618390
647159
622710
614646
623958
629942
619894
614133
650327
619862
621718
626069
623094
632662
619221
666615
643958
625718
627062
635798
624918
622581
654007
628565
656663
632822
637014
623349
617302
628726
619446
660727
626518
615957
631350
620373
629654
621238
647190
637910
618453
626517
618198
658231
618645
660919
623830
618901
643638
627094
631862
630358
666487
628566
624694
631222
629366
640246
628885
657143
633494
623798
629462
625398
642647
630486
659863
637526
628598
636982
629557
640214
620502
655063
621622
629622
624917
616918
628790
624566
663831
616790
620949
637750
624470
627030
619030
659831
624118
618934
628758
618613
626998
629077
654454
631317
623862
628758
626197
626294
627990
674488
629238
623222
638934
638870
628406
617141
666167
623574
658839
627477
622550
618453
640023
654967
616725
658615
623286
618550
627350
625174
636630
625270
661463
628086
626710
635190
630390
641558
629142
661943
632406
625462
631830
625237
636790
625525
658807
630134
628086
649239
621653
628854
629654
652726
628694
624757
631990
628566
636022
620118
658262
624406
620565
633142
622038
631734
617781
657527
633526
627254
635094
655606
627414
620341
664439
619637
621845
632501
627862
639990
634230
647222
638614
665079
629654
625781
636342
643222
649174
628309
660663
636918
630006
636310
631062
628726
621493
646039
629014
622933
632310
613846
635478
626518
647926
620725
618773
625718
618965
622197
612885
646774
622230
616597
631734
614517
625269
617461
661111
623062
616661
624534
635350
638198
621206
648407
635254
616917
623958
617077
630806
618965
667447
628822
618486
635702
622005
626998
620150
639383
623701
618101
623157
618518
624822
613397
650902
622005
622902
628278
619829
628246
618485
641622
625750
619510
626966
659351
638550
623574
658455
621782
623701
636118
623605
631030
625910
648534
621046
625141
627734
620789
626486
626933
661719
623350
624597
625462
623413
630486
625526
651927
629141
665911
621398
621878
624726
646326
644119
626518
669943
632886
630486
634870
628566
637942
631637
651638
622805
613909
618710
615189
626230
616117
663383
635094
624886
631350
624982
642167
631254
656598
637430
631669
642422
631798
642550
613749
653590
615894
615638
625205
626774
635318
631094
668727
623094
648822
625237
617813
621398
618006
649782
622357
623702
636310
625558
629493
637622
660631
628886
623734
637782
631254
633206
648182
651735
638358
665463
641142
636630
649846
635638
643670
630934
672791
647639
625494
628150
624821
634774
627798
667991
625238
623446
630965
619189
633590
619381
669303
623157
612821
622838
616245
629430
621685
669783
624917
625430
631254
629270
636534
626518
648566
630774
660887
631029
639607
628342
627574
638678
630134
663447
630294
629238
633750
617622
629557
629878
656759
627350
630454
637814
633782
642583
628214
651479
624022
625718
628950
620886
642102
631126
677752
624469
620053
623797
618358
625814
617526
665015
622069
630294
651254
634230
628021
626550
657174
627958
668823
652086
621333
619893
630838
631189
626805
668759
634550
624917
638806
635062
640054
628758
671223
641687
632950
636630
629782
642839
630646
667223
636726
619349
631638
625494
636598
623093
669399
630870
626006
633462
628405
643638
638806
678007
638423
631414
643798
635510
645206
645910
676632
626869
619669
625813
627926
637174
630358
676471
631862
631158
641462
636790
645174
628502
635830
625398
664631
624949
629750
631286
626198
640695
630358
663287
632822
624661
630390
622069
636790
629845
656023
630806
624662
640022
630966
639766
630614
667575
638230
632406
631382
624598
643894
637206
665399
633782
630358
636790
632694
634358
630902
668823
656215
653335
618325
616982
618741
613717
625813
615605
645622
634998
638326
633174
624757
631670
624950
653142
635094
623829
632214
624310
637910
629334
663575
627286
629334
639030
626710
634198
623413
662039
630390
627062
631926
640790
637878
620181
654390
623510
618613
625333
616981
632182
621526
658903
629334
625846
635062
633078
647670
628694
671127
634230
631446
649335
629014
640214
620502
653687
614549
623573
636406
621750
624501
623637
682231
627606
660023
623285
616853
627893
623126
659606
621782
675511
636854
631670
639222
632790
640310
644438
657751
623670
615670
633494
623574
632630
630070
660151
627062
640662
632342
622902
629782
626422
662966
628950
626133
636758
632502
652439
633718
680696
621781
622454
626966
618709
627766
625654
669560
625462
626006
637814
623446
631381
620181
656823
622870
620886
627062
624629
627894
631766
657079
625365
620374
625174
622197
627669
625206
664791
625302
629718
624501
621717
623925
616086
643511
616374
614198
646998
620949
621110
619862
653142
618390
635382
629142
624629
630934
630966
664279
622293
622357
629526
627093
644182
619734
662679
624117
618613
635638
621526
624502
636022
685528
625846
617077
634422
620917
627573
620534
657719
627286
624021
635702
630389
624629
621590
669111
623350
624437
625974
621974
629941
616917
657431
629782
622070
622742
621461
627542
616661
666711
630006
625270
629045
626870
638966
619093
674103
641814
661879
627126
623542
636598
621942
633782
636950
646294
628918
626806
632182
625078
632502
625653
649399
629462
631766
625750
630134
644534
629430
656982
634646
627606
637206
628694
637654
630101
670007
629974
620789
629718
626741
639382
623125
661111
635446
621749
622453
630453
635094
624438
654390
621526
623669
639126
633846
647638
641366
666871
641558
619573
623990
625270
630133
628629
663575
629685
626198
634934
625654
630710
636118
674743
623670
645623
621781
618070
617749
619541
623765
622070
662487
620726
623254
630614
624854
628854
623414
659959
629942
680056
640918
624790
635030
627637
643543
623254
618486
630774
626102
637686
623765
651958
625910
632278
629366
620694
628246
616789
670615
636054
623509
624758
619670
626357
620182
654230
624598
640886
631062
629526
632630
660535
662327
633398
674679
641079
624822
619925
617109
629941
619669
639254
618998
637750
620150
618997
631190
618101
650198
625877
623318
622678
620725
658230
625781
644662
628630
625430
629813
623030
644854
619254
616630
629590
628405
623765
617301
650582
622229
618326
634838
622581
634902
623094
671927
628438
619798
685240
635126
633558
624950
655607
630070
667959
631254
625237
629398
628694
633878
638871
663671
627478
623989
634966
630582
630870
632054
669367
629302
622838
638102
631158
639638
628758
663255
630134
631926
628310
623573
623606
619926
654774
629910
624726
635350
664791
653591
633206
661879
624182
648119
622038
626230
637078
635574
645399
618677
655287
631094
620981
629942
619894
656055
620021
661847
628310
622582
631349
624438
665848
630581
659511
632374
625174
631893
629142
668183
629302
662103
628950
631701
630934
629814
643862
636791
672951
625589
622966
631126
626165
639830
623606
657751
625973
626422
633110
631030
637270
653719
660023
629654
617973
626678
619573
630614
623573
651094
638198
627926
639094
617557
651639
626550
648599
630390
629078
637910
640630
650486
643702
667223
625046
657911
626230
635606
644150
641046
648503
633014
655990
624310
617622
627222
618613
628341
617237
641814
640311
622870
628630
631446
662295
639350
666263
632150
631798
638646
642262
640599
636726
658199
629045
632726
636118
634294
628406
620725
646326
626486
619605
636150
636598
629141
618389
661238
623477
622038
639318
624054
626261
626038
650615
651991
674584
628054
622774
634454
632758
639126
633718
662551
624213
632758
628245
636694
631158
650998
666967
620981
615349
620630
644694
632982
617173
628118
620469
676279
623222
629782
622390
620246
627894
639862
660119
621494
618134
625013
659255
654902
631734
628565
644502
652887
615797
614453
619701
620022
621270
623862
647127
622005
630485
638006
617301
626742
615989
648151
618678
617142
624342
620565
650486
621110
645910
626038
626326
630678
622518
648983
624629
643318
625877
619253
629141
615414
644215
612502
614293
617493
618293
626166
619670
649910
621398
627606
626390
621782
632533
619893
653494
626422
622166
640790
627926
670616
627509
658935
620982
620309
629622
626037
631286
626710
664599
636022
650551
625334
619926
635574
624150
652054
631510
623222
632278
627062
636790
620245
657590
633909
625014
635318
627190
635894
628726
666263
630326
658615
636086
636214
632566
626773
652631
626389
621846
634390
633942
639190
631606
635958
620693
652407
646230
623958
626198
618198
644502
623766
664279
625814
625590
640342
629813
644503
621813
657623
632566
625206
635478
628661
635318
624341
661847
619990
619989
628150
619030
631093
625590
660439
630966
618421
624053
622582
627894
615893
650518
645558
675319
619734
622517
621526
624629
634614
628629
649431
628118
621845
633142
620758
621942
616981
650839
628694
623638
627637
625590
638678
624278
673336
629110
617493
635734
625142
636182
625078
655511
626550
625685
629878
621270
644758
618581
654295
625014
617589
619477
617525
631509
618517
656695
624501
618293
633494
620438
631285
620693
645910
623958
619734
626805
622070
639382
623797
659159
621942
622422
625334
629686
624149
617173
668663
649846
647671
621622
614837
623573
623478
691416
619573
655287
629110
625110
629269
620598
629398
620918
640535
625014
626742
622549
612085
627414
616789
642582
620534
618837
635094
620277
629462
623157
654742
624918
618166
623445
619894
632854
624342
674327
642614
620790
623989
619734
631382
618485
652759
624629
616821
626870
623541
631350
625269
659511
623797
620949
625846
626550
638870
630646
653911
628757
629654
639414
621141
624405
619926
649943
628694
621589
631574
650742
629237
621334
654134
631894
625845
628789
624501
642774
629910
648022
616726
611350
624565
620373
638294
622998
653815
622646
623574
620854
624277
634454
626806
651254
630518
620469
641078
631638
625014
618869
652054
641238
655286
616981
620566
622646
621685
626390
618165
646294
625974
635510
623926
614037
621462
617461
652919
623701
619958
621397
619958
628758
625877
654583
629366
640566
638774
634166
639095
635093
653622
630518
642774
642839
627254
630166
625910
673687
642838
627830
626933
619477
628022
621845
645943
616438
623830
625334
622933
625525
621782
656375
682423
628502
640951
622614
626454
616789
630646
637814
655606
623253
620054
660598
624501
630710
618837
659831
623413
635189
628757
622838
637462
622262
668760
627029
622230
621269
622774
632694
620725
661431
630294
620726
633782
623093
633814
622582
654903
624725
624150
628757
626326
644631
631478
672695
634454
663191
632502
625365
635350
631894
643031
632598
647606
630614
630038
631605
628854
642102
639862
657271
627702
628342
640982
630806
644502
633430
669495
623221
617014
623990
631446
633910
631318
658071
631318
634710
630614
623318
629365
628918
672888
630998
625237
662007
640470
634582
626678
657143
630006
672247
632886
627446
629910
626230
644726
631574
665943
665335
632918
626325
622262
632374
631958
653367
630326
626006
645302
627061
642326
637622
656535
621462
622550
627958
623381
634806
621621
667319
632790
630998
633526
633942
630870
622869
668375
624181
625813
638294
626806
623254
622902
661559
633110
629814
637334
637431
634998
631574
671543
635382
638006
628117
620598
633206
625238
669368
625622
621366
630902
651254
624790
617077
651095
621942
656823
629590
622165
627862
626773
637910
624917
666743
643158
623606
626198
624725
643318
626550
665815
626550
629206
635158
634390
639510
627126
656022
627702
628150
629398
625110
635414
641654
670103
617814
650902
638582
626870
629590
618870
656758
626934
624309
628822
635190
634518
624149
655446
625302
624278
632693
625590
651254
626166
667031
634454
630870
634070
632502
643831
635126
674423
626742
619638
631350
630294
644214
631126
663959
628534
621718
627254
622294
631862
618997
656631
629590
621878
639830
621206
635638
621909
660599
621174
618678
625814
615542
626966
631158
691288
634070
631894
637782
631894
634422
628726
647030
632470
664343
640854
639767
653079
631061
638678
633141
665783
633622
629526
638262
633878
635926
627926
664791
625558
629877
636566
631734
634838
628822
662583
633750
622518
623157
615830
628726
621301
655254
629366
626965
631862
614613
629110
618229
648055
623093
626101
652534
633974
644310
633910
643478
628566
654679
629142
631222
640886
630134
644183
637206
670455
624822
626933
635510
631446
641014
634550
663639
630165
626326
641238
626197
640630
629046
656855
632981
636790
642390
628566
630038
634486
669943
634806
630870
637270
636406
642038
633430
676855
633942
663127
625494
623446
630837
625334
673495
620053
652279
621430
619701
629846
631254
655990
622038
674935
631414
629110
641238
633782
637974
643542
677175
623734
618934
624118
621077
635510
627382
660695
621558
620310
625942
623542
627957
624310
667319
627318
628406
639318
624629
636886
614901
660087
626134
627542
646103
633622
642615
634358
680855
634358
634006
625910
634646
636278
638615
705113
651958
662039
633302
627893
634646
633206
644086
632598
663415
640470
636054
658455
635798
645622
636214
662199
632246
628245
643159
624342
631670
620373
662007
626678
625013
632693
628150
656855
635254
668600
637494
627158
631894
623285
626742
620565
648375
623798
620629
629014
622101
633109
627510
662999
631125
625014
673335
638166
630966
624854
635126
627510
653175
629462
626837
638070
622454
634166
622486
652215
634070
621942
628662
622422
661270
633398
651190
624725
618037
626966
618197
623509
621014
657462
628662
626037
631734
631990
634166
637014
648502
621045
615349
621718
620437
626806
620949
656598
618390
623958
631926
623766
627350
628214
671223
631766
626582
635574
631733
634454
641590
685783
620661
661335
633814
631222
635766
632181
643606
632630
665719
645750
613205
619829
616085
630422
617302
661207
633334
632118
640695
632469
638454
634134
638230
623702
624406
632374
629942
636886
621621
669527
629366
640310
632662
631830
635222
626902
666551
635830
635670
645878
637942
645686
641078
669303
619573
622677
627286
628278
640759
628053
672919
633686
640150
636246
625942
632470
624693
670519
638710
627606
630070
631446
640790
623670
661623
624950
661495
629302
624725
631702
624054
646551
627286
663799
648727
635830
632598
631382
640310
638518
658551
630966
616725
622965
625142
627734
626486
656375
630998
632406
622965
614742
624150
622517
647383
624917
627446
630933
623094
634870
654198
664599
626229
647542
631446
621558
626101
634870
629174
626390
651575
620853
620821
632918
628854
650262
630614
650038
625974
617525
625557
621461
630358
621397
649238
626645
620501
629558
618517
635510
620021
649846
622421
616918
627254
620789
628309
622453
664663
633206
618229
629014
618101
628406
619926
654967
626390
634678
631893
625686
637430
633365
666359
641366
649751
627862
621974
628694
632341
671063
627574
629590
664151
629686
631381
625621
653687
632566
669815
634422
620469
632310
626582
633046
627222
661846
649623
624629
637718
630549
640566
629782
677687
659031
634678
631478
647990
637302
616821
662551
628342
625813
640214
634006
643127
634678
670551
622838
680088
642262
627190
629941
628502
667959
629526
643606
626006
620629
623957
618646
628949
624758
655254
624598
625622
634294
630518
640374
630646
657142
658423
638774
620501
615381
630870
625333
645910
623574
623798
640342
632470
633046
629334
650006
621973
620438
629046
621846
634774
625686
656215
622934
623542
614773
612821
630166
624246
654391
625301
625174
629366
634390
620790
616053
663351
625461
625270
632406
635542
637110
625878
630742
622870
652726
627862
618006
626230
618485
636054
622294
658006
628214
631478
632437
620438
628278
621654
647798
616501
616341
631797
628662
633142
634966
651062
620949
619477
631766
631766
634390
645334
661431
623541
619957
618229
618646
628662
630902
665015
626102
621429
624789
619414
622709
626710
670871
626389
654967
624790
619349
629110
618134
650358
619157
642902
631509
617206
624822
633334
649846
628342
659254
634230
630326
634614
628278
638710
632726
662518
640310
634262
639190
625301
631990
628278
657527
628566
625686
634390
634134
634582
645334
659767
630198
626710
635446
630709
632598
628949
675031
630357
621302
624534
619798
631733
624118
671704
626677
674135
627381
624438
650678
631894
629110
618710
642870
620726
622261
622134
623542
638454
626198
650103
628501
627317
627958
622901
636118
627414
652535
639639
619702
626326
625718
635702
624694
643735
629206
625621
634966
623734
638294
623093
648502
635350
634198
632118
630038
675768
652855
659479
626902
620694
631286
636534
626902
622902
649815
626933
629366
635734
628566
638806
633302
658519
637366
662359
641526
635318
645111
634166
646902
636182
664727
630518
633686
631062
633686
640471
635990
673848
649462
631638
641207
631989
648823
639510
645463
619317
621109
630326
626774
630870
628438
687736
626709
620277
632054
623734
631030
625174
662711
628758
662327
631381
622549
632086
630678
638935
629462
661463
635318
644502
623637
618197
622806
618325
652854
619637
641526
627733
625558
632629
625877
656247
623061
618485
628214
624374
620853
618006
667960
626709
625238
696248
630454
652854
632406
638390
628534
664535
634742
618869
623829
615926
636886
618678
651255
620501
621366
630358
633942
642390
635190
657782
629974
658039
626166
618357
627894
622293
656022
624982
660695
626422
621654
636118
634038
649623
634358
659095
634390
630518
635958
626390
651670
619926
717561
684120
678199
635510
629590
638518
632118
643926
632758
692184
631413
626837
634774
635702
635190
628118
683735
626901
626870
632150
630070
635958
633174
666775
633013
655863
631766
630677
637974
633110
641974
650039
668920
645239
642102
659254
635990
636758
633045
661079
635062
663767
639350
635830
638070
628982
632886
630774
660631
633782
625973
642070
629334
641686
633206
663351
629686
626550
637878
626198
639351
629014
658551
628246
632054
639062
631286
634934
620213
674263
644566
628502
632278
623478
630070
630870
646198
610005
640982
620918
618453
627286
621462
654487
629110
661303
623094
624214
636854
627894
649782
624854
660247
632310
625046
632022
636918
654775
632278
665239
642102
625846
631702
631062
669976
632726
668951
625686
617717
629206
623542
655671
627670
656087
632502
653142
630710
618358
627670
626261
662999
632214
622454
627830
623798
632310
621813
654679
626806
627861
625333
630614
643414
621622
663255
642614
628566
626390
621077
625813
626613
666039
630837
649302
636534
621366
635254
622486
632278
630453
650934
630389
628950
626678
626901
636182
630389
650423
628886
622390
639862
623126
632534
619477
651991
631254
641302
623125
617174
633718
659799
674231
627862
620277
624630
622037
635798
622646
634390
618806
653047
627830
623061
629238
633974
638678
627158
654647
628534
627510
635382
629558
647670
624278
653527
620502
614774
626902
616053
627510
614741
651478
622006
637910
628022
620278
631702
622134
669623
624150
621078
642134
626038
631222
625397
665687
620085
622294
630390
622357
629973
623349
669655
642838
628086
625014
618582
622613
620693
659031
635926
682360
629590
625494
625430
628534
632085
622774
656663
618933
624406
630550
631670
643862
624854
655671
622998
616021
628534
617941
625269
617397
656471
620949
626549
625110
621014
624374
627573
663351
628373
625846
637014
626294
635606
616565
659799
624310
623062
628501
624918
633237
691224
649943
627638
645015
623190
616406
622421
619990
647479
624790
638998
620085
619861
629718
618902
636534
621942
667448
696537
636086
634326
622389
621013
619926
688664
658775
685431
629878
665431
627734
636598
626006
626485
627670
618901
650167
656535
628054
631733
611701
619350
620822
655702
622005
621878
630294
623190
626453
615637
649911
619349
619381
635382
626614
632022
613813
660055
616725
652887
634518
623158
627990
617654
637142
628726
652535
616117
616341
628469
617718
644694
624981
653559
622870
625046
633974
630325
639702
643766
666455
628662
619093
626645
624374
631606
626838
667351
629621
653590
625238
616341
630998
622453
659031
628309
660567
629686
670808
651927
624629
628214
622005
648982
626934
621269
632534
632565
635638
621878
644726
629398
631126
643383
625558
631446
632118
670391
628054
661143
634518
631158
639638
628758
628885
622966
668791
625910
621334
624886
622070
635702
627702
683928
628694
624246
629558
622294
627893
617077
671319
629077
628406
629398
624917
641878
624758
666967
623669
622902
622838
620501
637399
622038
674935
623061
626198
625397
622262
619477
625366
643478
625717
662423
636182
641686
629749
633014
636342
632854
666583
633110
631734
639126
636214
640407
633206
671384
623605
616854
633142
626294
630805
623253
661815
638070
666455
645398
624693
635798
625429
641462
626869
672695
628790
625461
640310
629974
634678
624054
710456
647926
663543
625046
620502
623669
624629
635126
625206
649783
616693
616501
620437
621654
630102
621077
650134
632918
619317
631542
629558
637142
625686
661047
629141
626006
634550
627733
637654
631286
658839
631222
629398
632278
626422
640086
631830
664535
632790
626614
638934
626902
641302
635862
658967
632758
672055
632309
627030
635126
628310
639062
635094
655446
632470
623509
629333
626998
636566
634262
667223
633558
640566
645814
634134
621430
620469
642295
619541
640662
633462
626934
621910
619190
645174
628118
648950
633398
630453
641559
630518
642710
630614
652503
625110
633686
640214
630774
638198
624150
663863
628822
626613
627894
622997
639991
628981
662519
633046
676727
667799
637398
632822
624693
634774
630390
660919
618517
620086
621878
617205
631670
620725
654295
623958
629717
620949
618806
629974
624278
657271
624405
661591
630166
623605
638902
624758
668439
626006
655959
626198
623222
634358
622229
632342
624981
647831
634166
621014
627926
625110
637366
624693
658775
623670
628533
627670
616214
632566
618965
652695
625013
623734
630645
623094
654711
635894
655318
628182
620789
644023
623381
624662
619861
651095
627062
657975
637622
625078
634870
631222
631862
627029
650455
633686
630742
649591
624181
629141
623317
645974
628278
626870
634102
627830
636278
628726
661367
621398
619926
628630
619957
632597
628245
650711
623093
625814
629206
633910
634486
635926
653175
624950
622581
625557
624853
637494
629397
661207
627286
617909
627062
623317
631094
624981
666007
624726
659319
627990
622774
647927
630709
639446
631574
668151
648023
631061
635542
626102
652791
624213
663063
624054
625878
630774
620725
633206
624565
664599
632949
617493
624341
618133
631222
625750
676375
623573
678871
626102
617109
628821
621142
629622
620245
644374
630486
617909
628278
630838
629398
630262
659159
625878
622582
627253
623222
642742
625142
663031
631190
622614
626997
621045
628789
617621
663959
634902
618069
638262
624726
624790
622581
653046
624917
665143
631958
620790
622838
618581
654103
621910
649910
619957
623189
634614
622358
666391
625430
655095
694040
639510
623605
619830
629334
624918
652374
629590
622869
626902
625558
633782
622869
657303
628021
618069
627894
614166
629398
618549
681368
622454
620021
626870
620949
624854
622678
656663
624694
624149
629174
622453
630614
630358
661623
621014
627734
631158
627446
639606
628854
678775
622678
630902
619894
615381
634198
624502
661719
626454
624566
645398
628470
632982
632725
672600
627414
624981
643702
623253
628086
627702
638838
623573
674711
627030
624982
631574
630742
635766
642806
675479
627285
625686
636438
629686
654583
621845
664023
617974
619798
629014
640854
625845
616725
668376
625269
621590
652983
626293
708472
654711
649687
642934
657463
633206
630390
655991
679351
660151
625557
641206
617845
649591
619605
620182
625398
622326
622677
618101
639926
632917
649175
622486
616086
629238
633590
633046
629718
663831
642806
622069
618549
627670
638614
626966
712953
629845
623318
632886
626678
642454
638486
646742
619317
622325
629174
626837
633526
623221
654295
632086
628854
626805
640151
631766
621142
675703
622966
617526
624885
631478
636918
619669
679736
625205
625270
629622
625334
637206
638134
642262
617365
653782
623317
626006
624886
618614
622582
620341
659447
629173
623638
622070
614870
622389
615957
647478
627478
624565
621078
620886
623926
616309
661111
624886
646454
624693
635734
626037
616502
660311
620214
666295
621013
614421
625173
628918
632150
626198
648246
617493
613941
619477
630645
625590
619445
644694
618549
620758
620374
612981
637879
618038
652182
627318
622262
631766
624790
643382
621750
657303
617781
613334
620022
631318
631125
617109
655991
623061
616085
624598
614197
627478
616021
650263
612789
615573
620597
615254
640406
619093
652535
615829
615925
624085
615702
633141
616406
650198
621206
631126
628406
615862
618134
617558
655990
623605
620341
622486
629366
630998
622421
654967
624181
667575
624534
631638
629141
613141
623958
617557
648055
624470
616309
633142
617941
624982
616405
651190
623126
618773
629110
617301
640182
614293
652087
616213
613429
621942
616053
630326
617429
697496
624438
616085
620854
613941
629302
613909
651351
620981
625430
626806
617589
622421
612213
641271
613845
614261
619894
629910
628981
618902
652311
628406
623157
624757
623221
631126
620277
666167
618581
615637
627318
621846
632598
622166
676856
626454
623638
622934
618454
628181
617493
656215
621174
620086
625653
623062
642359
635734
667991
632246
621910
622133
620341
623094
625078
664919
653206
624342
627030
622934
622390
617077
659959
632086
660887
633974
634933
658167
634934
640534
627861
657750
622934
619285
631766
622069
636342
624245
671959
634678
621078
628022
622710
629558
629301
656727
633270
628470
644695
635766
640438
621493
688696
627382
655095
633622
626614
632662
627861
633558
626645
649142
622869
613717
626678
616533
625878
650262
655991
618806
621333
621366
618325
624726
621238
638326
619670
613782
624726
629686
631766
620853
648662
626677
618646
624629
616917
628950
620534
680375
641526
629910
636918
627029
639766
628470
665047
634550
628662
641718
633558
633302
632373
665399
624789
657015
632406
615221
626549
621782
629014
621750
661015
624726
614358
621205
619733
635158
620566
658262
630293
617429
629622
628790
624149
618294
646326
634038
620278
625653
618261
633974
627317
673720
625845
625782
628214
622774
634774
625238
688088
624309
617653
621109
624374
637015
620917
650390
624758
644566
627893
618742
625429
617365
665783
615509
616054
625781
619926
628214
638518
666584
622678
623509
627286
620118
635286
625813
652950
641334
658327
636310
633174
632086
626934
638038
633430
666231
633750
627189
633142
618613
631061
621654
644758
621174
623286
624502
625750
639318
618582
653591
624789
616694
629366
615317
620054
620245
661942
621878
626966
626198
623925
631446
615734
672023
632534
623285
630198
623542
628086
625461
666935
612725
615125
623605
616981
628245
620310
658839
621014
665335
627766
621526
628150
623797
634006
636630
643222
624405
620854
621717
625910
623701
618070
657559
626262
623541
645750
624981
625206
632342
651095
621302
617493
621269
620086
629270
627541
665143
627029
670711
650071
641398
630998
621813
634294
627445
661175
629782
627286
633174
625782
648726
622069
673111
625750
621493
622390
620310
620278
619254
651095
623734
622261
636886
632630
637366
630710
661879
634837
628790
640567
633877
634358
629494
670999
635510
661079
635350
631894
643190
632278
636342
629718
665751
630421
631222
636694
636598
642839
636022
674295
638070
630294
637558
634390
640694
636406
670232
628246
632982
636694
629077
637078
629014
677559
633846
626102
630550
637974
635414
627798
682808
630613
633206
641654
645366
633717
628566
635990
630837
672119
633334
627541
635990
633174
652246
629397
672599
630998
633462
642262
632374
634454
633526
679832
637046
681303
623093
615573
629910
627030
642678
626742
670839
633814
632150
642262
635574
644374
638326
677239
639734
634870
644919
638326
656599
629718
687800
632214
625750
626326
624150
625014
630134
679960
628054
658679
630229
627958
637334
624918
667640
626230
658967
626422
625621
630006
626005
640726
628373
670808
636470
628021
631382
628566
638711
630293
660886
628438
627318
630742
638038
632502
623158
651095
634325
629238
641462
633334
650838
626261
668503
632662
633718
638806
634006
640887
636502
674456
639542
649622
632630
626837
631094
626198
645462
628982
667703
634998
632117
629910
619926
630166
623126
658518
618710
618134
622485
620725
636182
625493
660183
616886
623862
628822
620086
631638
623509
674295
630997
622358
629526
620853
657142
619702
659223
627062
621397
639286
620918
627990
627702
665463
663255
680216
632182
623509
624917
615253
625845
614581
651542
620981
619509
622773
622198
639030
630390
670871
629333
629302
629526
627126
639286
631574
671447
632950
631766
635574
625942
644631
628310
652055
625910
626966
635254
628886
629622
626934
654327
621430
617301
626550
621429
630902
622902
675735
624021
633110
624598
616790
638711
627990
672759
629462
660151
626422
619414
626678
619222
628565
623350
651319
631510
632342
644150
626838
635990
625686
651927
623573
617525
632534
629398
627413
618581
655959
620150
623061
626486
623381
632566
626870
669688
627414
622966
627894
622486
628437
621269
666903
627221
627318
624565
620533
619734
612917
663351
630326
619894
622293
626422
630870
617750
657878
630870
666200
618165
624213
621302
616693
629877
621846
642871
641270
620437
625430
621557
632726
618998
655415
625429
635702
633238
622678
710745
652951
668472
631414
626869
638679
617365
624565
620501
658903
618774
636374
628118
616245
623574
620981
657111
628310
623989
630390
621590
638614
626037
671607
618869
662711
624661
620790
640662
617782
626325
616534
671735
622101
615254
618230
616789
622262
614037
698456
626710
618870
627125
616949
625078
616213
666839
620630
619350
622229
621589
642742
622421
658679
629654
626774
633654
627926
631670
638134
663415
615701
664695
635766
634390
636150
626485
638966
625942
662903
632662
629718
634006
625270
639607
631574
652502
624917
616277
625462
624885
685432
633270
662839
621334
653399
639254
621910
623734
616981
627542
622678
665207
623542
630678
636022
628182
639350
625590
672760
634070
630710
636662
629238
638646
626582
659671
633942
634230
641431
637302
649239
640374
670551
622613
616245
628630
619157
626133
622613
668343
629014
620821
633589
635830
633910
623062
655991
623382
620661
633141
629046
636246
632822
664151
649751
672311
622389
625750
631861
635798
634294
628310
666776
628022
649526
628438
619477
630806
619797
660951
635990
633334
638615
636022
631093
628214
671735
632566
627957
637270
630678
636054
632118
674551
617974
656215
621622
614677
624342
616245
627990
628374
663319
633910
627638
623542
618645
634518
628918
645910
622582
649302
631382
646614
628661
619093
645591
627830
622261
629461
627382
635222
629814
668535
631798
641878
636662
633429
646871
637686
687928
637111
639415
640310
633622
638806
624982
632566
623285
664951
635222
620565
625718
628630
628406
617846
664215
630934
628886
635574
630678
642774
634070
673591
633782
628821
635798
623830
627701
623350
659318
621813
628342
633654
625462
631958
627030
659415
624502
688568
630453
626229
639478
639254
635862
626198
670520
629526
629109
631510
629110
634742
626838
670040
622453
623413
627413
620470
630069
626517
662167
659446
672151
633398
626486
628886
630934
637142
630550
674583
653110
621237
628213
623478
632502
624086
670231
626006
648662
626518
631638
641430
629814
664279
620502
620373
621749
616885
627381
619989
660311
625334
622293
635190
618709
624790
616918
657751
616725
661238
623477
615958
633878
622358
629941
619862
712985
628502
621429
632630
626902
627958
626133
658007
625430
623766
627862
621270
631669
629238
660375
628629
629686
630166
640758
639063
632854
673335
630069
631414
636918
632853
639446
620181
668503
628822
628758
630422
626197
642006
626934
636854
627030
693496
630198
621301
629845
620629
638646
624117
669975
626550
631606
629078
629558
635894
629109
667415
639478
619925
629397
632758
629173
622614
663927
621813
622262
619349
615094
624405
625621
662134
620533
615925
630678
625589
636598
625974
690328
632822
644919
615061
617877
624693
617877
632662
620374
646422
619285
617173
629654
627542
641942
621814
664407
623158
624310
628758
625493
636950
621429
663191
623062
628117
631669
625334
635030
625238
659383
622965
624022
630997
627222
632437
622581
662519
629398
625014
634294
627062
636054
624054
668567
629717
631958
633270
632054
638806
630582
663415
626294
624374
631382
626806
647190
621494
661750
621078
622358
631030
619541
623414
618166
628662
617269
663319
616373
621174
626229
626006
633686
625206
664791
628406
630806
635094
619894
632822
623510
667319
622934
627413
650775
624310
632982
624374
662455
630774
627222
634070
648278
629974
626838
661271
628118
663159
634102
633238
635638
622326
653335
631094
674775
628693
620341
627638
626485
634454
624246
673911
635350
621974
630614
624566
628661
625238
671607
628278
621814
624918
623702
641302
625750
672727
631222
629205
636406
631862
639190
625078
678519
628662
632694
636854
651510
628214
622678
678584
628054
664951
625269
625654
635862
624054
655542
630710
654903
623445
619094
631798
624022
633654
624598
667383
628117
634134
645334
628662
642454
639094
644791
629653
655863
633686
631350
642646
633686
632822
626325
646679
626198
627510
632917
626262
634614
618454
658839
622325
624310
632438
626486
637366
629814
640471
613749
675767
631158
621590
632150
626485
637814
625110
668983
630454
628918
637879
625526
672824
648278
644662
629782
656982
631382
625462
634710
632886
638070
638326
660343
634678
633910
634262
630262
636374
625494
658135
633237
654039
626678
615829
627222
619701
665751
631638
649559
622486
625014
639062
617365
627061
621110
652310
623734
621878
644054
622294
629685
630006
650934
618326
614229
619381
612533
619670
620277
677784
623318
622198
630806
625813
638934
629046
672727
631574
684920
642359
621238
623318
622518
636406
620662
660823
622166
623317
625141
616565
620534
617270
660823
629398
625621
640439
631222
632982
625653
672183
624949
666327
631926
629526
633238
634070
639798
622902
656535
626709
624149
632630
624694
633814
633429
670039
633910
633654
637974
630326
641238
641398
660022
623765
619669
623477
619862
635958
625206
663031
628694
632470
640150
634838
636214
645014
657334
629558
625654
635446
635254
634454
630518
636726
630805
658134
629270
624982
632022
634390
637014
622677
677367
627094
630677
631990
624213
628949
632566
658039
620406
649654
623958
613525
626998
622581
669655
626806
662263
628885
623958
635542
645110
636342
624470
651031
628661
628406
630613
628470
639510
625974
665367
630966
625013
630582
627030
632533
633334
665431
622005
622166
628150
617269
631510
617782
648567
619413
654551
623285
620533
623510
625462
632406
623669
645655
622646
624662
646582
621750
634550
624982
658967
632662
626518
630966
633558
635990
623510
664215
625398
624598
631030
649078
644630
628630
644310
617333
614517
624214
618997
626485
623254
632694
628821
652567
636022
615509
632821
627126
634934
627894
661751
638454
628214
638902
634838
640086
632758
662967
630070
623478
634774
630230
622901
623797
655479
626742
622901
634006
629238
626806
622486
655478
624757
662231
633270
628918
629365
621717
629526
629910
665623
627606
625302
627254
630614
638742
626966
666167
632470
627894
626581
632630
621174
619061
668183
632757
668983
631382
629078
632822
628437
631670
628885
672088
620374
624437
632405
632406
647766
633846
688760
628566
617973
620117
614997
620917
618422
658646
637238
669399
621429
616149
625269
616949
628022
629110
672728
632054
633461
667127
646582
640150
620277
648438
623381
620917
631606
624630
632918
641110
664759
624278
661591
629142
627413
633653
628341
625814
619797
652855
626229
621110
626166
615958
633302
646550
661815
620373
623734
629270
626838
640118
626870
669271
633910
625110
636086
620246
634390
618581
656279
627286
631830
642743
638134
637590
631926
671832
627414
633526
640375
631158
647767
642358
649686
627253
658679
636790
635190
640726
629846
647159
633878
673624
630934
659830
641398
622646
637942
632118
636758
630166
659767
642710
638710
643382
637558
627990
629878
659863
634614
628886
634518
622838
638743
613334
660502
633270
630006
643542
636374
643190
630582
679447
641014
637174
629302
620022
630070
637174
646838
629174
663543
630550
629270
621557
619029
629014
625718
676984
625174
627094
631350
627254
626326
625269
665399
629782
624630
629109
631222
630678
627190
668439
624085
626326
635574
627382
631574
626806
677239
633174
672919
635478
636310
634006
623094
670296
627862
663383
624726
624149
633302
627061
639702
628150
677623
629237
624597
632022
624694
634006
626134
665879
627638
619093
627158
623990
630998
624373
655574
634326
626710
631990
627414
641686
635542
635286
627510
655223
628406
639254
632150
626293
646198
636598
658358
642646
633814
643447
635638
642518
622325
651095
634358
627030
635126
633206
650199
623574
644279
620757
615861
637718
626710
632982
628885
662007
635542
624982
694872
662455
637686
628758
637750
619221
660279
630870
629462
637174
630614
631541
626390
654038
624438
626677
631094
622998
631349
622613
662775
631797
628470
631126
628981
634933
626933
676503
637462
671223
628246
625142
624982
625333
637750
621781
653847
618549
613333
620470
618837
626645
617237
651255
639990
621813
633878
623062
630134
615829
661687
633141
620886
632086
625910
630902
615637
637622
619797
621109
626101
629781
632630
619573
649750
640886
629878
627189
626358
628694
624406
662999
622966
650007
617814
616277
618422
643094
632054
616630
639766
615829
617334
618933
644470
631637
620438
650102
626582
620597
624822
620501
632182
621654
644246
622326
632789
628918
617301
628022
621333
648087
674583
642998
632662
627126
648886
626710
630134
622710
648470
627254
623830
632053
628694
635990
637366
655286
626357
620214
630870
620277
630582
619701
677112
622966
618581
622550
618229
634614
638199
664343
622069
619126
628182
612917
628246
611958
661719
618645
619349
624438
618166
631574
617589
647063
619574
612662
626518
622517
660535
625462
663863
622037
654327
624118
617333
632214
619317
639382
627605
663415
620886
615509
622806
640919
629622
621621
659127
617653
659255
630518
618998
630358
619606
627861
618037
639542
625397
616182
636502
621397
635638
629302
658742
634294
632438
638230
640630
635190
624694
651991
624758
616822
631382
621173
630262
626518
653015
615830
622806
634006
645719
630838
620118
627029
624566
647607
622774
620117
652503
621013
632694
618646
649558
623157
619830
632278
623158
636310
619701
658070
640534
621141
629110
618005
627286
620277
661495
622805
639990
629781
617782
622741
620341
671479
624533
623030
627926
625973
636150
623797
667479
630358
656758
630326
627222
631926
622517
637078
627477
654550
633462
640406
638422
622421
635158
617077
647318
625013
616629
648247
624566
626390
622261
684760
624437
621206
619253
616373
624277
622837
645366
622294
666647
618101
617813
628694
625237
651958
627958
656342
640470
635222
633750
632533
636758
631350
650102
627413
625494
631478
626133
639158
627765
663255
629525
622229
619798
620886
632406
620469
679960
644214
628949
624725
641815
622517
620821
646262
626613
655670
634134
621814
633558
627605
637334
648566
661527
624118
620886
627702
622645
636566
640726
664215
635222
626326
638934
626582
635670
629590
665335
637142
623701
623093
617429
629013
621301
662647
629590
624309
625845
621301
638390
629046
649558
624949
617334
631286
628118
627542
620598
649046
627958
622101
641623
617462
617942
621750
661495
638838
651094
628885
625398
645175
631893
634998
637686
647766
616821
617749
622933
616693
628854
620981
657399
633846
612534
621045
621877
625622
620565
663031
623989
623318
627894
620469
626550
615157
648662
623126
632150
630870
625302
624725
622454
650902
626006
646486
626613
647191
646743
625462
629334
622805
652630
632662
634454
630838
628118
630934
628982
653846
635318
659767
634517
623382
626038
623637
653590
633014
650678
625686
619925
638454
632502
640406
628150
660087
636054
627318
634038
621557
627349
618294
654231
626806
624502
628662
625910
630005
628150
669880
630549
623222
636598
630741
635094
628982
652246
629365
628949
636598
621781
631862
625910
662263
630326
656247
629654
630998
640502
621942
623894
650807
662903
617909
625206
631926
628630
655702
630518
656375
624085
653174
630198
622838
629109
615830
623414
619189
666807
624694
620309
624630
628118
631702
623254
673496
630326
617941
654103
633942
634101
617909
643798
619190
675000
638294
624374
629398
621269
655767
622806
657047
628213
626166
629878
631990
640086
633654
669943
631030
619478
623381
619573
631606
627926
657207
632758
629430
641302
627029
649430
627925
674903
631126
627221
628918
621205
640118
634518
664119
627510
627990
653175
622133
676535
638678
636694
625622
655638
627574
624405
631030
626870
638487
629334
647831
625750
621782
624597
628374
631926
623670
663639
663383
670455
629558
626741
635318
628470
635382
645975
646678
614613
617078
629174
624502
628406
622965
653879
635862
657271
628469
621973
627669
620597
629877
623382
664695
632981
620437
635254
625814
636630
630646
653334
620469
623382
632310
620213
627542
637206
669943
627990
621525
625750
627797
641974
630774
696601
637398
631798
623222
618581
630102
622902
652279
623126
617110
691320
669047
636630
625910
635030
627285
656598
628470
629750
637910
632054
631734
628757
651510
621269
619862
633334
626005
626422
636022
651639
620726
645878
624245
628278
631126
628534
631990
625333
643030
621782
618453
627062
620822
632597
626070
653430
624213
623766
627061
618901
628886
671863
657847
641430
666423
622678
613718
623125
625718
622518
614005
656183
619478
619701
623670
639254
625462
621590
670007
627477
627638
630358
622325
633654
624758
662999
633173
662039
627990
619829
621654
619157
629590
617782
656983
625110
622614
643542
618742
635510
622134
657142
621910
615285
630646
628629
664023
634774
656119
633206
617685
626325
620054
622805
615702
644087
623798
620758
628917
624533
636790
632373
659927
632086
660086
634390
625110
634262
627926
664311
634934
666231
639702
634518
644438
626902
627414
619637
649366
629333
624214
638678
627510
640310
641078
656311
624149
619638
630550
627766
633110
624566
657014
630294
630102
638038
650934
643895
633942
672663
639190
665687
647447
627957
624950
613109
629206
622934
668983
629589
623286
634422
628342
642071
635766
672471
626485
620214
633462
621941
627638
616822
656950
626773
648790
632950
622581
640502
617973
660119
621334
661750
622806
622005
628758
627510
634454
622741
671447
627574
615413
623542
620053
634422
620053
657559
622006
618965
637718
628981
628341
620502
663127
621973
613717
625078
617046
632950
617269
651223
623061
620341
622741
619446
630454
621973
668983
626070
616597
624598
615894
623382
625366
656950
629654
648118
635862
622838
630198
625589
640022
629686
648791
633110
631445
638198
631382
628886
627894
653143
634198
628278
639478
633494
639286
630966
671320
623414
618517
628245
613878
624982
619350
656151
615253
628277
631894
623606
634518
627989
633781
623478
661335
626838
619605
634294
626390
639286
621942
648215
628694
624214
630070
630390
638358
626358
683000
622646
615574
625909
614293
618901
617045
659510
621878
624118
644311
626837
633782
627446
676856
626486
664759
626677
626390
630966
623606
642934
649207
691512
635126
639958
632086
628822
625142
632598
656470
684183
673336
632630
651862
629142
637462
635030
626806
635510
616982
655926
624534
621749
632629
622838
639575
630710
674007
631446
629205
634166
633270
637910
627990
664919
653527
644630
629142
621813
632533
630134
634390
625334
661078
633462
630678
647734
633206
646999
632438
665111
637078
644438
630838
620469
629846
625141
661239
628566
630774
641463
640438
639990
634070
646679
641430
674743
621590
623062
628822
626550
630838
622358
659606
622997
658999
637270
624918
642454
618453
633846
629974
665527
635542
637206
637942
634998
642518
623030
649302
620278
618933
630166
627797
636758
622261
670615
628598
623189
631190
646871
636054
621621
642710
639382
652726
623638
626678
630486
630806
625494
616917
654326
621301
627637
627190
629429
644502
626646
656470
625750
626774
644790
627990
637558
626774
665239
624758
652758
634326
627445
637654
632598
641622
635510
643222
624502
621013
629206
619894
633366
619573
654550
630390
630710
621621
618710
629270
621397
643926
624214
621590
643607
629590
636502
619061
662967
623605
618550
626293
624181
637718
646934
665175
626742
622550
630614
624886
625142
627318
660759
624117
670647
618262
619285
631286
625654
635094
626614
664791
629013
620597
634582
631254
645334
629877
679575
618389
616693
624662
624853
635126
628885
664087
626102
635670
628886
615925
629013
623541
677111
625301
622070
622710
617973
630933
621110
666423
636086
621557
631350
620150
626838
625301
667863
630806
631318
630997
624629
625013
628246
694584
641495
658583
629846
627254
632150
624021
638422
629013
670551
633653
629942
624085
630774
626933
620086
657942
619830
617205
635350
629686
637622
629557
663319
629238
617878
626262
625046
638966
630102
656983
631190
649718
633334
631158
628853
618710
633430
619510
643287
635542
624309
635958
623414
635382
627798
658231
634550
630998
630294
619062
632726
631126
658199
631445
623638
634006
627030
633654
625173
665079
623478
663895
626262
623830
624406
622614
630294
620086
662679
624598
639286
627093
622262
635350
627798
668055
631190
628886
635542
629590
639702
624565
673176
622261
619542
629141
618518
641590
629078
657303
627574
658615
636694
618422
627477
621045
663671
632277
658295
627446
626517
631094
625686
634870
629749
660471
632950
627094
705080
649911
633590
620821
651478
621718
620790
625174
617397
626933
619766
664759
619894
668759
632758
624917
631638
621814
633142
627030
666487
626678
619382
637910
620406
635286
624790
654774
631062
626742
629942
632342
629590
623030
643126
627766
624630
640630
621493
626357
616470
656247
615701
664727
618998
616437
628790
630901
627190
616053
642294
621333
620949
628982
619798
634038
625685
649270
621398
619317
628565
631574
630774
623734
658775
626294
619925
633974
627094
634454
649558
660279
614486
617238
626806
619413
625686
621909
673752
633750
622198
622869
621749
622998
619190
662071
622293
672087
632150
615605
619957
616630
647126
617653
645910
624149
637046
634134
619670
631381
622389
659383
633494
624854
641494
621974
635510
619605
657975
628597
625781
631989
642806
631286
617014
654582
614326
611606
623158
615029
629781
615957
662999
616406
618422
640182
622101
628949
619862
659799
615733
635318
629813
628694
632182
633686
653495
619574
664023
637846
626069
632598
626070
644886
631222
664023
622774
622870
635350
630261
636598
627798
667031
629654
627350
631574
627350
645302
616757
658583
620309
613237
625653
622165
635318
628566
652183
646454
623445
626677
643606
629878
618774
646486
622805
620246
623254
618710
630486
626966
653718
637878
657271
625046
619733
629910
622645
627990
624662
647798
626934
637750
628790
620469
633974
621238
664503
625078
625174
644599
620822
626582
617366
642391
625430
616117
631062
637910
633974
623670
651223
623541
625621
637622
616918
628150
614517
667127
621174
622742
628470
623094
635414
625653
671223
624501
630230
627446
621846
638422
627093
688984
627350
626453
632438
627926
632501
624630
677272
626613
672024
652567
624694
624437
624694
633014
625430
655223
627445
634262
625014
618869
627029
618998
651126
622934
640406
630037
617653
633494
617877
644630
628821
633110
630422
621430
638134
625365
646198
660759
633558
626070
620502
626902
623157
639158
621717
657655
622934
621941
631062
616021
626070
626358
643382
630550
627285
630294
620246
624758
625334
651222
620469
620598
632214
620917
663671
625366
658647
626070
621590
626965
621301
628662
625653
658999
624214
628405
619382
617973
625653
620885
656471
622389
621078
627350
624854
622517
621334
670743
625461
619958
624917
614517
643062
616117
649398
618325
618229
625557
616949
637014
624342
647670
620981
663415
628725
619477
625590
625622
635670
633590
668951
623285
624086
628086
618710
628565
620182
661847
619157
623797
637238
618934
627381
620918
678391
620725
627542
636054
620565
624310
620309
648886
619510
621206
626102
622581
621238
616790
675448
630422
685911
641814
630454
637526
630261
643702
635286
670743
630806
631574
644151
615669
625269
623606
662935
623189
621590
621973
614101
627702
613109
653431
619893
621525
625430
622709
641974
622934
650998
618261
641943
626614
615637
627158
619285
625942
619701
660311
621109
613525
624342
616501
624341
621718
660343
624086
622294
638838
624629
628213
617206
653238
619445
619925
626581
638390
640470
617078
656439
628726
625525
626037
618645
622197
618421
661975
625877
620981
622518
618965
625621
619125
661239
627638
620950
623222
630806
630550
622389
650390
622773
664759
625814
624277
622933
623318
631190
625334
671767
624917
621782
629526
625334
633942
621718
662199
626038
622646
676664
649943
627445
624918
649399
615861
616086
626646
619542
621429
626421
657815
620150
658999
624597
630357
635830
620854
633525
619605
644759
625845
624086
630998
631510
646358
626838
658038
625333
624725
628630
620950
634102
617461
675736
623766
623893
632502
621909
632310
623830
661943
618069
620213
629589
626581
638614
623702
655511
629366
646455
635862
621302
622517
621493
668151
623702
665335
630773
639415
630614
628150
631510
618549
651222
619606
615702
619925
622773
645814
616277
656983
632693
629430
635574
628502
637814
638614
658294
621974
622901
630966
624310
631158
624374
654518
621142
626582
630294
625334
637430
624086
660535
625398
660342
630518
627222
627413
621206
630837
651095
674328
622038
612469
624598
619893
633398
625269
654487
672375
640822
632246
621110
625461
624790
634934
629846
651030
629941
617750
633014
628694
633526
621334
667383
623830
634902
627894
620533
631317
616501
664951
624053
622485
636566
622101
646006
628821
655863
618197
618837
629494
625141
634294
632982
635254
624758
650838
625462
617813
632118
625462
632438
626197
673495
636918
624278
629974
626614
641526
633558
719929
635446
626550
635126
630294
635702
633686
671255
637974
670392
632694
635574
640214
635862
644342
631126
676535
634902
628886
626934
620950
633398
630965
674743
630966
629078
629078
626390
640534
627029
663511
635318
621109
631318
622774
629558
625045
676119
625974
679351
638710
626901
626197
624373
634870
623030
651638
624693
626294
637654
631317
638422
633718
653495
630838
633846
636566
625557
636758
630678
652278
631382
628566
638103
626614
632310
625526
647414
626902
646999
628789
619062
634582
629846
638518
635254
672407
645335
620181
625910
623638
633942
627030
665079
634006
632245
626038
622038
643414
630902
658679
638614
624758
636278
627446
646327
621526
649686
632310
630037
646582
632118
621653
629430
654199
629621
658999
636950
631638
640054
632822
642966
628886
644759
623926
621141
622358
621685
633398
623702
645943
636822
619413
625493
623509
627286
621206
652343
621205
623894
628470
627637
633686
621557
657463
628150
625046
637623
633462
666839
637399
698969
622165
618709
621046
620213
625046
619541
670711
627766
666103
650518
620822
625142
620822
634902
640150
667703
635222
636918
645047
640279
659159
625621
662135
621589
620950
628182
624821
637558
626742
671895
625654
625589
637558
623222
634262
626294
667287
623670
623349
633174
634518
631862
642871
661911
622549
657175
625142
618518
628278
618005
635382
625270
664855
630581
638390
632118
624086
634038
632950
668983
628342
630230
642582
631990
634550
619925
665463
629910
676088
644502
639030
637782
633782
637558
623669
665559
625910
625045
629046
622486
634006
627958
658647
627542
625173
623222
620725
627478
623062
684344
622422
613013
627989
619894
627574
624726
658135
623893
694424
637559
623382
622389
631510
639030
629621
648374
635510
633366
642614
634550
636214
622837
668503
621750
624373
631030
630262
634262
630838
661015
642070
624181
631894
623318
633653
627349
658359
637014
662967
637366
634614
638966
622581
628502
618037
655254
625110
623797
643478
632373
637846
625270
648406
628726
623254
635062
622390
638774
629750
665623
636246
630069
638934
621909
638262
624342
651734
628438
669399
633206
630358
629814
619029
632694
628597
655543
626998
627926
633846
615957
620566
617621
657079
623925
621974
635062
620437
635478
628150
672823
623541
625558
633269
620342
630486
623670
664631
623702
635382
629334
625494
630358
625781
662391
632502
648918
632342
649718
636918
630902
621046
619574
649687
623413
616341
629974
620534
627477
620054
649622
623030
627222
624598
622293
637046
630902
655287
633109
622678
627958
626390
643990
626517
663831
630358
625366
638742
617813
626518
615510
643991
634230
633974
630038
626550
635638
630965
655254
637622
633046
649206
623766
632150
622902
660759
630998
656374
635958
634166
626837
624214
637110
631670
668375
634902
630870
629174
629174
648151
657879
665495
623382
624054
626582
620629
629078
624054
664887
630486
640470
630517
617525
619157
619989
644919
624214
676055
628278
614518
646455
628854
636886
629078
664471
634422
629750
634582
633526
638006
635638
671831
638134
628694
655191
622709
630070
622645
654711
622261
619509
673271
637750
636566
624853
628021
620149
654583
630422
623254
628822
626422
632182
625206
649430
628117
650967
639894
626006
630902
625749
666007
624501
620182
631574
620405
635638
620405
632566
630678
652694
618197
612022
621622
613845
627830
618134
652087
626742
626390
643094
629174
636694
634582
656247
628758
624662
633270
627318
629462
619478
651414
622006
619861
632214
625622
630326
619509
663223
640438
656663
632534
625174
640311
621782
627510
624725
665175
629238
619030
627702
620470
638935
621301
659607
621078
621973
620789
620470
631702
619830
668759
627638
621206
629174
667095
648406
622517
646519
618037
615125
625557
624374
630454
625526
653526
619573
639990
636758
634870
628438
620245
626870
622390
644950
625686
623349
623574
624246
636054
634646
646647
616245
616821
624982
618773
631030
621621
654775
631830
621366
623190
624949
637142
628822
657207
629014
628278
630390
626453
636502
624693
688152
617942
616373
619414
617973
626326
635285
649815
626230
626390
627157
622518
631670
622038
646039
624854
661431
627349
618229
628982
619989
649335
624822
651862
623221
621077
638518
628310
631510
627542
662679
628310
633526
637078
639350
630102
618645
662103
627958
628598
631830
633238
632886
622422
640054
625909
656503
624053
625046
641046
625206
634998
626421
660375
640374
619637
622326
619478
631542
625750
668599
629302
623125
652534
626678
625430
616534
674360
619381
640822
637430
625013
632277
623189
629557
623093
646006
629462
621685
627542
616182
628213
623093
651894
613622
622678
637910
623574
627574
619286
659766
627477
623637
633014
628630
631734
624501
668375
629558
628342
630198
625077
634870
628694
652343
631830
648310
626901
625558
636854
626965
656663
636246
663702
635094
625654
639126
626326
633654
620021
650135
631062
624405
640854
632886
629237
618453
654743
626485
621750
634646
635670
631990
628406
649366
618358
650807
627670
623062
627125
623030
643606
628246
667927
633046
626645
633654
633334
638390
626453
662550
633302
625750
634006
621781
645014
619094
671959
621718
620694
626613
621013
633430
641174
666743
618933
616886
631286
624629
675671
643670
638294
623670
652887
625110
623958
635253
626166
630102
624278
665239
623958
628501
631478
626326
631094
619798
663991
623125
662807
628374
625142
637366
626966
630486
621749
665207
629302
623670
627958
626038
627221
621173
660311
623798
627446
629430
624406
631157
627254
659479
628502
623286
629942
618358
629749
616245
655255
623957
625366
629814
648726
642070
632118
661207
624437
621142
637654
626006
632854
624598
643126
637878
660311
624502
616021
624598
621365
638230
621078
661271
622550
623253
628182
619734
633557
642935
677719
622550
612725
622485
614069
628694
623126
660726
626294
624565
628406
625302
626198
622870
687191
624469
658935
631093
622582
694264
642775
638230
621590
650135
628245
629462
639062
616342
619478
617493
640534
623222
621909
629910
620758
631862
619189
647542
619477
639447
631606
627509
630102
626870
648215
631830
654263
632246
623349
642167
626358
648982
627253
650166
624502
619894
635030
626581
635222
629430
651319
630646
628438
645110
618197
629142
622134
647990
616821
618613
621942
622325
631478
624790
665239
617302
620438
624502
619798
625782
629238
632118
614805
668887
631765
623702
617942
619637
632150
620694
665175
620054
617653
625686
619638
635062
618549
667287
622389
618805
628245
619926
623158
631093
666199
624630
659863
625013
613621
629558
616533
631606
617493
675351
620470
619382
623573
619190
628405
621878
667831
630358
625654
631766
630070
638646
622486
659127
619061
625526
617526
622006
628822
638902
652374
619990
619413
632502
626870
637270
621366
663383
638294
653623
624822
620853
626326
617269
656279
619382
656215
622709
626646
630262
626550
665655
629430
662135
633238
620629
620854
618677
628982
622198
667191
626390
618389
636470
617845
630741
615670
649238
621654
617366
620725
638134
631990
618614
652407
621686
628886
626262
618454
645430
637078
661015
621430
620725
627030
623157
639446
623126
628086
618646
668247
623510
622358
629078
627030
629334
614422
661879
625686
621845
620085
625910
628406
620022
663031
625909
621334
628278
628310
629398
618230
667383
622006
619221
625846
619797
620662
649463
694136
624341
653463
619093
616150
621685
618869
619125
625558
660726
638806
624565
627733
621526
635446
621013
662423
621142
617398
628853
630966
647702
632278
670839
630262
623638
631413
627446
642391
632758
674647
634678
625493
629333
628374
637174
632630
649302
631157
629750
633334
622710
625782
618805
649846
617333
618198
622454
629205
617333
614645
662807
619830
657719
624533
619254
625270
634102
633302
618454
647222
617717
693400
644630
644566
634070
631798
636502
627542
670007
623926
622646
634102
623221
636278
627862
664599
629654
628534
639158
630742
625685
616245
665047
625653
661270
626965
632854
630838
622646
632694
622998
654871
624917
626262
634102
622102
638615
626261
661591
677239
645398
625494
617237
624245
620757
650487
626422
680503
628246
617973
625557
623350
630454
623381
675480
618934
612597
625910
621398
634454
620086
668375
638358
617173
625781
617141
633654
616342
655606
634998
627094
625398
623189
631894
632918
665559
628502
636662
624085
618741
624534
618358
659574
626870
622518
634998
617589
628534
624213
662455
631862
679864
636438
627862
636246
630485
631190
638454
665367
626965
620630
640150
625110
646550
627477
664727
622293
654615
627318
626293
635382
625654
632342
623541
662103
627894
623414
627286
621750
635414
622582
678039
627510
622421
631798
617493
630614
622645
660631
620021
617365
624470
625301
634806
630581
660311
632309
615894
621654
689463
634102
625173
627574
614166
644534
620565
623062
625813
630901
630198
617494
651511
621494
617621
625141
619798
637110
622997
668791
640278
628982
630325
633077
633333
622870
662519
629205
623894
632854
628981
636118
625238
669783
625686
624374
630645
626709
634454
633014
643094
631062
688376
639190
635734
625910
622741
636438
625334
665271
622966
643223
632406
627605
639542
618197
655350
626582
665399
630422
621237
633109
626934
633462
633590
645014
619381
621558
617846
620309
630102
621302
666359
628246
622006
637974
626230
636598
627093
662230
636886
671831
632373
627830
628470
622197
625206
621397
650903
622101
616918
622421
617717
629302
618357
671543
619925
621782
640790
619797
626870
672119
667255
621557
652791
624630
638102
627894
619766
627061
621494
670967
622742
621686
626549
631670
638582
629942
678999
622869
621653
630198
619733
626998
621590
680088
620566
616373
618965
616053
619925
623990
671031
625590
669655
622933
618742
630997
622165
666807
622229
664855
628886
627573
634582
634806
631830
623958
656151
626262
626198
629302
622293
636598
621429
675415
626134
622677
634806
627606
635478
628150
665047
643318
621366
624438
619765
625045
621078
661943
626869
654422
620694
615318
625973
618486
658231
623446
664951
622102
629046
627221
619445
635926
626741
671095
627733
636246
621525
619510
628438
622997
651415
620405
618934
632918
627606
638486
644471
657239
622134
650454
626038
621526
630742
626933
636150
628278
669943
622006
627765
641750
627190
631637
620694
675799
630358
624086
627350
625653
628822
624309
671256
628661
628758
636086
625046
629814
627862
666487
620022
622262
627670
631766
625494
618230
666967
620021
664023
624885
620406
629686
622293
676536
622710
654999
624725
623989
622998
620149
632470
624950
655703
626134
631510
626230
619125
643862
629174
664663
625333
622325
638102
622518
630966
625397
672664
622357
618742
624054
616053
630741
616117
658582
621270
619477
624694
620502
647670
622486
669528
626582
628245
634678
626998
622070
618870
654935
624885
663447
626934
622997
636470
630710
639734
626934
666519
626166
622741
662615
638742
629494
628117
655351
620758
620021
628950
626806
632182
628470
673783
623702
669079
621365
626454
630102
629014
637686
626134
673399
625685
620181
631222
1485267
646742
633558
624150
632150
622005
624181
654103
623926
647159
624854
618646
622357
622262
634326
625526
666903
621718
618933
623446
620342
625333
617909
653718
618357
619541
622550
614357
630198
622742
668471
625622
620054
620949
621877
640726
626294
664663
626774
639126
626005
620629
620342
615605
662007
627702
622773
629046
618133
628982
624533
661175
623702
619030
626806
627797
638742
631093
679319
630326
660023
619542
617717
629590
632406
643350
635190
671031
645078
625078
619669
613206
622582
620693
659991
632054
638454
632438
627414
637942
627478
651895
628310
625333
631254
627157
632886
620758
648791
625174
631990
623221
619669
625462
616822
640118
623414
643766
636726
621494
632789
623509
657814
635926
647638
623862
623573
626998
617654
627670
624757
647735
638390
628758
636118
634646
662551
634614
658807
628406
626646
630101
629621
632501
628982
654742
624949
661847
629334
623574
622645
616374
660886
619573
673559
635702
624310
626229
629110
647670
634486
664599
624693
620310
626261
621365
625878
624629
665719
626230
620277
629302
625718
631798
621334
660855
623125
656182
628982
619766
632630
620022
630101
635958
670423
625077
619669
628342
622038
633110
625589
659927
627862
624597
635958
632982
659319
620630
650294
622806
626230
629430
624981
634422
629974
663159
632438
644566
630710
628502
636470
616725
648278
618517
648758
634646
628757
630902
626966
641014
627798
658007
636598
627829
641814
632502
641046
629302
669399
626645
627670
642006
652278
633558
626165
668311
636566
679000
638743
638518
657559
622870
629718
618070
656823
626134
627509
626486
626933
635510
625813
666871
616086
610581
626069
631094
627925
622582
684791
641334
659703
617013
617301
619894
613526
628021
617461
658871
620854
618261
625014
620437
641110
631638
663959
629494
632662
630806
633526
640630
632182
668567
649814
617781
619157
617590
628982
620341
663991
626678
626902
624854
627254
636854
622517
651959
642326
663831
630390
623862
625205
624981
640726
629046
657175
629206
628534
639670
622165
629718
622069
661463
628022
618709
640823
619061
629622
621078
670232
629398
625238
627222
626357
637334
629494
670135
625270
620694
628662
624757
630485
618646
644534
621462
673367
623094
622518
627606
620566
627829
619541
660151
627158
625717
639990
615061
631190
621429
660695
618773
625909
627286
625430
629814
