2232523
1137606
988993
1033987
998593
970657
919743
946848
921151
920190
943360
998882
960320
978657
938047
934559
915135
952544
903102
950080
951008
946624
889022
903870
881758
899902
873438
890142
885726
889214
878781
883582
907422
947552
908734
878845
895390
891582
885630
896574
893886
899870
898142
922399
887358
918495
917950
913022
887197
889150
887742
924959
1018850
988225
983585
1004130
1005217
984993
966848
992770
1005442
976289
970657
964512
996481
980705
986113
974208
990305
982913
988705
1005985
998657
982209
980833
988353
973153
989633
980737
976929
999810
971488
964128
968064
978305
967424
957440
955264
994082
987393
979809
961825
972032
974272
997730
978081
977536
1004610
947296
954944
962272
988289
956096
1000386
1012002
999809
990754
977409
960193
972032
976481
959680
993825
976737
963456
976353
978176
945567
972096
951968
957152
981536
983937
974944
961728
961376
964737
990945
970721
975008
986945
986497
972992
973441
967328
970336
973601
973696
998754
980545
981921
968960
967105
969312
984513
956320
956992
979297
987137
973024
953248
954048
964640
969184
953728
989281
1017762
995554
978593
969376
951199
981760
975424
957280
996577
978145
972993
969121
946047
963681
962048
951808
971617
988865
1008545
965536
969344
974337
957536
964577
972673
974817
977953
975393
957472
963648
983905
961857
971489
969280
992258
996321
969344
968289
950687
974529
965728
956192
946816
986497
985665
972001
955552
983360
967393
977793
950272
983009
975681
966112
970849
956160
956608
972768
948831
980097
1047651
965217
952928
962592
958880
969216
967456
960960
1006082
1014466
967232
974304
966560
979265
968481
964480
986145
983265
964161
968705
976896
955168
957152
949216
945504
996961
992833
961888
971104
969408
967360
967520
954751
992609
1001057
959553
960576
994529
973249
958496
964544
962240
977504
978145
958240
971969
966176
961504
971937
970368
994305
996225
1003041
972929
951456
971040
970689
966816
961856
994401
997922
969409
949344
985633
968225
969216
985793
982721
991873
995809
978241
968961
968449
979072
980929
983585
986721
998977
955968
962240
947680
961152
972384
951487
965665
997057
944864
956640
966048
953664
947999
937855
982529
977089
956992
959040
949312
959009
954688
976929
961088
981344
968609
957536
961889
966880
971937
965280
951615
998817
972673
939871
942432
959168
959808
965184
989602
959264
990369
995362
961248
947071
947328
938144
952832
959744
1014722
1000481
971425
962272
980288
988513
997698
994049
1013058
1002049
995873
994145
983585
975232
1015522
977537
994593
1007394
988225
998369
978721
981952
988033
979969
1011362
1014306
1005314
986049
980449
993601
960416
975233
1013218
995362
990209
976225
986657
980032
978241
1006978
993121
999521
971041
988001
985569
973280
973665
1020674
995650
968416
970849
965728
982848
995969
996578
1028066
1020546
997378
983809
949631
977024
993570
980673
1002913
984417
983681
962753
976832
973696
966848
958112
986017
1024770
990401
1013922
1016354
977537
990689
1011042
989409
971552
958880
975105
958432
950048
972608
964224
983265
1009986
966177
952256
967041
961185
986081
964096
965377
995681
1002177
974017
971776
963872
960160
955936
948192
975328
1005954
959393
963936
952928
963072
958016
991169
957760
1002881
982561
962688
968256
968128
984641
961856
962560
957024
971233
970977
954624
958433
961953
960512
974721
962784
977056
989250
967425
977121
995969
965313
975200
979969
963392
977473
994273
959712
967296
964576
967424
979169
960736
963232
993281
979617
966112
959072
956799
957792
972673
975136
997249
985185
960768
959680
961088
981921
959680
943712
980385
1000289
983745
975040
949919
959424
955808
959808
947871
994146
988929
992257
969889
969409
976032
953600
950304
984449
967392
954432
1011106
952031
969921
1076132
1091397
1057123
994018
985089
987521
985953
982400
1008098
1001249
979649
963168
981665
976289
991329
974272
1007169
1028290
981089
962496
977888
970080
973761
950176
996130
1007650
1003329
984417
974913
953632
1060996
996098
1020707
962304
979713
984641
1000098
996897
976353
988833
1002274
977568
964672
959968
1000289
991553
1001090
1005633
1002306
997090
992481
979041
985025
976961
960992
999393
994882
1022434
981601
983425
983520
985057
979169
1004801
980321
981728
986593
986721
989697
979841
969920
1013378
987809
995713
992705
973824
1017282
971969
1012961
995618
975841
1006178
982049
980193
977601
959264
1004641
1011009
1020386
992897
980768
950400
969408
972576
968320
978176
961889
947488
973120
944447
981025
991457
984993
978432
979937
982849
965984
955424
965664
979585
960288
956672
985313
1002273
967392
971584
972097
958368
956896
942303
989154
975457
969312
982081
965696
975585
961472
969984
957216
983457
988993
967392
944576
951936
949984
976576
955680
947776
981985
954656
963520
964032
960832
972960
972193
968193
973312
1011586
988097
976384
971104
975585
984897
970880
1000546
995361
981857
982913
981760
976481
970241
968384
1011202
996097
971552
987809
988193
984384
1009442
990498
1004673
1003297
981857
958400
1023586
987009
969440
990658
1005410
980224
983329
980448
988705
987489
981217
987137
1004641
985825
971200
973409
972896
970848
971296
997441
985505
985313
964704
974112
973088
980928
972832
998082
1011810
1001793
978977
979585
975937
982881
990209
991553
1047139
1023394
983681
980033
971905
980033
1001506
965216
965857
981601
975009
971968
973248
981441
996289
981505
980897
969056
969793
978560
974753
964864
989025
996385
961696
963808
975520
962016
956288
950336
961217
979361
957248
947616
960672
950432
970976
969505
944800
981057
982689
991425
947103
964576
988737
954880
953472
980481
985729
1044099
1045219
995745
1000481
964864
998113
986593
970976
962464
972608
991009
982657
991361
983873
980705
971073
960960
947903
969825
952095
949568
974689
1013730
965248
985313
968609
990785
975425
965952
1021730
1000962
985825
985505
962336
983777
986753
975521
990977
1009826
976225
998785
997218
971617
1066467
1039715
1004961
982529
1031075
998273
984097
998625
974337
1009058
980385
988481
975265
982432
987745
962368
967552
997986
991873
982880
980033
984513
987937
970080
972064
1001762
995713
992865
1001794
988641
1000930
971649
993985
1028738
1036483
1004162
1004930
976001
968609
972225
950944
981409
981664
958784
965280
952351
997666
1011074
1003809
1009762
974081
960736
966400
952096
971809
1022626
1180615
1046403
985985
980097
987073
968704
960865
998497
1020578
972289
988802
974241
979137
970913
958848
978177
987521
959616
955808
960608
964640
969825
963456
954208
997826
987681
977697
968608
973633
976193
980321
975169
982881
987809
968353
1004546
1001538
991554
974528
966913
966497
995682
987297
970400
977121
968416
975040
958688
953408
967552
977409
970528
961760
992097
972512
978944
973633
962016
988513
974176
951584
962977
954656
985057
951616
954912
963872
978689
954336
940736
934463
972736
951968
978177
955968
969025
980641
961537
961216
942079
942528
966848
954848
952224
979136
967040
957664
960384
966912
963744
973632
976769
1020994
988065
952704
973185
962592
970720
979744
951296
957728
996257
980545
990209
972640
966368
975904
967744
965729
995810
985217
968960
958336
953920
992834
992865
1005762
1013826
1046531
990209
975201
971872
950208
960896
1000034
1008322
963328
954271
946304
966976
972065
992033
949279
986081
984384
973088
980641
976224
981921
983457
962624
1000033
995009
965569
979425
998657
983041
992290
972417
990466
992001
978945
977889
972993
972608
960896
965280
972256
977185
1012194
988801
986785
983361
988897
947775
986593
993986
996610
978592
969760
979169
963232
954976
956480
970848
998433
984001
968481
944192
965056
957088
967520
931359
1023874
997634
993058
966112
970817
979745
978368
964512
972513
984897
994945
961600
969473
963553
965280
961248
956896
980705
969664
984513
970208
992417
971009
963585
962048
965153
990945
985409
965121
975296
975969
983777
956544
1006017
1006465
985345
976321
970689
965536
1072964
1001281
979969
973857
981761
987809
963296
964384
964864
954432
947936
994849
1008930
973824
955552
967808
966912
968129
955904
971264
989537
968864
969024
993921
962496
973216
957216
956512
943520
973217
1021731
958144
944128
947103
957216
949344
945952
949312
980001
969440
952224
951264
968129
995650
987969
962720
959808
967968
964896
967777
963680
969857
1000289
958816
944159
1113893
981185
979297
972641
953631
970176
957152
944448
975297
976129
955968
957664
960832
949439
969344
942591
960256
974017
1030979
951520
950079
944576
987809
980865
975104
998497
1021026
953344
949824
958688
961696
959712
946496
948544
976097
984385
964160
974145
960672
977633
960512
954336
973248
953664
963168
948000
957760
949504
961024
948352
941600
977729
986817
982305
952448
952800
957280
952703
960512
956352
973216
984257
963328
967904
969248
963841
962112
962688
955168
971360
988673
957344
954656
953472
965536
944672
961408
947872
971008
1005761
974528
976608
955680
954432
960192
954368
976065
989153
958016
958272
958144
946975
1020386
996482
1015234
996641
984449
988161
1052131
988481
966913
1071140
1023746
982081
962464
957152
966913
973600
952479
976033
966016
950496
980033
967649
966400
960704
969152
949920
972193
978656
953664
957216
982625
969696
969760
971712
995137
1000705
1001825
955392
986593
958240
984544
967457
990818
1008289
1015778
992193
973568
1013730
980416
971713
1016706
989889
966433
939744
955232
961280
977793
1085764
1046243
1012706
990049
984769
967009
970048
978209
970048
989889
981633
969569
985697
969601
967041
971200
966464
987841
995074
973505
969953
965184
983521
982785
965633
991809
977057
961664
978177
966304
957664
962592
977024
973761
978561
990913
953504
984225
979393
1056676
1033922
1022691
1002913
996706
1005538
998338
997345
984385
989761
991617
978017
963712
975200
993857
971904
962752
969728
1007170
998434
994369
964128
967488
977089
970304
960704
1007425
1004002
989921
967616
972193
968096
958880
1000065
981569
984257
951744
952800
975904
962720
975201
953824
973761
983744
966400
954112
950880
966592
951104
996578
998402
972929
961472
948832
933887
952576
963136
960225
978785
984833
967264
965632
949216
944224
947040
1077124
1017154
1174759
1037699
1003873
985697
1002113
992897
1032867
1026370
973665
985345
981953
970080
990626
989410
1001026
1012226
997314
982785
990561
1001889
975969
969761
1009634
997601
979873
989153
987265
980640
994657
997186
1008610
988481
982561
978945
978849
983937
975457
1001922
1020162
992770
1046243
998689
1012322
975424
1002242
1001506
965505
968161
976257
1007649
979905
982977
1018466
993377
975745
971489
984001
988225
984481
979105
1023330
998753
983392
967233
966625
984321
966656
968001
1013089
985953
994465
992097
998017
967872
958080
992417
1001505
977153
967840
979488
993633
973921
963040
965057
1047715
993922
972960
952959
951744
966241
960032
999873
998913
974368
973441
959680
947071
973568
1067075
1018530
995426
990337
1005793
988481
977697
998465
963744
994786
998978
973185
965504
972576
980353
980481
962784
967776
998177
977569
966080
969761
980641
972224
987489
965760
1016130
1007425
962784
956608
958496
972480
953600
957568
983649
1004193
965600
958400
966592
971136
969664
957024
954144
987489
988673
974369
977153
970944
961536
972640
971873
994817
992705
976928
957248
964673
972225
979617
971681
962976
997089
997505
973088
955776
972128
952992
941760
962496
944832
1148615
1028994
989729
985473
999586
967169
995393
984801
960544
973089
969153
1006529
1003618
1000833
1013218
957312
955392
951584
938239
961664
948864
957440
977921
987745
957984
967457
982657
946751
974560
954592
1088900
1023170
976737
971072
977089
962016
990689
943263
994754
975392
964960
970177
976129
971328
957472
990657
1030082
1007938
1007201
990209
966560
967904
972096
985089
996129
984193
959328
972896
958080
961312
953536
954336
978400
975072
1008769
970880
969601
969760
963073
962112
965952
992833
1019906
988513
988737
980545
959488
966176
964832
950944
1002273
993665
972449
943039
958720
946208
1027010
1033795
1060643
1158311
1033507
999746
1006882
1013506
974592
950848
961504
972672
946047
977024
966528
976480
1021666
988322
1045827
993218
981313
988417
985537
988417
987617
1003778
1015074
975424
972000
1002114
990369
1014050
1007105
1015682
985217
1000737
1001730
986433
998914
1004417
976417
1003969
987201
975457
1059043
1001665
1009314
982241
983649
991617
989665
975777
969761
1000705
997473
1000161
994337
974721
1000290
999778
978944
1008866
1015682
988673
1001249
999170
1014306
987713
965312
996353
1011361
978336
989249
983329
993314
989410
998625
1010146
994241
1022979
987521
969824
994977
989474
1027938
1023011
990401
983169
994913
983489
997601
978817
1005762
998049
985217
974273
966016
983009
982657
968321
998369
984129
975936
982945
975776
984832
990114
974977
1001154
986017
986337
973889
985633
985888
971361
975808
1002241
978817
988257
988961
970593
969217
984833
1005794
987745
989218
988065
970401
959808
991233
956351
972385
981185
963680
941599
940224
970689
954784
945632
946944
964577
962528
930975
951647
950176
988545
950848
968064
992417
987521
958528
938239
973633
938975
954368
1117765
1263050
1042627
1008482
987297
975041
967520
997345
1008194
1020962
990209
977217
965920
983553
1017858
975520
978497
952864
974081
965601
958208
952224
981473
995425
973985
974721
965729
975553
976353
948127
954240
962112
972865
966432
951552
969537
982401
950624
962944
993346
974753
1080613
1002625
980577
979585
979969
1102917
1035427
1001601
977473
948576
957472
945376
968576
986977
999650
980481
1038723
1009538
1052867
977504
1032323
988289
1003201
964864
1009378
1012065
974849
1004897
986433
968896
976800
970721
950176
1002209
1040035
1000801
974145
970176
971168
959712
954047
996898
987393
988705
954656
947711
975904
969409
1002082
975488
990689
992001
968192
952191
961184
975521
958464
964673
991041
976385
968544
1012642
1002561
976609
966945
963233
948320
950815
967008
950207
977089
942431
968224
975552
973825
983041
991105
980577
964865
1018082
972257
972960
956672
986304
977441
957888
948991
943488
953472
952863
981825
949567
979265
988097
977664
956064
952223
979905
963424
965697
937887
979041
974880
945471
970113
957344
975777
976417
969024
977729
1003905
956704
951904
964704
969984
971201
956416
965664
1019906
981665
975264
967361
966336
981473
975617
970913
986561
979905
970080
956320
963744
961696
950656
990753
1087460
976097
1006114
982721
955232
956095
963744
949440
988449
977888
971713
1003074
981216
975937
980320
1018595
1011906
990657
969056
993058
967488
962176
966880
960352
979009
994721
991906
971201
973697
958016
969537
979393
982625
999009
964192
968256
969377
975649
967393
975873
965440
985537
986497
991233
966752
979392
980449
1000289
997666
985921
963776
982657
954944
968481
968865
972896
961344
1003426
1001697
962529
964289
970848
990337
976545
968672
987105
997794
967264
994658
962976
974785
981216
995297
1005282
1057379
993313
985057
977185
982209
959680
964832
1004065
1007457
969568
966528
960929
976449
970593
973440
953920
988513
968480
972928
975617
960768
956864
988385
968672
982369
1017218
1075236
994401
979329
981985
965984
973728
998337
971840
963649
967297
965984
969985
961281
964544
976513
983905
965408
948832
959840
1003553
976129
1024035
1001953
999586
960352
969568
980769
977953
979265
959872
997281
981057
970848
990017
969761
965856
963552
976096
996610
990241
977889
972128
970145
967712
967040
976704
963009
981984
990017
960224
958016
1030882
989089
978528
961312
981537
978945
959104
953728
953120
964864
967168
948416
977601
986081
981697
969025
959104
958496
972064
970080
962624
974273
986625
969761
985025
982241
987201
973025
968512
1017282
1010850
961952
978497
962784
967616
975808
993697
956896
990625
980065
975105
981057
978528
972481
978273
958208
996033
992193
975968
1009505
975360
956192
956224
948576
985985
966560
964065
984801
955136
967105
983776
961632
961440
1000609
1054820
1014178
973825
978465
972512
971936
989985
981601
974304
958208
953696
982689
968865
953824
999937
1003842
1019202
968481
965920
963328
982336
977313
996321
994177
970849
970656
968864
961056
980513
962592
952864
999170
1037379
967840
972065
960480
955520
964768
951743
957216
1008801
987713
986977
959872
962368
968960
969729
945407
982881
995233
978113
964929
967009
964192
969601
948288
958944
975713
1010754
955200
957184
971841
969632
978240
960992
997665
996321
954111
969184
969761
954848
955616
955232
952416
1004354
1007170
977344
964032
976737
961345
963937
969249
1063268
1012802
957088
1034274
972833
961088
953376
1017602
981409
946976
944991
957216
967233
955744
959520
945984
964673
970560
960576
954080
967425
966208
1018626
967104
984864
1056740
964288
991009
952256
962304
948703
956160
973857
980609
983649
975808
964160
1065476
1004833
985089
1005953
976321
963488
974848
977857
973729
967712
970016
995745
990113
965536
967648
956512
991713
947744
955264
965056
987105
981665
962944
970337
966656
981281
977857
977568
997473
1007745
966208
972833
963392
974209
977984
954655
971841
1000770
989633
974561
949728
970017
971392
975105
962336
1013122
995426
992097
948351
949728
956544
974689
977729
962944
982465
989921
966817
951871
949120
990209
956415
945215
953824
969504
981505
972353
983105
956576
959904
954208
987041
995489
974369
988513
966112
975520
964576
950944
945344
963808
970592
993090
994305
955968
971168
960352
963968
987745
988769
968257
976512
973249
976801
970305
965249
999522
988993
955936
975904
976353
973665
961088
990881
963584
975136
1004674
957120
971776
969633
976736
982336
959040
966816
986753
974689
968128
960448
964096
956576
951808
946528
962752
1010561
956928
964288
970945
957761
951392
971008
971617
1017954
987265
982977
981633
955808
963456
971905
967073
983905
982177
958848
951968
955168
953824
949440
963744
949152
964385
966753
950304
949408
961440
966401
968288
960512
946559
993377
959776
962400
991713
961280
972832
954208
957184
969664
979265
973696
968224
959616
969441
962080
943296
972225
1042819
984065
997057
989953
950816
951296
963745
980417
961856
951360
968352
1046979
1012449
991201
1018466
992482
957632
939648
943296
952256
959809
946271
962208
958112
983905
944768
977601
964097
963872
960768
959617
965185
966880
965376
954367
967392
944095
955424
976000
965024
980481
1113253
1033987
994305
980705
983456
994561
957056
981025
972449
985985
951040
942015
965952
951040
956224
967296
995138
965504
963136
972864
957536
960352
1020482
972896
997986
973376
997377
979169
966624
956096
978273
960512
962784
958496
985601
954688
954560
944191
952448
962688
956128
948479
977889
979360
956896
964800
961184
967328
951360
956320
953344
998850
1004034
985793
976129
961408
962112
959072
975041
989985
990561
955872
947583
960448
972224
974464
952704
1122725
1027139
979873
953056
953472
975392
970464
962784
1050659
997121
952896
971457
964160
957088
968737
951872
1029154
976545
978145
1033091
1029858
1193352
1037539
1018594
978017
966560
950400
953888
966880
964640
1013377
993601
977025
961952
985281
960352
972480
965793
944576
982977
995393
961856
948640
958176
956064
964320
952736
974017
999873
984865
965344
941983
954848
959200
969089
954144
944479
951936
982721
962656
955456
951967
941567
971297
969984
963904
978592
993601
956384
991778
968257
958560
970976
934335
960800
988321
966432
967905
977953
1004449
995234
980896
1006818
995809
973441
1024931
992289
982081
960256
982080
993154
974848
971424
979105
980097
983009
970145
988033
986433
1016866
1000642
991361
989473
969824
983297
1015650
993633
969216
959808
958272
980577
978881
960192
977761
975584
965856
966625
964800
961217
976800
959808
1002113
993058
972257
968960
970401
964608
961280
962400
1056291
1038755
1021314
982913
981825
1007585
1005250
987905
1025090
992834
983041
975457
958624
990978
988897
969249
997346
986785
979872
985185
957088
993665
986113
964416
987041
990561
971488
984001
960768
964705
985601
967232
966176
1009474
994881
967904
960097
969249
973408
973121
962816
986081
992289
978433
968608
955552
960160
974592
969761
968193
996929
1000897
983201
968480
977952
961024
1004001
976961
992449
984417
969568
991745
969921
971521
954495
956672
984481
989377
964032
963009
961056
991713
980800
971009
992097
976161
986561
960288
968640
976801
984801
997089
969857
989761
983777
956736
992289
954656
972416
960768
991393
981568
977728
987841
988865
978273
961472
973760
971808
989441
1005729
974912
968545
975873
960000
951552
951744
961345
992001
993154
973408
955712
962688
979841
971969
964960
946304
957792
1016930
969953
963040
958688
970624
979617
966816
1024355
1021506
990625
977249
969184
967232
984193
968736
960992
1002209
998049
974784
983265
965281
978401
967200
982336
993793
997569
981345
962240
953088
1003106
990593
976193
985249
982721
975457
956704
977056
968673
1001057
984897
972448
1001186
1001601
984225
976672
961824
968832
964512
952768
973665
1004386
965920
956512
945312
951583
951776
947520
966785
985761
973409
946720
967456
958048
952031
965505
963968
1177416
1018722
995361
980609
974592
955712
957921
977537
993057
952704
968800
955840
953696
947871
948992
945151
974048
983905
965536
962209
984897
980833
985473
951296
940159
986433
978625
986593
965505
972993
949056
981409
968352
989889
997474
978657
955328
978433
993665
1007649
971425
992609
975808
953312
956736
955264
961216
943007
971105
972609
979841
958240
966752
955743
974913
975328
952832
960992
976161
996353
974657
967265
971712
983008
973984
973952
1013346
1036419
970816
953664
965248
951487
992161
980257
997538
982752
967360
1023906
988386
975616
966400
1002241
995330
965377
1001634
991073
982881
984225
987745
1008450
1074212
1003777
992897
973089
972512
955936
1021314
996609
968320
967777
963200
971392
972768
964576
990753
1000001
1007169
983777
941727
969280
972672
967776
962497
982529
987777
972384
973344
966208
988321
995905
995169
999394
995361
973408
958144
973057
974113
984577
961632
963200
985089
993729
992833
1017154
987617
1005314
958752
978625
969344
1001314
965216
1004353
979808
975265
946336
974944
1010434
993249
963424
966784
972161
978464
978049
958848
983616
982305
978561
984577
954272
944896
975232
981025
991265
1016866
1004386
996834
984353
992033
981857
970337
1012706
1000193
1023842
997057
973600
964704
952032
955872
975872
983521
948512
956640
952768
960416
980320
973312
1096229
1028707
987009
958304
987617
998625
965152
948864
991874
1000545
961440
972737
961728
964448
957440
950528
952192
976193
977601
973793
956800
966528
956960
949151
950304
949888
988770
959776
972833
949312
952416
958752
977888
1021443
1003745
1040611
991938
986721
1006081
994497
980449
1028354
997826
990625
980384
984833
994242
1007425
981056
1010241
1005634
992066
999329
978369
970529
976769
974560
1020034
1020802
993953
997729
1012770
979361
967392
970721
991265
1005217
980897
982593
979296
962272
964800
963360
1012290
984289
1017218
979648
985441
980673
977857
969792
971361
994273
963936
962112
980993
1025859
986049
984513
1004706
998689
956672
946464
948672
952352
954048
971360
1003233
1008225
989793
981665
983905
990721
965632
972673
986337
983937
971552
976544
966784
972737
961601
961216
972576
973569
1003585
961024
969664
963521
955296
983105
958976
992930
1013570
990241
991298
974401
991681
990849
975585
1009858
1053411
1009474
996033
1005474
1006593
985472
1013730
980769
988609
984801
992641
984929
988929
973344
1016482
977921
1003042
981825
990402
982593
970976
982817
987777
993953
984321
992385
992482
989281
977377
996450
993249
970752
973697
972737
970977
993410
966976
941055
982625
977281
963936
963552
949504
945856
975969
979905
961729
1089060
1032642
1092005
1034019
995010
959424
985761
1046723
1032195
969568
982497
968736
946944
957472
983425
971201
981440
968128
958752
962369
962656
954431
978657
1007234
965568
995041
991201
982369
977857
965440
973665
989409
987777
1054436
1004354
967232
962176
979681
974528
990689
975968
987137
944480
963904
962432
967104
955200
996705
1009090
966177
967585
952064
957504
1084516
1026851
1013922
990177
965697
1055651
1051907
1001250
973409
1000737
1004642
953440
971265
967361
996897
964929
970913
989697
999650
971584
969600
954656
962752
968001
951392
976608
983489
981121
953984
989858
956672
1058179
1000610
1024066
980577
984161
1020546
997057
989697
950048
975680
962112
962145
960224
956480
953503
954112
964000
947648
975873
983393
949280
953760
945856
936671
990273
950752
971297
1003938
934399
936863
957568
950272
949312
949216
965889
976257
1016450
959584
948288
960641
966976
968385
1153191
1090213
1024642
986945
991745
992289
1013633
974369
949983
951392
948352
943071
947327
1002753
995265
958880
960673
965056
955808
958624
937919
944992
947904
958912
962753
942720
968128
962016
992545
1026467
987873
974785
981793
963521
951296
950815
973184
967328
962432
959264
944032
951680
974465
968736
944992
1028962
1011522
964224
966656
965633
974656
962176
963808
983968
966528
949631
948160
954944
954463
950112
949760
941503
976737
970048
943711
937951
924863
955776
938752
935040
1005506
976353
964832
956928
953376
1127974
1052099
1015618
1004001
996193
964001
959648
992993
973024
992194
970785
945760
939231
964385
966176
943968
937375
946944
962528
980640
960256
940928
1074116
1011394
997730
996226
974464
953919
952288
973312
951423
958272
948128
1035619
1122822
1158023
1034242
1001313
1058755
1007425
985537
984417
983329
975713
985697
994049
969504
967808
975553
947584
957472
962560
969249
1157831
1069155
1041827
1064612
1043683
1067843
1023874
1004386
1001122
969633
962848
952576
979328
997025
1002562
984897
1004226
996065
1022178
1121062
1014145
972129
976513
984801
960448
955487
992705
1003138
990017
965793
940832
975329
967680
953344
1148454
1023554
978977
968640
968865
951935
951776
972065
958560
935647
1198312
1061859
997505
996545
979617
961312
966721
945824
950176
959168
972161
987521
1039875
986401
951616
946688
944224
933408
944384
982689
967424
942687
942400
950528
986593
969952
955424
967489
960544
957632
958592
939327
947776
940447
948928
983969
961504
957312
947711
944704
982241
936991
1022562
992514
967904
951776
927007
947263
930975
957184
933855
977600
1007554
972832
956736
958272
956832
950464
951520
942048
968288
955744
969120
969504
938463
950208
952512
954976
959712
997153
947904
938143
950591
943871
941408
943232
936927
964576
980641
942111
943423
937471
958048
940319
940608
943904
972608
967680
957344
954464
950720
1002882
966720
964064
995330
990529
971200
995073
977985
968705
948000
926463
935199
976865
974241
951808
946560
939391
942463
948032
985696
941824
920799
943967
890590
898206
889854
891582
898558
908543
884701
881373
896062
923167
927807
913599
915454
910494
904446
897790
886910
882878
891741
891454
886494
912990
909694
910206
913407
903582
888509
884734
880477
876317
883805
901855
906879
948480
920447
949151
887998
880958
892222
886814
919518
882462
884446
898462
884221
878941
912094
950464
901278
895774
888990
898366
889694
883742
892414
912223
898462
892765
902462
958720
888893
876381
893694
902366
881118
894142
889566
894558
894270
911902
903326
914718
887229
879614
885694
891422
881886
890750
889885
893022
889629
895390
888670
911231
904606
910046
882301
880830
874365
905695
893214
889245
895422
884381
895038
922111
952000
915295
877214
889246
876253
890206
878974
890622
897245
883870
876830
909439
898974
908318
884701
913567
891773
909342
917758
903006
893853
893725
904959
912831
923487
943551
904222
906783
908638
914591
899326
900286
897502
890462
895518
906463
905663
904255
888318
891390
895390
893598
910654
914590
892926
890270
878045
895998
904831
985217
903326
901406
900510
897438
908319
889374
885214
887517
918238
885886
913790
949376
889470
891229
888638
878846
889790
919646
890398
884958
881277
870237
919711
910078
927327
896766
896446
892797
895454
898942
887805
882974
880126
885886
880541
921407
960640
892926
888317
879517
882526
898750
889789
910974
893758
896894
905022
914302
907742
893022
913407
903390
889085
902078
907966
904030
889725
886493
895742
932863
920575
900350
917919
910303
890846
1115557
1052835
1038402
1046499
1001314
997889
1005090
1024450
1031107
1044643
1068388
1016258
1010466
987297
984064
942720
1025282
989249
943359
962112
958176
964769
966625
949056
970560
992641
973408
986305
980097
940575
937759
974432
965153
986721
972641
963008
963297
968993
992162
994913
989697
1021955
1021858
1101668
1024963
986369
990594
991233
1019234
987489
979745
970144
987265
1015042
1006114
990817
1005922
1034755
985313
982817
990817
983169
959008
969792
988577
1015618
964896
965984
973824
972545
989057
972544
997985
987681
967840
965857
970689
979488
973248
971841
990146
988289
1009122
1156710
1101989
1173383
1063556
1013314
980673
993153
983425
981440
1010146
1018978
1010113
1044579
1108101
1015010
983009
1012226
970785
986945
983553
984897
969856
975937
989730
986113
1159943
1077220
1025186
996641
989186
1022467
994657
991874
967457
995073
966401
1053411
1136326
1035203
997825
991169
984513
971489
1024386
1001538
999106
969569
982785
976224
972288
977856
993153
1011490
976833
979265
1004865
963937
967136
973536
1019810
964896
1064164
1016674
991969
970593
986657
985857
994049
968224
972928
975137
980161
971649
975393
991073
969792
1007042
966496
964768
962016
978689
1150631
1063875
986080
974560
976737
976832
994625
982497
991137
1010369
993505
988897
986689
1021730
1014337
997122
983552
992865
1003170
1002242
996161
1051779
1014914
1001474
992513
989633
960000
974784
965216
1007905
1007490
976256
985729
972929
968161
985473
960864
938175
980705
991937
965216
1059268
1007490
991745
976033
983425
982017
970432
947136
968481
960960
964384
958624
1015970
1016386
988225
966880
960896
966080
965216
960928
965760
991489
1004353
966432
965312
971393
975232
969024
972673
973569
978720
970496
954112
964160
966720
979840
977537
964672
993666
991169
979457
958656
942976
991649
982209
972481
976001
988193
981281
991873
978337
1008417
976992
977601
980256
968641
967840
982337
976928
970336
979329
976289
975137
960896
995553
981249
976513
1076868
1036482
1030531
978912
990305
997346
979552
977441
963937
964161
980001
957536
990337
1031395
997538
985409
1009121
990497
976736
978049
972800
975585
965441
979009
989922
978081
996001
985313
990785
980801
979617
982817
974817
967392
999489
997441
982561
976737
987809
983233
987329
998626
1003042
996098
972001
980833
969441
955680
978656
978721
1008866
1004545
980353
972512
978400
999489
992129
986656
997825
1006722
1001345
995489
986625
983137
999073
984449
1041219
1003778
995777
1027011
1005090
981153
983585
1006562
1021954
971488
972065
988673
987649
998562
991425
1007522
1020450
985281
994849
986753
988289
964000
987617
1004258
967712
987297
990881
973537
974145
975617
938079
1002753
1022083
976384
1062403
1057923
1025794
989249
1023874
1010210
971072
977025
980737
988161
986241
976193
1022402
999777
978721
966721
968256
964992
950752
1006209
988833
969088
968736
988545
987777
984321
996098
976160
979872
994273
969792
973697
978753
969536
982945
969632
973344
967168
954143
966144
953760
961152
962784
950239
963872
990113
977441
1084485
1008066
1001121
980448
957632
967744
960736
1012738
956704
956256
969312
967392
967200
951840
962016
949728
1009218
985793
987361
966656
958496
955712
996769
995874
968928
999106
1000962
1006914
997729
989313
991233
979873
996738
976288
1036738
996194
1039682
991042
975264
972961
974817
999586
984992
971968
960128
995266
979873
995714
945631
965281
942975
974401
939391
949184
1121638
1148711
1044931
968288
975393
979520
988289
986465
971201
946272
995809
965792
982977
995521
1013793
1000833
985857
1008802
988929
986913
996098
1014626
1006177
1003266
975681
972065
984865
959168
979457
994049
986145
984641
987745
967584
988129
994369
977377
1007073
1008322
1018690
983041
983297
987361
995553
1012770
1008289
1011714
987425
969025
968353
971553
1097413
1045731
980256
994434
979713
976576
984640
962880
955488
1003426
999810
970177
953760
990753
1004577
977312
1022115
1002049
1003170
999074
987681
993761
979489
973121
996065
1001505
980737
980321
981377
969600
988865
970496
1009634
992801
999202
979904
968544
970880
971520
951840
979265
988769
975616
954688
957600
986785
956416
971712
964320
988609
992225
971713
973600
975392
990849
978881
973761
990081
998338
987169
973312
954368
981985
974720
964320
938175
976224
986241
967041
961152
967328
961825
956192
1004353
1003906
989506
972257
972160
957440
954175
946783
982880
977760
978945
980321
973857
954848
951424
944384
960737
964384
969057
980385
992097
967680
964289
973377
970944
955200
964448
984065
975520
998113
965825
966208
981185
970176
971456
955232
981121
974624
967552
978689
971744
964000
961504
974720
1027779
987873
967488
960096
959232
961185
950719
970144
967456
989537
978689
959713
993217
1013474
992897
987777
969376
974976
985281
967040
964704
958080
963680
952736
961440
974881
988257
998369
973921
960768
956224
979489
963393
961472
980128
990913
982785
968033
969537
947552
953728
976992
943424
982465
987329
946847
961856
975776
965281
961152
935583
1004162
1048451
995425
978753
991233
961280
957600
950080
968608
979425
972448
975265
997313
969632
949888
962976
980193
987969
982912
995265
970593
970496
969280
996065
1003137
1015906
1018498
993153
995745
982753
977920
964224
969121
1107909
1025058
1087749
1185384
1143655
2176137
1253961
1069156
993089
983969
986401
983425
988705
1013762
1016258
966624
987201
953696
968608
979521
973249
1008897
1016450
999650
1001953
987105
970144
962272
952864
939103
959521
973153
964032
971681
943456
957568
988449
984865
1010146
1024386
991905
1058947
997761
1016610
990785
992898
1006914
1062019
1033570
1031010
992417
979873
1029059
1017506
995009
976897
970080
963872
986657
984737
1006722
960480
948064
949055
958656
959808
987201
952768
1226185
990657
985857
991265
951104
939072
918527
977825
958656
936383
938431
969024
938175
946560
937312
951456
943423
940287
926527
941407
940959
929215
924959
932479
961504
941376
918911
894334
902494
909727
901246
894270
923135
900862
879614
893022
920767
926559
900190
893022
907134
918271
907774
900446
904510
903838
921663
924287
925503
1001665
962048
919967
912767
906974
910527
889438
922271
948959
934912
931776
993505
1007489
1008386
966304
1002050
974849
925343
945056
959104
955967
945536
903102
920447
908478
908510
921534
955008
925887
907998
915358
895966
887838
888797
893854
882942
940128
917791
913983
914430
927135
894430
910015
893854
883774
901342
884445
885694
909855
910239
928031
904286
895294
891550
898719
882461
880478
893021
883454
869245
896030
915678
931487
911167
888414
886142
897534
910814
958688
903551
906206
888382
897374
920575
1050371
1136742
1071299
1022915
1006754
1008610
999170
992641
970240
968577
966624
1002402
1010113
1003105
982305
961760
954816
1043299
1015266
969152
958016
980353
997409
948736
977441
965792
983841
1061764
989121
1004002
964768
963936
990209
992449
975904
964736
992546
989857
969952
978688
991905
977729
977089
964064
961024
983457
974944
964352
956223
952640
945504
975360
946431
960192
972385
952192
941279
942208
950079
962945
950047
952159
970273
975872
952640
958592
961664
949440
949983
932927
994818
990401
994081
956032
958561
958272
949920
941216
953536
1018978
980321
956896
954912
938464
946879
953952
957600
955008
1031074
1008802
998274
966496
992546
990081
991425
958528
997090
1011266
1008321
981857
984769
981153
1004481
972032
1014722
1009634
1023010
1020707
1040259
989537
961760
981729
974785
957600
970017
966144
993793
1000289
1002466
981697
993857
984257
956032
986977
974144
965728
965120
966816
990561
990433
977377
989217
974080
965568
953472
958336
966144
967936
977089
973089
964832
978176
974465
982017
981665
986241
983968
974592
984641
972512
970689
979777
964865
943935
1012258
1002465
980384
963745
994305
986337
987745
974625
1002530
982657
963776
1001666
970112
962592
968001
970017
985217
1003457
964960
953440
961505
972961
994337
986017
968353
991745
981697
952896
958432
960736
974145
969632
1016994
1158695
1059587
1031363
1008226
956352
936543
1006145
974177
951264
965568
1110757
1063907
1024770
1057731
1006882
957312
947712
946304
948640
1115269
1176328
1045027
1024386
998049
1027779
983233
981697
968576
945215
1135046
1062084
1019010
998817
998306
973408
966304
957920
959680
1196232
1234377
1171879
1059203
1033602
1002946
1020194
983521
963776
964544
966945
1126566
1104933
1055460
1001410
1018594
972417
970369
962177
1000065
1018402
1089060
1076676
1068420
1139654
1100773
1043907
994305
1002049
988993
960320
954976
1120261
992097
1018787
1027778
982048
969025
943040
961984
988321
1022978
1065028
1028834
982912
1018467
974817
964224
1002434
1168711
1251082
1270186
1087556
1052420
996737
979425
982273
1013922
1014242
988001
978848
991202
1065955
999330
1006594
1014274
988033
976545
967425
984065
982593
971296
1000770
1006433
964129
964352
957888
968128
955584
957632
956768
984737
1010786
1035651
1028707
1008577
986305
961280
995074
985889
961472
954304
960992
958720
958976
1092997
1228458
1044131
1024995
999874
979009
971552
972801
978976
967616
967488
969793
950111
1002561
986529
1014690
984833
958592
963745
954208
957280
969792
958016
995329
974720
967297
959585
954783
969057
953536
952160
957792
1039075
986401
1020162
1002241
961536
979297
965536
947360
979233
955712
985409
976033
981697
958240
952160
970080
1048899
1040451
1000321
1034530
1001218
999617
971136
1011106
1157447
1167399
1051619
1018018
1146406
1039587
990497
955104
1010945
989281
961728
1118373
1022050
988033
996354
1000001
999106
999201
1004802
991361
975521
986305
949471
957088
953504
958016
990113
968352
979265
986241
961568
954336
983361
977377
983009
959232
963520
964096
955296
969697
949216
954720
963553
981377
953312
1000737
935583
938048
953088
968000
964992
1192296
1033858
1022050
982753
966624
1009410
1019874
980481
964065
976641
951359
963424
954400
962816
986625
971329
966752
973857
961504
982913
973984
992801
1045475
1016578
990561
997185
964992
990017
964448
952352
968544
1008481
953791
942911
972097
972961
962464
1043779
1009698
1071108
1005921
1375822
1137574
972865
956032
935359
937343
1074788
946496
948352
924607
1036418
1045699
1090884
922431
903166
902878
881309
893278
890846
1003425
919519
924927
960032
895230
958240
906270
899966
926975
928959
915551
896446
883326
883485
887645
889566
890846
891934
891998
905055
903070
905886
912095
880381
883997
889182
931647
902143
907742
893918
895870
898046
913215
915775
899678
920351
959457
981056
1406383
1249194
1098052
1039587
1042307
1024418
995201
1041635
1091236
1061412
1049539
1038754
1121830
1076612
1034947
1077924
1108229
1090692
1068515
1029698
2234475
1088420
1419824
1114149
1033923
984704
985345
1008033
1035618
1010273
982145
987745
980129
983265
985537
975841
1006497
999393
1024354
986625
978913
977793
974752
1016930
983233
1009089
979777
979457
980800
984833
973281
992609
1003009
1052611
1024579
1007586
995650
984225
1012994
1116006
1028802
1000802
995522
979489
975584
1031042
1020546
984513
974049
977440
986177
971360
971008
988513
979745
988321
984929
983393
989921
987745
976641
992066
1020290
980609
975361
982593
967584
954848
967265
946975
979905
1001249
967009
952608
1016706
1005346
981344
966016
991745
974784
952063
971297
970401
966048
951103
969217
972384
969089
956576
951807
958944
971297
978017
944000
949311
977665
972384
955360
965633
958336
957568
977633
934719
1000418
969473
952064
959072
950080
976641
962304
963904
956544
965824
983905
965889
983745
971904
973152
961664
976768
981569
988033
981249
956896
943968
1009602
973857
983489
982561
976865
968673
991585
988417
969024
965088
952672
956512
982977
1008097
961280
971425
967424
972353
965472
961441
989761
1028259
1003906
964257
975137
972545
971392
972033
982080
977216
962976
960736
953312
962112
954848
963616
955488
991649
977057
959936
963392
984481
981057
998082
984736
1011905
993889
989025
962977
957856
961473
968001
962720
988321
1019490
973825
977568
974881
971968
966657
967328
979425
980352
978369
1000706
971137
967232
973345
978049
961537
986273
989665
962752
974592
959488
972992
957280
973024
959360
979681
992513
958656
980385
968481
982528
982305
982657
993154
1040835
955936
945216
950208
985217
962784
959936
969473
991201
983649
969249
964736
976641
970976
954080
953312
1004513
976609
978689
961792
976257
977857
989409
966816
994689
974145
1002146
973921
960576
960160
976097
972897
1021730
982369
972032
976929
981537
988033
954048
954975
964480
1008802
974817
1028578
992482
981729
984065
978464
942207
987809
981153
960992
968449
985953
971937
971072
974113
957921
994049
977473
974817
981537
968672
971776
964384
965024
1015170
1107557
1011874
977376
971809
974208
964352
998882
1000257
986785
982209
975616
965632
985729
982881
967008
967745
989249
982049
949535
968897
957056
937632
1006210
1008417
1015106
966657
959745
954720
967040
953856
981505
989569
1006018
960000
942048
951167
964480
960001
933343
935135
992066
965697
957280
956448
945343
947168
954240
935807
963744
969824
938495
985664
966496
985185
964256
953312
969857
985953
980129
1105957
1010593
983744
982977
975264
1005186
1016130
975073
983105
978561
978881
981729
969792
998145
1017314
981729
986881
995745
956896
966273
1026338
986753
993409
975201
961504
952544
961312
959296
945280
977184
979265
981473
969152
961536
962016
959616
955872
975137
976800
1002273
971136
973120
978753
964064
952576
974561
969633
996418
985441
1007617
993281
980769
979328
972800
993569
981057
975552
981057
988033
988737
982465
986305
997569
983361
972321
970081
984929
962496
962720
992513
985153
986593
988289
977185
974497
967969
981921
1019267
992769
981697
979744
968032
980225
965281
966240
980608
1001057
948991
973313
953216
977857
968769
973601
978913
983521
978176
958624
947199
949440
978368
1054148
1038307
998242
987777
973921
975041
998402
983809
982209
998498
991713
962464
956224
988129
991522
984257
985825
959488
1008546
979713
968832
963616
956128
954528
962080
951584
975745
996801
969312
955808
958529
967616
940864
960672
969249
969601
967712
958720
961312
977505
969984
964832
944096
967137
979809
958016
950368
958912
951008
1220168
1016482
983777
981953
932095
915967
922175
924447
912862
905598
897309
929087
900606
938336
882398
893982
885213
883966
885469
885790
877981
904063
893246
929471
919230
904830
893278
913470
902846
905470
890910
882622
884766
886526
898814
930175
921182
902750
894301
880574
927903
922623
921822
886493
895358
924927
920703
924991
890557
923103
920863
923135
913502
902463
896254
894398
922687
929216
912222
881245
880509
884317
896062
882717
893054
888862
897534
888541
903070
906942
935007
914495
886014
884221
904638
881150
887934
879805
902655
887997
881917
917375
903774
907678
885629
886077
897950
886974
888413
906558
888094
878814
904766
921503
928063
890142
884221
905758
894525
904222
879101
891966
894814
901566
894685
936895
941152
901790
882845
890206
879966
878333
997857
1000066
957504
991969
992385
987841
995585
1001889
978305
991362
981824
980897
1024386
988705
966208
1001762
981569
982816
989985
1013666
1015362
1002977
984897
976992
957568
983265
1009058
993121
989825
985281
991649
997570
991458
977344
990498
1006242
999586
959744
1000162
1001026
986465
996738
1001153
987425
1008130
990625
970401
970976
998369
1012098
1019714
979616
973984
985953
1014498
983776
972960
995713
994369
979169
981921
998209
998753
1013058
1014626
1001090
993313
990337
993153
976545
980032
974401
1024322
1008578
981505
971712
988769
968801
971040
965120
965600
977825
980737
971168
982369
975073
971137
953568
964737
1003650
972736
949056
937056
952992
959296
958720
967872
954400
986753
981633
966304
980001
954816
964256
995105
980193
988129
984609
961792
983681
987041
967008
988257
981441
986113
985505
983521
963584
965472
982401
962240
956672
947296
999617
982977
992993
977248
972608
958208
997954
975008
999809
996385
963008
946303
970849
951359
954976
997345
982209
997601
962720
965376
975745
967360
966401
972192
958368
1000034
986721
968832
967296
966848
970944
959584
964960
997601
1024163
971009
983393
956992
963617
960864
962752
1000865
990881
962305
963968
961536
964640
966785
961984
956416
997729
983713
971232
977985
961376
978753
955136
971392
996482
984673
982401
974849
980609
1012290
995905
975905
972897
1004417
987201
964000
953856
959136
942591
939103
939391
931359
1000450
1003714
958880
963521
954784
957696
959937
946976
983745
968609
951712
959872
960768
970528
958048
975168
950879
973473
973057
958304
946080
977569
960736
941887
952992
993474
979809
962368
960736
947456
956960
977633
958528
974657
987489
958464
961728
962273
955200
963648
1009282
999105
989345
974081
991489
965312
978720
999074
967072
1019458
990049
979713
982689
964928
979905
978784
961824
998721
1013666
970177
963136
964769
968480
952480
979745
1004737
1007169
991713
994658
981569
990273
996033
1017698
1062563
1002498
988481
984577
978721
986529
972289
1000898
999937
991393
979201
974400
974784
985441
962720
993793
1000994
979552
987489
991265
983681
974112
961088
991362
1000161
1007074
966528
951935
971360
963489
969441
978209
974369
971713
967616
974688
967872
981825
974464
964032
955648
987873
1006305
996993
972321
992705
973184
967136
965313
1104901
1135654
1028227
1010946
999745
982593
1059523
1029666
988193
968609
981633
958560
968929
965569
1075172
999905
996193
989537
972161
968993
973825
959264
997153
989409
984801
981697
990753
977153
995425
975584
989153
992225
978592
976704
971201
949216
974529
949696
950176
982689
978913
1000257
962465
962592
960544
952128
1056259
1010498
916095
927871
919775
898238
904222
898558
903422
901726
895102
926591
922911
895102
898622
893534
886750
884957
913534
883678
888350
883549
883998
914815
917407
906014
887037
910718
884125
890078
889726
878269
879901
881310
888381
909694
925983
923711
887614
894014
886110
884638
891742
924030
922238
916607
1110629
1020322
985025
983008
960000
961920
956288
968736
1008898
1012865
1006498
1076388
1003650
965536
998017
993057
964576
962816
970305
966272
980865
980961
996321
993954
962112
1010370
974464
980225
959360
985441
975649
975553
959584
950720
956768
967425
964256
964832
987553
970176
990561
971904
952704
957152
961056
935328
947584
981185
977537
958400
967265
963201
955456
954912
959328
952768
969729
1017986
941887
954496
949440
959040
961760
941280
942271
966752
998722
989761
980705
969953
969889
984065
965824
992962
964992
964384
963584
958208
973920
956096
955872
981249
988865
960128
957408
962688
994338
960480
974177
971457
981281
993249
963873
944959
967872
949023
949216
961952
978689
993121
955008
960672
953024
960192
962976
979201
960608
978209
982848
969057
1006273
972577
976001
971264
976160
985249
1000546
966752
981121
965824
952832
971680
949248
973696
989570
997313
960352
944671
960192
964000
962080
945567
971264
989025
977216
977761
961536
973696
1041442
965825
1012706
964449
963520
976673
953664
953184
940736
950848
955456
968448
964960
961216
977121
960032
958528
968960
956640
981569
987521
983904
977793
980257
955712
965088
977121
967008
1006082
972257
969536
963393
981792
1026018
981985
1093924
1019298
1016322
1000353
975297
984545
979905
976097
989121
996642
973889
970593
966208
965377
959168
966592
987617
983681
971008
962208
974753
962336
981793
952768
943232
978496
986689
971936
960288
965632
975872
965088
939711
945727
976865
984353
984577
970592
941920
989857
953344
960672
1005506
976000
947807
955808
961312
974241
964832
957440
991681
987329
969057
1065635
998210
1007650
974593
951936
980193
982721
952896
967328
972192
975681
962048
955520
982721
980705
961440
964577
972929
954911
970913
984417
986593
987361
979137
956000
964897
970497
975041
976960
980097
995649
998561
980160
966144
956992
965376
975808
957824
957760
938912
1002498
997377
962529
950496
947776
963232
950880
938143
961920
971681
984545
970465
967520
950976
947744
1005441
955680
966176
976321
1009602
960576
969824
963521
970336
961569
954144
995010
988449
964512
969504
971872
956256
959808
938752
973889
981185
981857
957376
965792
969665
994242
969377
956352
987105
1040707
947680
965664
1000641
967968
951776
982848
986689
1025603
948896
1130437
1082084
1006337
991969
1004001
998689
983745
973760
972544
968832
952672
988353
997345
964832
966401
1212233
1074180
1022466
1075204
1032162
1078724
1099460
1058947
1127046
1107589
983137
990913
937280
905630
922879
911583
923295
918302
910302
915102
929503
926463
907231
926911
913246
909822
915519
1003138
963552
939808
960544
913887
924895
919423
915455
933375
904351
926079
936959
905022
895710
901662
895550
883453
888797
894334
891454
879453
893501
914911
926559
888285
903391
900734
897150
991809
913182
903742
898174
912607
927615
897758
904350
888733
920287
884126
884157
883870
906686
880157
924383
900990
915967
882973
891422
889982
887454
895230
901470
886909
876797
879230
922143
915903
913694
901150
899582
901598
894142
883070
985377
1090244
1036834
1028610
995105
1000514
995681
986785
982912
998178
1001762
961856
977601
974081
973729
1013058
964096
997570
1002498
979745
984385
986561
993089
974464
968896
992418
975520
976640
975297
968864
974048
973409
939104
971809
1049636
956416
958656
948992
958432
954080
961024
965441
985921
980705
971648
943712
945375
944223
951263
946751
938880
968480
982017
959840
954816
938207
954368
956576
958368
979329
979329
970337
947296
931903
956928
962528
941279
961728
993666
974304
940736
986273
954208
947552
972769
957984
981697
1003970
980960
978945
976384
975873
1012578
982593
1008930
1019811
969793
1000801
956256
976929
986657
956576
982049
995553
975456
975232
972289
979649
976513
978017
991425
983169
967488
961600
971328
961024
968609
957760
929791
985473
997057
961472
946944
952128
963008
969664
990177
990753
999874
987745
991809
980673
984033
1014370
987489
1008098
1016962
1012514
992993
988418
970464
995137
986017
1026658
1002305
997697
988033
963713
975393
979521
939648
979681
994753
983553
990305
990849
960384
982721
975041
977217
983841
986913
966177
951648
970625
981921
983393
975776
980513
987041
970177
963744
957216
952832
945343
956064
948896
965184
980993
965281
963744
969280
970432
990017
937663
965441
982592
1001186
980929
985537
976417
978720
970209
970849
997953
983009
964513
992162
974753
961792
945375
957280
995937
992609
965280
953247
956992
964480
953984
932575
969952
1004321
978496
955776
979904
966368
972321
964736
965665
994946
967873
963936
970400
1009569
970528
974624
961761
980001
988641
975425
970017
942944
942176
962240
955072
947136
974081
981152
951936
957024
990082
954432
956960
974049
958304
971777
981345
988353
969824
952736
967008
975553
968512
965888
983521
978912
965728
972448
955232
971488
947392
956672
962208
984672
980161
981505
968576
1010722
992065
988033
965345
989761
1009922
986753
982689
993793
986977
966656
963968
999297
986241
972449
985504
966880
966816
978945
960672
992641
994594
992289
986561
964672
981568
994081
955584
988193
970817
986465
959488
949951
956832
951008
947424
950880
978913
973441
947808
959360
959168
967137
1001698
954144
984417
992257
984833
970593
967520
954816
957056
961280
965472
975840
966848
958880
971680
983841
960192
964417
975585
957376
980993
982081
963104
978049
969024
965057
968193
965344
992129
952960
976896
964193
962400
977121
975008
980449
969889
1005346
1005410
984161
984001
984321
988321
1008226
974272
984961
991393
950848
975105
985281
975713
958464
978401
996129
983649
978657
982177
982433
950656
960672
980289
973056
1008450
1006946
962848
964128
964000
961824
954048
935839
986305
1022850
1008226
969536
972641
966720
974209
958112
955744
992065
983937
962592
946016
949696
979873
961568
948927
992129
980160
947872
968673
968032
950208
960032
957376
927999
981185
982721
941984
948447
958464
963616
953504
947487
961952
975777
970657
940511
943231
956064
944927
958240
989025
986689
1004130
978400
996481
992321
992033
973281
973857
977056
1004898
983328
991649
967040
995618
975840
966625
1003649
1007041
993250
983777
999265
991073
989825
984673
991489
993537
985601
989505
970657
975169
1007362
970337
996257
1006114
964416
969824
964608
961312
966240
945344
944735
973376
984353
959008
983649
955424
954432
966080
979969
980992
979520
976769
957792
968416
961824
986017
976513
972993
993697
999394
974912
971265
959008
966976
970977
960800
974593
983329
991809
977121
958528
954720
972993
982528
978017
992673
1000482
967072
979936
969760
971456
945983
967681
961088
975040
965472
970113
978401
958176
969952
966305
1001697
1001121
1003105
993857
957472
973377
988257
986689
965312
1322700
1007745
986209
974177
974689
967905
971265
997889
1005825
985345
978336
978081
981217
989473
985057
989505
997986
978785
974881
978880
966080
972736
976384
985921
995841
968321
976896
965728
967040
962625
988161
978976
996450
971201
964480
986241
952352
981985
963232
959008
998753
1010786
973473
965184
974976
942175
951200
954784
938911
984449
975520
960513
949248
949248
960032
956544
946048
975393
1005665
1007714
974304
969248
986753
983201
988961
967425
1013666
1001601
993665
1001153
979777
967136
968800
950752
980961
982048
965536
958145
958240
983937
956864
945920
959008
978977
958656
971520
1002017
975841
956384
953664
962400
998113
984705
943840
961504
963264
943616
959232
956928
944704
986241
975681
951456
966144
969568
964896
964736
996321
975745
999297
1012162
989153
971713
988289
992546
993729
970816
985153
990529
980257
983489
995457
981441
1070915
1017314
990849
970784
966784
956640
975776
973921
976417
986177
979233
939264
966144
980544
956928
962336
966464
953760
968864
982752
982369
956928
960288
966048
958016
958304
962624
972609
981345
966304
977345
955072
960320
973985
963072
962560
972865
973985
961857
965216
955328
951776
975489
983200
991521
992865
964352
957888
957152
986913
960640
969184
982689
983585
956319
967808
963392
956544
947776
949887
949056
973697
975297
965249
968928
960512
975041
954784
958720
956800
982529
979233
969152
973536
967744
956671
963393
985825
967232
984801
984737
973472
984641
981889
983009
978817
978721
996866
1006338
976673
969281
957440
967105
960928
999265
1019138
1003490
971776
982625
970880
963873
971040
960960
965344
1005313
988385
1015074
989409
957920
956352
974721
986273
990145
972321
953087
955328
955360
972224
962433
946527
963264
985921
990849
992770
975584
984097
985729
988161
986241
1010914
977601
987873
969216
1011266
1000353
976161
993858
995201
991522
960288
960288
966976
956320
976032
975808
995777
965025
976481
957696
958336
945216
969409
986849
964769
983616
966529
953152
959232
945151
982401
966496
956896
985793
1019650
990305
974816
976929
965761
969057
974816
956512
979937
976353
965217
970017
981665
980960
980321
954848
995265
983425
966944
963361
953440
966913
956864
958144
983201
987009
1013602
990049
985473
969760
968801
965728
968544
988609
995585
956768
949120
964352
980481
967232
951264
948768
977857
985409
964801
964704
957952
958112
953344
952704
939135
973440
966400
976352
973216
938815
979553
961568
954848
959552
997057
986497
985121
949408
963872
978401
948319
957824
973953
985953
945728
957216
963617
948928
989153
977377
975585
982881
985665
948704
947584
954272
951487
955904
951551
983201
994593
975072
959969
955392
961728
959520
948384
960480
976449
984065
966016
955168
963744
970912
966497
970656
949215
980928
976160
985601
967425
979073
977505
965792
959360
1001122
978977
1012898
962784
960000
974433
960704
960960
979617
992129
971457
963040
966401
958496
953408
971073
944960
975808
1010530
969409
952384
962144
971520
959200
940735
951839
982369
973952
951743
945920
953823
964385
963296
951232
952415
971169
978721
957120
969569
967296
969248
965729
955392
961120
967008
973568
957344
950336
950752
943680
940479
962912
939136
967392
1288875
952224
944031
939807
954656
974177
927039
982369
983200
962976
966784
982945
972224
981537
970112
965024
978880
989313
951808
960000
957856
961952
948192
952191
956512
1001762
1016802
977921
959744
960640
965728
987297
968352
975713
1000737
954592
945088
958528
946560
961376
941279
947904
985057
977024
958464
944640
954592
960608
944512
961409
982400
983777
970208
983457
953792
961600
910622
903646
895038
902238
938752
931872
944064
913182
896894
970816
944095
922719
881886
885022
905279
924286
996545
964225
993953
996257
956256
912767
918623
937856
929759
924799
920190
898910
913726
910335
897822
928799
914142
937152
932063
939103
898046
893950
890622
889662
877758
890238
884222
880542
897022
914718
902718
910943
887838
872445
885118
891870
899038
891230
888254
895166
883070
888382
901118
909758
886909
887486
880189
912350
878878
899262
887582
903262
869149
887837
911839
923391
901087
900030
918079
911647
913951
898558
887005
893406
878589
882845
904222
911198
893566
884158
881118
891902
885854
894718
885438
905854
880158
882301
884414
907166
899166
916319
887134
904126
893214
897566
909439
898014
896990
903967
892830
925247
914014
919198
899838
902815
910430
910783
901567
906046
921023
895198
896190
899774
939392
929663
918751
909023
903006
905119
885693
893566
891166
898942
884637
900478
919071
914398
897534
898750
882493
900350
892798
888094
903807
900702
899934
891902
882846
939743
925343
904318
904926
886301
899518
901311
895038
889246
895038
889150
889469
908575
915231
908575
888734
905950
901406
885757
886205
902558
893790
887614
870941
926143
906046
900766
883742
881054
912671
919039
901887
939936
906974
891198
890206
923615
938111
893021
892830
892094
895454
898046
890046
885342
889054
897886
901247
952512
920063
909246
884254
879454
876445
893245
886142
885630
885277
892606
888638
944960
903422
908446
895165
897982
894814
908510
884253
889310
890877
892158
908511
928415
925023
898846
886205
888670
899198
886686
892765
894334
883997
890269
890142
913119
902942
924415
909726
877022
894525
885790
892030
888798
897470
890494
893949
881854
918879
916095
896126
882717
886718
895422
894814
900734
895614
895614
890206
882526
919998
905566
888670
888958
886622
893918
887198
891870
940159
890686
904958
898910
918591
919006
894046
886334
885789
888414
884574
888222
915199
899518
891774
893566
926559
929535
896798
893022
903774
888670
881917
884029
887261
897630
894942
893566
942047
946271
910654
891422
891198
878013
889917
893181
896222
881118
880669
890302
910558
915903
933311
903742
899358
888382
889502
886910
898334
896926
891710
885597
917150
931391
921759
892029
892445
908607
892126
895582
894398
896126
897726
890270
891229
908702
909246
906367
903262
901342
881885
889342
886333
895070
888542
873213
879870
917407
910783
912223
893501
886558
886206
888222
884894
920447
881118
881885
875517
887198
911326
925151
913278
898558
904190
925247
890398
893022
913982
913150
920766
898878
891518
899582
906558
916575
909342
887581
880285
881821
924575
915806
889182
905214
916991
885021
893629
889118
898942
894942
893502
889534
920190
944032
910559
908542
886877
883710
896286
886174
898526
890622
889246
875901
901438
916830
900542
889150
899486
886718
887966
875677
911038
896958
875966
875453
927455
892414
890558
894494
881821
883934
881470
890526
898366
889821
923551
927935
912030
895230
918367
907518
887710
882781
910942
893118
908382
883486
908318
913599
925087
915966
884893
883550
917502
905022
906270
883742
889213
885950
895326
912351
914303
922047
910622
883197
897214
916735
890589
885694
911551
893342
883166
906270
911423
906430
887998
898174
905822
909726
888510
900318
930047
901631
885885
917887
910718
906207
901566
894430
898590
895742
895486
890654
896478
890078
895134
919231
923999
908127
890590
901662
894141
901438
899838
880765
892798
877437
907998
907006
922367
893566
887038
875197
889918
897342
889886
883549
892190
886174
892477
911551
912639
918943
900638
893182
895870
898366
886270
897662
888414
890878
871485
888574
908959
902462
900958
872189
882621
893597
892222
891422
891166
882430
886238
871997
914206
933983
918463
897790
901374
886301
889502
891934
905918
888126
898430
874621
896254
915518
929695
908927
894718
889885
888958
907678
899230
893310
890654
886206
900286
903934
916671
896606
889438
888542
890046
894846
898175
884573
888574
880926
884702
916094
924031
890333
881693
875709
919423
899966
900446
897502
891102
902750
879645
908766
909279
914975
889150
911679
896829
900350
875262
885790
892350
891805
884253
909662
915871
918623
883421
873629
881437
896062
884061
885917
895966
880734
882717
869565
906943
942111
908990
900606
892414
883645
891966
897246
882109
882685
882686
889502
880573
916127
913246
883134
893694
881630
886206
888222
879198
890302
883805
876509
884926
884669
915326
909695
885085
896574
940640
901694
908702
888638
898238
893598
906111
923294
926623
931007
888222
879741
892702
887294
886781
880062
885726
892797
886270
888894
920863
923583
891293
883166
890878
889982
892222
884830
906750
899774
886269
889598
912735
909055
953728
902079
898398
892574
893437
896894
900926
898526
906142
884509
900670
911711
901471
883390
886526
889981
888253
896574
883486
884798
881213
895262
890782
936479
922815
894430
882653
885629
887390
886141
890045
890398
886941
872701
869501
937311
921279
912895
892190
895678
883358
886301
889917
897182
898942
892605
887069
880989
907710
916799
901758
904510
890654
889886
885853
884125
896382
960288
897726
933855
932927
909758
897214
883230
885918
892478
877725
880029
876829
891070
878141
889054
914879
904254
894653
886302
873565
882685
881310
898494
926271
884478
887518
883229
966497
1022338
923871
907102
899806
910815
895774
906206
916959
892958
914014
942527
927135
920831
895710
903966
897566
910591
892253
887998
901950
915903
923423
902430
918814
907646
900095
895134
895294
899390
888221
882366
911198
919071
913887
892158
878014
886142
891486
888062
885950
904062
897630
891518
887038
919711
922879
922015
903710
918814
907967
910206
906654
924223
887773
874014
894142
923199
909311
919071
887517
900126
890718
891421
891934
897406
884254
884286
892030
937663
912191
922111
889630
897886
892670
906494
914943
912094
914910
908159
886302
937919
925375
906590
898174
891710
887166
881469
888702
885086
895678
887038
890398
921791
918974
915071
894494
895070
890781
962464
923519
927167
908799
909822
937951
924447
907295
912670
916415
925215
883549
897086
882173
889502
898846
910239
911743
888958
883901
885598
885853
893917
886493
895998
889950
892734
907551
919071
891774
896382
903998
901406
900894
892670
890654
898046
894558
885277
969280
932863
913407
894206
902303
882174
878685
888318
881982
893886
887454
888126
909054
923263
959040
895742
887422
886622
889150
897278
890397
893246
897854
896894
907295
908798
920415
903742
922846
900798
896190
894942
881214
888798
884126
901694
919263
927935
915679
891806
884253
892510
892285
884541
894878
892926
881278
893502
893374
914558
912383
892670
883806
889118
892317
912414
901278
910463
891549
892894
905374
924383
939807
890430
891934
886717
888894
895166
897854
897086
903838
885854
879582
926111
933951
898462
894013
890046
884445
883997
891357
896317
883037
888414
916479
933727
903070
897438
901470
886846
887134
882558
900318
890814
880125
893630
920063
924350
912799
900734
902558
887901
884829
890174
898302
891486
881118
872125
880126
904766
903870
902622
892254
891102
919550
897374
894014
880318
890589
897150
934528
928543
912318
904094
903935
904671
905086
886461
886526
893725
883646
932416
911454
915678
898846
900958
892477
888158
887358
888734
891358
884734
905854
910079
913662
915166
896926
906014
932895
900318
898302
911262
909470
912734
927007
941375
909759
911295
890750
894270
882173
877213
896574
907999
904063
929823
944544
936576
906015
897470
897374
925375
903198
900638
904959
889469
894142
918078
908318
895582
899903
873150
888990
886174
876317
881374
885886
883358
908479
924351
934271
890014
881981
888830
880093
893214
893822
891518
895486
919935
878013
907518
909790
902974
879358
883454
889950
882718
898142
895262
914431
888157
909983
930975
922207
929087
907998
896510
900990
902047
914079
885661
888574
897438
917311
921439
905374
908703
882014
886526
888637
900958
916031
880062
895134
888957
911710
913694
895933
886334
898526
889181
886845
896030
902334
901694
888350
898334
910111
918526
897886
905758
905150
921983
909631
899070
944543
890494
894398
921567
922783
894270
894942
900446
890909
911358
884477
894078
889469
883773
929087
920639
912735
894462
899582
885629
884926
897182
905566
889566
893054
893022
921022
911295
937408
893822
885758
885246
892094
893726
887774
888605
901694
876669
910527
921951
915678
887070
896990
886814
882781
889278
893918
884126
888221
887422
917886
905790
921951
898942
899646
905695
890717
932191
902430
897790
882078
887486
899358
921919
918655
910815
899806
877725
884030
896926
885982
881630
889054
880413
886302
922718
929375
913150
927487
892765
895518
897310
877053
879614
892894
917630
898974
894173
910942
909023
878429
888510
878845
886718
879934
891774
897854
893054
881149
888093
917886
905918
910750
888446
885438
893054
891774
885277
899966
886941
887166
886877
886046
917790
938591
885886
901182
886462
892126
889502
888830
905119
903422
888702
912350
907487
908670
893438
884286
891422
896734
894302
901342
902750
899966
876637
878622
904767
904830
904479
897246
897054
906046
891262
895262
897534
894590
875645
882494
905566
921503
923007
914655
897214
889310
891294
909311
883422
892606
878685
884894
890878
909439
928575
903422
910494
902718
906079
911070
897662
895838
909247
890622
890974
915614
904382
897310
908862
899998
897534
897246
898750
888126
882494
886590
891774
911263
912287
921055
900542
884126
873789
886238
891422
929279
884894
891998
908255
921663
942079
893726
912638
910527
911614
889181
877949
899646
882109
882142
907679
913951
904990
902046
889117
885758
893950
890077
897918
900414
892926
890973
913054
919166
908830
907038
922847
921054
941632
910367
915327
894430
878685
884798
922974
920863
902783
898494
899614
902654
897438
895166
895838
908991
898046
878397
909214
903998
916703
902110
900478
916094
900222
909406
891773
887678
875486
907583
909822
919487
926367
913342
888350
886654
887293
891166
891518
888606
878269
878173
892062
924927
924223
880957
882909
886302
888958
892638
879261
900510
885085
879390
893182
903358
935231
919358
877470
888926
889950
884573
890110
898046
888702
866429
883453
914303
919391
906878
877885
882878
894654
888446
876478
888382
890877
901054
892702
895454
931263
942207
895966
894238
894174
892030
916671
875261
875517
895454
902046
885470
906398
915007
906110
897374
892894
895262
877053
884925
898878
876445
902366
919903
915390
910334
894590
903103
892926
898110
902110
896542
897022
903038
916350
898942
920766
921759
891901
884253
890654
884574
889214
904670
912863
885501
879709
890494
907198
909119
976321
901151
902814
890462
911518
896862
903454
893182
902047
887869
911646
908863
913726
917791
899486
891934
890685
891485
892893
886973
885278
882013
906302
906430
933472
893406
879325
884061
883613
903743
902943
902430
898622
880253
897918
913246
920734
924543
882270
876062
874685
903582
886078
883262
898238
882622
896958
904414
918463
936191
918142
909503
912991
912991
896957
907903
901054
893726
908382
935167
939775
901438
879454
875837
891230
877117
876797
886430
894718
887806
910495
916318
909726
917215
887326
894558
886206
882717
894814
902526
910590
897374
878557
884606
916095
901535
888350
892414
906878
899422
902718
888286
877597
892606
897918
892382
910494
912255
939423
902366
915039
890782
896126
898974
895006
899006
879742
882558
911134
908350
911486
896221
895710
886910
896158
879806
891614
893566
892574
877821
922079
918879
911038
890973
892862
895966
916287
873629
886942
885437
893886
877437
884958
906814
918911
886686
885534
879069
900542
883582
880477
877949
880093
884510
888318
919198
939199
913310
888286
886237
886877
883901
890974
885438
889950
920703
912094
898238
924415
917983
889533
892830
887261
888862
890558
890302
888669
892062
889470
888094
916479
909791
922303
899198
876958
869277
892318
884765
889214
900414
889918
884702
926751
961600
917662
896606
901695
895742
900126
884830
887806
885982
892798
896062
930527
914495
908670
894142
900062
897502
905438
888862
886782
880926
906303
904062
913599
913822
916671
895646
896190
889022
912927
891390
891838
884894
890558
880094
888125
920638
920831
903358
888190
881886
880541
885566
888734
894654
883677
879453
896126
892445
899966
903646
903583
881181
895006
881310
892190
893918
912542
904446
881405
876189
901279
900990
916735
886622
887198
898686
887901
887294
894558
887646
885598
880894
892734
910687
924287
916510
890525
883069
894238
897054
893022
877085
880318
874621
886110
939136
904574
897310
891966
893406
894589
901278
900799
896158
901662
901342
876477
908095
909983
911199
900766
895550
871101
882654
894782
889310
895357
893598
896222
888286
908286
920255
914046
902910
881918
880285
889470
882973
897534
906399
895262
915839
914367
908063
897918
888893
876606
915295
889053
887550
889182
890174
891358
879454
923934
917599
919039
898430
898014
902782
893790
895486
912030
902974
876189
880285
903263
924863
910526
890974
898270
894750
907615
895485
880349
880253
890173
894270
875613
915679
921311
907486
885213
874973
886334
884029
887837
886270
881949
892765
897502
877373
908862
915710
898622
891358
889886
906462
900798
905150
913374
890366
883006
903486
900798
911710
882813
894718
898910
901791
880637
882398
879326
903678
882589
885021
917726
949440
917663
896254
892350
887390
887998
892221
887037
902655
885469
922590
916863
916190
937855
885854
893981
901054
887101
904446
905022
893502
890686
889374
924703
919519
883517
884894
898974
891710
897278
915679
898782
889565
885917
872125
955040
948096
899550
905343
892990
893374
902654
907454
910430
913471
914655
932927
924959
918623
902494
892478
903550
901854
897278
898558
893597
890782
888350
934176
921215
908894
902910
912159
905566
904191
900446
908703
902783
893182
878302
916863
912894
930239
883997
886941
907807
894365
889501
894270
893214
903710
899806
891390
936575
916350
892510
884349
927487
890942
906751
898622
892638
875389
888605
899230
900991
909022
903134
900382
887710
903231
883902
885341
879645
901279
880509
903262
899614
913279
904158
898782
902814
907551
889982
894462
927583
893086
898430
880989
873949
915647
917663
925631
897245
890110
884765
903006
878397
890974
887134
888222
882237
916863
898334
900478
889182
886590
881117
886142
884862
899038
884990
910750
890877
913406
913022
911454
919391
900990
893342
901150
901790
907422
901406
911294
888798
891838
918879
921503
918590
896670
904062
884798
892414
896638
896414
891966
897822
874813
899774
920191
902079
921567
894301
893662
890302
881502
885053
896254
883294
892382
915391
927295
886589
892254
894078
891006
888158
898622
902686
893886
897118
918750
908734
903486
893790
910046
900446
900319
895102
895998
929792
905150
898270
919231
917503
894782
892477
903582
897918
902494
886558
895358
914239
904094
936127
909631
913694
884254
888862
896254
904382
900670
888414
881822
882174
888734
884926
904862
936479
916575
882525
888926
914271
904414
908766
909982
886334
884445
891294
916191
905694
907423
896030
878525
876286
881853
882493
885533
877085
881149
884414
885374
917247
918142
912255
887005
944447
882301
884861
886782
887262
886717
893790
883134
896670
922015
906014
891134
878525
887166
891166
901727
891006
900735
901406
900670
909567
927519
931840
891102
885949
