158821
47746
43234
42209
41794
42146
41505
41186
40897
41217
46338
43649
40706
41537
40449
40802
41217
41377
41121
41378
40834
40801
40705
40962
47777
41793
40129
40385
39457
45762
39778
39618
38881
39938
38753
38561
38817
37665
43809
38753
38209
37953
38177
38018
38401
38786
38306
37473
38753
37825
38273
37953
38081
41217
37985
38049
38561
38465
38625
38977
38657
38465
38625
38113
37985
40002
38113
46018
38657
38497
38753
37441
38017
38369
37729
38689
39073
38817
37921
38753
38433
39105
46306
38241
38721
37985
38593
38113
38529
38401
37761
37985
38049
37889
38049
38177
37665
41473
38721
37761
38433
40257
41122
38466
38273
37985
38209
37985
39617
38881
37441
40065
38177
36898
37954
37090
37922
37090
37346
37154
37762
37346
37857
36577
37633
45473
46594
38113
38689
39105
37857
37345
42018
38369
37953
47138
38657
37729
46402
39425
38274
37313
37185
37921
38369
37953
37506
36961
37889
36673
37793
37505
37313
45506
37505
37025
38369
38625
37761
37345
37761
38273
37505
37857
38113
38337
38529
36737
45537
37537
37473
37601
37569
37537
38465
39874
37954
37474
38978
37730
37346
37217
39618
42593
37825
37761
37889
38241
37409
37601
37185
36866
36738
37378
37249
38689
38049
43938
38177
37377
37057
38754
37537
37570
37090
37506
37473
36897
37089
37953
37154
36162
37089
37153
37185
36225
38817
37473
37921
37697
38402
40034
37122
37793
37857
36801
36193
39202
37665
36897
39233
36993
36641
37121
37345
37537
37345
37474
37569
37569
37666
37570
38305
37665
37377
43490
37794
37826
37602
38210
37601
37153
37313
37633
37505
39937
55073
38722
38754
37282
38754
37890
37090
47490
38721
39585
37153
37281
37889
37153
37729
39489
37537
37090
37282
37026
37313
37537
38273
38945
42081
38145
39105
38305
38913
54946
47266
38274
38402
37602
37890
39042
37378
37185
37761
38145
37793
37761
38529
37185
86435
40930
38146
36545
37186
36898
37858
37793
37729
39553
37377
86403
39137
38497
43489
37601
37825
37121
37441
38497
46658
37569
36737
37762
36674
37025
37122
36833
37185
39970
37762
38465
39489
37121
36801
89123
39809
37377
37537
43905
46049
39170
38338
39841
36865
36225
41409
37441
37601
37153
37313
37217
38626
39073
45889
37570
37986
43138
37986
37218
37249
36385
37409
37153
38305
37441
37601
36833
41090
36801
41313
37057
44994
37218
37474
38050
37601
36865
36321
36769
36770
36353
37057
37281
37377
38049
39169
37793
37089
42273
37250
37761
39905
37921
37569
37889
37537
37217
38305
37985
36897
43841
76290
38753
37794
37089
38177
37858
37346
37442
37538
37185
36257
37473
75810
45473
40546
40161
39425
39777
37090
42114
41281
40545
39329
38753
41537
40673
40449
39937
43298
48385
37985
37121
37505
41858
40033
41762
38721
38913
44897
42114
41601
47617
43521
40034
39330
39329
39009
40097
39490
40641
47426
41890
41730
46017
40897
41857
40930
40161
39745
40065
39554
40321
40609
40258
40481
39745
44002
41825
40962
42242
39969
40674
39970
40609
39105
39809
40642
40161
40545
40322
40194
40481
39905
46658
40673
40545
39169
40002
39458
40161
39233
40001
40385
39394
41153
39809
40673
45089
72994
42881
41537
41537
41410
41633
40385
39330
41217
40801
39969
40290
40961
44066
40769
40065
41441
40194
40930
40161
39201
39873
39361
40098
40482
40385
40673
39521
39425
46497
40577
39713
38593
38434
38753
38593
38753
39842
39298
39041
46753
49281
43681
39553
39810
40770
40449
47746
40865
39617
39585
39746
40194
40865
39521
43425
40002
38369
39297
38913
47010
41218
40865
39841
40290
40226
40129
40129
39425
40129
38305
38242
38274
38529
38081
37889
38690
39266
39362
39137
38721
39585
39425
47169
40641
39169
39297
38369
39265
39714
39554
40033
38657
39937
41249
40098
40065
39969
40577
40545
40289
39714
39873
39297
39394
41282
40097
39713
39937
39874
41602
40129
39489
40386
39266
40322
39361
39393
38721
37729
41122
40289
47362
40289
40065
40225
39841
47426
40449
39490
40417
40865
39649
39970
46977
39170
39873
39905
39234
39618
42369
42625
39490
39489
39969
38689
39585
38562
40194
39777
39554
38849
38689
39553
40289
46114
41314
41505
39905
39426
40066
40833
40225
40577
40738
40322
38465
39745
46338
40161
39554
40993
39330
39649
39393
39073
43682
42242
39970
40673
38465
38178
39841
39010
38785
89315
40193
41122
39746
41473
43105
53506
42209
43394
43041
39489
46146
41313
39393
37890
39682
43010
40801
41250
39681
43649
40290
43809
39681
48418
46754
39521
40098
43586
41281
41986
39778
40834
39681
41921
44226
40801
39553
44162
39873
47042
42273
41602
43073
47746
40705
40834
41025
41570
39393
48065
48386
48322
42817
40770
40065
39265
39585
46785
41185
40481
40226
40002
39106
45825
46690
40001
42561
42337
40130
40322
39809
39586
40066
39618
40289
40161
39713
38913
47265
45921
39425
40194
40033
39073
39745
45602
42945
39169
39778
39201
38529
39137
46850
40353
38305
39682
40578
40545
42754
39617
41761
40065
40066
41761
42593
41057
45793
40290
39586
39329
47106
39713
42561
41602
39489
40866
41249
40258
41826
39649
45922
39649
39457
40226
39617
39905
46338
40353
39906
39873
40129
39074
42434
40033
41858
41281
39682
40290
40385
39713
39521
39169
39810
39170
42849
39297
40482
39490
46466
147365
43234
41313
40225
40065
38274
39842
38721
39233
39265
40225
40834
39777
40130
47201
41538
40193
41217
40578
41122
47329
40898
39393
39745
39169
40161
39874
42593
40226
40865
41025
40481
40354
46881
40321
39074
40450
40289
39617
46946
40001
40225
38305
39617
39169
40065
40065
39009
40162
40769
40161
38753
39394
39938
38626
41825
42369
39329
39810
39010
38497
39585
37761
38913
39265
40897
41697
40098
39425
40450
40994
47714
41250
41505
41377
40481
49793
48226
39810
38593
39873
40833
45409
39554
40225
40385
38978
38529
46594
40513
47521
39554
38913
42945
39297
43170
45794
39265
40289
42785
40321
39298
88227
41473
40385
41089
43106
42113
39425
40737
47682
72546
40609
39617
40513
41058
39426
39809
38881
39553
39202
40770
39969
39905
44321
40001
38977
40449
40001
39457
41314
40481
39585
39490
39778
38914
39681
41505
44673
39810
39938
39713
70338
39650
40194
42209
39746
39170
39521
39873
40801
46722
46658
41121
39810
39233
40418
39810
39586
38882
40033
39585
42529
40578
40193
40161
44481
41442
39777
39201
39457
39105
38721
39234
39233
42721
39553
40129
40578
40482
44962
47361
40002
40033
40673
40610
40033
39681
47170
41537
49314
40577
40353
45601
43969
39841
39969
40450
39713
41025
40417
39810
38370
38945
38657
39425
38209
89443
40609
39329
46434
41410
40801
41185
40737
42082
47041
42178
39650
39681
39361
46242
39393
40449
40482
39746
40097
40449
47553
41314
40609
40897
39233
39682
47233
47041
39041
39873
38977
39393
38593
39073
39841
40290
39586
39617
39649
39329
40929
43425
40802
91844
41186
40577
39841
40513
40866
46977
39618
40418
40641
39937
38817
44449
40129
41473
40993
40609
40482
39873
39873
46658
42369
39810
39041
40577
39009
48353
40225
40962
40929
40577
39361
39682
45826
40289
44322
39841
39585
39361
48834
41057
46497
46274
39329
45762
39233
46562
40225
47137
45505
39489
39842
38978
45409
39458
45794
39362
46338
39617
40290
40002
71298
40290
40449
41057
41218
39938
46658
40865
40130
39746
40513
40705
39073
46369
38946
39490
39041
39393
39649
46594
60002
43617
39106
38337
39489
39873
45794
40129
38113
46433
39298
46370
39393
47874
43522
47074
40674
40641
39777
40449
40898
40513
40929
39842
39458
39585
40385
40482
46594
40418
39585
46242
40481
38977
43393
41186
39618
40161
45025
39906
39009
41057
41025
41281
41057
39426
41186
46817
45474
40033
45762
40385
39649
39745
39842
46626
40673
46017
40801
43905
40418
39073
39458
38817
45570
41058
45729
40194
45314
40289
45634
46754
47074
40577
39649
40546
40738
39713
39585
39937
38786
39010
40866
39809
47682
46082
41633
39457
44514
40609
39809
39041
39106
43810
44929
39553
40610
40001
43937
44545
39905
39042
39073
38753
38721
39233
43329
40162
38818
38753
40609
40577
38913
39393
43714
39617
39777
44482
39266
39361
40609
40801
40129
44226
41186
39521
39169
39906
44194
40737
40929
43426
40225
39681
42689
39842
40161
39297
39489
39074
39714
40705
46818
41025
40002
39842
38913
39681
39425
39841
40418
39842
39105
39521
39777
39105
40098
42850
44834
47330
40833
39777
42946
39233
39361
39042
43586
41473
40098
40514
44129
40417
40258
40609
41890
39265
39137
39938
39873
40801
42881
43970
39713
42337
38914
45537
40417
40097
44673
41506
39617
41953
41313
42562
38913
43937
44514
40929
39713
47361
40354
39617
39457
40033
45441
44706
39905
39105
44385
45602
42977
39329
39841
56514
41122
44097
40578
39777
39233
40610
40514
44609
40481
39041
44290
40545
44609
45889
42146
42657
39874
45538
40673
41410
40993
44322
39521
44065
39650
43873
43969
43842
39681
44865
38626
41602
43713
44898
40097
40065
39490
43682
39873
44226
43873
39969
44225
43362
39554
78882
40449
42786
39617
40321
43362
39649
40321
39170
39330
38977
46562
40961
43906
42913
40449
44162
44289
40002
46626
41090
40001
39873
40737
39522
44450
39585
40194
44193
39650
41985
39809
38786
43202
39777
46466
43874
41217
39554
46177
40417
40001
43042
38978
39809
40161
43266
39842
39457
39937
39649
38882
39265
39745
40290
40545
39777
40481
38946
41537
41538
42625
40705
40482
43234
40321
44674
41121
44930
39329
38817
39329
44033
45282
40033
40386
40193
43073
43393
40001
40738
42466
45410
40193
39106
43009
42850
39809
43297
39490
40417
42657
39938
40162
39969
39777
45345
40385
39713
40354
47489
39650
39105
39169
40001
38530
38178
39201
40513
39009
56642
41665
39393
39618
43490
39969
40258
47650
41121
39138
43874
43713
43074
39105
60578
40673
39170
43330
40001
43905
40993
38977
38817
39297
44386
40353
43521
39489
39490
39778
44386
39905
43969
40162
40289
40321
40738
41602
43265
39777
44226
44257
43329
44353
40578
40321
40001
39521
39201
44162
44674
39393
39458
41922
40065
39937
44353
43938
42850
43394
39713
38017
43810
44193
39777
41985
40353
39298
40321
43201
39329
62050
40481
42945
39746
44673
41089
40578
40097
39809
40289
38817
38242
43489
43521
41922
41122
40962
45057
40674
48482
45089
44834
40610
39649
39137
43938
38625
39169
39073
43906
40193
40737
42177
40033
43681
43586
39425
43361
41217
39714
40482
42977
40289
45154
44610
43586
44194
42433
40130
39874
39425
41505
40418
43682
40385
39905
39842
45282
41186
44769
43234
44738
39777
44289
39810
44738
40577
45730
40354
44225
40449
57506
40225
44097
39074
43234
39009
39649
43810
40418
40065
44385
40162
39905
39713
38978
40545
40226
39426
42626
40065
38913
39618
43682
41378
39329
39649
40450
40066
39329
44642
43521
43650
40961
39905
39809
44130
40673
40705
39617
38882
39586
39682
39201
41665
39585
39234
40673
76611
40321
40545
41570
46017
38977
40418
39010
44226
39969
56802
39586
42690
40097
42946
39809
41026
39777
40353
39170
39841
44385
39746
41410
59618
40642
39106
40161
40705
40130
40194
39105
44065
40898
40161
43393
40641
44450
40545
42561
43777
44930
43617
39937
40353
43106
39649
39041
39137
40609
44258
40162
39905
44897
40257
44130
40641
40417
44738
44481
41121
39841
43682
44513
44578
40322
40993
58146
40609
43265
44098
40577
39169
39010
39490
39266
41281
42754
40802
40417
40258
54082
41186
39841
40033
39617
39585
44738
39841
45185
41058
39810
40609
39585
38626
39714
39873
43778
38881
39937
39553
40066
47169
40962
40770
45185
44513
38946
40353
39586
45314
39521
40225
39297
38625
39906
39298
44033
39841
38945
40449
44801
38721
47425
46369
39874
39009
39201
44801
41122
40321
40993
39106
39169
38881
39809
39937
40769
53826
41025
39170
39137
39265
44546
39970
39905
43649
39361
39650
44129
40449
39073
40162
46401
40034
40065
44225
39682
39586
40449
43297
44162
43649
42465
40418
42945
44321
47489
39873
39425
41538
39362
40577
39553
44513
39426
41697
40962
42913
40769
42594
43841
39329
40033
41761
40481
38178
39617
42913
39329
38689
43554
39361
40033
39617
40706
39617
40322
43041
39521
40738
76547
40130
39874
40001
40353
40385
40514
41698
40321
44610
44097
43650
38945
38785
39297
47073
40641
39873
40353
40545
42434
38785
43777
47873
40226
39745
39137
39873
43650
41154
40129
42945
41250
40033
40193
39553
38658
54466
40130
40065
41537
41441
39746
44161
40481
40002
40226
41505
40194
39105
44577
43938
40898
40513
39265
40225
39970
43554
40289
40865
44770
40001
39105
39937
39457
42050
46018
40545
41217
40322
40129
40418
40834
40321
39425
42945
39714
44833
39650
39554
46722
39329
43425
39809
38881
43329
40610
45378
44289
40610
40097
44417
44194
40001
54914
41153
42658
40513
43297
39554
46945
40258
43010
39297
45314
40449
39266
39874
41282
41826
44225
44097
40642
44705
40545
39906
40641
38881
39009
42817
39618
43810
40449
42625
37473
41185
40066
40130
39297
40833
39617
39490
39905
39521
40257
43746
41474
38817
39521
39489
39330
39906
40129
39681
40290
40930
43394
43745
40258
39266
47010
39265
39041
39137
40289
40673
44162
44929
43777
43938
39233
43361
40705
39650
55202
40898
40193
39361
42082
39393
39009
43041
43234
40961
40130
40801
40834
38721
42946
38465
39457
38017
40225
39074
39938
39905
40481
41249
40833
38849
39873
39714
40641
40321
36161
40449
43361
40802
42818
43617
40193
46914
41761
40065
40034
39330
38305
46657
41218
42849
40769
38849
39202
40354
39201
39521
39777
39137
40289
40930
40386
49410
42050
40769
40129
43361
41570
41442
40065
39841
41154
41729
41697
46817
40993
48193
40930
39842
46753
40801
42850
45953
40513
41058
40642
40225
39714
40673
40578
56418
40449
39777
39170
47554
41505
47650
40289
40833
39873
39490
38818
39361
46241
45890
40737
38817
38913
39745
39298
39361
39009
37921
39041
38977
39905
40545
40545
38721
40546
39073
38689
38721
38562
39202
39329
39617
41825
40002
41058
39489
40993
40897
44993
39906
52674
40769
40481
40354
39265
39297
41378
40097
85539
44930
40481
40481
45921
39810
41025
41890
41025
40993
39170
39010
39585
39521
40993
39553
39586
40993
49761
42881
39330
38498
40033
38369
48321
41122
40161
39778
40801
40673
40898
42946
39265
39330
38210
39010
37921
39649
40065
40353
40386
38881
39745
39105
38881
40610
47362
40866
40673
39489
39585
39682
39970
39137
38817
40513
38978
38882
39873
40449
40801
40449
39010
40738
40385
39681
36513
36129
36929
36001
36641
41633
39874
41281
44353
166246
47010
40225
39777
37857
39970
38785
40961
40993
45218
41346
40033
39009
39362
40002
40226
37761
72579
40865
39809
39489
40802
40066
45729
40962
36129
40450
43970
40161
39906
40226
39521
39809
39553
38785
39394
39682
44065
43169
78051
39489
45121
39937
39873
38977
41282
39522
39489
39265
69058
40162
39074
61763
42113
38722
88547
40513
38497
40705
40961
68483
41345
40130
40610
39042
38689
39585
39361
39329
39137
39425
38561
39041
39457
41057
39937
40385
74819
40577
39425
40769
39489
40033
39681
45666
66914
40129
64226
41057
43137
40097
39746
40578
40994
40257
39745
39201
40833
44898
40897
40962
39074
40226
39969
40673
43970
67138
40290
62562
39041
70242
40258
44610
40002
40417
39042
42306
40929
91395
40866
40386
37890
40770
46786
40129
40161
47105
40321
39841
45634
39585
38721
40289
39873
40481
39586
40065
39329
41121
39234
46338
38913
40257
38690
90211
41506
40737
44353
41185
36097
36641
145829
40417
40641
44385
39906
39617
39681
40033
36129
53986
40546
42401
41409
40162
40034
39426
41057
42945
42466
40033
39585
40385
40385
40289
40353
39777
40354
39105
39265
39137
39137
39905
38817
39425
42210
39393
38209
91875
39905
40129
39617
39425
41409
40353
39041
39745
40193
42242
39425
37346
51906
40130
38914
38657
38721
40226
40577
39233
40257
44673
44353
40834
40769
38369
75810
39905
39809
39490
40994
39521
39009
39137
39905
47522
40225
98756
40993
40193
64066
42594
40994
39073
38721
80482
44673
39201
39841
84771
41922
67586
40673
44642
48034
40097
39266
40738
38978
36129
38754
38913
38401
40001
38465
38977
39490
40225
44994
39617
40193
40129
39425
39586
39906
40449
41441
44449
41058
39042
39713
65794
45793
41153
40321
40001
72802
51490
40514
41409
76194
45410
39329
41985
47650
43906
42050
45922
44897
40546
41250
66818
39969
40930
91107
71778
40513
41505
140133
43330
39809
39777
40161
39106
40129
40001
38945
46049
56770
35457
40545
39969
39617
44674
40609
39489
40449
39201
40449
39938
46593
77026
47874
73763
48418
46849
125860
40161
61474
39745
38977
39714
39010
39362
39393
92995
43170
36961
46017
40034
39457
38593
44418
39809
40865
40609
39906
39873
40353
62882
42018
44417
39041
38913
46210
38658
39585
44673
40513
80355
66530
45281
40449
56162
39970
39842
40161
36609
38721
39969
39234
39650
39362
43777
40097
39617
43873
45090
45602
39041
39169
40289
39873
40097
40386
38530
39777
40097
42689
39298
39138
39009
85763
42081
39586
39010
39170
39554
38721
41122
37953
36065
67554
39714
73251
71778
100195
40769
39969
39330
39585
45089
39554
59521
90531
40321
40130
40258
40385
63970
44161
42754
39009
39105
39201
39298
39521
143397
56162
39361
38946
39042
41025
43266
39617
39393
41793
40450
39169
39457
40385
44226
36322
39905
39489
39714
39298
47682
41249
40225
42209
39937
39362
39425
39170
38018
39137
39009
38817
38498
39010
39841
45634
39489
43521
40290
40129
39681
38498
39297
39041
39713
38786
39202
40193
38273
47266
41921
41826
41089
40449
42913
39361
39841
39649
40961
39617
40034
39938
39841
39105
41377
41313
43553
38178
38626
39906
39586
40609
41505
39714
39778
39105
39617
40257
42337
39873
40161
41122
38146
40225
39458
39202
40161
39745
39681
38817
41281
39618
48418
39809
40898
44898
39778
47138
39681
39457
39553
39938
38689
40417
39457
38913
48290
40929
40226
39778
45474
40833
38786
39458
39233
39713
40290
39650
39585
39969
50241
42690
39617
39041
38977
39489
47489
41505
38945
39778
40610
40545
40385
38721
44225
39106
40290
38817
40545
39457
39617
38817
40034
45154
40065
38209
40418
39874
47202
39841
38625
40385
38657
40514
40577
39393
39649
39873
39842
40194
39265
38465
38465
39681
40705
41378
45441
40897
40866
38818
40737
40321
44002
39521
39298
41186
44706
40545
38402
40385
40769
40673
39714
39362
39457
40385
41153
40514
39553
40545
39874
42434
41698
42594
40225
40866
40418
41281
45538
40098
39873
40865
40481
39682
39137
45569
39874
41057
39681
40449
40322
46498
40833
40993
40161
40097
40386
40193
40065
40033
40865
40001
39618
40673
43938
40321
40481
40290
39554
39746
39682
40065
40417
44354
40001
39714
39297
40833
39873
39393
39362
41281
41666
40674
40929
40193
40290
40450
42434
41153
39713
39169
39841
40385
40801
39554
39522
40481
38753
39137
38177
38145
45729
40193
39041
39169
39809
40098
39074
40513
39137
40129
42017
40162
40353
38177
44417
39906
39746
38945
38978
39106
38657
38977
41537
38849
38786
38658
39746
39393
51298
40353
39425
39169
40289
40033
39586
40417
39074
39297
41505
41762
41441
41345
40737
41377
40002
39362
40098
39201
46850
38946
39490
39234
39009
39329
39585
38753
39777
41057
38434
39778
38017
38561
38433
38625
38594
38818
39009
38465
40385
40002
38658
46370
40289
38625
39297
38945
40513
38402
41122
40097
39489
38977
39873
38721
40130
39746
42658
40865
39393
38274
38882
39521
41089
39649
40418
38561
38753
38337
40129
39394
43330
38497
41249
39074
39969
41601
40993
40418
39841
39169
41601
38785
40481
39361
49474
42146
39777
41665
40161
40354
38881
39713
39681
39073
39586
38562
39073
40033
44417
39906
40033
39841
39682
41345
40802
43745
39585
40386
40097
39873
39073
38690
39586
42433
39809
40194
39746
39489
39041
39969
39841
38434
39073
39329
38881
38434
46530
41377
40769
42081
40354
40161
39585
38625
39938
41153
43873
40098
40929
39618
39073
39585
41889
39874
42658
40097
39937
39426
39138
39105
39809
38849
39618
40546
40673
46018
39841
39746
42658
39873
42466
40449
40322
38657
36418
74050
43169
41601
39201
42049
39490
39618
39329
39809
40257
40513
39746
39458
40897
39745
42337
40065
38881
40033
40066
40609
40577
39650
39682
39841
41345
39201
38945
38274
39362
38114
39138
49986
43329
40098
38817
39265
38753
41057
39458
40289
39425
38561
37666
38402
38241
44258
40513
38850
39297
38945
39553
39202
39266
44129
38945
39617
39489
40354
40961
58146
40866
39841
38721
38465
40290
39937
39553
40129
40289
41602
40577
40385
39937
40290
46786
60482
44418
42913
41857
42722
42210
39585
39329
41089
40002
40481
39425
39905
40225
40449
40994
40193
39457
39553
38146
39138
39009
38817
38945
39201
40225
39521
46721
40577
40865
40482
41794
41441
41377
40769
40546
39906
40513
40321
41953
41058
44770
40001
41377
39810
40546
40225
40641
40033
41058
41218
40161
39201
39169
39202
39906
47266
43650
41569
44034
39585
38881
39617
80163
39553
39777
38721
39713
39073
39266
40705
39041
39681
38913
39841
39617
39426
39586
38689
46817
41153
44994
47362
57890
40706
39553
40130
39265
41793
39522
39553
39425
38977
38818
39265
40001
38593
56610
38849
39809
40770
40801
39490
39714
39265
38497
38785
39457
38753
38658
38657
39937
41922
40001
39458
40002
40609
40097
40898
39265
39329
39297
38465
38913
38050
39298
45698
38369
38753
38209
39489
40322
41058
39809
39713
39041
39202
40770
39617
44993
44354
40897
39873
39234
43234
41153
42018
39618
41473
41729
40610
40866
39809
40769
39361
41377
41633
40802
42177
40321
40193
40418
40386
40545
40609
38818
39586
38881
40290
46722
41985
41729
40898
41570
40801
41377
41185
39938
38338
38498
40353
41025
38914
45314
39457
38177
39105
38466
39457
39329
37953
39041
40225
39137
38914
39745
39169
39905
40769
41410
40258
40449
40257
39201
40162
38722
39169
39233
39937
38369
39681
39394
45057
39522
41762
39457
40641
39201
39841
39394
39201
39681
44066
41762
39905
38690
39938
48705
41538
40161
41281
40802
39169
39617
40897
40801
39842
39938
40449
41762
40577
40449
40738
39201
39713
38786
39618
39009
39649
38337
38306
38561
39937
39777
39970
44450
39586
41538
39969
40225
39425
39233
40802
47714
46978
40737
40482
39426
40385
41665
39969
40289
39425
39073
39746
40066
39490
39266
39650
84450
41953
40002
39905
46178
40193
39329
39169
39074
40674
41889
40513
41954
40834
40161
41121
39298
39522
43522
39553
38753
38722
41122
40097
38721
39266
39810
39425
40801
41249
40257
39329
40290
41377
41666
42145
41281
40066
40225
40161
40065
40866
40769
39233
40738
40577
40129
46433
38914
39202
40706
40321
40737
40673
40674
39490
41698
40545
41025
41345
42210
46690
41537
40642
40321
39169
39905
40578
42082
41249
40257
41153
40034
39970
40129
39521
41666
40193
40833
41217
39873
39714
41954
43585
44674
42146
39489
44418
40129
38881
42210
39937
41409
40449
39842
40897
41442
41025
39809
41121
47809
40321
39425
39873
39457
42753
39362
40674
40193
41793
40737
40002
39873
39521
38466
38498
38849
46114
46593
39362
41921
39233
40193
39809
39010
40450
39521
39009
40385
40322
40706
39073
38273
40674
39553
41761
38402
39554
39681
38849
39873
38434
40706
40961
39169
41314
39937
45505
39106
40833
38785
41313
39682
38498
39617
41409
40257
41218
40514
39778
42242
44994
39873
38945
40417
39905
39010
41442
40929
38017
39842
41025
39649
38881
38593
38881
40097
39106
38945
39073
39714
37762
40001
40353
39169
43393
43362
40001
39137
39202
46178
39841
40417
40129
39970
39458
38818
39713
40066
41346
40193
39745
39778
40578
46498
89731
40962
40737
41729
40162
40321
38849
38913
38242
40161
40609
39202
39362
53313
40289
39617
40449
39009
40770
39489
43393
39458
39105
40033
38497
39714
40802
39425
39553
39041
38753
37762
40417
39521
41409
40161
40098
38466
39457
40865
41057
39330
47105
41761
39393
39842
44802
40705
39969
40033
40353
42177
39778
40226
40289
42849
46913
40194
39649
39169
40385
40834
40482
39425
38817
40129
43298
39425
40513
40609
40386
39778
39362
39234
39842
40353
38561
38273
40481
40609
39713
39169
39618
38754
39009
47650
40738
39969
39041
40001
40961
43105
40193
44065
40354
40065
60226
42114
41057
47329
40418
41249
41313
40066
40674
40417
42817
40033
39874
41442
39777
39617
47297
39874
40353
39873
39361
38754
41090
39169
39041
38465
38945
39714
38498
38370
38434
45922
40545
38529
39681
39041
39266
40961
39106
39681
40129
39649
40450
39329
40161
40993
42082
39585
39361
38690
40353
39458
39042
38497
38849
39201
39233
41058
40193
43874
42081
39137
39458
40449
39809
39938
40609
39425
39810
39137
38593
39617
39457
39842
45922
39329
40897
40961
40770
41633
39681
39810
44673
40034
40769
40769
40194
41505
42402
40833
41634
40833
41505
39297
41505
40769
41986
40705
41537
40161
40514
41697
47682
41825
39265
39713
39714
39233
39297
39489
122532
41314
40609
39809
40290
40097
47457
40834
39041
39425
47426
47394
40609
41089
40546
40001
39745
38690
39362
39553
40865
39138
38306
39393
39265
40545
40257
39874
39233
40033
44802
40097
44385
40962
42657
40577
41569
41250
41537
40161
40353
40577
40162
40386
41313
41889
41025
41026
57281
43074
40321
39746
41602
41057
42113
41954
41473
42242
39457
41633
40961
40385
47713
43490
40801
42370
41442
41154
40482
38978
41409
39201
39970
40418
41025
42946
87459
40353
38690
38593
40865
40705
41122
42049
40449
40961
40321
38882
40257
39617
40418
41346
40961
40450
39937
40385
40162
40833
41121
41473
40642
41281
40545
41794
40130
62626
40546
48418
40641
39522
40385
40385
40642
42338
44481
42754
41186
40545
41185
43873
40290
41762
40769
42081
40546
41121
40802
41058
40225
40545
40129
39202
39074
54146
38433
38337
39169
39585
40130
40353
40737
39233
39170
38978
38913
43361
40577
39553
39362
42913
40417
40098
41441
41026
40801
39905
39169
38914
38786
40833
40290
39169
40513
41185
39778
39297
40289
40994
39969
40065
41313
44834
40993
45506
44002
42113
41281
41154
40865
40641
40257
40641
38946
40098
40450
38881
39361
39041
60386
39842
39521
40513
39521
39010
40897
39361
40002
38273
39361
38593
38753
39329
39234
40642
39362
41089
42690
39330
39457
39490
38305
38529
38401
38401
38881
38369
39650
47266
40353
40321
39586
40834
40417
40609
40642
39842
40033
39105
39841
40385
40641
40834
40001
43681
39170
40449
40193
40386
40481
40706
39873
38305
38241
38337
38337
38370
38849
38850
40577
42082
42593
41057
40866
39522
40545
40641
40993
40418
40034
39457
44898
40193
40065
39969
40002
42337
41665
42081
39810
40833
40513
39809
40706
77475
47170
40737
40353
39905
39202
40065
39009
40065
39682
40066
40001
41505
39585
39681
47394
40257
40578
42082
41505
40450
39425
39617
39137
39009
39042
40418
39745
39457
61890
39713
39617
40001
38882
41314
39521
39873
39681
39586
40577
39553
39521
39361
40418
40545
39266
39618
39297
39489
40034
40193
40865
40801
39874
41570
40481
40513
40129
47297
39841
40994
39906
40193
39841
40897
39553
38978
39394
40353
40609
40193
39874
40034
40450
39297
38913
44226
40289
40225
39810
40865
39649
38401
41185
39682
39425
39713
40033
39713
39169
39810
39394
39522
40673
39553
40289
40578
39618
40705
40065
38977
47554
38786
40097
39042
38689
40097
40354
40802
40545
39969
39681
40162
40449
40545
47266
40609
40098
42658
39330
40257
39777
39777
38849
38273
38850
40034
41089
39426
51457
41538
40129
39457
39553
39041
39810
40385
40290
39906
40641
39457
40225
39969
39714
40290
39329
39681
40802
40545
41281
42466
41665
40545
39713
40706
38338
40577
38785
46049
39810
39393
39329
39617
39298
39009
39073
39233
39041
39073
39106
39074
40481
38497
41761
40865
39266
41665
39106
38465
39457
39714
38753
39297
41185
39681
39394
39937
39905
39425
39009
39585
40834
40290
40833
39873
40161
40002
41602
41409
39521
41217
48354
40098
40225
39809
40417
40994
41313
40609
40801
40738
39714
40738
39489
41537
46209
41377
39777
40641
40257
39874
46082
40097
40929
39426
39425
40385
39457
39233
53634
41185
40705
39617
39778
40513
39073
40065
38753
39714
40066
41025
40321
40193
39201
44641
39777
39809
39585
38657
39394
39682
38882
42081
39745
41665
39842
39746
41345
47618
41442
40066
38465
38753
39137
39234
39393
39041
39138
40001
39073
40225
40738
39329
42177
41057
41090
43234
42817
40257
40737
39938
40609
39361
40418
40193
39905
39521
39841
39489
39617
40162
39138
40546
39233
40129
40193
42242
40770
42049
41121
77091
44706
40417
40225
39810
39009
39809
39586
40002
40481
38913
40097
39714
39682
38017
57346
38561
38273
39233
39105
39458
38146
39009
38625
38913
47842
39521
39617
39234
39778
41601
38849
39810
39073
39297
38689
38306
38946
38561
40161
38913
39393
39265
39393
46145
39137
39105
43617
40482
40418
39265
38689
39425
38913
38402
38945
39713
38337
54274
39426
39810
40129
39553
41025
39202
39234
40193
38529
39489
39234
39266
39425
40929
44898
40417
39329
41665
40290
39138
40065
39777
38977
39169
38977
38625
38305
39073
42433
39681
40417
39330
39425
39329
39617
39362
40417
41889
39905
39938
41217
41089
78691
41089
40353
41186
40001
40705
41217
39969
39586
39969
40161
40417
42146
40705
54626
39265
39714
39042
38945
40257
39745
38562
39554
39650
39329
40385
40641
40450
40130
46914
41986
40481
39617
40130
40609
40962
40417
40609
41793
40194
40034
39169
39778
46434
39905
40129
38049
39426
39041
39745
39297
38369
39138
39458
38433
39585
39201
55682
39553
39681
40866
40705
40673
40417
40546
40002
39745
39905
39713
40257
40769
40417
41825
40577
40194
43809
41089
40289
40257
40802
39777
41569
40865
40642
38914
43426
41154
40193
41249
39362
38977
40609
41025
39681
40322
40418
40993
39714
41410
40065
47714
40322
39489
39809
40257
38849
38306
39266
39457
40289
39969
39873
39138
38913
57730
41794
40289
41249
39554
39809
40769
101091
40226
40098
40129
40609
40993
39425
44897
39553
39233
40577
38466
40065
39297
39841
40034
41473
41345
40258
41890
40161
41985
41281
41122
40673
40865
40481
40737
40514
40642
38305
39265
39489
40161
39649
41634
45090
39937
40065
40353
40706
40577
40321
40610
40033
39937
40929
41026
39618
41217
55938
41921
40514
39457
41634
40897
39490
39714
38913
39169
40929
40705
40001
39362
39714
39457
38945
39233
40353
40385
40962
40322
40417
40833
40674
39649
38593
39073
39490
46721
43201
38785
38817
39618
40322
40065
39105
44674
39906
39522
39650
38945
39297
47265
40001
38401
39425
38274
39106
86498
41250
38849
39489
39266
38849
38529
39265
40097
40673
41506
38785
41121
38561
38913
40194
40193
39329
39905
39041
39649
39457
47393
40513
40353
39617
42434
41377
39426
40546
39521
39521
40098
40642
39169
38849
55554
41218
42017
40578
41185
42433
40994
41665
40994
40481
38529
39649
39585
40610
38849
41890
39137
39745
41826
41986
39585
39202
39169
39841
39650
39041
38497
39681
38561
40769
39586
39778
39361
40897
39938
39745
40993
39969
41122
39521
40129
38754
39874
47490
46017
39777
41921
41921
41057
39329
39969
40225
38818
39298
38274
38337
40705
46498
41569
40546
38882
38497
46658
40481
41025
41282
40322
39937
40673
39809
40225
56066
40610
40321
41313
39170
39585
41345
39809
39553
40194
39938
40994
40417
39393
39169
39746
40129
41409
39618
39393
38817
39361
39586
39777
39201
39745
39746
39201
41217
44801
39489
40001
39106
39361
40001
41889
41218
41281
40897
40833
38946
39490
39714
39361
41025
39457
39105
39074
43458
40705
39425
40898
40385
40705
40034
40737
39617
39617
42146
40001
40385
39617
38818
39970
39361
38913
38946
40737
39681
43649
39650
42433
82691
40418
41665
38913
39362
39298
39937
40066
39905
39457
40577
39298
39906
39937
45090
39009
39521
39746
40034
39618
39489
42529
40097
39041
39042
38434
39649
39905
54978
39777
39777
40193
38945
39234
38434
40129
38561
39426
39234
39362
38977
39777
41442
40802
40097
39202
39873
40353
43202
39681
40641
39585
41473
39522
40354
39393
39681
44834
40225
39713
39458
39970
39329
39265
41922
40737
41889
39458
40162
40257
39521
52194
41794
40001
39937
39425
42113
40834
40513
41793
39682
39777
38913
39297
39266
40226
42306
39585
39489
40066
39618
40033
38881
39970
39105
39905
40322
39329
39169
40769
46561
39713
39649
37697
38017
38882
39170
38977
41089
38337
39009
39009
39138
39650
41281
38242
39010
39105
39905
39201
41409
39745
39458
39874
38881
39873
46433
40290
40002
42178
40258
39137
39649
38593
38561
39265
39458
39361
39809
39905
38817
39233
39586
44098
39553
39297
39073
38785
40833
39457
39841
40258
39586
40961
39041
39201
39521
38497
40833
38817
38594
41282
39521
39201
38977
39265
39234
38818
39522
39553
39137
39841
46881
40354
39778
40001
41505
39458
39778
39265
39361
39105
39105
38978
38721
39841
51617
39457
39202
40609
39457
39105
40002
40194
41665
40033
39873
40130
39745
40129
47233
39778
38817
38689
39553
39745
38913
39714
39970
38241
38881
39457
38785
39521
38721
41889
41762
40065
40801
39233
39426
40961
41121
40129
41857
40706
39009
38465
41377
39265
42081
39457
39361
39714
40705
40481
40161
38593
38946
38754
38721
38945
39681
46849
40578
39618
40065
39521
39233
41378
39265
39617
39393
39586
40609
39041
39425
39874
42530
40513
39873
42465
40705
39681
39426
39458
40353
38849
39169
40386
39873
39777
46689
40482
39393
40193
42625
40929
39714
39617
38497
39041
38914
40162
40033
40417
47425
40610
41378
41410
40737
40545
39937
40002
40897
40225
41057
39938
38561
40449
45985
39234
42337
39329
39553
39842
40289
43169
40194
39233
40065
40289
41057
39586
40258
42337
40194
39873
39137
43266
39842
40225
42497
39617
41122
40961
40641
40642
41410
40898
40162
42977
39426
40322
40705
40033
39265
39905
43330
39585
38785
39906
46402
46817
40353
42018
41442
40449
39521
39778
40386
40321
40193
39073
39585
38721
39585
57698
39970
39809
41506
40449
40289
40033
38882
40482
39489
39809
39553
39234
39970
40129
39489
39521
40065
40033
41473
39394
40610
39137
39681
39489
39362
40129
39841
39201
44481
40801
39074
39874
42881
39841
39490
39074
40417
39073
38753
38561
39938
38658
46402
46273
39330
39201
38562
38849
38721
39137
39489
39234
39137
38721
39489
39777
54498
40225
39873
40834
41025
38881
38913
38913
38786
39170
38177
39457
38977
39361
42594
41729
38753
39617
39106
39650
39265
39265
39585
38786
39201
39137
39553
39746
39906
46018
39649
39233
39105
45730
39457
38145
42306
40577
39233
41602
42785
39362
39362
44226
39873
38337
39906
38722
38945
39425
38849
39873
39265
38945
39426
39170
39745
39457
45538
38977
42049
41314
45762
43201
41217
39938
43617
39745
39586
40162
40257
39714
47041
41282
39905
39329
40513
39714
38625
38433
39233
40225
39713
40354
38593
38913
88995
43586
40097
39234
38881
39937
39554
38337
40257
40065
40129
39585
39362
41825
39617
40449
39905
39106
39297
47938
41058
39713
38785
38849
39137
39329
39714
40194
39233
43298
39169
46178
40801
39649
39810
39586
42977
39585
39010
39393
40225
39618
38850
44098
39329
39169
39457
39362
39105
39169
39009
39649
40130
40002
38209
40961
39362
39586
42114
38657
38913
40097
45090
46657
45730
39201
39426
39138
39329
40385
40738
38881
46434
40545
42786
40289
42466
38753
39585
39585
39586
39586
39650
39233
39169
39969
43426
40065
40449
39298
39906
39745
40225
39713
40738
40418
40449
38754
40578
39361
106595
40961
39714
39714
39681
41025
42114
40609
40257
39586
40482
39105
39041
39681
39649
40897
44226
40193
39777
40738
40545
40065
39361
39138
40162
40161
41026
40129
40001
40993
39937
39426
39746
40097
38721
37729
38753
39906
38722
40193
40033
38945
38433
46785
39746
39233
39329
38753
40354
39297
38529
39521
38466
39362
41473
40258
39137
39425
40354
41474
40482
39809
40545
39809
40353
39010
39106
39426
38913
39873
39969
40193
46497
41058
40161
39009
41634
39521
40130
39137
39617
40098
39297
40385
39393
40002
46850
40353
39841
40706
40258
40161
38209
39554
39137
40001
39490
38977
40577
39553
62114
39714
40962
39201
40705
39649
40514
39265
38113
39521
39265
39105
39234
39873
39169
39361
83523
41442
39585
40225
39682
40162
39969
39809
39681
37890
38626
39618
40449
46690
39713
38881
39874
39137
39457
39713
39201
39938
39841
39553
39841
40002
46529
46689
40321
40129
39297
40545
40482
38401
41025
39617
38977
39074
39906
39777
39009
39169
42273
40130
41666
42178
39074
39265
39105
40097
39873
39681
39265
38433
38913
38722
46209
39106
38721
38145
40898
39009
40034
39745
40001
40130
41474
39777
40385
39874
46978
39585
39233
40289
38818
39202
39521
38465
39490
39777
39521
39073
39425
39554
77187
41505
39649
39489
39458
40066
40513
39905
40578
40161
39489
39873
40321
39617
39809
39874
39649
39009
40001
39234
47521
40417
40226
39681
39649
39873
39457
38241
38626
39425
38146
38914
38721
39137
41345
38914
39425
40321
39969
40225
38434
39298
39233
46402
40993
41057
39938
39266
38721
38753
38817
39425
39905
39554
38338
38465
38337
39137
43041
39073
38465
39233
39298
38977
39521
39714
40289
39137
38913
39169
40033
39938
46945
39138
40321
39937
41921
39906
40961
38466
39329
39009
38529
38913
37921
38946
46658
40193
38177
39841
39393
39457
38530
40098
39969
39233
38593
39009
40129
39970
90179
43042
39425
40641
40033
40002
40577
38817
39042
38946
39329
39489
38977
40033
39394
40545
44545
39074
39841
39777
39873
42690
40641
40129
39842
39746
39554
40609
39777
46177
42082
85570
40897
40034
38625
41346
39553
46946
40097
39905
40674
39970
40129
45698
40129
40386
40066
40545
39553
40226
39937
40001
39649
38593
39490
38785
38945
55394
39297
39489
39682
39234
39009
41249
42305
42434
40994
38466
39841
39521
39137
38177
39265
38273
38625
38945
41409
40546
40097
40033
39873
40034
39201
40289
39041
39810
38593
39522
38881
38721
40514
39106
45921
39362
39777
39873
38561
40193
40578
38753
83363
40609
39713
40450
39201
39585
39937
39490
39042
40257
41761
39105
39362
40193
42914
39489
39233
40609
39297
39074
39938
39777
43617
40321
40897
40130
40194
39425
43458
40033
39618
39586
38721
39265
39905
40354
40802
39106
40353
40193
39713
39874
40578
40386
40161
39777
40194
41057
39425
39810
44321
40801
40098
41633
39841
39746
39937
46754
39521
39874
38753
39297
39393
40226
39266
39041
39489
38433
41058
38945
39521
58274
39329
39713
39425
39426
43777
39778
39489
40193
39490
40513
40385
40481
39170
94692
41890
40066
38913
39105
39521
40482
38690
38593
38561
38945
38945
40801
39810
39458
45730
39713
38913
39457
39201
39521
38562
39842
39489
39265
39266
38978
38529
38785
43458
39425
39329
39394
39458
39937
40002
39842
38081
43009
41218
39297
39745
39937
46913
40065
40257
40066
39937
40161
40257
39905
39265
38561
39810
40258
39201
40193
39521
43042
46433
42754
42434
39361
41921
39617
40194
38850
38818
38529
39521
43649
39585
47169
41025
39457
40162
39937
39521
40001
40802
40098
40417
39905
39489
39137
39202
61410
39330
39361
39745
40129
43585
40930
39457
40641
40002
39458
39329
39137
38689
40258
40033
38593
39329
38849
39393
40865
40258
39042
38369
43681
40833
40354
38882
39521
83139
41409
39810
39297
39809
45537
40097
38625
44897
40098
38786
45089
39266
38913
46306
42401
40546
38913
39489
39681
39266
39041
39842
38882
38753
39521
39553
38626
46722
39713
39681
39169
86307
41313
39553
39105
39905
39074
39170
39329
37921
39329
46465
41506
39521
39937
39522
40802
38498
39809
39265
39073
40001
39905
39874
40290
41281
38722
39297
39809
39489
39681
39073
39169
39042
39138
40097
39681
39649
39746
39746
47650
39905
39681
40161
38753
39937
39426
39873
39137
39650
39169
39041
40257
39137
43585
38721
38337
39778
38849
39297
42465
40322
39778
40289
39265
40001
40161
38818
39393
81507
39457
38817
38625
39138
40866
39649
39969
40321
38753
39553
39202
39298
38722
46530
40385
39457
39362
44994
38689
42594
39809
40001
39681
39873
39393
38465
38498
46114
40673
38977
39266
41505
38945
39649
39106
39553
39073
39361
38593
40161
39042
38498
39842
38850
39425
38689
38561
37697
38689
39329
37922
45793
39809
39394
39330
40161
46369
39618
39330
39233
39233
40257
38529
40002
39138
40577
39777
39521
39329
39041
39234
39137
39169
38433
38529
41474
40929
39521
40642
39937
40097
39425
39298
39234
39266
39074
39106
39233
40417
39009
38658
38146
39201
40353
40033
41186
39266
39426
40097
78179
38337
39874
40290
39329
40577
39041
40450
39234
40866
40353
39329
38945
38657
57730
38849
39106
38786
39841
38785
40065
42402
40897
40033
38977
39618
39074
39841
39266
42241
39490
39426
38914
39041
38721
39201
39969
40066
39425
40097
39393
42273
39937
44897
38945
39682
38978
38529
38785
40065
39201
39457
42402
40033
38497
39618
40578
57602
39873
38753
39618
39618
39521
39969
39297
39586
38562
38977
40033
39714
40930
40609
46466
39233
39745
39074
42465
38786
39073
40449
42241
39905
39522
38402
39042
39585
46274
41249
39745
39041
38626
38817
39969
39233
39170
39010
39553
39266
39490
39169
55938
47170
41921
40353
39874
39073
40833
39649
38882
40098
39393
39969
38881
43681
39522
40962
38593
39329
38817
38945
47329
39969
39746
38817
40417
42018
39042
39745
39681
47265
41122
38849
39617
41345
39553
40738
40417
40545
39041
38817
42306
40193
39361
45026
40161
39490
38689
39137
38849
38594
39554
39489
39393
40258
40417
39297
38977
39106
41473
38850
38721
40001
43201
40481
39298
39425
39425
39585
39522
38242
39169
40225
46402
39393
40578
39266
43649
39298
40033
39809
39745
41537
40129
41058
39938
39489
48354
40449
40193
39681
39873
39233
39873
39778
41506
41185
40705
40642
40770
40513
46882
42145
40577
39490
39522
38369
39169
38657
38305
39361
39137
38753
38977
39554
39041
41090
40545
41025
40193
38786
39233
39905
39265
39170
40577
46658
39617
39681
42370
46626
41537
40129
40609
40769
41794
39330
39457
39938
39521
38913
40001
39713
39809
54210
40546
39649
39553
39362
40290
39329
40001
39586
38626
40066
39777
39169
43905
39522
39489
39426
39297
39297
39585
41154
40193
40161
40834
39137
39297
39233
40353
40290
46818
40993
39809
40258
41825
40386
41442
40161
39489
38817
40162
41857
39810
39425
46850
39905
39265
39586
39650
38945
38849
38850
39298
41633
40737
39201
39778
39586
39521
47041
39265
38594
39874
38977
37921
39457
39489
38594
39682
40290
39521
40033
39489
46337
85155
42882
40225
41505
40161
41825
39457
40482
40225
39169
38977
39713
40642
46946
41665
40001
39457
42466
43073
38369
40130
39202
39137
38625
40865
38913
39169
39298
40865
38818
39810
38657
38753
39265
39298
40929
39617
39489
38786
39138
38817
39201
44066
38561
39137
39201
39266
39809
39489
39393
38465
38146
38658
39074
39457
39361
39553
39873
39489
39042
45762
40545
42178
39649
38977
40738
39393
39329
39137
41153
39937
38689
39169
39138
39266
39201
40801
40034
38946
40097
40481
39458
41122
41537
80323
39202
39361
43361
39554
40321
40193
39842
39458
38818
39809
40225
40449
39842
40450
88739
40641
39746
39714
40545
41505
39329
39586
39265
43233
40002
39489
40353
40449
47201
40482
39585
39553
40097
40289
40865
40674
40321
40482
41729
40769
40705
45858
40321
41729
39201
40610
40097
42337
38881
40066
40065
38785
39426
39074
42337
40161
39201
46369
38273
39393
38402
38657
38881
38753
39650
40033
39297
40609
39714
45218
39361
59778
39553
39874
39841
43585
39777
39905
39169
39393
39746
38786
42817
38465
40417
46370
40097
40674
39042
40929
43681
40258
39297
39937
39585
38817
39585
40193
41441
46049
58882
47361
40834
40257
39777
40865
39650
41121
39361
39585
38978
38402
39009
46657
40194
39393
38465
40514
39809
42273
40161
39522
39617
39553
38689
39361
39106
43297
38850
38818
39777
39329
39010
38530
39937
39553
39393
40225
39777
39169
38433
39202
39329
40354
40194
39361
39618
41282
39329
39137
40161
40289
40642
39969
39553
40385
42017
39906
40417
40705
40865
43714
39553
38689
39777
40417
40130
40226
39329
39745
40449
40609
40962
39938
39937
41090
41249
40001
39362
38402
38977
40961
39489
39714
39617
39490
38561
43905
39457
40513
38945
39330
39426
40449
40865
39170
39777
39009
39137
47106
40610
39938
39522
39425
38913
38977
39521
39170
42593
39393
39521
40002
39777
41090
40161
39937
39105
40002
39650
39521
40193
39105
40866
42465
39873
38882
40290
43458
41410
39457
40226
40257
39553
39873
40385
40002
40481
41089
41281
39394
41569
39617
47425
39105
40130
40673
38849
39649
39809
39265
39426
39554
38913
44417
40897
39650
53570
40993
39937
39905
39394
40897
44289
38817
39778
38753
39137
39169
40418
41922
44545
39841
39969
39105
39938
42689
39330
40002
39201
39265
38881
39458
38273
39201
39969
41346
39777
40129
40993
39522
46369
41250
38401
40321
43522
40674
39745
43905
40066
46466
40609
40002
39778
40289
43425
40226
38690
46786
39681
39969
39010
39426
38913
46370
41314
40833
39233
39617
39362
39265
48354
40001
39778
39361
39233
38913
39393
46529
41058
39169
39553
40417
39841
39906
39233
40545
39650
38977
40001
40321
39809
56546
40546
40353
38849
39169
40449
39330
38529
39745
39681
38209
40769
39586
38690
39809
39841
40577
39841
39202
39810
39521
39809
38465
40673
40802
40546
38625
41057
40193
47521
43361
39873
38721
40386
41025
39329
39137
39137
39490
45377
39521
40033
39362
44674
39969
38594
39137
39745
40257
39842
39010
39553
39617
43266
46209
39810
40161
41026
46754
41025
40801
39297
40258
40929
39425
43073
40226
39425
39425
40417
39682
39522
39202
39137
38017
47393
40289
40385
39649
40706
39586
39553
43585
41154
39714
40033
46818
40129
38369
40801
38721
39394
39681
40097
39489
39394
38850
39682
39873
38497
42913
38913
40002
39458
41473
45442
40033
38849
38818
39138
39394
40353
38785
38593
39970
39553
39329
40353
40482
39202
41089
38945
40033
39009
38754
39170
40129
39265
39073
43810
40001
40098
39170
39681
40769
40706
39393
40353
39425
39010
39234
39777
38977
50305
39681
39649
39361
39650
39745
40449
39809
40769
39874
40834
39265
40770
40929
40609
43297
40993
40353
39298
39649
40065
39266
39521
39809
38913
39906
40673
41186
39905
40642
39170
40610
39073
39777
39297
38498
38529
38817
39361
38945
38882
39970
39106
49410
39809
39714
39298
38401
42145
41410
39585
39521
40161
40802
39266
39617
39649
54306
40065
40258
39394
39329
39297
40225
39297
39713
39425
39426
39393
38401
39873
40769
39873
39394
39138
38689
39713
38881
39425
39745
39874
40098
40097
39650
39778
38881
46306
39234
39457
38689
38945
42401
38721
39906
39682
40609
39233
38594
38593
39265
43586
39361
38753
40929
38978
39970
38497
39201
39169
40002
40386
40386
40609
44225
49410
41122
39361
39297
41346
39874
40161
39393
39073
38593
42849
39233
41442
39873
39745
41922
39233
39457
39810
39681
39489
46401
41442
39169
40097
39170
45633
39522
39937
42689
39842
38529
42913
40833
39682
38369
38273
39489
39937
38722
39330
41665
39201
46113
40386
40033
38465
39329
44994
38465
40257
38625
45698
40418
39266
39489
40577
46593
40866
39714
39297
38817
42178
39106
39617
40193
39041
38657
39394
46594
40129
39170
39009
39554
40130
39393
39745
43265
45538
39457
39713
46146
45985
39617
45377
40290
41729
39330
41538
39713
39041
39298
40257
43041
39330
39586
40482
39169
38465
40673
47041
40033
43361
45441
38338
40289
38529
39937
39330
40481
42850
39393
39873
39137
47042
40257
39586
39874
39329
38881
39873
41026
39649
40385
40161
39713
39458
40673
44162
40161
46626
39617
39873
39777
39106
40321
41249
41249
41153
41250
39841
42017
58050
41250
43329
40993
41570
40673
40705
40642
43234
42529
40674
40482
40097
40226
39617
40417
46370
40353
42017
40418
41025
39265
39170
40706
40737
40034
39521
39585
39905
47202
41249
40290
40321
39649
40897
43777
40514
39682
39201
41345
40002
40065
39745
47009
40129
41506
41409
39873
40641
40482
40002
40609
39586
39906
39841
39649
39553
47617
40225
45857
47073
40290
39841
38849
42497
38977
39298
39202
40289
40481
39554
44706
44065
40738
39746
40289
40833
39873
41762
46978
39746
40129
41313
40033
39298
43841
39937
39745
38497
39714
41122
40033
39105
39938
38754
40097
39841
38529
39073
38433
40481
39138
38145
38625
37985
38881
38593
38049
40225
40065
39585
40738
39426
39650
45793
39745
40290
40545
40609
40034
39073
38913
40321
39745
44258
39522
39457
39521
40961
40161
40354
46177
40001
39874
39746
41889
41186
39969
40513
40833
38178
39713
42625
41185
40738
39618
40033
41249
39969
40066
39106
40001
39169
40001
38978
40482
40577
44769
39522
45985
40674
39361
39361
39585
40993
40641
39938
39905
39553
38945
39137
47297
40193
39233
40450
39041
38721
40321
38786
42369
40834
39841
39361
40065
41889
45441
40034
40033
39329
40225
42274
41857
40706
40961
39425
41665
39618
39874
39137
38817
39681
40193
39745
38625
38946
40609
38849
38561
40162
41473
39041
40322
39009
38593
45953
40002
39138
40673
40610
39233
39841
39170
41058
38625
39713
38817
39298
39393
44802
46433
40417
39362
40129
39617
43650
42881
40002
39425
38817
38817
39617
40001
46337
39682
41281
39073
37953
39265
40737
39522
39681
40321
41665
38274
41474
40257
80515
41121
41250
39457
42017
41249
40258
39297
41057
39265
39938
40002
41281
40738
55266
40002
40353
39713
39425
40289
40194
39586
39585
38625
39777
39425
39233
39714
46754
40034
39905
40481
39682
40321
40193
40290
40866
40545
39137
40034
39778
38849
41473
46177
40449
40098
38849
39105
38977
39746
40097
40289
38977
43170
39233
38913
40513
54914
42178
42241
39489
40353
38466
38945
39041
39970
39681
38497
39457
39905
38145
40322
39553
39521
39906
39714
40385
41314
43713
42050
41953
39521
40481
40001
39937
39682
45890
41281
40929
38849
39586
38914
38337
40033
40354
39266
39265
39905
40513
39586
44737
40194
41025
47970
40801
39298
39906
39073
40609
39681
41090
39489
39265
40065
58722
39234
41025
40705
38722
39713
38465
40225
40258
40641
40609
38722
39458
39809
38881
40321
39361
39041
38881
39649
40545
40257
39170
40354
38465
39489
39713
41185
40929
44737
39458
40961
42913
41506
42657
40001
39682
42242
40161
43489
39810
43137
39169
57986
39809
39073
40130
46337
40322
39457
40961
38626
39105
38977
39137
38754
39138
39489
40961
39489
39298
39201
38401
39809
41090
41729
40129
40929
40162
39265
39649
40929
40545
38881
40417
40962
40002
40129
38817
39809
39426
38177
38913
39233
38786
39266
46433
40002
39969
46401
40001
39777
39745
38241
39650
40162
40578
40770
39489
40705
55778
41153
39490
43041
40866
40674
39905
42881
40449
39713
39073
45410
40097
39457
42689
40705
39777
39137
45250
39841
39297
39105
38625
39650
39362
39873
38945
39073
39810
44193
39746
42881
39298
39554
39521
38881
38881
40417
40161
38977
39394
40609
40353
52930
39105
39234
40770
37057
39426
39842
39169
41377
40737
40098
40225
39617
40002
38658
47170
39809
44129
40065
39585
43266
40705
42626
39521
39393
39458
39777
38977
38657
46305
39809
39778
41281
39617
38945
39362
42818
40289
38785
39649
38913
45314
39873
55074
41601
41122
47745
39425
39361
39809
40577
39137
40674
39809
39521
41025
39329
41282
40897
38914
39489
40577
47362
40353
40001
39554
39202
48002
40417
40066
39266
40257
42529
38914
40610
48353
41026
40065
39105
38753
40194
39777
39969
39745
39361
39650
41506
39393
38945
39937
39650
40002
39682
41601
40289
39841
40066
40130
40545
40161
45761
38210
40289
37281
39970
35905
40641
36321
38274
36993
40545
39394
40066
41057
48641
40641
39777
41762
40161
39649
38657
39713
42401
45185
41122
39937
40641
40578
39169
39362
39266
39649
39649
40961
39810
39618
40130
40321
41185
38210
41793
40769
39553
40834
40610
41217
39681
39905
39170
39905
39649
39457
43650
38817
39906
39745
39425
40514
40033
41729
41217
40610
42338
40033
39297
44674
55490
40449
40098
40129
40545
39938
40610
40322
41377
38785
38306
38466
39777
39425
40065
40962
40609
39393
39234
40257
39681
39074
39746
38657
39617
39809
38817
38529
38689
43489
39298
39841
39809
38626
38850
38625
38113
39425
39585
39009
38529
38562
38978
40577
39169
40642
39617
40098
39201
39169
39554
41762
40257
39905
40546
40513
42562
39841
41249
41346
41281
40065
39618
39746
39969
40481
39585
40129
40194
39297
39745
39201
44033
82787
39874
39777
39586
40001
40481
41185
48225
40418
39457
38945
38850
39714
44034
47937
39105
39649
39553
39873
38882
38817
47266
40545
39330
39202
39746
40001
44962
45185
41122
40706
40129
40289
39553
39842
41026
40833
48770
41729
39554
40578
40066
40385
40417
39425
41378
41761
41121
40962
40097
39041
39170
38754
39073
39105
44194
39617
38721
38946
39137
39233
40961
39297
39938
39938
39202
39873
39201
40033
39649
41633
40642
40290
39969
39777
39169
40225
39714
40802
40065
39266
39490
40097
41154
41889
40065
40802
40897
41825
40609
39874
38881
38881
40033
39489
40258
40193
39425
46977
41345
39298
39170
39553
38785
40161
40417
38946
38722
39745
39201
39297
40321
39810
42433
40545
39329
40001
39969
40002
40898
39746
40001
39681
39713
40097
38946
39330
47362
38689
38817
38881
39874
39266
40577
39681
40897
39970
41314
39617
40834
39137
56290
40353
39137
39489
40161
38914
39778
39169
38849
38721
40385
39842
39809
41793
42017
46561
41026
40065
39137
39937
41634
41761
39905
39969
39809
39234
38754
40226
39809
43810
46946
42369
40930
40194
40033
39361
39297
41058
39170
40737
40161
39778
41506
44802
47874
41314
39905
38977
39873
39169
38274
38082
40161
40417
39489
40609
39650
62274
40482
40801
39713
41378
41026
40257
39041
40065
45282
40545
38881
38882
39746
40545
40737
40225
40673
38978
39394
39425
38753
40194
39745
39553
38529
40193
43490
46594
40193
40290
40769
39777
39521
39906
40513
40353
41058
40258
40897
39489
40033
39810
43265
40482
40737
42145
39265
40610
39873
40737
39426
39873
43617
40001
38753
38561
50882
39905
38977
39425
38465
38626
39682
41121
39649
39490
39233
39745
38977
39714
40322
47042
40385
39713
41569
40642
42529
40577
39330
40129
40001
40866
40258
39009
42401
45122
39969
40065
40002
39585
39361
43682
41473
40002
40578
42401
39233
39906
39873
103907
49442
39553
38401
37666
37345
37409
37377
37089
37281
37761
38626
38914
40481
37569
36737
37089
37954
37377
36865
37665
38817
37121
37730
37506
37473
37377
37249
39394
36706
36385
38401
36001
35681
36577
35585
35745
36161
37057
37185
37537
40001
37377
37570
37026
37058
37537
37729
36961
37313
37122
36962
36929
36417
38145
36321
37858
37537
37153
37921
36929
36865
36993
37314
37665
37761
42497
37697
37793
37345
37345
37217
37665
41697
37697
37441
38049
37921
36769
36929
37409
37153
37601
37218
37153
39617
36929
42561
37762
37442
37570
36833
37281
37121
37249
36705
37057
37889
38241
37345
36706
36514
45729
37602
36769
36833
36705
37441
36865
36993
36930
36417
36609
37089
37153
36705
36386
45953
37921
36385
36737
37537
36929
37665
37218
38337
37474
37922
36513
37057
36769
37473
41986
36674
37377
36641
36961
35969
36289
36738
36993
37729
37794
37506
37410
37601
37697
45922
38177
36833
37153
38305
37634
37794
37377
37025
37057
36801
37890
37889
37569
38145
37666
37153
37249
37697
37409
37121
36449
37186
36705
36961
36737
37889
36833
37601
37985
37826
37281
36961
38177
36513
37857
37505
37121
40353
37377
37249
37025
37505
37793
42817
37889
37313
37057
36961
36321
37122
37281
37281
37505
37281
37825
37217
36993
37186
41953
37153
37345
37089
37185
37281
37473
36833
37794
37314
37090
37697
37153
37569
37121
43426
36609
36545
36545
36578
37666
38017
37377
37057
36705
37153
37761
37442
37538
36865
45154
37729
38017
37537
37537
37441
37314
37186
36737
37409
36833
37217
37410
37442
37473
41633
37313
37281
36642
36641
37409
37057
37089
37025
37954
37762
37698
36769
36577
36577
45697
38050
37538
37729
37377
37505
36705
36865
37921
37026
37314
36993
36769
36993
37601
45634
37505
37154
36194
39649
36929
36481
37377
36609
37346
36898
36289
38882
37410
37378
39329
36801
37313
37026
36642
37345
36929
36833
37665
37601
37506
36770
36546
36801
36673
39201
37089
36705
37473
37185
37569
36449
37057
36578
36226
37217
37953
38145
37665
54114
38049
37665
37505
37185
36993
36929
37345
37025
37761
37441
37090
36546
37057
37506
44962
37634
37506
37314
37793
37794
37218
38050
37314
37922
37697
37249
37025
36962
37601
45761
37698
38145
38145
37185
37121
37825
37377
36993
36961
36770
36929
37185
36354
36545
45346
36961
37441
37377
36642
37570
36993
37057
37185
37249
36449
36865
37474
36737
36577
40033
37345
37602
36642
37825
36641
36225
36641
36801
36289
36577
37665
37121
36737
51681
38017
37537
36898
36706
36705
37025
37377
36577
37345
37569
37281
37249
36385
36194
50434
36897
37153
37825
37281
37473
36898
37026
37218
37185
37025
36225
37409
37281
36577
47202
37282
37186
36769
37217
37057
36961
37281
36993
37409
37569
37569
37633
36962
37122
45921
37410
37346
37441
37314
36578
37218
36897
36993
37281
37729
37825
37697
37217
36994
45249
37665
36769
37249
37249
37409
37889
37281
36993
36929
37409
36833
37697
37666
37090
45089
36961
36225
36833
37089
36194
37570
36289
36705
36833
36449
39874
36801
37250
36866
37601
37537
36609
37281
36737
36801
36065
36897
37505
37761
36609
37153
36994
38210
36898
39489
37025
37313
37026
36961
37281
37217
37057
36449
36321
37090
37218
37698
37185
37121
37954
37474
37473
37314
36834
37985
37377
37441
37025
37601
36865
36577
36930
36545
36353
36993
36226
36898
36289
36737
36033
36705
36385
36705
37346
36641
36673
36737
36737
36834
38178
38017
36994
36577
35873
36513
36673
36769
36609
36738
36481
37601
37249
37601
37057
39745
37057
37153
37345
37217
37473
35649
36578
37250
37857
36353
37889
37729
37569
37249
40578
37538
37538
37570
36929
37217
39329
38114
37218
36866
37762
38529
37633
37921
45250
36705
37154
37154
37281
36833
36449
36961
36801
36929
36609
36481
36929
37345
36737
44737
70018
39969
38401
45154
37857
38785
37857
38881
37697
58306
39970
41857
37697
42145
38017
37857
37921
42498
42945
42369
40897
36897
42593
38081
45410
37377
37185
41377
37281
41985
42849
37953
37473
38305
36673
38082
38146
37281
37025
46209
38017
37761
38049
38050
37378
37122
38113
37953
38881
38017
37857
37921
37601
36929
39233
37409
36737
36865
36673
36929
36993
36994
36450
36321
36481
36001
36321
36801
36642
37121
36737
36641
37250
37186
36353
37441
40097
37858
36450
36673
36801
38625
36034
44769
37218
37057
36641
36993
36257
38401
36609
36193
36642
36993
36034
36481
36545
36929
44962
37089
36897
36257
36162
37218
36609
36257
36545
36769
36129
36769
37089
37505
36930
45185
36897
36929
37345
36481
36833
37153
37538
37154
37282
36802
36769
37505
37953
37377
45314
37633
37377
36609
36386
36770
36673
36961
37633
37217
36897
36897
37537
37249
36993
36354
37890
36641
37217
37122
36930
37474
36961
37345
37441
36673
36865
39202
36226
37665
37121
37121
36866
36866
36417
36481
36449
36449
37345
36897
38209
37794
36994
37026
36897
37601
37409
37185
39713
37121
37409
37185
36929
36961
36417
37570
36898
36929
37089
56194
38209
36641
37441
37569
37217
36993
36609
36833
37153
37601
42465
38177
37537
37313
43202
36481
41858
37666
39458
37154
37089
37441
37505
37249
37537
42081
37953
37089
37090
43681
37218
37442
36770
36929
37058
36930
37185
36993
37409
36737
37057
37378
36418
37057
42145
36897
37121
37282
37026
37666
36801
36865
37089
37121
37505
39426
37378
37346
42786
40898
37634
36802
36865
42113
37505
42242
42241
38785
37537
37409
42177
39809
36577
37889
38401
39201
39233
37473
37697
37313
38817
36993
36641
36738
36514
37601
38881
36993
46017
37090
37761
37089
36737
37186
36577
37217
36897
36385
36833
36609
36769
36577
36865
44962
37985
37634
36769
37154
37538
36289
36641
36417
36225
37025
37153
37089
37601
37345
45346
37025
37122
41346
37121
36993
37442
37506
37537
36609
42881
37249
37121
37153
36417
37345
37889
37281
37089
37889
37602
37698
37665
37153
36641
37057
36482
38241
36546
36450
36513
37345
36577
36289
37090
36545
36033
38465
38657
36545
36609
38625
38497
37314
36321
37442
37154
38850
38913
38689
38209
36257
38721
37506
36865
38209
38657
39234
37538
37186
38722
37090
38530
37442
38369
36481
38561
38273
37153
36481
40353
37121
37281
36993
44386
36865
39329
37409
37314
37025
36801
36865
38081
36897
37441
38689
36225
36961
36609
45282
36865
36514
37186
37282
36929
36610
37025
36097
36833
36033
36866
36737
36481
36513
43074
37761
37121
37537
36834
37217
36161
36833
37858
39457
36993
37410
37378
37249
37153
39393
37473
37057
36801
38721
37057
36802
36513
37537
36961
36737
37377
36129
36801
36033
44578
37345
36385
37090
36994
37122
37729
37890
37025
36673
36545
37281
37537
36481
39041
37409
37217
38049
36961
37441
37634
37089
36929
37057
36961
37057
36641
38209
36386
36513
39201
40289
36929
36897
37473
36737
39457
37345
37505
36801
37345
36737
37793
37441
42113
37377
37634
37282
37665
37729
37153
36641
37089
36737
36834
36609
38593
37057
36897
43105
37825
37473
37217
38530
38177
37633
36577
36865
36386
38721
38977
37377
36993
37057
44098
37633
36545
37569
37249
36961
37794
37089
36673
36577
36257
36385
36930
37825
37121
43937
37441
36929
39713
36961
36898
37346
36866
37825
37505
36865
39137
37217
37473
37634
44385
37505
37153
36865
37089
38209
37026
38178
37249
37121
37345
38658
37858
36769
37377
43106
36961
36865
37249
37025
36705
36994
37506
37250
36769
36609
36641
36706
36610
37345
39010
37537
40193
38273
37601
37249
37313
37633
37985
36801
36930
36897
37665
37570
37442
39137
37665
37473
38977
36801
36705
37122
36386
37825
37601
37633
37313
37057
39394
51618
38145
38273
36833
37025
37569
37473
36897
37538
36866
36865
36929
38114
37538
37122
57346
37121
37057
36641
37121
36994
36866
37505
36833
39073
36769
36705
38881
36641
37154
55330
37121
36993
37217
37282
36833
37505
37505
37505
37889
38401
37665
37665
38881
36737
45058
38017
36513
36641
37730
38146
36802
39234
37729
39361
37857
37665
38017
37538
39042
45505
37602
37089
36833
38433
37057
39361
38401
37922
38881
36577
38722
36834
39234
36738
37794
37698
38434
36930
37186
36513
37025
38561
36801
37473
38369
36737
37986
37570
37538
39169
38945
36385
37025
36641
36738
36897
38689
37282
37250
37217
37185
36769
36897
36609
40546
39106
37057
36961
36833
36897
36961
36290
36513
39329
39489
36993
38113
39073
62178
37409
37601
37505
38049
36993
37441
37185
36994
39042
37538
36961
36193
37057
36993
45442
37473
36673
37314
36770
37506
37249
36641
36449
36737
37057
38626
37154
37217
37121
44802
37313
36833
36450
37409
39105
37697
37153
37889
37729
38945
37217
38594
37090
38978
45249
37729
37537
36641
36737
37857
36449
37026
