499377
140133
119012
109188
105860
116004
108932
108228
117828
108260
106788
116035
106052
107364
106884
108675
124452
108100
107075
107363
106659
105347
114980
107875
108227
106627
106819
107396
116580
107812
107556
105316
105572
108900
114692
106148
106788
116964
106723
114211
105572
108932
108451
108259
106307
112228
107555
106019
105508
105347
106115
120452
118852
115107
118436
108963
115652
108452
105892
106084
106180
106244
110180
107907
106499
108260
106276
157285
105796
105956
104963
105635
105668
113283
106083
105380
108772
105444
104867
112708
105988
110212
104995
105347
105316
112227
105795
105284
112388
106500
104835
107236
105988
108516
106147
105988
105476
107811
105379
104708
106019
108387
113539
109860
106083
105667
107940
106148
114116
106915
104963
105219
105091
104708
111747
105188
105955
103812
103748
105251
113892
106563
107140
104548
105508
113668
114500
106052
105284
115716
106531
112196
105700
105443
103939
114180
105636
105539
104676
105764
105540
106436
105988
116388
104644
105764
105635
106147
113187
105220
114308
106276
106020
104611
114948
105155
104260
104931
105188
104772
113379
104515
104100
103556
104484
104579
105412
104100
103299
105219
104676
104611
106980
104452
105155
105668
105732
120164
106788
109476
109091
113539
104547
111332
105060
107108
104611
105508
105828
114755
105380
107012
104931
105187
104356
111780
107108
104099
104484
106020
104516
108260
105700
116195
106116
104963
115012
105315
107843
105731
107748
109603
115460
104388
105667
105060
106276
104452
108483
104292
105124
110596
105091
125572
105987
106467
104707
110019
103492
113188
106115
112388
106787
105540
106212
113156
107748
104899
105539
105892
105636
111972
105316
104868
104867
105187
105987
108772
104707
103972
105924
105699
121860
107492
106692
105059
111331
107172
112739
104931
104835
105732
105443
104164
113187
105827
105924
104547
111971
105571
112196
105540
105220
110980
111652
105988
107459
104868
104484
105315
104739
106883
108036
105668
106051
107011
105155
112803
104867
105316
104867
105027
104996
112516
105411
104772
105028
104451
114212
117956
106403
116132
108964
105444
123908
109507
105891
109924
110052
106851
113315
113668
106628
107012
104612
105604
113379
105539
104708
107620
105283
109316
107747
105091
104388
139013
103875
132964
105219
104611
105699
104132
106083
113156
105700
104995
106851
105796
104835
113380
105092
105508
104451
108707
112387
112548
105956
105795
105283
111044
109027
109348
104836
106339
106595
104708
131141
106212
106180
105091
104196
104355
114628
105444
104388
104771
104099
112164
113187
113540
106276
104516
107556
104996
113476
106243
106692
105412
108132
105572
112740
160966
107427
105187
105444
112099
107555
105284
104356
104323
104771
110595
106083
106243
102756
104452
105411
113060
105508
104547
105252
107203
107779
106339
104835
105507
104740
105060
106244
109635
105667
115203
106243
105700
112835
106083
114084
107171
104676
104676
111971
105027
107780
106596
108259
105636
111364
105219
106371
105572
104451
103972
108260
103588
105572
104388
106980
103971
107460
105220
104419
104804
107235
120644
105027
106627
104419
106852
107939
114756
105924
103204
105763
104644
105443
112964
103620
104356
105123
104708
103747
112580
104963
104803
108419
106115
110340
115267
104260
104483
104324
108131
144069
106948
106852
106531
106276
106051
112100
105156
106243
105251
107748
104900
109379
104867
107459
105604
104867
104931
115844
104643
106307
107844
104835
171238
107940
114052
117540
106724
105635
114116
107172
106628
106371
105060
111876
343307
235560
129189
122180
119428
123684
121572
126020
119427
119236
117540
118404
137828
118628
118212
117604
116516
118692
124324
118404
117892
117380
119908
136005
118244
115684
119940
114020
117540
125444
117572
118436
116420
117732
117572
123172
121092
118724
118052
119876
123716
118852
119812
120196
118244
120260
120452
118948
119652
118468
119524
122820
120260
117795
117764
118244
117156
119140
116548
115812
117028
119652
123044
118724
121796
118404
115491
119268
115588
116996
118756
116100
115876
123812
116996
117892
118084
116324
120708
120004
118084
118916
116483
116963
122564
117444
117380
117924
116228
117284
125412
116419
118532
117732
121156
123428
116292
118884
118052
118884
119620
115908
114852
118084
117828
119940
130276
115236
117156
115428
119460
119172
124548
116388
118436
117348
119588
115172
119172
118084
117412
115588
119396
124132
117924
118084
117700
118276
118532
120196
117764
115492
118788
118180
122372
117604
119428
116900
117668
117380
119780
120420
116547
117732
117284
122021
117636
117060
115428
118052
117124
116291
117732
119556
116515
118116
123876
118180
116228
118084
117220
117892
123332
117892
117764
116932
117188
123396
115779
120228
118212
120708
119556
119844
115459
116516
117380
117444
139653
117956
120228
118724
116676
117764
121668
116868
116163
120708
117636
144453
116868
119460
119460
117764
119172
121636
117732
118436
118820
118628
121348
113028
118052
116068
118596
117124
123012
116580
117604
118852
118404
133412
118372
118980
116708
118116
116100
122500
117828
118116
118948
115300
118148
120772
116324
116996
116388
115044
122660
116708
117348
118084
118596
120036
120804
117732
118020
116836
115652
122724
117764
116196
118948
117092
116164
117092
117604
114916
119588
115588
121700
118948
118308
118372
118852
118915
122116
118340
116292
116676
117156
120804
117668
118596
116324
117348
119812
123908
118660
117732
117795
116804
137540
119204
120324
118852
121572
120100
123748
118468
117892
116964
116324
132165
115428
116388
116356
119812
117507
125540
119780
116164
119044
118820
139396
117636
116068
120516
116324
118788
125924
115268
117412
116132
120997
117796
121220
116836
116356
119780
117636
125668
120100
119076
118116
118084
118116
120964
116548
119076
119332
114660
124900
115748
114916
118340
118020
115780
118564
120197
116068
116900
115268
122852
116228
118212
115684
117412
116675
118211
116676
118308
121924
118308
126212
117124
117124
115652
115268
118020
126149
117156
119940
120260
116772
137508
114532
118916
115492
116420
116164
122180
118436
118308
116740
116036
135109
116932
114019
116036
116036
118116
124036
118532
118020
119524
119684
131269
116580
118660
120452
115588
115972
124452
116740
118404
116932
119684
115364
118020
116356
117412
115492
118820
122084
117828
118116
118532
118276
117284
121060
118276
119460
116932
123876
125188
120068
121444
117700
119108
120068
120708
116740
117604
118340
116932
125828
116708
116644
116836
118340
116388
117124
117348
118180
117059
116131
122404
117188
115300
118436
119076
117988
124516
115620
116836
116932
118084
123044
116420
117412
116931
118468
116420
123620
118468
116292
115652
117284
137924
116580
118308
115812
118468
115236
123941
114852
118660
116644
118436
140293
116324
115268
118916
119364
116836
120772
118436
117636
114851
115620
118564
120292
118404
117444
119428
116003
122308
116676
117892
117124
117572
118596
118692
117860
118980
117572
115748
123588
117636
116292
117860
116132
118276
118340
118564
119428
117859
116516
124805
117412
117988
117476
117700
141444
115364
117316
117604
119524
118628
122532
119332
115588
117284
117156
117988
117348
119268
121380
120004
117572
124740
119524
119076
121540
117508
135301
116676
119012
119460
120644
121860
124004
119940
118404
118692
118884
138213
117252
116516
116740
118083
118212
123716
118756
118404
116772
116964
118500
118756
119300
118980
117604
117188
124356
116644
118244
116996
117091
117540
117220
116356
116644
118468
116516
124484
118084
117988
116932
117764
118980
119684
119108
119460
117188
118372
124356
119108
119556
117924
117828
117188
120292
118084
117092
119012
117636
121412
123492
117924
115908
115204
117572
116132
121156
117156
118628
115363
123716
117412
117572
115715
118468
118403
120676
119364
117124
118916
115588
123972
116804
116100
115299
121444
116036
118116
117892
118692
118532
114276
122405
116772
117892
115908
114691
115939
122340
116387
119460
117924
116292
122276
117380
116484
116547
114788
115940
122724
115844
117092
117892
117284
134565
118500
115204
119140
118756
118372
125156
114884
116324
117444
116932
139749
117508
115972
115235
118628
115779
125412
114948
118980
119076
119876
136580
118020
118468
116612
116644
118980
123492
117636
115876
118244
120324
130372
116996
118660
116900
120740
118084
132741
117796
116355
116772
117348
142469
117220
117124
117636
117668
119620
122756
118180
122084
119396
117220
121605
115492
117476
118948
114564
117092
121476
117700
117316
117540
119108
121540
115748
118692
119812
118308
116900
123428
115268
121092
117508
115876
135140
117156
119076
118980
117668
117444
123525
117796
117796
118916
119076
139717
117316
117188
118916
118372
120196
124036
117668
118628
118980
118500
145605
119172
116900
117444
116228
115300
122916
115780
118724
115172
117956
141188
114276
118180
116868
118788
116004
120612
117764
118532
118372
117668
134084
117732
119140
117732
120772
120420
123524
118052
117315
117156
116516
135429
117604
116484
117668
118212
120100
123044
115716
118276
116420
117924
116612
121700
117028
116292
116836
118788
122564
117508
117988
121348
119556
116228
119300
117092
118564
116324
113956
121252
115812
117092
116068
117572
116164
121157
117572
117188
115012
117764
123108
118404
116452
118084
118404
116452
119748
115268
117316
117124
119172
124421
116868
120132
117795
117540
118244
116484
116260
116740
115364
117443
120004
116419
119268
119620
116100
116388
117764
118244
116996
117156
118212
124356
117956
116388
118020
116580
117251
124452
117444
115364
117284
116964
129829
117092
116804
116708
115780
118948
121380
119140
114691
115300
115748
139877
119076
116515
119300
116676
117636
122596
118212
116452
117508
116804
131205
117444
120004
118500
116068
116740
123204
116260
116164
115716
117924
117124
118884
116804
117188
123300
118276
126245
117412
116740
119748
117700
143940
117348
116324
119268
117572
119588
121604
114755
116484
117220
115780
115492
119845
115363
115204
115524
115268
121220
117380
117764
116580
116836
115748
119396
116900
117316
124164
116964
122724
114116
115619
115812
115908
115236
117476
118404
113924
117092
118404
122980
116260
117412
117316
118148
118916
120996
116484
120772
116356
118628
122916
117092
120132
119524
116164
118820
121444
117636
119364
119492
117924
121892
117572
116708
118180
117636
116548
124452
118692
119460
117348
116228
124196
118212
116484
120228
118116
117700
123204
117700
118756
119172
119492
140965
117124
117444
115684
118116
117668
121092
117732
119492
118628
125348
124548
118244
119812
119108
115427
137284
119620
120164
118980
117028
117572
124196
117060
118660
117764
117956
133125
116836
117156
119364
119364
117348
125764
119652
116708
118916
116100
129284
118372
118564
118148
118276
116420
127045
122308
117700
118724
117636
117668
117956
119172
120356
115716
117924
123076
114915
116803
119716
118115
116484
119204
114692
118660
117828
119204
124068
116580
115940
118788
119684
116580
119268
118084
117860
118724
119396
124709
118756
115780
118884
118275
115812
120420
117476
119460
117732
118692
119396
119972
117828
119428
119652
117380
116612
118052
119780
120196
117059
124421
114820
116548
118500
119716
117764
121764
121412
117828
117252
117380
123940
118659
117091
117636
117956
116356
117220
116420
116516
116676
116196
121636
116835
118180
120900
115812
115908
123172
119172
117764
117252
118404
133893
117860
115748
118372
118308
114691
123524
117476
117924
115908
116227
132900
118980
116644
117924
115940
117316
125092
115652
117892
116772
116836
139813
117348
116548
115812
115844
116388
122372
117284
117604
116964
118500
131781
118404
117604
118244
118499
116771
123364
118628
118500
118212
116740
134276
118212
119364
116804
116868
118308
124324
115491
118884
119044
118180
115524
119748
117284
117156
117220
114852
124356
118307
118852
119460
116131
118020
119299
117220
117348
119428
122308
120804
117892
120580
118980
117860
117988
118500
116516
121764
120676
118084
124100
118116
117796
118436
117636
131556
116644
116964
116644
116548
118020
123301
117060
119364
117060
120964
118596
120004
118244
116196
118756
118852
124676
117284
118148
119364
116995
117828
119460
118244
119300
120004
116452
126148
121156
119492
119044
117348
118500
120260
116035
117763
116420
117988
124772
116580
118628
118916
117411
119620
120228
119876
115428
118020
117347
123588
116996
118756
116516
117380
119460
117188
117188
117444
118724
118660
124644
118916
119972
117956
117860
120740
120164
119076
117251
117604
120004
124324
117732
118308
117348
117700
118436
125252
115875
115076
118372
116580
137893
118436
116932
118052
118180
118468
120932
115076
117284
115812
118436
140708
117603
118500
118564
116804
119268
124324
117219
117668
115331
117156
132580
115172
116132
116708
117348
117988
123077
116867
116196
117380
116932
118084
120420
117635
116292
115076
118468
123332
118372
116868
118212
116068
115812
183238
129764
119492
120484
119940
124004
117860
118212
118532
118180
145892
117220
120164
119076
116804
117380
125125
119236
118308
116548
117732
133829
117444
119044
118788
117732
118500
126820
115652
120228
120613
116835
136548
118756
119108
116644
116803
117059
122148
118308
121252
117700
119556
133829
116420
118948
118468
117508
116004
123908
118468
118596
115588
116868
116420
120676
120484
119364
117380
121156
123556
116388
118180
117732
115875
139972
118212
119236
115683
118724
117636
124452
116580
118499
117604
116708
117636
119556
116836
118308
118435
117699
124324
117828
118692
119940
117988
117764
117636
118340
118596
119268
117188
122084
115076
116996
116420
118756
116676
118436
115620
116932
116612
115300
123044
117636
116452
117956
118532
118788
120388
115620
116036
119332
119972
124676
119236
120644
117636
116196
119908
121989
117507
119652
117764
116260
124900
117828
118692
116644
115716
119076
124805
117892
118340
119364
119940
123492
117860
118052
119204
120772
118596
119972
114788
117028
117860
118692
124068
116707
117540
117316
120644
117956
120420
118692
114916
116836
118308
122117
116227
113732
119364
116996
116772
124100
118340
118244
116836
115620
124804
115460
118500
118148
118500
115779
124420
117988
121156
119684
117380
120900
120260
117892
118468
119332
115235
121540
118948
118468
118211
118756
136164
119908
117732
118148
116132
117604
124388
118372
118340
119172
116932
132485
115267
115779
116708
117188
116259
121669
124261
121508
118404
121284
126724
115236
117220
120516
116964
134020
117604
116676
117284
118084
116932
120932
116292
117604
116548
119332
134245
113571
117348
115652
117444
117572
121796
151686
126500
126981
131684
130436
121444
118148
120484
118724
139940
120036
123268
116804
117732
118180
125604
116836
118724
117187
118916
117412
123652
116804
117060
115556
120132
123812
116612
119716
119012
119012
142213
112516
118532
114692
119236
119716
119908
117188
117284
113892
121924
115940
118884
117572
118564
117636
116228
121284
119012
117156
117380
116932
116356
115780
116932
116836
118468
116772
122308
116324
120260
118980
115716
116644
123940
117444
116932
116196
114819
128869
122116
118244
114564
118468
117508
116708
115460
116004
116356
116740
114724
121092
118532
119396
117220
116932
123812
114468
118596
117828
118852
117092
117956
118564
116740
119300
123268
124644
119780
121316
121188
120868
125540
122916
121124
119236
117859
120260
124356
120004
119492
120388
117988
121892
123909
119204
119588
119108
121668
124580
119108
119236
119204
117892
146500
119940
118468
118244
117732
119876
127557
119300
118404
119396
120580
144549
118276
118244
117892
120356
120516
126693
119492
117764
119780
116164
125028
122980
120869
119268
119876
119716
127332
120708
118404
118404
125860
126116
121636
120388
121476
120804
119908
119460
118052
117476
120100
118180
126884
117732
115684
115204
115364
115364
115972
115972
116964
115876
117348
122084
117508
117188
116868
117092
116036
116004
118052
116068
118212
118596
121060
116676
119204
118788
115075
116868
125476
114884
115844
114979
117444
132484
117252
116292
115556
116100
118884
122212
115780
116772
123044
115396
114148
120452
117220
117604
116420
118596
121380
116548
114372
116292
117284
119460
107012
106691
105636
106275
105059
113252
105411
105251
104355
105379
105604
112676
106852
107652
105059
104547
105827
113988
104195
105347
104708
104772
105092
106660
104323
104899
106051
105092
121060
107139
105603
104420
104804
104068
111523
104516
104643
104835
104451
105828
111428
105380
105892
104708
103779
105124
113123
103363
105059
102596
103619
104164
103139
104964
104676
106116
105540
105731
108260
104612
106083
105092
105092
121508
104068
106563
105988
105732
105956
113060
104996
103972
103875
104515
104004
112227
104356
104004
104675
105988
104708
111747
105060
104260
104803
103811
105060
112676
105475
105059
103972
104612
105283
111812
105860
104643
104707
106084
124324
104835
107075
113636
104580
106052
112740
104995
105508
104644
105251
104675
112483
106052
105731
104868
105156
105667
105252
106275
105475
104996
105028
106275
109188
105251
103556
105124
106116
124740
107940
105059
104932
105860
105635
113732
105316
105348
103588
104580
103907
114372
105092
106820
104323
105956
105188
113155
104612
105891
104931
105316
105412
109700
105283
103908
104868
104611
147717
107939
105700
106179
106755
105315
116132
104356
105251
105315
105604
104356
112772
104548
105764
105027
112931
105155
113860
104804
105667
105188
105508
105444
105315
104420
104260
104611
105027
121444
107300
105572
104836
104035
104835
112164
106083
104195
106243
105348
105860
113060
105891
104675
107043
106308
104259
106980
106116
104899
105731
106179
124324
106979
104804
103556
106531
113732
112420
105476
104611
113444
106212
105028
112740
105411
104739
105539
105540
105156
115460
105347
104868
106436
106500
105571
105764
104835
105123
104899
104355
103908
104835
104963
105443
111684
104611
122340
107811
104420
106371
105827
105444
108676
105028
104676
105379
105731
104867
113668
104035
104739
104707
104387
104515
111652
105444
104100
103939
103939
105156
105443
104355
103555
105060
104228
119908
112036
105219
105219
104515
104388
111556
105060
104963
105156
104548
104740
108419
102691
103683
103716
104131
103555
113540
103907
104036
104452
104547
106628
112644
104867
104324
104836
108004
121540
107268
104611
104452
104739
105796
122756
104900
105571
105508
104740
104931
108452
104228
105092
105188
104964
103492
111204
104899
105603
105252
105476
104707
112740
106851
105827
104803
104323
106019
107716
104964
104835
105476
106051
121092
105379
105507
105860
105444
104484
113732
105763
104420
104483
105155
103235
115044
105795
105540
104644
105059
105187
113796
104900
106148
105028
105475
106243
114852
103267
103331
105827
105315
105443
108452
104772
105540
105860
105059
113444
104451
104003
105508
104419
104739
113700
105635
104644
104739
105155
105091
112420
104516
104899
105411
103715
104292
113251
105251
103939
105060
104196
104131
104355
105667
113188
104932
104676
108963
104451
103620
104739
105507
104995
113668
105700
104260
105860
104675
104900
112675
104484
106500
105700
103843
104899
105764
105443
105379
104260
104003
105027
104963
104963
104483
105571
104612
119876
108772
105507
105091
104548
104580
113156
105956
104835
105475
106275
106371
112260
104899
105443
105668
104964
105796
113380
104483
104740
105668
105380
105283
108547
107492
105540
105444
105316
128708
107972
105860
107107
104995
105731
114660
106147
104771
104163
104899
103491
114084
103588
105604
104483
104515
104003
113252
104484
104740
105060
104099
104419
106564
104676
104228
104451
104771
125637
106979
105092
105988
105956
104580
112483
105699
105764
105507
106148
104196
114980
106212
106788
107363
104932
104740
104387
105091
104131
105251
105379
104899
107524
105347
104452
105444
105379
105316
106788
104740
104611
105028
104452
112836
104836
105796
103907
105508
104612
113315
104099
104676
104772
105348
104900
105667
104771
104067
104451
104739
123812
108451
104643
105827
105860
105443
111971
104963
105668
105188
104899
105731
112387
104195
105443
104163
105123
106307
113988
104771
105411
105156
104548
104931
105924
104707
105059
104772
105476
121252
106628
104995
106212
105636
104260
108228
104964
105604
105123
105539
106051
111364
112612
104228
105028
105796
104579
112804
104739
104771
105476
105028
104484
108067
104643
104388
105859
112483
121988
109988
105508
108420
112451
105987
113220
105284
105796
104995
105124
104451
112836
106148
106180
105699
105348
104708
105955
104099
106308
105220
105060
104547
107555
105603
105540
105955
105188
129669
105700
105924
105828
107940
105476
106659
104291
105508
104195
106212
104644
112484
103843
104355
105188
104612
104708
115876
105156
104548
105124
105187
105315
108067
105251
105156
105508
105155
122980
107844
104644
104803
103299
104419
112580
103619
105251
105700
103908
104708
112515
105188
103620
106180
105252
104643
112804
104356
104515
104803
105796
104355
105027
105347
104579
105347
104932
119332
106691
103747
103940
105444
105539
109060
105188
104195
104740
105060
104387
112452
104963
103651
104739
108355
104611
112900
105060
104388
105155
104131
103651
106371
104963
106340
105380
105188
145509
120484
116964
116612
115716
116644
122916
118308
117700
118084
116900
128868
120100
117060
116420
117028
114596
122724
121092
116900
116708
117636
117603
118244
115780
117988
116900
116964
121540
119908
116676
121156
115812
115716
117796
118980
115844
115940
117028
117187
112195
116452
116036
116676
118116
120804
117764
118244
117444
118116
132452
121156
116644
116868
116707
117860
122404
119972
117828
115044
116740
139397
115875
116708
117443
117508
117444
122724
117476
117316
116707
117828
135301
120196
116452
118148
117604
118244
124644
116868
119396
118340
117444
116740
119748
116771
115716
119844
122532
124228
118084
116899
118980
118820
137061
116836
116644
119972
116100
117827
125765
118244
118308
120324
116996
132965
117828
116516
117412
121124
116068
126596
116996
117699
119108
116804
115492
120868
116484
116771
118308
118564
125412
119332
118628
117700
117764
116867
118372
119940
119108
118596
117060
124356
118660
117476
116100
117636
118084
116036
118116
117764
118052
118372
120612
117988
117572
120516
117316
117348
118084
118660
119620
119364
116388
125188
116612
121188
118788
118212
116772
123332
116932
114340
117700
116036
121252
119780
116740
117476
119172
117668
123908
115716
115012
116740
117540
120292
118724
116772
119748
117668
117188
120741
118339
118436
119044
119364
117348
120068
118692
118372
118564
116420
124100
114788
120324
118884
117700
140996
121508
120804
117412
118020
119620
125892
114724
119044
119140
116132
136612
120996
117892
119748
116612
118756
124260
117188
117700
116515
117284
131748
117508
117508
118276
118532
118756
123364
116772
117796
118180
120388
140165
119268
120164
118467
117028
118244
119204
118084
116548
117796
117348
138341
121508
118596
116708
117508
119748
122852
116676
116740
118724
120228
137285
119620
119588
117476
117028
114788
119908
118692
117028
118532
118724
118564
124420
120004
118532
118532
117444
126724
116356
118756
118212
118372
115876
119332
116740
116131
119236
116932
125604
116676
118468
116164
117476
135332
121988
119716
119108
117060
116292
119652
114180
119428
116292
117892
118436
120068
119108
116420
117764
117252
124452
118148
117764
118788
117860
116548
120228
117028
116772
116516
116452
123140
115684
117284
117156
117028
118340
118116
118788
125412
117667
119396
120100
117028
117028
117956
118596
116900
118884
117988
119076
117028
118244
118275
116996
116484
115332
115460
117092
124932
117476
116996
117764
115780
134885
121732
117700
117252
118052
118372
124420
119556
119140
125412
118467
133445
119140
115139
116931
114787
119204
127173
117732
116484
116324
117444
116291
119332
118308
118084
117476
116420
126276
119972
120420
117028
118276
115908
121028
116964
116931
118564
117540
124580
116772
119620
116580
117956
132900
120868
117540
117604
117316
117348
123716
118372
117763
118179
118628
133284
117796
117092
117572
118276
118244
119492
118340
117924
117124
116644
115300
119300
117156
117380
116420
117412
121220
117988
117156
117604
118084
116004
118116
124100
119940
116932
119172
126117
118372
117252
118980
120100
119460
122884
115524
117764
116196
120036
123684
117988
120996
116964
117092
116900
118308
116516
119428
123044
117828
124228
116484
118788
118116
115588
115300
116804
117508
117604
117124
118788
123652
117924
117316
120484
117988
116644
123076
115940
118500
117732
117028
124708
117892
117636
118596
116964
117316
124484
117572
118468
116068
122468
119908
122468
118820
118084
118532
116708
118788
119172
116964
118244
117476
122564
118244
117828
117252
115812
117924
115716
121796
117188
118660
118724
122436
118916
118660
116612
118084
115780
117540
116836
118788
116804
117476
124292
118084
116644
116484
113860
116964
121572
116228
117924
115940
123492
119236
117508
119012
115268
117700
117380
127524
119364
118532
117604
113924
137381
119588
120260
116900
118244
123428
126084
117316
117284
119684
116836
130884
120164
121348
117316
117988
118436
120900
116612
117316
117636
118788
135173
120548
118372
115363
116932
117860
123236
115844
117252
115652
116932
134788
115971
119044
117092
115652
115908
122948
118020
119300
113795
118724
119396
122116
117732
122148
115076
116260
123204
116932
114979
116292
117252
140549
122340
117252
117764
115140
115140
121381
117924
115716
117412
115748
120357
121796
118884
117252
116836
116132
124772
117572
118020
117092
120388
117636
118436
117604
119108
118980
116356
123300
122788
117668
118308
116100
118660
122116
118308
118212
118756
116675
123844
115588
119140
115908
119300
119876
119684
117124
117700
115620
116228
125828
117028
117220
115108
117476
117220
120548
118916
115107
118948
118500
123748
115620
115780
116004
116228
118500
114628
117476
115651
115556
116836
122532
114116
117348
113859
116963
118756
119012
116676
117476
116996
119716
119844
115972
116836
116740
117284
119044
124516
116516
118308
117572
117316
121252
117155
116836
118532
116068
118435
125156
118052
117092
117380
116644
122821
116004
117092
119268
116132
117380
124708
121412
118052
117252
117284
125284
118948
117828
113860
119460
120292
122596
120164
120324
120836
119972
124228
118820
117316
118436
116388
118404
126821
118884
115171
119108
115812
119364
117860
118916
119044
118564
117796
123364
116132
120452
116932
118340
135877
118852
114660
118244
119300
118308
125605
119172
117412
121380
116004
133252
116003
116516
115812
114308
119492
123364
118212
118436
119492
117668
135396
118020
117188
117988
116708
117988
124804
118916
119172
121092
117412
137476
119684
118564
116580
116260
116420
126660
117092
116516
119236
117444
132133
116388
119908
115844
119332
116484
127140
118244
118052
116772
115396
135877
116996
116131
116324
115780
116612
126564
116260
115780
116772
116580
137637
120964
117252
120837
118276
118884
125572
117316
116772
118724
116676
130852
118628
116836
117668
117732
117540
122532
116708
115716
116740
116740
117348
119300
117476
118372
117764
118052
123940
117540
117540
118180
118404
118436
120164
119972
117412
117732
116676
125316
117444
116292
117316
118020
117700
121188
118212
117316
115715
117796
126660
119012
117956
118372
117284
118276
119876
117412
118372
118948
116963
121956
119236
115236
117059
117636
116004
121956
119716
118084
116612
118916
124164
118820
118404
117444
119203
118116
121700
118756
115172
117956
117636
121796
117924
115076
116355
118404
117348
116452
119716
117476
117092
115812
126436
115780
118212
117732
118724
118019
116804
123524
117444
115460
116643
119684
120516
117028
118884
117892
119012
118980
119108
117796
117700
117924
121252
119140
121476
115364
120292
116708
121924
118660
118020
116580
118020
124708
115971
117604
116324
117476
116612
124644
118756
122724
117380
116548
133189
117763
121925
122788
115300
114788
122117
114596
116644
116420
118884
116708
119588
127141
115364
117924
116740
123940
118756
115364
113859
116196
117892
121348
117380
117988
119876
115364
118724
116964
118852
119588
115588
119780
124837
118820
118148
119428
118340
127556
127013
118500
117444
118372
117124
125156
127044
125636
123652
127844
138340
129956
122404
123332
124676
130180
123844
120996
123716
123364
123524
124356
126116
122020
126468
130980
130277
127044
132004
125508
123908
127460
125060
122692
127300
120004
124356
127972
127204
123620
125476
127461
133636
129413
126468
123876
125220
134437
123653
127621
130693
126340
161797
130276
122180
124933
125093
128708
127652
119972
118659
118468
121732
120356
123908
121924
117444
118116
116548
122724
123333
120804
116547
117539
120388
116036
117348
118628
116772
118180
123333
117412
119940
117764
115940
136836
117316
119428
114276
118564
116804
121765
117604
117540
122116
118372
117764
116292
117860
118724
119620
123748
122340
118660
119652
117060
135269
115716
117668
116260
117828
117636
123268
119108
118851
120228
118020
116228
121412
117412
116740
119204
117092
123332
115908
120004
118052
117636
116132
119620
119428
117924
118276
119588
124676
116484
118692
118148
117060
117379
118596
116388
117700
118724
115972
122084
115940
116548
118948
119556
120132
121892
118467
115556
117412
116900
125124
117668
124356
116836
119044
118468
116868
115908
118436
120772
115908
123236
118468
119524
117668
116900
117924
124196
116612
116740
118372
118468
134788
117412
117444
115556
117059
115908
123460
117220
117636
115908
117219
131909
116580
120100
119364
118724
119428
125413
113700
123588
121124
120004
142437
118180
118372
117348
118212
116612
119940
115076
115236
123524
116164
119620
120036
119044
119812
118244
118020
125924
116836
116420
116100
118276
117252
117540
117604
117156
117572
114755
124484
116996
115076
118404
119460
115716
126180
119844
117636
121252
122180
126532
118980
117636
117892
118084
118596
118403
121028
118564
118756
115236
123492
118564
117540
117668
117956
114820
127524
121669
117924
117668
118660
124356
115172
117700
117699
119780
116196
123460
119268
114820
115940
118148
121604
118436
119044
117764
118116
116291
126212
121317
117860
118820
119748
121572
118756
115812
118020
118628
116036
119748
116388
115748
119492
118628
133252
118852
116324
118788
118916
119428
118660
119460
119300
117604
116516
122340
118916
118020
119844
123684
116675
119492
117604
120709
116676
118852
123685
118660
115684
122021
119172
118948
122724
124580
119300
119844
118468
138917
121348
115108
116227
117252
120292
124452
119556
119748
117252
115300
139909
119812
115300
118052
117572
114723
128516
118628
114948
115012
119588
116451
124901
118756
118692
117924
118083
126372
118340
120516
120164
119812
116772
120388
119652
118020
119396
117380
123940
119652
117316
119716
116068
119396
116708
117028
115844
116516
116580
123748
118020
115908
116772
120644
118244
122181
118308
117636
119332
117732
119940
116100
115940
117476
113924
117732
125060
117924
118916
113348
116772
123332
114756
117924
117380
116100
112964
114084
117092
116580
116164
117412
123300
116836
115940
118116
119012
117604
122212
118532
122340
118436
118404
136676
119876
119012
117604
117412
118372
121028
115268
120644
120836
115876
116420
119972
118340
116772
116068
115428
124580
117252
120036
117636
118116
117860
120324
116612
114147
120004
117764
128005
117636
118948
117764
115331
115748
124484
115876
118884
118052
116452
124581
116868
120228
118532
119300
116804
124964
119940
114884
119524
117220
134404
115843
119428
120548
118980
118884
124612
121380
114692
118372
119556
140133
115460
117956
118596
118244
115044
121924
114659
116868
115044
115876
131589
118468
116675
116580
117508
119844
124292
120676
118148
118244
118692
121796
116355
116291
118659
120484
117444
122244
117572
117252
116964
118372
121220
116228
116132
116164
116708
117796
124612
117348
118115
116996
116996
144229
116324
120036
117220
116036
118244
124548
116004
118884
117412
119300
131172
119716
116899
116675
117668
117796
126020
117668
119268
119140
116995
140836
117156
116836
118916
119300
119236
125636
116772
119588
116196
118948
117028
123588
116580
120356
115620
117796
125476
118020
119972
118308
117475
117028
120548
117284
117156
117508
115780
124068
116484
124612
116996
118948
118404
123300
117860
122052
117892
118404
126532
116356
118532
116068
118628
114820
117284
118180
116932
117444
116868
124388
117988
118212
118084
119236
116644
120324
116900
117092
114500
117956
124004
118628
120420
116708
118564
119204
122212
115844
117508
118756
116484
124388
117796
119748
118052
118660
117956
116579
117252
116996
114307
116324
127493
117988
116036
116740
118692
119364
119940
117124
116868
123940
118052
138213
119236
118116
117060
117156
117380
122340
117700
117284
116324
118564
135780
116963
116804
119012
119844
116964
121988
117252
119140
117476
119428
118692
119876
117572
116931
117220
117444
121732
117124
116772
115940
118724
116452
119556
116132
118500
117604
122084
123844
115684
118308
118692
116964
119236
121092
118660
117764
117412
116100
121956
117636
118020
116612
117475
116868
121796
119940
117508
118244
117188
121285
117924
117220
119108
119588
122564
120324
121220
116772
115588
117732
123685
116484
116164
119140
117252
117860
119332
118692
117572
116388
116068
120644
117252
116580
117924
117348
115460
122532
118308
119748
116484
116068
121700
114404
117924
117252
118564
118916
124804
118116
119588
116932
116292
134853
114691
118916
120708
115364
118884
123396
119076
119620
117540
117956
136581
120772
119524
119076
115812
118532
125988
116868
117668
115748
115748
142661
116772
119140
117316
115652
116772
125093
117604
123013
115332
117092
135460
116772
116772
122660
116836
117764
126020
115107
114916
118564
118308
118052
123461
118372
117379
117380
118148
124516
117124
116164
116772
118372
137124
113764
118724
118564
123908
119492
122180
116612
116516
118148
119108
142949
119172
117444
118980
123364
118564
127045
118564
117412
117508
121828
119108
118756
116804
117956
121604
117828
123364
117860
117828
119716
116196
115876
118436
116644
118340
118756
120388
122756
116100
119012
117316
116292
115524
114115
114980
117092
120612
116355
132197
116612
121156
115460
116804
117316
125765
116708
120580
119332
120996
192775
117220
119428
118084
117572
119588
123556
117988
117092
120388
118435
124996
118276
118788
117156
118180
118500
123300
118948
117668
118212
119268
133508
117732
116228
117156
116868
115876
122372
118051
116900
118276
117060
134533
118788
118564
117316
117988
115556
124708
116996
118468
115684
118116
132324
116836
120036
116836
118084
116772
121860
119332
116324
117924
118788
116164
120772
117764
116644
116772
115812
122149
119396
118884
118372
119972
118884
119140
118980
120036
117028
115747
124164
118564
117156
118948
117188
118212
117284
118052
115204
115012
117763
124740
118340
117252
115140
116676
116164
122084
116068
119332
115684
119588
142629
119332
117764
119460
120388
117092
121284
119300
116803
117348
116068
130117
116612
119588
117732
119268
118180
125604
115044
117380
115780
117508
118852
121828
118244
116195
119172
119076
124420
120292
119460
116772
117124
117956
119172
115908
120356
119716
120228
123460
118212
122020
117892
116420
116035
119684
118052
119524
117444
115524
125508
117476
120516
118308
115492
117828
119204
118884
119460
118916
117284
122980
115972
118180
117220
122053
117764
124100
117668
117316
119716
117828
133764
120068
118276
117220
119812
115523
124516
115395
121540
117828
118468
134213
118308
119908
117988
119428
117284
122981
115748
116291
119172
119396
132229
120772
118084
117892
115428
118756
126980
116835
120420
118852
121508
115940
120644
116644
116740
118468
116964
124612
117028
116932
116387
117316
117028
119268
115812
118084
115684
118596
124836
119844
116804
119620
117092
116772
116932
116483
117220
118212
117572
122341
121476
116324
120100
118788
118180
123652
117956
120292
119972
120773
123652
117028
122788
117443
117188
117764
121893
118404
116228
117252
119332
141221
117860
115012
120869
117892
118724
125828
117316
116804
117060
119108
136516
117732
117092
123460
118692
118404
126180
119300
118500
118372
117476
117540
120548
119140
119204
121764
118628
122244
117764
114820
117348
115236
116707
118884
116228
116676
119108
117508
124580
114980
116868
120292
121476
117380
118564
118916
120772
118308
119108
123556
116196
119972
118212
117124
117892
123364
117060
119268
118724
117028
134052
117828
115524
115587
116868
116676
123844
117860
117476
116900
117156
133508
117412
117540
117700
117668
115268
124900
115620
116196
117284
121796
117860
120900
119524
119108
115204
119812
124292
117892
120484
118180
117572
117156
119108
117796
118532
115844
117636
124996
114468
117412
116612
116036
114116
121860
116196
118020
117892
117252
132196
119268
118916
116996
114692
118692
124484
119556
118756
118468
119268
117540
120100
116772
117508
117060
116899
125540
116004
115780
114947
117924
116164
117252
118244
115267
117380
116228
123653
113892
114788
117924
119556
117028
123909
117060
117732
115684
118180
136036
117956
116644
118916
117796
120004
122853
118724
119908
117860
118084
124388
116004
117348
118148
116388
121412
124452
117892
117892
118820
116932
118276
117380
118468
115363
117380
116164
131781
117764
115876
116004
118372
114180
121924
117316
118596
119556
117604
129381
116580
117764
115268
114276
118628
123716
119300
116900
117155
116804
115844
119844
115876
115812
114724
114179
120996
113892
117092
115748
116516
115524
114948
114916
119108
114468
117924
122244
112227
118468
117476
112932
116164
122468
113764
114468
116868
116260
116132
117251
117732
118660
116804
117539
125124
117860
116100
116996
117732
119364
115748
119396
117092
116292
116676
123908
115620
118788
116771
114980
116164
123845
116996
117764
118148
118436
135909
118276
118756
117476
119140
119812
121092
119748
117636
117348
117988
139589
119908
117092
119460
117764
118372
126148
117892
117860
119492
116100
119460
125989
119620
119652
118532
121540
123620
119204
117412
120676
116356
120900
124196
119044
117444
117444
115780
123461
117060
120036
117188
118628
117924
117028
118468
115812
117732
117060
124484
119332
115140
117476
119172
115620
116868
119332
115108
116292
116548
121476
118372
116164
116740
116644
119172
125028
114115
116260
118916
123012
123492
117892
117604
118212
119748
119972
122756
114980
117860
117796
116579
139877
118404
116196
119204
124452
119076
120900
119908
118180
116900
116580
115268
119940
117924
117124
118468
117188
121444
116708
116803
116868
116228
113028
124708
114852
118404
121060
115524
120900
115236
116900
115492
115300
114884
122500
116228
117348
117604
116964
131684
121380
117924
119044
116483
117092
121028
116676
119492
119684
116004
137445
117732
117155
117060
114212
119876
121796
115875
117796
116772
115748
115556
116644
117028
115684
114596
117540
121124
115876
117828
117412
117668
115780
118116
125093
119428
119908
118404
123077
114755
117700
115524
120356
117380
122052
116772
116196
116004
117828
132388
119396
115972
116932
117380
117540
123076
123428
116868
118884
119908
136005
119844
119012
117924
120388
118148
122628
117156
120644
116932
117956
118532
122629
118500
117700
118308
119332
124932
116708
116644
123844
115812
117828
117412
118692
119140
118340
119236
123044
118596
115492
118692
119012
118756
120580
119652
120868
119588
118436
125220
115972
117764
117028
119972
117540
116996
117796
118180
117892
119396
124324
119492
117348
116580
116964
118884
117700
116260
121060
117540
117252
123684
118340
116132
120196
114660
117764
122276
116132
116964
116292
118436
135364
119940
118020
118212
122660
116196
122628
116836
117636
119044
117316
136196
119524
117572
117060
117156
117412
122820
116676
119332
119076
115940
117316
121828
113220
117988
116452
117380
125636
115748
118500
117411
117860
118052
119844
116324
117284
116036
122212
122917
117476
117732
116675
117700
116228
122884
115236
117156
116772
118372
122692
116068
119748
116708
116932
117604
125797
119332
117892
116868
114628
131045
116900
118500
116516
116292
117188
122180
116995
116804
113379
122468
138212
122020
115396
121956
117860
119204
122340
118276
116292
116036
115268
135749
118500
121284
119300
118084
118660
123653
117444
117860
119172
119268
116068
120292
117156
115876
119268
117636
124388
116196
116772
116228
118052
116131
117636
117892
119716
116772
118372
121733
118404
123396
117860
116292
115396
117316
115044
115940
119524
118052
123908
118212
117188
118564
118244
118916
121988
118596
119844
120260
118276
145253
115524
116644
117764
116836
116164
123044
117412
118148
118211
119332
135428
119012
118916
118180
118308
118404
121284
119012
119204
118468
116708
131876
116964
116676
116356
118916
118180
123716
117060
116996
117540
116804
133829
114788
114212
114948
116099
116292
121572
119268
117252
119076
117956
133157
119524
117668
116355
117668
117892
126308
118436
119748
117988
117700
119844
122180
117316
118340
118660
116900
122756
120004
116772
118564
118468
119780
119812
122500
115748
116291
116611
124996
122020
117860
116996
117060
117220
122116
117156
116356
117668
116100
121956
117092
119012
119460
115780
118468
116740
116708
117220
117540
116548
121253
116004
117060
117348
116356
115235
124036
113860
114372
120804
113507
136517
117251
116612
115908
117220
116260
123013
116932
118820
118020
116996
134853
120868
119876
118340
117860
116932
125028
115908
118500
119844
116420
117188
121060
116868
119908
119140
120324
125636
116900
118211
115652
120612
118756
121924
122116
117028
120260
118724
124037
115428
117060
119140
115268
117411
124452
119396
118532
120164
116676
124740
114212
117987
118148
117668
118724
119140
117508
117508
119460
118020
122596
115876
118212
118788
116964
117956
123461
115236
117188
116708
117700
135780
116612
119364
118980
116804
117252
124293
116708
119556
117476
119332
135813
119364
119492
119076
117476
119716
127237
115747
119044
115748
118660
129796
121060
117924
117732
116132
119396
124420
117892
116004
119364
119780
118628
119204
115876
117476
117412
115588
124260
114883
118468
117220
117316
116164
117284
116996
116611
118468
121444
122692
117156
121284
116388
118436
118244
122180
116356
116516
117188
118308
132805
118660
118020
115108
117540
118724
123972
117572
118724
117315
117764
123972
114852
115204
118948
116772
116196
124228
117700
116644
117252
119748
137349
120100
118948
118756
118820
117636
127012
116676
119524
120196
119268
140613
117700
118628
118468
119300
117252
124356
118084
118628
116323
119588
133732
117988
116676
118852
120420
117412
123076
117796
117668
117636
115844
130917
117380
117508
118340
118916
114020
124356
116196
116292
116612
116228
119812
120836
118468
119268
116868
115940
123236
119140
116420
117796
119492
119012
119172
115588
117636
116260
118084
122501
118788
116900
120420
118052
118180
124676
119396
119172
119364
118468
123588
117315
119172
116836
117060
123716
123716
118180
116964
118756
118436
124964
116900
118756
117252
117956
117988
116836
117188
118436
117700
118532
123045
117956
118116
117028
118756
118244
124612
117988
118564
119012
118980
132260
117444
117892
116708
116676
118180
126404
117732
117572
118212
117732
117636
120068
118820
117988
118308
122820
125572
119524
117924
121892
117091
117924
120804
116548
116996
118244
117636
124004
116420
117508
117700
116612
115460
116580
117156
116323
117348
116516
124293
116708
115780
117284
116804
117124
122468
117636
115364
118404
118628
133157
118052
117924
118436
116292
115652
124677
116516
117220
117188
119556
139205
115332
122501
116452
118724
119684
126853
116932
117380
117252
117732
136037
121668
117892
116771
116068
118564
124548
118084
118980
119204
117508
125604
117476
118148
116804
116388
118180
124004
116100
115428
116356
116708
131077
118116
116868
118340
116932
117732
124580
118148
117092
118116
123524
134085
118404
115876
120228
120516
120164
123460
117092
119588
117123
118244
136101
118532
115268
115620
115844
118723
123844
116355
117028
115492
116356
117892
116004
117348
116708
115652
116196
125412
115684
118084
117348
118468
117828
116420
117988
116420
118596
117220
121892
118532
115204
117892
119428
117220
126020
117028
118180
118628
117604
124996
116772
118980
117796
117796
118980
123108
115972
116708
116740
115652
132805
119492
119396
117764
119780
119396
122212
119140
116100
117508
118692
134116
118340
117604
115107
118084
118244
123044
113700
120868
115684
117508
118500
119812
115716
116804
118724
119012
121828
120324
115748
115876
117892
116644
116996
117124
115620
117092
118019
124516
116260
117764
118436
117252
116772
116260
116740
116996
115844
116676
124068
115556
119140
116932
117124
118916
116068
119108
124324
115076
118372
118596
118532
116132
117508
117732
115236
122276
117348
118308
116964
119844
125572
116996
117476
117028
116836
117028
122852
117443
117604
119716
116548
137221
117028
117060
116644
118948
116772
124772
116132
117156
117124
115940
131428
117604
117444
117892
117764
115748
120932
115556
116228
117892
122436
117411
122277
117060
118756
120164
118116
127333
115236
117091
116804
117476
132356
120196
115780
119268
116228
118820
123748
116324
119492
115236
117732
117956
116964
117956
116644
116836
117316
124164
115268
116708
116388
116548
116516
117764
115076
121796
116164
116644
122500
118564
118148
117380
118628
124196
115908
117028
117028
114756
116132
124581
118948
117828
115331
115779
118468
120900
117411
116132
117572
118596
133796
122181
118083
115523
117892
118820
125444
116196
116452
117380
116963
133988
120709
116260
118244
115684
117828
125092
115972
118756
117284
117092
119428
119940
121252
118020
118468
118148
123301
118916
117604
116612
117540
116772
116484
117092
118212
116355
116132
124388
115076
118116
117508
116227
116900
116452
118756
117700
116036
114916
121156
117732
114084
120452
113028
118660
116900
116388
116932
118820
114948
122980
115556
116388
116068
119396
116964
116324
119236
118500
118244
118948
120324
117668
116004
116900
116932
118500
124773
116164
118244
117924
118020
123652
117764
119780
117316
114692
120132
121988
114724
117700
117028
117636
130916
115876
117828
115012
116708
117700
123748
114212
116995
117252
117668
135012
117636
117188
123076
117092
116964
124165
115972
117124
118180
115684
135173
117156
118980
116484
118436
117508
124452
116675
117508
115716
116035
136452
118692
115844
116516
115588
116868
122884
118244
115748
117156
115940
116388
116836
117316
115460
116611
116964
123364
120036
119716
117444
118788
136325
121348
115428
116196
122148
115172
123012
119492
123140
118340
119076
134756
122692
116100
120644
118340
118276
124676
117476
117028
116324
118084
130436
119012
116804
116516
117988
116387
120964
116772
116004
119716
116771
116356
119044
117604
115556
116259
119108
125604
118404
119268
119748
117220
130981
119748
116996
116772
118052
119268
124996
117988
119492
119652
116356
117508
120772
117572
117156
118852
116580
122820
116772
118052
118180
117123
119428
118948
117412
118084
116612
118116
125284
118116
118308
118180
116228
118020
120452
117444
116676
115460
116996
122500
117348
117156
116227
117380
115075
118372
126756
118212
115684
117380
120260
116708
117604
117252
118276
120548
121476
116612
117668
115940
120164
119396
120132
116388
117412
115460
117284
117892
114532
116964
114980
121188
123140
115428
117348
116195
118404
118308
121540
116644
117443
116036
117188
121124
117124
116900
116420
116708
119300
124836
114788
116708
117539
117028
134116
120293
118692
115620
116900
118564
122628
116292
116068
117828
117828
122468
119460
119300
117636
115748
121412
124804
115139
113635
117572
115460
117348
119556
116804
114628
117636
115428
118372
114692
117284
115748
117700
115940
124901
116740
118084
116740
117668
134181
116004
116260
115651
117348
116868
126213
120036
118116
116548
116804
133188
119972
118788
115300
118212
116420
124069
116964
117124
117540
116196
115716
118916
115843
116068
115428
119396
121380
116355
118884
116356
123300
123653
120004
116132
115907
118916
122436
126308
121124
117828
117988
118020
115268
117636
116644
117572
116580
116164
117732
114820
119332
117155
120356
116644
116611
116932
118116
114628
115940
125061
117316
116996
118468
119652
115684
118596
118884
125316
118532
116644
134853
116228
117476
116835
116515
117380
122468
115396
116516
114563
115939
132228
120484
119300
117636
117924
118244
123172
117636
120516
117444
122500
118820
120196
118628
119236
116995
117860
122244
116196
117604
115428
113956
115812
122948
119972
123460
115876
118052
125572
115236
116868
114404
116676
117604
121156
118020
118148
118147
117668
122916
117380
115812
117636
115940
138245
121060
118052
117028
116452
117604
120548
116484
115940
117764
117732
118596
117092
117124
113060
114948
117060
126820
115172
116164
118244
115812
117316
117028
119748
118148
120004
117796
119972
116964
117828
118852
118084
115684
122532
117508
116804
116836
118020
136325
119012
115395
116004
118116
118436
123621
116228
114916
119492
117412
139685
120132
116548
118052
117764
116611
125476
115876
118308
120260
115972
118788
119908
117412
119044
114692
116516
119556
115108
116420
120228
119172
115908
116452
119108
117860
118788
117316
123940
117060
116995
114916
115715
123940
123236
115236
116580
117924
116292
138916
118916
118852
116612
119876
115300
117764
117476
116548
114724
120228
128197
119620
120132
118436
116643
119012
121764
118468
117636
120132
116164
131396
116996
116100
117860
116388
119300
122340
117188
115748
117252
119236
120132
118980
118692
118308
117603
116516
119524
118212
118692
118788
119588
120612
120548
117892
118180
118692
117507
121924
116803
117796
116388
117988
118116
125956
116612
118884
117507
113028
132549
118244
116995
118980
117764
117507
123460
117604
116804
117732
114787
116964
117924
119588
119556
117187
120932
125412
118660
119620
118468
115940
118244
121604
118244
118404
119717
117124
126052
115523
116836
117828
118532
116580
117316
118083
118052
115204
117764
120516
118532
116868
120644
118148
124132
117956
116900
116420
117220
118148
121861
116868
118820
117380
116708
115332
124004
116644
118180
115844
118756
131300
116868
115204
115716
118948
116004
122084
117508
118244
115715
116132
115876
121316
116164
116643
115812
116260
121444
116324
120900
117571
120068
115652
116324
117188
118020
117348
120772
121732
115972
116900
118948
118404
120964
115684
114276
117604
115651
116868
123364
116068
117796
116099
122948
116804
123429
117763
115940
117124
115044
133092
117636
115940
123268
117604
121892
122693
115684
116196
115875
114756
134277
119652
117380
116292
118852
121380
125284
116900
117284
117348
115780
118980
116580
118180
115140
117540
116004
123204
118724
117540
116932
120676
122212
120964
115843
120036
116164
115108
126277
118372
120804
118308
120164
116484
122660
116356
116644
116356
116612
134277
120580
117476
117028
115588
115428
123204
114340
115620
121476
115108
134661
117732
116932
118468
116868
118244
126820
117668
118948
118596
119396
119332
121252
118500
117028
116196
117252
124484
117604
116964
118212
118564
118820
119076
116483
121444
115652
121924
124133
115556
116388
117316
117508
122116
122533
118948
119076
115652
116196
133253
119812
117156
118468
118148
118532
125061
117924
117412
117732
116740
136069
114980
117252
117956
116900
117284
121477
117860
116100
116548
115620
115748
119748
115076
115172
119908
115844
125284
116772
119524
117988
118820
118308
121060
116868
119332
118436
121508
123364
116196
117796
115972
116996
117348
116644
116676
117252
117636
117636
121380
118084
118308
116740
119300
116836
125989
116228
117540
115460
115076
138565
121252
119172
116740
117636
123812
125092
117860
119620
116900
118372
134821
121604
117668
116868
117635
117412
127652
115236
118596
117156
116100
136932
118436
116644
117540
116900
117060
125444
117444
119940
116452
115588
118276
123460
116708
115363
117827
117763
121572
115556
115748
124324
116260
117572
122340
117988
118276
119204
117540
124580
118180
117379
118948
117348
123652
119428
119044
118467
119492
119139
123940
117956
118532
117828
120100
118564
116036
118724
117796
111299
121668
127620
119172
117220
117636
117796
118564
116964
120068
116452
118020
116772
122212
119236
117796
117668
117156
119460
124164
119076
118724
116260
117444
120836
117924
116772
118340
115620
118020
123716
115364
115012
116644
118372
133605
117988
117540
117540
117956
119364
126052
118052
116963
117732
116196
117476
122084
117155
119620
116388
116803
124836
117988
116708
117316
119300
118980
117700
117924
118628
119236
118116
122468
120836
119716
117412
117668
118564
124996
117508
116739
118212
118820
132708
120484
116612
118116
121732
115236
123236
118468
116995
116739
122020
133412
119172
118276
125477
116932
114564
124548
116548
116484
120036
117892
140388
116323
118852
117732
117924
118244
128549
117924
117796
118404
119460
139877
116356
116644
116708
119172
118596
122181
120452
121700
116868
116292
115236
119140
121956
118564
119012
115396
123748
117123
117860
116163
115524
117284
119524
118340
122820
116612
119332
124068
119140
119428
120772
122244
116804
116868
118468
118500
118692
116420
123525
117764
118244
118852
117700
119012
121988
116452
120836
117668
117668
137861
117220
118212
119300
120356
118276
125636
117379
117924
119684
116868
134052
121796
119332
119172
119652
118788
124996
118020
117572
118724
117220
117252
124260
118660
118180
119588
118276
125445
118244
119108
120164
119716
118436
118948
120260
118244
118020
117508
124228
116004
119492
117091
119076
119460
118724
119492
116900
118884
115588
124708
118756
114116
117028
116932
115588
118788
117219
115236
117956
115940
124836
116900
113956
117508
116292
117315
116772
119428
118180
116772
118660
121412
116676
115940
115812
117572
116484
118788
116868
116932
118020
118500
122276
116324
116548
116036
117540
118916
123940
116676
119044
117668
117540
118404
115556
118788
121796
117540
117668
125860
118948
118852
119204
117092
138436
116612
117348
119012
117924
117956
123556
117988
117476
116388
116291
137444
114980
118468
117092
117636
118212
123812
119076
118500
118308
116932
115780
117860
116195
116772
117348
116420
125092
116644
117700
116676
117220
117348
120292
116932
118724
115748
119908
124292
118564
115684
115876
116260
117796
112196
117124
118788
117764
116676
120420
118436
119364
116196
119492
117795
124068
115844
116004
116740
118276
136037
119428
118692
124612
117188
117059
123652
116963
121124
116388
117892
136772
118500
116580
120708
115556
117508
122212
117060
117860
120004
116356
136420
121348
119300
117476
118436
119716
125668
114628
119428
115652
116644
120292
120356
118660
117540
117828
118244
123620
118052
119012
118724
118756
116644
118500
120356
117764
116996
119204
125700
117412
117187
117284
118180
119268
117732
118084
117156
119748
118723
118148
119524
115459
117732
116484
115940
123044
116292
116132
116260
115748
117412
119844
116932
120292
115012
118564
117892
118884
117572
115332
119204
124676
116196
118468
116804
115812
118628
125124
115844
115684
115972
117412
130660
117956
116164
119012
120228
116996
124996
117476
118020
115524
115716
115364
118692
116260
115908
116804
118020
125541
117636
116676
117092
117284
117156
118948
116292
117316
117124
118180
121124
116676
116900
117156
116356
118852
116164
117892
117988
116388
120100
123044
117156
120260
115492
116772
116132
114532
116196
116068
113252
113508
118340
115716
117380
117540
117412
115780
124324
116772
120068
118500
119684
133509
118692
118180
118948
114148
116260
122660
114148
115460
118756
116420
133348
117412
115844
115363
118820
114596
125733
118660
117700
115619
121061
140676
118212
116932
117060
119460
120356
124901
119204
119652
116420
118148
135780
117796
117636
117540
118116
115268
124196
118372
115940
116324
116868
116324
119428
117796
117796
120132
116324
123524
115748
118820
117988
117252
118340
120580
118788
118564
118468
118180
125380
117380
117764
115908
118340
118884
119524
118340
118500
116644
117028
121861
118020
118180
119172
122660
118564
118051
118179
119012
117540
120420
120420
119908
115332
116004
116612
117188
124645
115747
122820
115780
117316
130948
116836
118436
118980
117764
120132
123492
118212
117924
116484
115684
133796
118404
117252
119012
120356
118020
122309
117156
116292
115812
114724
116228
119108
119908
118211
117476
119908
135461
115492
120420
118532
117955
117540
121380
115523
119812
114500
119044
129508
118627
117764
119556
116580
117028
120708
113892
118564
116964
117700
123620
118276
116291
117252
115427
118019
116452
116900
117316
115012
119332
124581
118916
117828
114724
117988
120452
114980
117924
119812
119332
117475
121476
118052
118724
120260
116676
120388
119172
115940
116708
117220
117540
121188
118691
118724
117220
116324
116868
123140
117060
117668
114180
117252
129669
119460
117604
117988
117508
117764
125093
118052
116836
118180
118916
136133
117924
116932
116996
119460
118020
122340
115524
118820
121252
118564
133893
118884
115300
116356
120132
118020
122692
119044
118564
117732
118692
117635
120836
118948
115683
118180
119012
124292
117924
115620
120804
116036
118276
122148
118532
116740
118212
116772
124676
116739
115876
114916
121412
117764
117508
117860
118244
116772
117700
121668
116548
118436
119652
118788
117988
122756
116900
116676
116868
119524
128228
118500
117444
118308
117412
117284
123364
119076
116100
114308
122628
133284
117348
116036
117988
116932
119396
124997
115908
115524
117380
118692
118596
120740
119684
119876
122052
117220
124676
116836
120932
114564
116740
116068
120228
116739
118084
116964
119140
123268
119684
120004
116964
117188
118500
117444
121220
118724
116132
117188
123396
116868
115363
118564
142021
118884
117187
119588
120772
116868
120004
118148
120965
117220
117380
122756
118212
118980
119748
116004
133285
120132
117348
119044
114596
115332
120676
117060
117156
117668
118660
117316
122468
115204
117188
117892
115652
122916
116836
116036
118980
115300
116324
119460
115268
115012
114852
116580
124612
114820
115236
115748
117188
118180
116100
118756
118372
117060
114820
120964
115044
117348
117796
118820
116100
124741
116484
118916
117668
115460
123460
115588
116356
117316
118468
117604
124356
120548
120900
115844
116004
122692
117539
118372
117988
118372
118948
121444
117828
119620
118980
117540
122437
116996
115716
118628
116964
116996
123460
116804
118212
117476
117988
146341
116068
116804
119428
118020
116580
122948
117284
119812
121220
120580
123556
117668
117668
119076
119332
114915
126980
116900
122084
119172
116804
134181
118308
117956
118052
119108
119812
122597
115812
118212
116868
120804
118532
122244
118404
120100
118052
120676
124293
117412
119428
116228
115972
116164
120644
118756
116580
118179
120036
125157
117892
118500
118372
117284
119524
120965
117700
122244
118596
120836
122724
117124
117539
118116
117508
117572
120068
117348
116836
117444
124388
123428
116996
117220
118596
119076
118756
120132
118756
117796
120260
118532
122308
117059
120324
116548
118116
116868
123972
120420
118212
117860
119620
122756
116004
116932
119428
114403
123940
125509
118276
116580
118884
119396
123652
114084
119044
116228
120548
119364
123812
118148
118500
118019
117156
120228
117188
118308
120004
118532
120164
123908
118244
117412
118724
116644
136581
118404
122852
117540
122372
118020
121828
116580
119108
122020
116772
132389
120484
121764
117700
119588
118980
122948
118180
117188
118244
117092
133124
117764
118308
117220
114852
118436
123812
118308
118788
118276
119012
120740
120708
118116
121508
118180
117220
124036
117188
117892
120388
120516
119396
119972
119236
116644
115748
119460
122308
116068
116836
118564
118084
118916
120324
116900
117220
116484
118340
123044
115556
119364
117476
117636
116740
121988
119268
117828
119716
118084
123620
118916
118116
121252
118148
123172
124069
119588
121253
119204
118820
123685
117923
118180
116868
115396
116868
117028
117956
119748
118596
115940
124804
115556
117732
117252
117828
118180
114532
118340
119716
115812
117091
122917
118148
120516
118884
118500
120132
117860
117764
120260
120068
117764
124804
116612
118116
116772
118180
117028
123972
116708
117764
117603
116836
120516
115556
118148
116516
117764
121124
123876
115299
117636
116452
117124
122596
117188
117508
117700
118372
117860
124229
116324
118596
116516
117123
136485
114052
116580
118148
117956
116740
124452
117316
116996
118020
118884
133349
118212
118020
115364
118404
116356
119588
118468
117092
114179
116740
119236
121284
118852
121732
119044
117380
124869
117156
116900
119588
117796
139749
119876
116868
114724
118276
118084
124580
117156
117508
116324
119332
119716
121444
117476
116163
117924
116836
123876
119620
117956
115620
118660
118788
120580
116516
119684
116452
120708
122948
117220
116932
118020
116067
117764
121156
119716
122820
119300
120164
120228
117156
118788
116067
121156
115940
114596
118404
118436
120004
122436
123876
117444
119972
116484
117220
118532
124996
117764
118084
121348
122308
126980
117540
117092
119140
118756
117540
124900
116740
118084
117284
115396
119364
117188
118532
118404
116035
117348
122116
117060
119780
115875
115555
133476
116547
117347
116899
118244
118916
123364
118788
116836
118116
118468
133445
118276
117284
117860
120740
121188
123844
121380
120132
118340
118724
132293
115076
118467
116324
115364
117924
120484
116100
118276
117828
114244
135237
118468
116580
115812
117124
116324
120036
115972
116836
121284
118180
117444
122948
120100
117732
122276
119812
124260
117220
118180
118692
118308
116867
119332
117700
119044
118884
117892
126660
119204
119620
118692
120356
115204
120196
118852
123076
116515
123589
125156
116259
117764
120228
118276
117764
119940
116740
118692
116612
120996
126084
115876
118436
116740
118372
117956
120260
116291
116804
118244
118948
124708
119332
118340
118596
119748
121797
123940
116356
118596
117156
116740
124036
117572
116484
117380
119268
117668
118948
115588
117828
115012
118436
123780
119300
121284
117156
117316
135845
116164
119140
179238
118500
118148
122404
116004
118307
116868
118788
120676
116676
116547
116675
116548
117828
120100
118500
118468
117348
115492
132388
115492
113988
117732
115556
115876
123460
119780
118052
116772
117187
134052
119140
116612
119492
118148
118884
128644
120612
118532
118756
117636
138181
119652
119940
117988
116900
115556
124516
120964
119396
119556
117060
118340
118948
116420
116579
115556
116996
123172
116644
116804
116420
116900
117572
121956
118692
121925
120900
119300
125093
118212
119748
119204
120580
148005
124740
120996
121156
118308
119268
127012
119428
120356
118980
117284
141445
117380
119204
119908
119108
118052
126212
121220
125412
120100
118340
124677
122084
120228
123781
119460
124196
128389
124964
123428
120676
124100
128676
124965
122180
122788
121893
143396
120516
122084
119620
116068
117380
126660
118276
118756
123332
118308
137125
118820
115780
118564
118148
118692
125509
120356
117060
120580
122500
145701
119108
119076
119396
119620
119460
122980
119396
120612
121060
117348
124292
118564
119364
119140
121956
122692
122308
120484
120932
119236
118756
124517
119940
118180
121028
118916
121413
128356
119332
119524
119332
119108
127748
119172
124869
121540
119044
138628
116548
115652
118756
116644
117092
125028
120292
116292
118660
115780
118788
116932
115940
116324
114372
117315
122820
114948
115748
116132
117188
118052
121316
116196
115684
116196
116036
122884
115108
116292
119556
118660
118212
118372
113892
116132
117956
116388
121156
114724
115364
114788
116708
116036
117796
116964
115011
114819
116356
121348
114372
117476
115908
117892
116836
123268
116355
116899
115972
117540
131588
117059
115748
116996
116484
117988
120868
118596
117476
117572
117956
116547
119044
117380
116899
118340
117860
120580
116708
116932
119140
115940
120996
119876
114531
117732
117348
117348
122788
116100
117380
118276
115140
118756
118948
116772
116836
118628
118468
120484
117891
117604
118468
118148
119556
123748
116484
120164
118052
120388
125156
116548
120580
120356
118212
120868
121060
116292
119428
118532
117828
123588
116196
115588
114884
117220
116708
123076
115908
122212
116196
118116
133733
119044
116836
117572
117188
116804
121092
117892
116452
118916
116772
136580
118276
120036
117828
119428
117924
125604
120228
116196
118179
119556
136773
117956
116740
120132
118692
118084
125124
116387
117412
114916
116676
132901
115300
118275
117796
116132
117284
122532
118436
119780
118564
117508
131045
115396
118660
115588
114340
116612
122820
115524
117155
116483
118308
119972
120036
119396
119140
117060
118276
124708
116708
118276
120068
118116
118724
119044
117220
116740
118820
117540
124932
116900
116420
116932
117540
116292
116836
118116
120100
118628
118532
121444
115332
118244
115108
115683
119748
121092
115044
116868
116996
116196
124708
117444
120260
118148
117604
118564
118724
117284
116068
119300
117380
123749
115940
117668
118692
120164
115875
119140
117700
118404
119300
115620
120356
117764
118244
120932
116548
116323
122436
116452
118276
117956
119588
135876
120388
117508
118020
117028
117028
124260
116644
116740
114212
114275
132165
118180
115236
117764
116516
117508
122565
114532
116260
116420
120196
128836
119940
117668
117155
118020
118756
122660
117700
116996
119492
116900
133989
119716
119172
119460
116644
117572
124004
117827
117892
117475
117892
118084
120900
118660
118916
118020
117252
122021
118244
116804
115748
116420
116388
120676
118500
119524
117572
116164
124996
116132
114468
115779
117828
115620
119140
115908
119044
117572
116612
123492
116836
115300
117188
116708
117476
119684
117540
116836
117956
117188
122660
116228
115427
116100
117636
116292
118724
117668
117476
118852
118339
124452
117380
116356
114916
120196
117188
121092
116388
118948
118340
117028
124644
116964
118916
117764
119908
116260
120228
117188
116196
116868
115940
122277
117476
116644
115300
119140
118692
120100
116932
115492
118212
116100
124133
117540
116132
120324
115172
116868
117091
116196
116452
118468
116836
123684
115076
119812
119236
117060
117796
116900
118020
117284
116996
118308
121476
118020
115716
117444
116228
114884
116932
113924
119076
114724
117316
122180
118691
117828
121476
116707
116612
120004
120676
117572
117348
115812
123652
118372
118180
117604
116804
116548
125092
118051
120196
117732
118116
117028
118083
117540
119428
118180
117284
124164
118756
119108
118564
116196
132676
116324
117892
116420
116452
116068
125668
115140
118788
117380
117028
131524
119268
114756
115588
118436
117956
123876
119684
118372
117828
117379
129956
118564
118083
117060
114979
114468
123588
116324
117316
116644
116292
117092
121348
115396
115780
121060
116612
123685
116196
119076
119428
117252
116132
119620
116100
117892
118980
116708
123972
117764
121028
116900
118852
119300
120196
117252
120100
118052
118372
122148
118916
118596
116452
117284
118372
117028
117572
117380
117252
118468
123236
118884
117636
116260
118468
117028
116036
118916
115652
117892
118084
122724
118116
119300
117508
116004
118468
123652
118948
118404
117092
118980
123717
118308
117732
118116
118084
115236
125348
114788
116420
115780
115268
131684
119652
117092
118596
117220
116484
124068
116804
117796
116996
118276
130469
116932
117892
119108
117668
117124
122340
118756
116708
117732
118339
131204
120644
119204
118244
118596
117604
121444
115971
118180
117092
118564
132293
120676
118532
115908
116004
118468
121604
115139
117412
116772
121156
119428
120996
115812
120932
116996
118084
121444
117060
116580
117604
116388
117796
122500
119140
117284
116900
117092
123492
118500
115716
120645
118628
117092
119876
117892
120164
117348
116708
124196
116068
118852
120036
119012
117988
118084
117380
117411
117572
116676
121733
116644
116772
116420
115044
118852
120996
117028
115812
116356
117603
123940
115076
118084
116708
116516
116419
119844
119428
119108
118212
118884
123524
115876
120356
124676
117476
119332
116676
117380
118179
119908
118276
121156
118788
119140
120324
117092
116388
118692
118884
118756
118756
116451
121828
116643
115171
116228
115428
119588
122565
120100
118052
117571
117987
124228
116132
116868
115268
117444
117988
121284
115332
115844
115460
115780
135429
114404
118627
115044
117732
116068
123396
117124
119108
117668
117348
132228
117124
122180
119780
117604
117316
124004
117252
117348
118500
116932
123076
112964
117572
116196
115076
117092
121284
116323
117156
115012
117604
128996
116388
119108
118692
118340
116004
123844
119716
117604
116324
116772
139396
118244
117796
117188
118596
117380
123844
117380
115204
118436
119396
115012
118308
116580
117028
119172
117092
124100
119492
117284
120132
118692
118628
119748
117188
116420
116964
118372
124932
118244
118532
120484
118564
116036
119396
116164
118244
116452
117028
122916
116900
116067
117956
117412
116452
117956
117380
120708
117411
118340
125604
116643
117411
117476
116836
119076
120708
119140
118212
117764
116196
121508
116196
117828
115748
118532
114852
120356
112323
115011
115332
118724
122148
117668
118244
117668
119364
115428
118628
117508
115780
117060
116964
122596
118404
118884
117444
118020
115556
117924
115395
117092
118180
116644
125508
115492
117732
117860
117764
116228
121604
117156
117764
118308
115972
132388
120644
119076
113796
118148
117155
122692
115428
117412
117476
117956
137349
118692
118435
118532
115652
117028
124196
116196
119460
114820
118180
131524
120452
117092
116964
115844
116196
124676
116292
116196
114308
113636
116068
119300
117571
116516
116676
117764
124389
116196
117892
117444
115524
117380
120772
117827
117764
117188
117412
120868
119972
116836
117315
116036
118756
120324
116228
117828
115748
119940
120068
114532
115363
116484
117604
115844
116548
117252
116420
117668
115972
120836
117923
118500
117316
119908
120004
124068
115812
115108
114724
116580
128452
116740
118628
113732
119908
117540
126020
117860
123044
119620
116868
117092
119780
117060
117156
116452
116996
123780
116963
115395
116644
117444
113828
118371
116004
116036
117252
117092
120580
116324
114980
116228
115908
116580
123940
119044
115812
118084
113668
135109
115140
116324
117636
117124
116708
123492
114948
117604
116068
117508
121636
116100
117668
114564
117444
115812
122244
115460
116164
118628
114788
140068
117508
117444
116420
117956
116644
121252
116772
115171
117444
116676
131749
117188
120100
119364
117892
118308
125092
118340
116516
