144101
38465
39105
35361
42562
717368
44866
33794
33857
35617
32513
32961
31233
32321
32865
33569
32449
31425
31137
31809
32738
32289
32449
30561
39073
30465
30081
29889
30433
30721
31361
30177
29409
34209
31457
30849
30209
32449
33249
31489
30465
33729
30657
33569
32641
31457
31905
31841
30145
31233
32417
30433
31233
30529
30177
30657
31265
31745
31489
30593
30529
53601
31777
30593
32993
34401
31041
32513
30401
30305
31873
31905
30657
30657
31809
32610
31073
30241
30337
30689
36898
31073
30977
30049
30017
30977
29985
32769
32577
32737
32194
30689
30177
32033
33089
31201
32705
39329
30209
30593
30561
33249
31041
32225
32833
32289
32001
30881
30913
32193
32417
32065
30849
30721
32097
33473
30817
32289
30145
29921
30529
30561
30369
30145
30465
30177
30081
30561
29793
38145
30593
32865
38658
30305
32449
32289
32097
34177
31233
31169
31841
37985
30305
37409
34401
37762
37345
37121
34753
32641
32673
31553
36417
29697
30241
31585
30305
37953
37345
33889
31873
37506
33313
32769
30817
37761
30977
38081
32290
31746
31745
38881
38498
37473
37761
30657
30209
38050
37473
38497
38593
30305
32545
37793
30241
34785
31841
32065
38433
31873
32129
32417
32129
29985
30753
30017
32193
32545
35169
30753
32097
33153
30529
30657
29985
30721
31713
31809
38690
30177
30625
32993
31649
31809
30497
32897
32257
32321
32257
31937
32193
32289
32001
32033
33601
31777
30625
40417
32354
30849
32450
30241
38562
38209
30945
30561
30977
30209
30369
30305
30497
30049
30017
31169
30465
30177
30081
30433
29793
29345
38913
31522
32033
30849
30113
30625
30657
32194
32001
31809
30241
30337
29793
31745
39041
32289
31041
30465
30401
31489
30945
31105
30241
30753
30305
30433
30785
30849
30401
30561
39009
30498
30498
39073
31073
30210
30017
30305
30817
30689
31009
39201
30945
30305
31362
30561
30817
29889
30433
31201
30081
32833
34977
31073
31873
30273
31041
29857
29185
29089
30369
29953
30561
29953
31009
31041
30913
30785
30753
30753
48706
39138
30817
30209
30273
59906
33281
32577
32673
37057
34433
32961
33601
40001
32609
33665
41345
33857
40897
33953
33186
32737
32897
33665
33249
33857
33345
32417
32865
33441
34145
33057
33218
32577
33569
33794
33217
34721
32609
34018
33313
34177
32641
39329
33953
33505
34018
35137
34177
35041
33473
33825
32833
33153
34209
40994
33601
34977
33633
33249
33857
33090
33473
31969
33025
33217
34369
33089
33121
33825
33697
33505
32033
41025
33025
34625
32353
32354
35457
32737
30177
37825
31649
31137
35969
34177
35298
32673
33665
41890
33249
32642
33345
33217
32993
35009
34689
33665
34113
34497
33729
34625
36033
33729
33473
35553
33697
42786
41634
34625
33153
33793
33761
34434
33409
33217
33857
33217
33345
33281
32769
32961
33345
32769
33313
41441
40162
34177
33345
31905
34977
37281
33473
33633
34177
40513
39554
37281
41537
34049
34209
34625
34145
40897
32801
32897
33441
33217
34401
33473
33666
33025
34369
33985
33185
33409
32961
33345
33858
32705
33793
36481
32225
33025
31841
34881
33153
33953
32930
33953
32033
33729
32129
33057
32418
33921
40833
37538
34401
34113
32577
36641
34049
34401
33281
33601
34401
33121
33825
32897
32865
33985
33665
34401
32833
33185
33633
33505
33921
34113
32833
32577
33793
34561
31810
32929
32833
31521
32449
34113
33697
33697
32674
32865
32609
40609
32802
33537
34241
33377
33793
33217
33377
33185
33698
33025
32769
33505
34017
33730
35329
34081
33345
34273
34529
32961
33090
33505
32833
34561
32929
33665
33345
34049
39745
40225
32673
33345
33921
34530
33185
33569
34305
34625
33441
33698
34049
34241
35105
33986
33857
33793
32289
33569
33442
33697
33825
33729
33281
32834
37185
32993
34401
38401
34657
34305
32705
34401
32737
33793
33441
34945
35361
34753
34209
33345
33249
34785
32993
32193
33569
33857
33729
33441
33825
34401
33569
32770
33569
33025
31521
32193
40770
32545
32353
32545
40449
33601
39969
39553
33121
33921
33409
32577
32449
33633
40610
33345
32865
32545
32897
32513
39169
39458
50209
33217
40161
34370
33089
39713
35458
32577
33377
38529
34305
33378
34081
33729
33889
33633
34625
34401
33985
35969
33409
32929
31745
32993
33601
32929
33441
33249
34818
39681
39938
33025
33921
32929
33217
34145
34017
41185
34466
34849
32641
41026
33793
34753
32705
33090
39681
33249
33409
38241
33058
37985
33409
34050
33377
40321
40545
34594
34017
32609
31841
33313
39874
33697
33537
33185
33762
33441
33409
32961
34145
34050
33345
41506
33665
40610
37761
34594
32769
32865
32001
32225
31809
39458
35745
36609
39937
32353
33409
40482
40161
40769
40417
32577
33249
33505
34241
32993
31937
33441
39330
33249
33249
32354
32993
33057
33537
32834
33121
40417
33185
36033
33505
32898
32161
31809
33857
36321
33409
33153
36289
39105
36513
36354
35009
33474
33345
52610
33281
33665
33921
34209
33249
33249
33729
33762
33153
32257
32705
33762
33377
33121
31681
32129
32386
32225
34305
31618
32417
33441
33505
34306
32737
34017
31681
32737
33313
36513
33537
33313
32961
32289
32673
44545
33601
32481
33889
32545
33089
32705
33186
36769
37730
34913
33281
34018
34433
35777
33858
34017
34657
34305
35009
33442
32737
33217
35073
33186
33345
34433
33217
32417
32705
33569
33889
33506
33153
33345
34785
33953
42626
36865
33025
33505
36577
33857
33473
33185
33602
33793
32769
33665
33985
33729
33121
33281
36801
38114
36450
34177
35393
34753
35201
34913
34433
36001
33921
34786
33729
33250
32929
33697
33537
33761
34177
33505
36897
34497
33666
36737
34529
33954
35137
35361
34657
34945
34017
37506
33761
35073
33889
33282
33697
33857
34881
36993
34497
36961
36290
35233
34017
34018
33441
32961
35553
36161
34113
33121
32737
33953
40546
33697
39649
32129
34402
35585
36001
33825
32641
35201
33345
34306
34753
35361
35265
33825
35682
37089
33345
34146
52642
35618
33729
33825
33762
32929
34177
34913
37826
34465
33185
37026
36865
37922
34657
34465
33665
33537
35585
35265
33889
33057
36865
34018
32609
34529
33729
37857
34433
33697
33697
33249
33889
33473
34401
33665
33377
36673
33921
33921
34561
33153
34497
32769
32385
33825
33409
32481
32801
32577
34305
34754
32865
33505
34305
40961
33761
32769
33761
32769
33666
32929
33729
34497
33282
34241
33249
36193
35009
38434
33729
33505
34177
37377
33057
33505
33537
39202
35074
32865
33889
32993
33282
33697
33665
34977
37730
37121
32929
34241
32609
37729
33441
34177
33313
32097
33858
34401
36865
37442
35201
37889
39009
37249
37506
35457
34017
33921
38050
39905
39041
36385
34818
34401
37121
37569
39617
38241
35874
35393
37633
36098
33793
34881
33281
33537
41026
34465
33313
32801
36450
35329
37505
36961
34497
38050
35009
33889
33826
39777
38754
34401
36417
34177
38977
35457
38369
36769
37409
34529
38017
34977
33890
33185
34017
34017
33729
33026
35073
34945
34209
37922
50530
33793
33697
32929
34273
36545
34369
32449
37121
35233
36449
36610
34145
33889
34593
34785
33569
34305
41505
35746
37633
33473
33633
37857
33377
32737
36417
33793
35649
36641
38658
35329
33922
34145
32769
33154
41410
34497
34273
36962
38881
38977
36321
39458
35105
39553
34785
40865
33985
35585
34369
37186
38241
39618
39714
37569
33633
34209
34337
33665
36194
35297
33473
36130
34913
37153
39905
37889
34305
34721
37345
38721
43681
34081
33954
34145
37889
33825
34594
33217
34401
33249
35937
34593
36545
34337
34370
32833
33281
33505
38817
34785
34433
37025
32737
34433
37377
33889
33409
34401
33089
33569
34338
33761
39649
37730
34273
36897
38465
37921
36769
33089
34561
33922
37281
38401
34209
33665
33985
34978
33665
34017
36385
39778
33857
33761
41825
34977
33633
34689
34785
34337
33633
35361
33378
33537
33569
34145
34242
33089
33537
32737
36769
31617
40129
37378
38081
38242
32449
35841
37281
37857
37729
36738
36449
37121
35617
33505
36865
32514
33505
31681
58626
34561
37378
37249
37282
33025
33506
38497
34497
34786
34529
37089
37793
34369
33441
34402
33761
33409
37442
33569
32257
32449
32257
33122
36449
36833
37442
37089
38050
36897
37218
34081
32449
37858
34177
33634
54690
33409
31841
36865
34529
32897
31009
35041
34721
34465
33121
33857
33025
31297
33698
33825
36321
37857
40833
29281
38913
32865
33793
33857
34273
33153
33762
35105
32129
36865
38210
38497
33857
37569
33985
33089
61730
40609
35233
33729
32129
33986
32801
36865
32737
34850
32001
32385
31873
32385
32418
31265
32321
32642
32065
36225
32769
34433
32865
32769
33249
33857
33569
37602
34241
33825
33473
34081
38241
37730
33217
33346
33537
41666
34017
33025
32673
33569
33633
33921
33217
32641
32833
33281
33793
32833
33889
33537
33537
32257
40353
38722
37633
32770
33569
35841
34113
31521
31617
33025
34657
32193
33057
31649
31681
33857
33697
35681
32833
33473
32449
33089
32098
33377
32801
33825
33281
31937
33057
32353
32481
32353
33153
32577
33409
33505
33057
41921
33282
31265
31265
31649
32897
31585
32386
32929
33825
33537
31969
32833
33377
33410
33697
33185
33217
34273
37218
33761
34145
32961
32769
32929
31873
33089
33121
34081
33889
34273
33761
34145
33538
34337
32897
32961
33794
32545
32897
34465
34049
40129
33089
32641
33153
38465
37057
34401
33058
33697
33473
34721
34914
34529
42626
34242
39169
33249
33921
32257
34753
33953
32833
38209
34689
33474
33601
34273
34081
33154
36641
37857
38753
32513
33953
34369
32865
36769
33889
35905
33377
33281
38146
38497
37346
37633
38465
37378
38593
49474
34209
32705
32609
32897
32385
32097
32513
31969
32865
33345
32641
32321
33089
32513
32930
31073
32161
33314
34850
33633
37473
32833
32641
32001
33185
33089
32897
33762
33313
33473
32225
31905
32481
32673
33601
32001
40353
33025
32833
33153
33473
33154
32961
33569
37217
36481
33377
31809
32577
33569
32481
37025
33026
33249
48866
37569
35169
33729
33313
32961
32961
31745
33057
32385
33185
33441
34370
37089
33314
36193
33121
32449
32865
35298
32897
32257
31265
32609
32961
33441
34017
32897
33697
37282
33089
36481
37090
33921
36833
35553
49634
34625
33762
32929
32545
32737
33346
32481
33889
36865
38817
34273
34753
33633
33986
33569
37441
37665
39521
32962
33441
32929
33857
33697
38081
33122
33729
32961
33089
32257
33505
37441
36321
33953
33441
34753
53154
34753
33569
32705
33601
32289
35841
37665
32737
33569
32769
33121
32545
32929
33186
37857
32865
32834
32449
36161
33378
32865
34241
37441
37505
37794
32929
32865
32801
31937
34497
34305
32994
37569
33537
34209
32833
36481
37730
38497
33953
32769
33345
34977
33729
33185
32578
33953
34689
33089
33953
32481
40961
34305
37185
36129
32961
34049
34017
34785
33314
33441
34817
38593
34657
34018
34529
33569
34498
38049
35778
33249
53986
34689
32609
33154
32545
37217
34113
33345
32097
33537
37921
36930
36961
38338
37793
38274
33025
33345
40897
32577
38337
32961
37185
33313
33250
32865
33601
31873
33730
32673
33793
33698
33889
33537
33665
38241
38561
33985
39329
38242
34849
33473
33089
32545
38017
37057
37217
33281
32641
32833
31777
32161
32673
36450
48993
35841
34849
33089
33474
32801
38241
33057
31969
34497
33473
33697
33313
33633
33218
32577
33537
34657
33249
34497
32257
33249
33505
33505
32801
32866
33665
33185
33793
32929
32545
33761
33857
33185
33793
34114
33665
38049
34369
32834
33921
33313
33153
32385
33345
33121
34241
33505
33601
33025
32641
33377
31137
31969
32385
40833
33633
33249
33473
32450
32449
32673
32481
33185
32929
35393
34209
34113
33570
32449
34049
33761
37377
40961
33217
33313
32897
33665
32737
36705
39457
34177
37857
34017
35105
34753
33602
34849
34017
33953
33121
46593
34401
33633
34114
33409
34625
34081
34369
33345
33217
32737
32577
33537
34529
33633
33921
32769
33153
33953
37601
34945
33537
34785
33953
33857
33793
34465
34977
34049
35233
34785
35426
34113
34625
37922
34689
33665
33985
33185
31937
35330
32513
32097
35169
40098
32929
36673
31201
31713
32321
32353
32865
32578
32289
49858
35329
32578
33409
32706
33761
34017
31553
33249
32385
35586
31969
32705
32098
33921
32834
34369
34081
49858
33601
32577
35841
32802
32417
33281
32513
32705
33185
33153
40353
33857
33186
41282
34113
33249
34881
32450
41537
33762
33121
34177
34177
32961
33857
33985
34145
31937
32993
31905
32289
32577
32513
32193
32289
32001
39233
33409
34017
34177
33985
32641
31745
32417
39298
39457
32545
33409
33281
32097
33313
33441
31681
33313
41218
38946
33025
32833
34177
39938
32833
33409
33858
31361
33953
32961
33921
33442
33121
39746
33121
33281
57282
35169
32545
32609
33089
33921
32546
31425
32193
32673
33409
34018
37409
33281
32961
32225
33633
32129
40257
32097
39202
40673
31777
32257
32513
33473
32641
39457
39554
33825
33729
33858
34497
32961
34177
34370
49313
33217
33890
33121
34753
33569
34561
33345
34337
33985
33441
33217
34081
41218
33729
33282
33633
42081
33985
33729
34018
31777
33889
33345
33281
41153
33538
40257
33570
33889
32641
33313
33409
34465
34241
42593
33986
33729
34753
33825
34434
32705
34177
34466
33921
33665
33857
33729
33761
33858
34337
33377
39746
40834
33633
32513
38786
40641
34145
34241
32577
31649
40769
33345
34305
37025
34081
37186
33089
35617
32257
36225
33057
32609
40098
33217
31745
35137
32225
32802
32577
33153
32417
32641
34113
31873
33729
33249
33857
37633
33409
33570
32801
33121
33761
33985
33473
34369
32897
34785
33409
33857
33954
33089
33377
32961
33154
42978
34561
34625
33217
34049
32513
40225
34625
37281
40962
33441
33985
33857
34817
34241
34817
34145
33025
42433
33601
32385
35489
34465
33441
36833
35105
33282
34273
34241
34721
34657
34337
34370
35361
33921
33825
42433
34369
32929
33761
34209
33729
35809
34625
34274
34593
33953
34753
34145
34817
32897
33409
41922
34369
41474
34273
34465
33474
36705
37505
34401
32897
34689
33857
33889
41346
33889
34241
33121
34625
33153
40737
39169
34305
34817
33217
32577
34465
40513
34178
39681
34401
35457
33409
34114
33217
34945
34977
33921
33729
43298
33345
32322
33825
34081
33153
39681
34049
33954
34081
41185
33985
34945
33569
41281
33697
34177
33249
41537
32737
34113
33697
34209
34177
40385
34241
32673
40481
33089
33537
33409
33761
34209
40193
35234
33985
42658
34529
33922
40769
34466
33313
34337
33889
33537
34209
35041
34882
34305
34049
34882
34049
33729
36129
43105
34593
32769
32993
32514
33249
32225
32545
34529
33954
34145
40769
34081
34881
36801
33857
34625
38721
35329
33761
37378
34465
34625
35234
34625
34497
33473
34754
34401
34081
34498
34401
40482
34945
34977
40482
34818
40290
35713
34721
33249
33345
33857
33953
33281
35393
34561
34561
33665
34913
33825
34754
33985
33153
43169
34081
34785
34369
33922
34433
33953
33697
34657
35809
33825
32673
34913
34593
35233
36449
33505
33921
38785
34465
34306
33985
34113
35809
35041
33441
34433
35074
35137
34401
34049
34561
34977
34465
32801
33921
40385
35714
32545
32866
32833
36993
37121
36642
36801
37857
34497
33089
31969
34978
33057
33697
32097
32769
42722
37953
39874
34465
32705
33313
35489
35938
33345
35169
35554
34593
37186
34337
34881
33345
33537
34305
34593
33569
34114
32737
34977
34657
35073
33793
34305
35105
33601
34306
33985
33505
33185
33345
35265
33121
41729
32545
34977
33761
33089
33665
34273
33313
33953
33953
33665
32993
33249
32993
34177
33825
33858
34241
42465
33538
32481
33697
37409
33665
33889
33409
33505
35393
34273
34177
34210
33793
33601
33921
33697
33825
42817
35041
33697
35041
33538
33857
33697
34529
34177
34465
35329
74978
34305
34305
35233
33601
32706
32033
42273
32609
32065
33729
33249
33601
34081
33473
34657
33921
33825
33729
33281
34849
33985
35137
34241
33921
41986
35137
32897
33409
33089
33953
33313
37602
33601
33921
32545
34529
34273
33793
34562
33633
33793
33889
41281
33281
34401
32289
34017
33025
32865
40513
32993
33217
34081
34401
34529
33601
34049
33537
34433
33793
53122
35137
35105
31745
31841
31905
32801
32737
33249
33537
34881
32385
33249
36289
35489
33601
34433
32321
35649
35617
36513
33953
40833
32289
33089
33473
33345
33057
33794
33345
32513
32801
33217
32193
32449
32289
31393
41569
32833
33249
32449
33665
34113
33313
34529
34625
33857
34113
32993
34849
34978
34497
34625
33985
33537
41729
33537
32833
33697
40098
34465
33089
34881
33985
32769
33025
34369
32929
33601
31905
40577
33217
40545
34017
34369
32993
34530
35233
40289
34593
33825
32801
33921
39938
33729
34081
40385
33441
33154
33921
38049
35617
33281
33889
34209
33185
33441
33313
34657
34145
33697
33921
35106
34081
33921
33633
41665
35809
33633
40961
33730
33153
34081
32097
33634
34113
32225
32193
41505
33794
33953
34209
35681
32610
39873
34433
33569
43297
34850
40289
34049
33569
34465
33825
33697
34081
40482
33409
34337
40162
34369
40257
40577
34401
34561
44226
34785
33697
33953
33345
34178
35073
33377
33441
33153
34082
33761
34881
33089
33570
32449
32993
35585
42914
34561
33249
35073
33729
34338
33665
33377
33377
34561
34145
34209
33441
33185
34113
33249
33505
40514
41793
36225
40449
33601
34081
33569
35169
34209
35137
33921
33729
34209
34273
34369
34049
33537
33057
33281
53410
34561
32513
33185
33185
31809
32129
31265
32930
33409
32417
32513
32673
33986
33889
32577
33121
32609
33057
33729
33442
33025
33889
34945
33921
33921
33057
40289
33729
34050
34305
35009
33249
33953
34497
34369
34850
43905
34657
33569
34241
33377
34337
33730
34465
33633
34689
33506
35457
33793
34049
33889
33441
33665
33025
43106
32737
32321
33025
32481
32897
32993
34593
35905
33697
33633
32993
34305
33762
34369
34081
40258
33537
42881
34114
33057
33729
34337
34497
33569
34177
34722
33537
34177
34273
40610
34561
34434
34945
35009
34818
42882
33921
33697
34817
34209
33857
33601
33442
32673
31777
34433
33409
33473
34209
33281
34465
33985
34242
39553
32961
32641
33153
32802
35105
33825
33793
34018
34113
34305
32801
34689
35233
33665
34081
32865
33761
32801
37217
34017
36513
32737
34305
34753
34017
34945
32546
34881
33505
33665
35393
33345
34081
33857
33345
33057
34209
34273
33922
34977
32801
34209
32769
33569
32993
32385
35905
33377
32705
33858
33089
35393
33825
36450
35297
33697
33409
33729
33985
34113
32738
33889
33729
33697
32929
33793
34753
34401
33186
34881
34977
34945
35778
34753
33601
33761
33729
34465
32898
34753
33345
33986
33761
34273
33153
40289
35777
34017
34145
32609
41345
33505
32129
33505
32353
32162
32257
32737
32641
32162
33665
32993
34241
33986
34721
32321
33473
34209
47906
34881
32321
33953
33441
33058
31617
33697
33346
34049
33697
34370
33569
33665
38209
34401
33889
33441
46370
35522
34689
36257
34625
34401
34977
34145
37762
34753
36865
37826
34849
33281
33217
33313
33793
33697
51522
34401
34466
33921
33761
34625
33857
33921
32193
35457
34465
33313
36321
36034
34689
34209
34050
35937
39009
33505
37857
36033
34273
33761
34209
33089
33281
34529
37729
35265
33985
36162
33761
33217
33729
33569
41730
33249
34401
33186
34657
34017
33985
36129
34529
34113
33857
34913
33281
37313
34433
33633
37889
33921
42369
32673
33473
35713
34177
33281
33889
34113
32833
33665
32609
33569
33601
33409
33473
33057
33729
33473
36418
35809
32257
32353
37121
31969
31905
32993
35330
34401
32129
32161
32449
32993
34369
33825
34242
33601
33377
38657
32993
34369
33473
33441
34657
33473
32353
34497
34017
34017
36769
33665
32609
31713
33281
35041
33185
36161
34465
33473
33858
34273
36929
33441
34049
34465
34754
35649
32673
39426
34721
33633
35810
34177
40481
36066
33921
33057
33121
31905
34497
35042
33761
34081
33473
32897
37474
34113
36705
33505
33441
35265
43266
34625
33441
35713
33281
37218
34049
32577
32545
33985
34145
32513
33473
32577
35777
33794
34529
32737
47873
33729
35105
32930
34241
33217
33697
33697
33569
33665
34529
33313
33218
34401
34305
33825
33762
34113
33601
34721
33761
35361
33729
34689
33729
37826
35745
33441
32833
33889
32929
32993
34689
33281
34369
36673
33217
32577
35202
34785
34721
35553
37825
37825
33569
34433
34497
37185
37378
40641
34849
33857
35137
34145
49314
35297
34625
34369
34593
33185
34049
34497
32833
32001
34113
33121
33633
33697
33857
32545
34018
37857
50690
35746
34753
34145
34210
33601
36321
34529
34913
34817
37025
37345
34273
32705
34337
33857
34625
32705
33825
37761
34913
34785
34210
34721
37409
34657
35841
35297
37057
36770
35169
37217
38209
36833
34594
35265
53026
34273
34113
34977
36065
34049
33697
33313
36289
34657
33601
32897
33697
35137
33441
37089
34721
33506
50913
34337
37282
34561
33185
33313
33890
34881
34817
34657
33282
33569
34433
34657
34721
33826
37409
33537
39746
34625
34305
36929
34497
34305
33601
33953
33761
32802
36993
33985
36482
33985
34017
33121
36610
34273
51170
33825
33986
34593
39905
36257
33153
35425
33569
33378
34113
33313
34401
34209
37377
34177
33121
34849
39746
33633
33665
32481
33281
33409
34241
34785
37601
35649
34241
33537
33153
34433
36994
34145
35393
34593
47106
34817
33121
37154
37473
34593
34625
33377
34017
32962
33953
34081
37729
34658
34913
34305
33089
34113
38177
39649
37793
34082
34913
34785
34497
33698
35361
34434
33345
34529
33025
33185
37921
33761
33729
36673
33217
38721
36514
31617
33889
32481
33505
33665
34657
32737
33346
33665
34081
35841
37250
33345
34209
34465
35521
36386
32769
32705
35938
33601
34625
34689
33729
33793
34178
33153
32833
33761
33665
34081
35457
33441
33921
39777
34594
33153
34433
36001
33345
32449
37634
33537
38114
33409
34113
33601
33538
33953
36929
33986
34273
40289
35041
34305
35073
32353
33602
33313
33441
33601
35106
33217
34657
34337
34113
33153
32961
34113
33025
49345
34242
33153
33537
35169
33409
32961
34209
33121
33729
34050
35201
34305
34017
33569
34721
33761
32546
33729
34625
34529
33601
33442
34497
32801
34785
35137
34497
34017
38017
34305
33953
32961
34177
33409
33698
33889
35041
33409
33729
36321
34721
34625
34337
33697
33985
33761
33793
35105
33473
33217
36322
33281
33985
42145
33985
33505
33729
33345
32737
33569
32961
33346
36865
33281
33602
32385
33313
33441
37633
32353
32161
32353
34305
34049
32673
32961
33889
33825
33313
33281
33345
35361
33826
35169
34977
33537
34273
34017
34498
34561
34434
32769
34145
35042
33281
33185
33441
33793
32673
33185
34178
34049
33601
33185
32097
33793
33121
33697
41345
32897
33441
33089
34402
32641
32737
34114
33825
32865
33921
34146
34721
34241
35553
35617
33954
32737
41602
34465
32353
34081
34177
33761
34465
34402
34305
33473
33793
33025
32545
35265
34273
34241
34817
34113
39393
33505
33345
34081
33153
33697
34145
33633
33441
34785
33153
32673
33473
34081
34145
37217
34465
34241
50338
35329
33601
33633
35489
32961
34785
34209
33281
33665
33761
32866
34081
33217
33377
38465
33665
35490
53026
34529
32545
35201
32865
33889
32929
33441
34113
33601
33729
33825
32929
32417
35361
37409
34497
35297
37185
33665
34593
34690
38369
37121
33698
33153
34369
34273
32993
35233
34113
33954
37025
33857
33345
34050
34241
38242
34817
37314
33633
34241
33281
36129
36833
35649
34914
33921
33217
35266
34209
32641
33601
34433
37537
40802
33025
33217
32641
33762
33729
32193
31841
31873
32321
32193
32353
31810
32289
32449
32065
33441
32353
41281
35234
32769
34113
32769
33889
34594
33985
33729
35393
34850
34273
33313
33953
33441
33665
33697
34465
41185
33505
34401
34466
34593
33922
34593
32641
33793
33569
34369
34849
35937
33665
33921
32929
33761
33473
42465
33921
33857
33633
34337
32193
33857
32897
32705
31329
32385
33409
32737
32705
33185
32705
31873
32449
31873
33793
35010
33857
33986
33953
33633
32449
33634
33601
36065
34369
34881
34305
34241
34209
33665
32961
33857
37857
34273
33057
34401
33601
34849
34273
34946
33729
34017
33025
33474
34305
35649
39425
37122
34209
34817
38946
33441
34721
34561
34849
37825
32961
38018
33633
32897
33602
33505
33729
33825
34177
34594
34689
38017
36769
33569
33377
33665
33601
33601
34178
38465
34273
32257
33921
33697
33185
33730
33153
33985
34657
36161
42562
33217
32513
32545
36673
33249
32129
31745
33889
32737
31777
36769
31809
32481
32097
32321
34081
32545
39073
32225
33954
32033
38018
36993
37314
33601
33729
34017
33250
36673
33665
33089
35073
34625
34210
34849
42914
36801
34017
33121
32481
33633
34081
33377
33345
33153
34049
33473
34017
33473
33281
36673
34433
33570
42402
33345
33730
33985
33441
36033
34145
32737
33633
34210
35649
33345
34657
33377
33313
33793
33313
34817
39105
34209
35233
34273
33025
33761
34913
33569
33857
37633
34913
33857
34561
35266
33505
32993
34529
33985
42946
33345
35041
34273
34945
34145
35937
35521
35330
34785
33442
33665
34401
32834
33473
32865
34753
33473
48290
34753
35425
33858
34689
34721
35041
34049
34337
34369
34337
34018
33633
34657
33249
34273
34082
32833
33793
36738
33825
34913
33953
34146
35457
34529
35969
33761
35234
33953
33889
34402
33761
33857
34049
33089
33729
40226
35361
33569
32065
32705
33537
32929
35073
34625
34913
33793
34433
33025
34530
35777
37729
33761
33121
33313
32897
32577
33857
35681
33985
32673
32161
33185
32801
34081
33473
33697
33857
35009
34241
34145
34722
38849
34049
33217
34594
38081
33825
36097
37345
37025
33537
34113
33761
32449
32993
31873
32353
34145
33569
42082
34145
33473
32801
33089
33058
34209
35201
33730
34081
35489
34562
36226
34017
34049
33057
33953
36673
38689
33890
34209
34210
33025
33633
33633
33313
34337
33985
34273
33506
33697
34081
33249
32577
37410
34241
34561
39234
33121
33185
33345
33953
33633
36866
33761
33729
33889
32833
33217
37505
35521
33729
33633
33922
33729
34785
39746
34625
34978
33697
34433
35841
34465
34561
33345
33185
32865
33249
32801
32769
35937
33825
32289
33953
35041
33345
32929
33985
33249
34113
33441
33505
33954
33505
34305
31937
36129
33377
35169
34817
34849
33185
32770
34561
33217
33249
33378
36257
35329
34593
33825
33025
32065
31905
33441
33377
41025
34593
34626
34977
33441
34497
33889
34945
34850
34465
33729
33985
33986
33921
32577
34209
32673
33953
40225
33249
34337
33697
32769
33473
32961
33825
33985
37697
37089
33058
32513
33505
33665
33954
33441
33185
48130
35170
33313
34625
32097
32833
32641
33153
32929
33185
33025
33857
33569
33793
36577
34049
33858
33537
42561
34337
33473
32513
35426
33857
34145
34370
34849
33089
34593
33665
33761
35009
33217
34209
33473
33793
32545
37025
33281
32993
36257
37025
34177
34497
33922
34145
33153
33377
32962
33441
33185
33697
36865
32929
34114
34434
34177
33409
33282
33761
32225
34529
32418
33217
33057
33793
32994
35777
35297
34017
33185
33217
34018
42754
33057
33473
33570
34369
33025
33633
33377
33154
33825
33025
34081
34114
33537
33665
34145
33825
33474
37281
33281
33025
33601
32066
34689
33889
34625
33249
34337
34498
33601
32865
33665
33697
34337
33281
32897
35073
37313
34529
32993
33569
33249
35522
33441
34977
36193
35009
33474
35649
33217
34081
33025
37890
33441
43426
34113
33154
33377
33889
32801
34081
34721
34401
33249
33922
33057
33761
34754
33185
34977
33697
32737
33665
35873
34049
36546
35201
33217
32833
35073
33282
33665
33633
33730
34689
33441
33441
33889
33313
33665
34241
33569
34690
33985
34625
34337
34913
33473
34561
33985
33409
33346
36545
38338
36065
34849
34530
34945
34785
40833
34209
33985
34049
36545
33441
34305
32577
33761
32289
34242
34017
33249
32961
37025
34561
33250
33665
38945
34305
32769
32993
33249
32929
33665
32833
32929
36321
32737
33345
32033
32545
34465
33793
34369
33602
39489
35169
33601
34273
34497
33569
34273
34785
33921
33890
33345
34465
34497
33570
35233
33889
33857
33985
40802
34849
37377
33953
35874
32929
37569
34465
33441
37057
34178
34273
33697
38114
33729
38849
36353
33570
40610
34529
33633
34081
34786
33665
33345
32673
33473
33505
34945
33697
34466
34625
33217
33537
33665
33665
39937
33793
33825
34178
34241
34753
34338
33857
33281
34241
34018
34785
33825
34145
34722
33697
37345
34177
48737
33505
33537
35233
33345
35425
34017
34657
33857
33569
34689
34625
34690
33601
34177
33921
34306
34849
32801
34913
34433
35489
34498
34113
34113
35522
34081
34529
36641
34786
34433
33442
35201
37602
33377
34753
94595
35489
33633
37281
33857
35233
34337
34113
34146
33857
31905
34498
33185
32929
33761
33442
34401
32033
40866
33409
33473
33889
33153
33825
33954
33057
33537
33473
31873
33793
33473
31969
32129
32865
32609
32801
57090
34817
32865
32225
31905
33473
32385
33793
32737
32257
30753
32929
34241
33154
33761
34434
33217
34273
33666
35937
33857
32513
36193
32993
37410
34113
33921
37217
34465
34113
34082
33761
33025
34145
33761
32897
33985
38177
33826
34497
37409
33889
34402
34369
32770
33249
33922
33857
38113
34113
35137
33057
34913
32801
51777
35393
36289
34273
32865
31874
33089
33505
32769
31745
32897
33505
32161
34145
31905
32930
32929
33377
41953
33409
32641
32257
33281
33282
33505
32929
33281
32865
33505
35361
32513
33153
31905
33058
32673
34786
41186
34977
34114
34433
34113
35649
36001
35969
33249
34881
33025
32993
34113
34914
32769
35649
33025
34113
41057
34081
34433
34017
33345
38849
33953
33217
37154
33089
32257
34401
34594
33249
34305
33569
33793
34113
32097
35201
33569
34305
33665
33185
32833
32674
32577
33665
34273
33089
33633
38785
34241
33985
34817
34401
40705
34337
34081
34721
33313
34689
33921
37250
32033
32097
32065
32673
34145
33377
32033
33153
32801
33217
36001
34113
32737
33281
33217
33633
34722
33665
32705
33729
34209
33153
33185
34562
33409
34017
32353
32641
35649
37217
33057
34049
32578
32705
31521
32001
36673
33217
33985
33793
33025
34145
33793
34945
34113
33569
34561
36930
34433
36066
33313
34721
34689
37186
33281
34145
33825
33441
37953
35969
33281
35073
32737
34561
36129
32577
37633
37314
35745
34242
33697
37441
34849
36385
35746
34081
35905
36802
34017
36354
33793
37505
36289
37377
37409
34273
34273
35426
34561
33505
33505
32833
33058
32353
32513
33794
32961
34529
33409
38593
37313
37345
32865
33185
36353
32833
33985
32609
33217
32929
31841
33825
32801
32993
31489
31937
33409
41057
33441
37474
37249
33025
31233
36513
32161
33377
36001
33090
32513
33537
32897
32001
32833
33154
36705
39809
32961
35777
36545
32481
34113
33281
32097
32289
32129
32641
32097
34849
32866
34561
33665
36865
34497
36674
34273
31937
31777
31105
32097
32961
33761
33506
33281
33537
33697
33441
36769
33377
35009
34146
33633
40641
32545
35041
34081
33985
37153
34850
33505
33185
34721
33921
33281
33665
32225
33697
32002
33697
33281
36962
32737
36417
32929
33761
34273
34881
33089
37441
32321
35009
32609
33121
37153
33730
34817
32705
32289
32641
32865
33090
33025
33153
33569
32993
32897
32129
32577
33345
33986
32897
32481
32737
33281
34241
34978
41314
32801
31489
32129
31969
33729
32001
32097
32961
33089
31521
32353
31745
32321
32833
32865
31937
32162
39105
34721
32353
33026
31873
31489
32257
32289
33633
33634
31425
32417
32641
31489
32577
33729
32065
32737
32065
32641
32609
32705
32129
32385
32289
32577
32353
29921
29697
30209
29345
29729
29185
30017
29825
30209
29793
50946
29697
29857
30017
29889
29697
29793
29921
30241
30337
30209
30049
29665
29665
30113
30081
30369
29953
30753
37601
29921
29793
29697
31201
32833
32033
29633
30561
30209
30401
29665
30689
30273
30433
30785
31169
31041
30146
31393
30049
31393
30849
29825
29505
30049
30721
29953
30945
31329
29889
29857
30241
30593
30753
29985
30689
29761
33953
30369
30561
30401
30049
30465
30241
29313
30881
30145
30369
30401
30689
30145
30241
31873
30113
30625
31457
32961
30273
30402
31809
31777
30209
30497
29825
30433
29857
30625
30081
30977
30753
30561
30081
30145
29889
50018
31457
30081
30273
30529
29985
30273
30337
29857
30209
29761
29281
29985
30497
30497
29601
29857
30433
30209
30593
30241
30145
30049
30625
30177
30497
30785
30593
30401
30145
32705
30689
30465
29825
30113
30689
30113
30209
38306
30145
30177
30593
29889
30785
30241
29249
30305
29889
30209
30817
31553
29985
30818
30145
30817
30721
31361
37313
31009
31201
30369
29985
30785
30913
30849
30657
30177
30561
30913
30561
30465
30465
31105
30657
31073
30049
35425
30497
30113
30626
31105
30561
30913
30785
31521
30977
30209
31105
30529
30593
30817
30945
30977
30561
31393
38658
30273
30273
30113
30433
30721
31489
31649
30881
30689
30721
30625
30369
30497
31073
31009
30658
30722
30049
34177
30625
30849
30497
30785
30881
29793
29921
30465
30497
30497
30017
30977
31073
30817
30209
32993
31842
31457
30977
30689
30241
30625
30721
30433
30529
30657
30625
30689
30497
30561
30401
30817
30753
30689
30785
30657
31041
30690
31041
31361
30465
30593
30049
30977
29793
30593
29985
30401
30945
30817
30753
30529
30689
30849
30753
30049
31265
30529
30049
30529
30465
30273
31041
30497
30689
29921
30561
30817
30337
30401
30273
30401
30049
30241
30625
38690
31425
30273
29409
31137
31105
30177
30625
30593
30561
30081
30369
30113
31969
30593
30945
30305
30593
31201
37153
30305
31009
30593
30241
29697
30690
29569
29857
30177
30465
29825
30113
30465
30369
30753
30273
29953
30945
35233
29921
32321
30721
30337
30625
30337
30945
30689
31137
31137
31361
30817
30593
30913
30625
30401
30113
30337
31553
31073
30497
31393
29953
30625
30881
30465
30305
30497
30177
30497
30497
30241
30817
30497
30465
30369
30465
30817
31105
29985
30369
29697
30786
30402
30113
30530
30786
30657
31073
30785
30945
30369
30113
31041
31009
30273
32033
30273
30529
30433
30689
30881
30977
30017
30113
30305
29473
30977
29889
29857
30785
30209
30369
30497
30401
33313
30497
29889
30305
30689
30209
30209
30145
30593
30369
30241
30753
30273
30689
30369
30625
29921
30209
29921
31809
30529
30753
29953
30689
30113
30625
32289
30849
30913
30273
30561
30273
30625
31201
30689
30689
30497
45761
30593
30177
30689
30369
30305
30401
29697
30369
30561
30593
30049
30817
31073
30113
30209
30721
30497
30401
49762
31521
30561
30369
30529
30369
30465
31426
30593
30241
29697
31553
30849
30465
30657
30081
29953
30401
30497
49953
30689
30177
29825
30210
30081
30209
30593
30401
30849
30369
30209
30081
30177
30817
30945
30017
30209
30689
47746
30625
29953
31169
30337
30913
30881
30337
30497
30722
30209
30401
30177
29985
31169
29889
30241
30241
29857
45442
30145
30337
30241
30081
29953
29985
30465
30625
30753
30241
30210
30529
31937
30593
29985
30337
31681
31105
39298
30849
30241
30753
30881
29953
30818
29665
31073
30337
30017
30561
30913
30785
30401
30529
30113
30081
30913
48290
31329
30753
30785
30977
31105
29825
29409
30721
30465
30337
30113
29793
30241
31265
29953
30977
29377
30913
48450
32225
30433
35617
30113
30433
30785
29953
30209
30529
30049
30337
30273
30305
29473
30241
29985
30689
31105
30273
33985
34145
29857
30017
30817
30113
30337
30849
30913
30273
30305
30561
30081
29825
30978
30497
30401
30785
30145
31233
30689
30817
30017
30145
30561
30594
30657
30273
29377
29953
30529
29889
29793
30113
30177
30177
34145
48097
31201
30561
31041
30945
30177
29921
30145
30081
30081
30017
29665
30689
29473
29761
29953
29729
29761
29857
30785
31425
30305
30497
30305
31521
30785
31873
30721
30753
30561
30497
30209
30369
30849
30305
30337
29601
29921
30081
33089
29825
30145
30209
30433
30081
29825
30337
30401
30241
29601
30337
29857
30209
30081
30337
30017
31041
30721
38881
30177
29665
29569
30337
30529
30209
30753
30561
30113
30657
30689
29953
29889
30049
30178
29633
30113
30273
38978
30689
30529
30145
30465
30593
30177
30721
29441
30561
30753
30529
30369
31233
30753
30241
30849
30049
31073
38977
31457
30721
32385
31137
30625
30753
30689
30433
29632
29921
29889
30497
30881
30241
30753
29665
30625
30817
39105
30177
30337
30017
29377
29729
30209
30273
29665
29953
30209
29793
30337
30145
29793
29569
29537
29665
30849
39010
31681
30017
30273
30273
30145
31073
31105
30433
30337
31169
30497
30753
29953
30945
30657
31041
30049
30273
39169
30977
30433
30945
30529
30529
30497
30721
30049
30017
30305
30049
30465
30785
30882
30497
29985
30721
31137
38849
30689
30721
31329
30593
30177
30593
30305
30977
30881
30081
30593
30433
30881
30657
30593
30433
29985
30401
36257
30529
30849
30241
30273
30753
30593
30625
33217
31169
30625
31201
30433
30913
30561
30337
30209
30497
30433
38497
30849
30529
30721
30689
30209
30657
30689
30593
29793
30657
31009
30209
31362
31074
31426
31137
30913
30753
38849
31489
30785
30657
30625
30753
31905
30593
30177
30369
30497
29665
30433
30337
30273
30465
30657
30561
30497
45602
30817
31489
30145
31393
30593
30241
30177
30977
30625
30369
30209
30337
30113
30561
30145
30529
30593
31137
30721
33761
30369
30241
30721
30177
30465
30209
30273
31041
29953
30113
30849
30849
30273
30913
30497
30369
30881
30689
33409
31137
30465
31329
30689
30689
31041
30145
30177
30177
30849
30593
31969
30881
30786
30433
30113
30049
45538
31266
30817
33441
31329
31105
31265
31297
30817
30305
30049
30241
30017
30785
29857
30337
30433
30529
30209
30369
31713
30273
30433
30913
30753
30689
30529
30241
30497
29857
30626
30337
30625
31137
30721
30465
29985
30561
45729
30657
30529
31073
30497
30497
30721
31105
30209
30433
30145
30785
30369
31361
29857
30849
30305
30145
29249
30753
32769
30241
30465
30497
30049
29761
30017
30113
29921
29889
30849
30305
30625
30497
30497
30113
30177
30401
30017
31073
30881
30177
30785
30113
30465
29953
30177
30977
30977
30913
30689
30081
30241
30497
30401
30113
32161
47521
31937
30913
30369
29825
30337
30209
30433
30209
30593
29985
30049
29825
29921
29985
30465
31169
29825
30465
30241
33665
30561
29633
30625
30657
30273
30337
29857
30497
30177
30785
30529
30337
30305
29953
30497
30465
30241
30689
31778
33633
30561
30433
29921
30305
30210
30529
30113
30209
30433
30433
29921
30113
30593
30049
30209
30593
29793
31297
31041
30337
30273
30625
29761
30433
30369
30049
29441
31009
30209
29729
30209
30785
30337
30273
30785
30561
38657
30689
30305
30017
29793
30913
30433
30337
30785
30209
30273
30369
33985
30465
30497
30273
30401
30145
30177
35394
30849
30945
32449
30273
30721
30305
30593
30881
30369
30401
30017
30081
30401
30497
30081
29889
30561
30497
30913
30689
30177
31073
30081
30882
30401
30369
30881
30017
30049
35041
29889
30497
30977
30721
30593
30241
30337
36225
30721
30849
31745
30497
30913
32225
31105
31041
30881
30017
30337
30561
30401
29921
30658
30305
29985
30945
36641
32001
30465
33185
30657
30369
30209
30785
30369
31329
30401
30337
30049
30977
30497
30337
30497
30369
30337
39521
31265
30433
29857
29921
30241
30241
30017
30017
30017
30209
29729
30145
31937
29793
30689
29345
30113
30433
38881
30529
30625
30369
30593
30337
30657
29889
32130
31233
30273
30337
30433
30785
30081
30593
30081
30369
30273
31169
30401
30017
29665
29697
29377
29217
30817
29889
30145
29857
30721
30849
30433
30145
29889
30049
30593
30081
39425
30145
30305
30145
30209
29985
29921
30209
30145
31009
29825
29697
30273
30401
30305
30145
36257
29761
30881
30785
30273
33025
30049
30625
30049
30785
29409
30305
29313
30593
29825
30369
30241
30465
35873
30945
30081
29857
36833
30209
29889
30849
30913
30498
30369
35169
30721
30689
30337
30625
30209
30209
30465
30593
30273
34241
30785
39041
30369
30721
30817
33441
30113
30785
30497
30113
29569
32801
30593
30113
32161
29633
29921
30689
29985
30049
32897
30881
31041
30561
30785
30497
30305
29857
30625
30241
30209
30305
30881
30657
30017
30241
31105
29313
30433
31041
30401
30561
30049
30209
30081
29889
29889
29857
29473
30017
29025
31041
30369
29985
30081
29953
30305
30209
39074
31297
30849
30529
30433
30689
30209
30785
29953
30497
30113
30305
30625
30721
30273
35617
30977
30753
29857
31169
30465
30689
30369
29921
29409
29761
30337
30401
29889
30337
30401
31009
30081
30145
30017
29921
29985
30209
38977
30369
30177
30625
30913
31329
30337
30369
30241
29985
30305
30401
30369
30529
29665
30881
30049
30945
32673
36802
30017
30369
30881
30401
29665
30849
29889
29793
30497
30241
30849
30369
30177
30241
30305
34753
30433
30145
32033
30945
29569
30081
29889
30369
29729
30369
29697
30017
30433
30401
30017
29761
30145
29953
30785
30241
30337
38946
30401
30817
30465
30305
33761
30849
30049
31201
29857
30657
30177
35937
30785
30561
30529
30433
30209
30561
38657
30369
30465
30273
30497
31041
30273
30273
29889
30145
29601
30145
30433
30817
30785
30913
31681
30753
30369
37345
31393
30369
30369
30177
30401
30081
31009
29857
29825
30305
30753
30657
30401
30913
30273
30721
30113
30721
33505
30369
30241
30593
33697
30049
36353
30241
30753
30849
30625
30209
31009
30145
30369
29761
30849
30049
30273
38466
30689
29953
30017
30433
30177
30497
29953
32513
30305
30145
30337
30049
30305
30433
30785
30241
30497
30753
39137
30817
30209
30913
30465
30337
30049
30529
30401
30561
29953
30145
29889
29889
30049
30977
29505
30753
30145
39553
34785
30337
30721
31873
30241
31137
29921
30081
30625
30113
30401
29729
30465
30977
30529
30081
29441
30017
39554
30977
30273
35585
30241
29665
29761
30241
30305
29921
29985
29985
30625
30817
30881
30689
30081
30785
30785
47329
30689
31265
31041
29953
30433
31009
30497
30113
33473
30881
31009
30305
31105
32802
30369
30273
31233
30177
40449
33025
36257
30817
30849
35585
29921
30369
30113
29921
30657
30625
29505
29985
30177
30273
31169
31201
30785
41410
30817
29761
30241
30081
30273
30273
30817
30593
30785
30401
30081
31169
30497
30433
30785
31137
31201
31041
39138
30945
30465
30593
30498
31041
30561
31425
30465
31393
31265
31201
30241
30561
30977
30785
30433
30465
30434
45026
30785
31330
30305
30657
30337
29921
30977
29793
30465
30017
29825
29889
30113
30625
30113
29505
35489
29857
29537
33633
30049
30945
29729
30145
30081
29921
30273
30273
30113
30306
31073
30497
32705
31265
31041
30593
30401
35713
30497
30369
30561
30465
30561
29985
35937
32034
30273
30145
29985
30465
29857
29985
30337
30337
30433
29185
38721
31201
30241
29729
29825
30561
30721
29857
29921
32481
30593
30529
30593
29953
30785
31041
30785
30017
30849
48609
36289
35553
30593
30977
29889
30273
30177
30433
30113
35297
32769
31457
30401
30145
30721
30753
30273
30401
52385
35553
30401
32321
35713
29953
30625
30721
30561
30209
30561
30913
30753
29793
30689
30753
30305
30049
30337
41665
31073
31297
35937
35105
30209
35393
30817
31105
30113
30881
30145
30369
34817
30337
30273
30241
30209
30913
37762
30977
31201
31169
30497
30753
30817
30113
30145
30689
29441
30401
30369
30561
30401
30241
30817
29729
30561
38593
31233
30689
32321
30305
31201
30081
30209
29889
29921
30177
30497
29569
30273
30113
30241
30145
30433
30945
48642
31489
30177
31265
30113
30945
30369
30529
29793
30113
30305
30145
30529
30529
29953
30785
36577
35873
30689
44321
31073
31681
31201
30977
30401
32353
30465
30305
30785
30401
30881
30465
30561
31361
30657
31041
31137
33377
44865
31969
30977
31169
30657
31553
30017
30498
30817
30561
29921
30529
30529
30305
30721
30785
30273
32609
30817
46305
36001
30497
30465
30305
32897
30849
30753
30657
30241
31297
30817
31745
31265
31361
30529
31393
30337
30593
39457
31073
35522
30561
30209
30849
30497
30433
30881
34817
31041
34977
30881
30337
30689
30433
29569
29953
30209
40258
32641
34913
29153
30145
30754
30081
30625
30433
30273
29601
30593
30273
30273
30689
30177
30209
30081
31329
36161
30945
29729
30273
30369
35009
30305
30433
30273
30369
30337
32993
30433
30881
30657
34977
30401
30881
29985
40994
30081
30337
29825
30049
29857
30305
30305
30273
31682
35682
30337
30273
30305
35170
32450
29953
30177
31105
38881
30561
31297
35521
31041
30273
29633
30625
30721
30273
34145
30529
30273
30241
30529
29633
30145
31745
45474
35969
34209
30306
30849
30401
30017
30721
30241
30593
30529
30305
30593
30049
30113
30177
30241
30337
30497
46049
31073
30561
31106
30177
30113
30433
30881
30241
30689
30465
30305
31521
30113
30561
30305
30177
30241
30337
44449
30881
30721
30241
30145
29953
30273
30241
30113
36001
35777
30753
30433
32033
30465
34593
30657
30657
33090
50850
31874
30593
35201
30529
30305
29889
29921
30497
30913
30465
29729
35265
31073
29985
35265
35201
33889
34209
33665
31649
30273
30369
30785
35937
32417
31553
35426
30401
30145
30465
30881
30209
29921
30305
34242
31233
30305
38977
30177
30401
30497
32097
34401
30273
30529
30337
30529
34401
31009
30017
31265
35297
30529
30881
30017
30369
40929
35937
35937
35233
31841
35009
30465
30721
30817
30369
30081
30049
30209
30625
30401
30241
30913
31169
30305
37249
30401
30753
29857
30209
30145
34081
29857
30337
30497
30945
29633
29889
30657
30849
30465
31073
30369
30561
38721
29633
30433
35105
31105
30561
34305
31521
35009
30849
30497
30593
30049
30465
30209
30689
30657
30433
30753
36386
30177
30657
29953
30369
35969
30689
30529
30369
30401
30337
29825
29793
30465
30561
30529
30465
30209
34786
40417
31329
34433
30753
30625
30113
30241
30689
29665
29985
30465
29793
30209
30209
30081
30113
30113
30017
30561
30529
30625
36801
30785
30145
30625
30817
33218
30401
30145
34497
31105
29697
34914
31233
29889
35329
29953
29889
32993
30049
29761
30145
29793
30337
29825
30113
30241
30465
30081
30017
35585
30401
30113
29953
30081
30401
30018
35777
30785
30209
30145
30177
30369
31169
30209
30273
29857
30497
35073
30593
30593
30081
31009
29633
30177
29793
35905
30401
30017
30145
31105
30209
30369
30241
30817
30561
30433
30081
30017
30753
30273
30785
30369
30017
30689
36833
30625
30049
30401
30497
35233
35681
32705
31361
30337
30817
30689
30305
30273
30913
30433
30337
29569
29985
36961
36098
31137
30721
35873
31105
29793
29889
33729
35297
35105
30465
30817
29921
34593
31041
30273
30593
33729
31809
30337
30465
36481
30689
29985
32129
30593
30689
30017
29889
34113
30369
31170
35073
30113
30433
34529
34817
35297
35393
35105
35361
35873
34337
35010
30657
30209
36418
30625
30113
30561
30497
30785
29857
30145
30625
30529
31681
30017
30945
30497
29793
30177
30081
30177
30849
29249
35809
30113
30369
30433
30209
29441
29665
29825
30753
31201
29505
30145
29985
30945
30433
30657
30017
30369
32737
32769
30305
32866
30337
30721
29921
30241
30145
39330
29953
29793
30177
34626
29953
34018
30497
32225
30081
32706
30337
30049
30465
30081
30145
30305
31329
31073
48386
31073
32737
30721
35553
29761
29793
30657
30273
30561
34081
30113
32737
31361
33633
34049
30849
33057
30689
38593
31553
30113
31585
30305
30881
32577
30849
35201
30977
30849
30785
30273
30817
35425
34433
30817
30945
30305
38817
32769
33090
30722
30369
32289
30625
30401
30529
34241
30753
30657
30433
31809
30081
33313
32225
31649
30913
47361
31137
30977
32481
33025
32801
29889
32545
32321
31841
32833
32289
32513
30017
30209
30626
30977
31873
32129
37697
35969
29761
30210
30113
29153
32705
32513
34977
32065
33153
33858
30497
30369
30273
34049
34177
32449
33153
30529
30977
29857
30369
30497
33633
34177
30817
30977
30145
33441
35649
30177
33825
29761
30017
30145
30401
30049
35809
30689
31041
31329
35842
30145
30145
30305
30049
30721
30561
33473
30881
30465
30657
33953
30465
32897
34401
32001
30785
30369
30529
33281
34849
32321
33665
29921
29985
30081
30529
30401
30753
30145
32097
30305
30017
33153
31105
32321
33825
35105
32769
34945
30689
30529
30177
31489
30689
32065
34049
30177
32321
32225
34625
32353
33345
31554
30081
31297
32609
34241
30145
29889
33409
30753
30241
30625
30433
32033
35457
30113
31969
29665
30369
36545
30625
30049
30529
30337
30017
30081
30337
35137
34625
30465
30945
30881
30273
30721
30913
30049
30177
30465
37793
35713
33025
32865
33089
33922
30017
30465
30209
34114
33601
30081
32385
32321
30850
30209
30305
30145
33857
38817
35553
34337
30881
30817
30177
30113
33921
34113
30337
32449
35297
34305
29921
30273
32577
30529
35041
35649
39777
30849
32897
35394
31745
32513
35041
32513
30689
35201
32769
35106
35361
32865
30625
30401
33633
33825
30465
35105
30401
34401
30337
32449
32097
31777
32641
35169
32578
34178
31041
31361
33633
30337
30369
30881
30305
31233
30305
30497
30817
33698
30177
30433
30113
30753
34273
31073
33826
30593
33889
38497
34241
32673
33793
46114
31169
30657
32417
30593
31361
34273
30241
30209
30433
30561
33857
30177
31137
34753
29761
30049
30593
30465
39137
31041
30561
29793
31009
30177
30401
29953
30113
30689
30145
30465
30241
30241
30945
30945
30881
29857
37857
50498
31745
32993
34081
31746
30145
33026
32769
30273
32321
33569
35745
33729
33025
33921
30369
30753
33025
30145
38561
35585
30305
38145
30081
31777
34402
30594
32898
33409
30465
33122
29793
30273
30337
30209
29761
33921
30337
33313
33185
33601
30657
31873
34177
34369
30977
33985
30241
34018
34177
33345
32929
34529
34113
30401
30113
49218
30817
30529
30273
30273
31489
30177
30497
30945
30785
30561
30273
29729
31233
32705
32481
30977
30145
30017
38785
30721
29953
30145
30369
32577
30849
30497
32225
29953
30465
30273
30753
32929
31297
30753
30465
30497
30401
44449
31521
30241
30177
32033
30209
33569
32193
32513
29441
30113
30401
30945
31905
30209
30369
30113
30497
30401
30657
33121
32417
30977
32417
30657
31201
32449
31041
30785
30369
30305
30881
30177
30593
29729
32385
31937
32801
43841
31777
31041
30657
32449
30305
29985
30465
32257
29953
30305
30049
29793
30401
30529
30657
30497
30657
30305
40930
30209
30081
30145
30497
30145
31681
30561
30113
30785
30081
29793
30049
29921
30497
29729
30017
31553
30145
38849
30977
31905
30817
30657
30337
30689
30017
30082
32033
30497
30497
30593
30241
29825
30657
30145
30017
30209
37889
30401
30561
30081
32097
30113
29953
30209
30561
30081
30049
32225
30241
29729
29697
30241
30401
30305
29793
42689
31265
29953
29985
30241
30369
30497
30177
30273
30433
29857
30785
30657
30561
29921
31393
30529
30625
30049
30593
30593
34401
31425
31233
30657
34241
30433
31169
31457
31105
29761
30529
30305
30177
28897
29953
29761
30626
39265
30177
29665
31041
30497
30273
29729
30529
30145
30689
30625
30305
30337
30241
30657
30561
30369
30497
29793
44898
31489
31073
29953
30465
30561
30753
30209
30977
31777
30241
30625
30337
30817
30529
30561
30241
30049
31009
47681
32609
30497
30657
30529
30433
30465
30049
30369
30209
30593
30497
30753
29985
29953
30017
30209
30049
30465
43234
32449
31201
31041
30497
29953
30625
30145
29921
30113
30177
30273
29953
29537
30817
30145
29697
30337
30337
30209
31681
30465
33665
30209
30337
29857
30881
30657
30241
30721
30593
30273
30721
32321
31681
32225
31265
30401
40898
31297
29537
31137
30145
29857
29921
29825
29825
30145
30497
29985
29633
30081
30049
30081
29793
30465
30593
57218
32545
30273
30497
30369
30497
30081
29921
29985
30753
30657
32161
30497
30913
30081
30657
31073
32289
30433
36769
30209
30529
30689
30145
30529
30145
29857
31905
31073
30561
30561
30977
30145
30305
30817
30881
31425
30529
45954
32129
30465
30305
30081
30177
29953
30817
32097
30369
30497
30113
31041
30689
30465
30497
29569
30817
30945
31489
31426
29985
30561
30785
31521
30305
29889
30625
31329
32321
37474
38370
34625
30849
38529
30273
31297
30881
32257
30625
30689
30849
38338
30081
30273
30177
30689
38241
29857
29793
30369
35457
30849
29985
30273
29793
30273
30049
30497
30273
30305
31073
30465
30881
30273
30433
30241
29793
30401
30721
53505
30785
29697
29761
38241
30049
29793
30113
30081
29729
30081
30209
29793
30305
31617
30817
30625
29665
30337
36353
30593
30273
30465
29409
30497
34785
30465
30145
30113
29793
30625
30817
36481
30977
38273
30913
38274
30593
35265
30497
30209
30305
30465
29793
29665
29793
29729
30177
30561
30081
29793
29889
30497
30881
29953
38561
31169
36705
30849
30369
38338
29473
30785
30657
30529
29953
30401
32321
31905
30913
30305
30817
30593
30561
30113
30753
31137
30593
30625
30113
30625
31073
30209
30241
30177
30465
29985
30753
30625
30209
31009
30177
30497
30081
29857
39713
30305
30465
30241
30081
29665
30689
30177
30369
30689
30305
30369
30305
30369
30305
29889
30497
30433
30113
36961
31297
30113
31073
30977
31201
30977
31041
30209
30529
30337
30081
30241
31425
30433
31041
30049
31169
30849
37793
30465
31041
30977
30721
29889
30529
30465
30593
30497
30369
30625
30593
29761
32705
30497
30913
30785
30177
39841
30945
30369
30817
30465
30369
30721
30401
30497
30081
30337
30465
29985
30561
30497
30945
34113
31745
30401
38849
31233
32833
30721
30849
30145
30785
30433
30977
30529
29665
30497
30593
30849
30721
29985
30625
30209
31201
36802
31585
30465
30849
31009
30433
30881
30817
30849
30722
30273
30785
31329
30401
30081
30305
30593
30721
30209
40033
33090
32161
30625
30849
29985
30113
29921
30401
30337
38594
30945
32642
32673
31937
30433
30017
30625
31937
38945
30881
30401
30657
30785
32481
30209
31009
30497
30241
30881
30465
30305
31009
30753
30049
30529
30625
30465
38529
31809
29409
30657
29921
29633
30689
30305
38529
30785
32129
38018
30241
29985
30433
30561
32001
30785
31137
38306
31009
34209
31681
30305
30209
30817
30305
30177
30785
30657
30817
29921
30817
29312
29473
29825
30337
29921
31617
30273
30721
31073
38017
29921
30817
30305
30401
30625
32129
31873
30753
30177
30625
38497
31937
30977
30529
33441
30273
31073
30401
30177
30401
29825
30657
29793
30625
30465
30593
30561
30849
30497
30529
35266
30818
30465
30817
30753
31361
34657
30817
30593
30849
30977
30529
30049
30081
30049
30241
30305
30369
29505
30753
30529
31201
32001
30465
30785
30753
31169
30785
29761
30785
30625
30817
31074
31010
29633
29825
29857
30273
30529
30401
31201
36737
30594
30433
30561
30177
30113
30241
32161
30561
30209
30465
30593
30241
30177
30305
30369
30593
29409
30721
31009
29953
30689
31873
30209
30305
30945
30209
29601
30305
29825
30625
30337
31009
30497
30881
30273
30593
30785
35105
30561
30689
30625
31105
30657
30689
30529
30593
30945
30561
31137
30785
30465
30177
30017
30177
30337
30273
31425
30593
31233
30369
29985
30337
30753
29953
30689
30433
30337
30369
30369
29825
30145
29792
30241
30721
31041
30497
30369
30849
30465
30497
31201
30465
29953
30305
29505
30081
30785
29953
30177
30305
30177
30433
29857
30113
38881
30593
29633
30881
30529
30561
30561
30689
30497
31041
30881
30369
32097
30337
30401
30785
30689
30049
30209
32289
30465
30529
30273
29633
30305
30625
30561
30913
30177
29921
30177
30017
29921
30529
30401
29857
30561
30689
40289
30657
30529
30209
30337
30273
30017
30657
30881
30465
29825
30657
30401
30497
30817
30625
30337
30657
30657
36929
31361
30209
30369
31041
29825
30721
30497
31009
31617
30913
30337
30497
30369
31137
30273
30593
30817
30849
40737
30433
30337
30849
30753
30401
30625
30401
30113
29825
30593
29985
30369
30881
30273
31009
30081
30625
30753
41025
31073
30529
30081
29825
30561
30401
30881
30241
30433
30721
30753
30273
30081
30177
30561
29665
32866
30721
38657
30849
35969
30721
32097
30337
30369
31809
30497
30945
30305
31041
32673
30785
31105
29921
30177
29761
29921
35649
30753
31969
30497
30817
30785
30081
29569
30241
29601
30337
29985
30081
30721
30241
30497
30593
31009
30657
39105
30017
29953
31521
30465
30209
32097
30081
30081
30305
30177
30401
30658
30177
30241
30305
30465
30209
30849
37281
30433
31489
30433
30177
31137
30593
30145
30497
29857
30369
30561
30369
30337
30465
30369
29729
32033
29985
36801
30113
30721
30817
30593
29825
30625
29793
29537
30497
29889
30049
30177
30401
29761
29633
30977
29857
30209
46177
30977
30561
32289
30657
30401
30177
29729
30497
30081
30625
30209
30273
30465
30337
30913
30785
30337
30177
36705
31329
30113
30145
30081
30657
29857
31713
30721
30785
29921
30241
30497
30305
30209
31713
30113
30721
29889
36289
29825
30529
30177
30369
30369
30017
30721
30177
30177
31009
30913
30113
32033
30561
29793
30753
30177
30177
34689
30849
32066
30657
30049
30433
30241
31329
30401
30465
30209
29729
30465
29825
30849
32161
32161
29985
32417
30689
31393
30689
29889
30817
30881
32162
30817
31233
31809
30497
30337
29697
29889
30081
32129
32449
30785
30465
30177
33601
32673
30369
30401
30049
30145
32129
32738
30721
30497
31009
30209
29825
30881
32129
30369
30401
30817
39074
29761
30369
30465
30882
31073
30593
30817
30721
29825
30017
30241
30721
30145
31681
30209
31009
31041
31009
43106
31297
30145
30657
31201
31233
30753
30497
30369
30625
30561
30177
30401
30145
30977
30657
31041
29921
30561
30401
33793
30913
29793
30369
31105
30529
30849
30113
30305
30913
30177
30433
30689
31105
30849
30817
29825
30273
29921
34017
30465
30593
30401
30337
35841
36194
29889
30593
30337
31169
35137
30657
30561
30529
29953
30817
30241
31041
30625
30209
30753
31233
31106
30753
31649
30625
30593
30657
30049
30529
31873
31617
31105
31457
31137
30049
30529
31425
30049
30465
30241
30049
31169
30561
30337
30433
30593
29633
30657
30529
30753
30465
30113
29889
30433
30913
30657
29953
29569
29825
35681
30465
29313
30433
31009
29921
30593
30241
30209
30177
29921
30593
29985
30913
30305
39361
29729
30401
31009
29729
30017
30625
29665
30145
30209
29665
29153
29793
29889
30145
30433
30081
30017
29569
41218
30433
29889
30369
30177
29985
30818
31073
30689
30273
30465
30113
30593
29633
30721
30689
31041
30113
30337
38945
30657
29857
30209
30497
30241
30369
29921
30529
30497
30209
30529
29857
30529
30401
30274
30593
32737
30529
38913
30081
30529
29761
29729
30337
30209
30177
30273
30081
29921
30209
30561
30849
30401
29793
30081
30177
29505
38465
29953
30049
30881
30913
30273
29921
29441
29985
31042
30529
30337
30689
30241
30145
31201
30113
30209
30145
39042
30369
29825
30177
30402
29921
29345
31041
30401
29889
30081
29889
30401
30306
30434
29793
30081
30017
30145
52194
31169
30241
30369
30529
30913
30241
30017
33569
30337
30689
30529
31041
34081
31425
31297
30369
30785
30785
39298
30337
30497
30433
30817
30689
30753
30017
30145
30433
30625
31137
30561
30593
30433
29985
29857
30497
30273
38433
30785
30497
31393
31297
30721
30529
29985
30977
30657
30241
31105
30369
30401
30465
30209
30529
29793
30017
40641
31457
30465
30401
30337
29345
30721
29665
30081
30305
29889
30401
30177
30049
30561
30017
30689
30625
30689
38849
30881
30401
30049
30625
30401
30625
30081
30241
30881
30753
30465
30273
30177
30690
30209
30497
30305
29697
39489
30817
30241
30977
30337
30593
29569
30913
30689
30465
29729
30401
30561
30337
30497
30465
30369
30369
30049
38657
30049
30273
30465
30721
30881
30529
30337
29985
30433
30497
30657
30593
30977
30593
30433
30625
30369
31169
42594
31393
30753
30049
30465
30209
30401
30593
34625
31233
30145
30305
30881
30113
31105
30753
30561
30945
30561
38626
30945
30401
31073
30273
30049
30241
29761
30721
32130
30177
31809
30529
32353
29857
30753
29889
31105
30689
39105
30337
30369
30305
30785
30017
30113
30625
30273
30817
29729
30753
30433
32801
30369
31745
30753
30690
31650
52162
31009
30273
31553
30081
31777
31105
30401
30913
30433
30465
29889
30401
29825
35265
30849
31649
30721
29665
40770
30113
30113
30145
29825
29985
30913
31457
30689
29793
30369
29793
32065
30273
29825
30433
29793
30273
30145
44290
30241
30593
38881
30593
30497
30465
30465
30849
29857
32417
30337
30017
32801
31521
30497
30593
30081
30113
38689
30721
35649
30817
30401
30593
31105
31009
30465
29569
30849
31073
29985
32481
29985
30529
29825
30593
30305
39265
31362
30498
30721
30465
33473
30721
30465
31073
30401
30849
30881
29953
30913
30529
30529
30017
30561
29921
40865
30561
30113
30849
30113
30369
30497
30465
29761
30337
31329
31265
30433
30401
29601
30465
30657
30433
31009
39426
31074
30497
30625
30433
31233
30913
30593
30177
30754
30337
33921
32321
30337
31425
32705
30849
30401
30818
38913
29889
30337
30017
30913
30721
31137
32449
30977
30017
30081
29825
32033
30817
31010
31009
30849
30529
34177
30593
30369
29953
30369
30401
30081
30561
30529
29601
29601
30113
30433
30721
30209
30017
30721
30753
30977
30369
38945
30433
31873
30913
32449
32577
30369
31137
31233
31265
30754
30497
29761
30881
30145
30241
32481
30561
32129
39042
30433
31169
30977
30433
30177
30049
30177
30433
30369
30113
30465
30721
30465
30753
30177
30689
30305
30273
39266
30689
31105
30529
30785
30273
30913
30625
30177
30625
30113
29761
30433
31073
30305
30497
30049
30465
30305
38721
30370
30561
30081
30465
29825
29985
30785
31393
33089
30273
30337
29889
30529
30241
30561
30401
30273
32481
45762
30722
30817
31073
32545
31297
30945
30497
31105
30529
30433
30465
29889
30177
30113
30626
29729
29889
30817
39233
30658
30082
30529
30657
31009
31169
30305
30753
32065
32129
30625
31938
30433
30785
30081
30081
31553
30529
39297
30817
30209
31105
30113
30849
30433
30145
30785
30977
30817
30561
30529
31201
30753
30625
30945
30369
30625
39201
30209
30401
32641
33218
30241
30817
30369
30785
30145
30945
32865
32897
30401
31809
32001
30977
30529
30081
38081
30625
30209
29825
32353
30497
30017
30497
31105
30785
30625
30657
30369
32801
31201
30529
30145
30081
30081
31649
30145
31714
31266
30626
30849
31233
31521
31521
32545
31617
32065
30625
30593
30689
30081
31490
32450
33218
38881
30273
30369
30593
30977
31521
31489
32129
31298
30689
30465
31009
30849
30209
32417
30817
30753
29985
29505
30593
30113
30337
30113
29825
30273
30113
31937
30401
29569
29697
29665
30337
30273
31425
30305
29537
29921
29825
39393
30497
30081
30177
29569
30017
31234
30497
32354
30625
29377
29921
30337
32385
30081
30945
30625
32353
32257
38850
30369
30241
30466
30273
30241
32225
30113
29921
30337
30273
30369
30017
30625
32033
30337
30241
29473
29825
38818
29985
29313
30273
29889
29825
30209
29729
30465
30017
29569
29825
29953
29793
32481
30593
32546
30977
32161
31905
30913
30337
30017
29921
32578
30017
29825
30337
30369
30369
30305
30369
30817
30625
30241
30849
30433
29665
37345
30369
30081
35201
30465
30273
32289
32289
29953
30561
30081
32065
29953
29985
31009
31009
30145
29729
30817
39138
30593
30305
30369
30209
29537
29697
30241
29825
29761
29889
29921
30049
30017
30209
30433
30081
30209
30497
35361
30177
30241
31329
30913
29825
29985
31713
29921
30433
30177
30338
30401
30529
29985
29953
29953
30209
30273
41634
30689
29697
29793
30401
30209
30081
30241
29985
30785
30145
30849
30401
30433
30241
30817
30529
30465
