173734
43842
27745
569586
78018
93475
58242
25953
175813
140709
114243
110019
92803
86914
43233
94467
28353
32353
336234
6203902
59394
100291
34017
29889
92195
48322
43265
56866
28097
27841
27873
28193
27361
54273
27456
29121
22881
30145
47906
82786
35169
46945
29505
89091
28353
12736
30689
32897
56194
33825
41313
43106
163525
57058
92035
35137
29345
52034
45378
52065
80963
31809
26336
33249
50945
28801
55426
33793
32097
85635
48610
56962
32545
66690
37409
35073
28801
72514
35777
96739
66530
41505
28929
48098
31585
74786
46017
67426
42785
86818
48097
33057
110979
39297
104451
49921
52802
33889
29729
79202
63586
44705
86786
341195
96355
44289
53794
42721
54945
60834
42690
51041
55778
96770
62434
32449
53730
28033
36993
92322
58562
29505
58818
78211
49186
52578
41953
77282
41922
39169
32097
78435
33505
38881
67842
65186
70434
40385
40449
66082
103491
40865
37249
34113
44065
36545
53089
81443
105060
33601
76738
33057
45025
40513
52610
33953
60802
50594
61794
103523
51682
44417
28225
78371
102371
64930
113027
42721
76355
42946
87650
47201
43617
38146
32865
67298
98115
42625
52706
40001
54081
104003
50721
174341
42145
41857
37793
77730
78339
54818
29089
57378
53633
96131
42593
59234
37441
48674
43009
54914
90147
78914
51234
94563
26017
54594
33761
88803
59234
33570
64354
52481
29537
26177
83011
53441
85347
42913
32065
66883
100899
47681
79555
40194
41761
131684
107619
91331
88354
97891
165797
525200
100579
149380
137604
101732
147268
286920
79971
93474
117764
120836
75042
100963
93187
395500
289609
199110
79971
92515
72515
151428
146884
252775
100035
97251
101348
93027
81762
89667
112899
162437
79203
92226
39585
61122
46562
32449
43682
53825
40097
32193
72867
57217
103299
57410
93027
72515
101987
95875
42049
89250
37506
53442
54177
32289
30529
34625
82978
39425
53505
58818
57121
53570
90338
39746
57441
117411
52930
48961
38657
78466
43618
176070
51874
64738
69346
42210
32480
75234
35233
49378
51042
37441
65826
84515
43169
61601
49154
72642
28641
84642
33089
64642
28545
290281
85922
46594
128964
135972
77794
99811
92355
88259
318634
120579
77187
103299
42978
112067
138469
123300
109795
122436
119524
120260
194022
102947
127716
133988
63522
204390
122531
117572
108772
110307
127108
104323
267816
95971
48961
160389
75331
67842
33729
29089
105700
115779
68162
113571
57857
50242
44129
86434
50146
103875
46945
87394
77378
57794
51234
68002
45217
60802
32449
90819
59458
50050
52194
65186
46753
44642
78499
51009
41057
56930
34593
26720
78178
40833
98819
38817
93699
62786
55810
57218
123620
60194
58306
59266
191430
68514
44129
99171
78050
83490
43457
99875
67458
81346
39585
247400
43522
33825
62753
51458
27297
26849
45474
64706
36801
83555
46657
101443
39073
57282
68930
75490
41537
46370
42817
38914
43362
27937
67330
53473
48225
92323
39105
61602
35809
91075
47361
49666
71491
48769
139845
42273
80931
38977
54113
38594
69186
86787
80770
85250
50593
61570
80546
98499
41314
59522
39009
39618
87746
58594
119204
92739
82211
51650
106531
50818
53826
52033
73602
54914
63938
50657
101347
45058
43265
48321
63874
50818
59906
43234
68866
66114
103587
52098
52001
89795
69442
157285
70178
104067
62242
116868
78786
74083
98595
80099
52162
165925
94819
65794
90402
50497
93890
59298
74562
51106
137604
46913
73283
48674
305930
82978
72194
53889
80323
42177
93251
65346
102211
63618
38177
47714
68226
49570
38017
43010
417452
64066
67138
97443
69026
40001
93251
98339
42049
127140
76706
58434
50625
39361
64258
66371
96578
41921
59234
58049
51969
61729
91298
47522
85634
90339
77890
40289
52290
40641
43906
35361
27969
91203
74370
63842
80866
54114
110979
49282
64770
70754
68834
31681
31137
91331
47393
46241
43777
61506
40385
91074
49058
67842
46530
40833
62498
45249
44674
54690
46849
63298
48673
117699
41313
60354
45346
57249
59394
56354
45153
68994
90531
60289
47362
56994
48737
89474
81827
47490
48097
60258
53153
86051
86627
62338
97187
55297
471854
59330
98019
87491
116388
61025
87394
59106
52354
89699
48097
40513
77187
48962
81827
50146
56482
60674
66370
75011
125348
57762
37538
51906
90435
85506
55394
48034
52961
106596
113923
66114
134532
54145
68514
42306
39009
58242
40865
62530
73058
91331
56961
105059
47202
125092
86690
82242
45666
54817
49857
110500
80642
104003
82243
56066
85027
56929
84547
67330
44482
45890
64546
62018
102563
50978
44577
82562
128996
75619
57666
90338
56642
60258
49730
48450
55682
51106
46241
92387
71203
52802
63266
79523
109315
83651
54177
42817
63618
113347
43554
116420
85507
65890
81986
56194
89282
52514
95811
83906
63202
60001
56610
115811
106435
98435
67266
128868
116835
69026
118307
68610
328522
55074
68610
65954
113764
80706
64514
46370
58754
55106
59778
90498
63586
46561
69570
117252
101155
95523
65442
91235
56866
99267
55169
46401
56002
86434
123044
94499
66242
285576
55650
47777
65762
103779
76931
96867
115684
63970
91939
62210
53793
62178
114851
57858
97411
55905
44738
90979
81186
55137
47010
62114
55233
84707
50849
55489
61410
97923
68034
55937
106275
80962
64930
45409
52994
98755
70690
127652
76387
88098
115267
97251
123108
69122
122564
69379
133445
52962
109571
68258
59553
57442
101859
59393
93379
89091
63234
87523
94755
61250
128548
87171
91875
66082
106147
65826
84834
54177
50529
64962
51330
88994
64258
106211
57634
94819
67554
59042
58306
44481
64834
92259
92643
62274
134692
153669
71363
74754
100195
94723
66754
111203
65314
88451
95555
125795
61730
74659
90211
115811
70178
122116
149636
85731
95171
90979
53026
115843
68802
105027
67330
159077
57442
102851
92259
94083
65570
116259
62146
119811
70338
55041
84419
84866
84898
65154
87523
71651
66274
66434
58562
93411
93475
52129
42658
51234
108579
64802
44321
66402
144452
60354
76675
95171
96579
111748
95299
51745
103172
65186
87139
55394
112707
70946
108195
61058
65954
62498
44929
93251
57153
46562
59618
52642
66818
54690
60834
61250
148772
71458
77859
63074
69346
56545
63330
72354
49313
65154
55362
87235
90339
81699
61090
93763
66946
90723
93475
105795
93571
65218
97891
67970
78370
95971
98019
92355
53409
122564
65666
94179
67682
60322
66562
46273
59106
55458
83874
43425
62690
50114
66178
103107
51745
43617
67586
135940
93891
101187
70850
114404
67555
83650
107651
92739
101443
82658
106500
69954
90275
67394
66307
61538
61666
65634
55650
58690
49954
70114
52322
64642
57121
92099
91267
87395
94051
62210
73539
114852
63490
59746
73314
110660
92098
101443
95651
62018
88867
94723
91267
93155
80995
60481
124612
64578
88258
64930
59490
70434
50081
57442
91203
68642
129700
71970
87523
110660
51938
58178
57698
71010
68354
87203
125892
94979
58530
56898
64194
88899
92483
115524
55138
118212
108515
91491
65858
95555
63970
60642
64130
116164
57698
122724
92835
90179
61250
118692
65698
84450
87651
77922
56546
94787
95907
102595
72418
62914
56162
96739
75426
58274
64482
55042
96419
63682
68642
94947
91746
82755
89731
78659
61506
107363
72802
134276
88835
87619
51522
84642
65730
54018
75650
118052
70370
52225
88419
85090
63938
96707
83266
86210
58337
48802
92643
84482
78306
118884
95011
66338
104579
93539
74818
85090
99587
66210
77539
66050
56257
63778
128676
94787
117763
72450
51105
61314
58338
68930
54530
66946
53442
61090
106435
100867
91715
64738
100035
65602
72226
69123
57569
59073
44737
54242
68963
87618
60706
88291
113411
71522
49505
60130
93091
57634
51938
334219
101667
61762
46273
71874
126788
94819
62946
118627
73571
89411
63778
125604
61250
127684
61090
87427
66178
50178
90019
123363
96675
83522
59970
73027
186053
75299
82467
92675
88099
65826
123140
114820
108739
64418
135172
100771
88803
94594
111364
70658
100195
93251
89890
112932
74339
103747
66434
109316
97763
99491
79074
215431
116099
65218
91299
66883
61474
93699
69378
61026
54305
60418
119523
81987
116547
99523
92419
80674
64162
119844
69698
115875
60098
83587
97667
84194
115140
108676
66242
119267
62178
125188
67650
80226
94019
86435
53601
80963
64802
116836
94979
112995
57602
52002
68258
53249
94851
104835
62594
48162
110340
91971
66754
78947
107908
113795
94947
99427
55746
95235
59202
114659
104707
102563
59586
62786
85954
57409
69122
57217
59394
51810
65698
56674
97347
62402
53922
53026
54562
93763
87555
86627
60962
118243
66722
49697
79106
135812
137636
64290
96099
92355
54114
76258
66338
54401
93987
91650
51169
89378
67234
57954
69826
138948
68386
91299
93347
66146
103140
92387
98147
61986
48417
97635
102595
64066
109091
67586
70498
67970
50465
59330
41729
103683
98627
88579
105955
91011
61218
106019
64162
56226
56130
49569
65410
51458
72643
105059
55009
48609
65314
125027
59298
39521
64642
53922
66562
57602
127203
60898
98179
64514
105955
92514
85251
65634
84387
56642
51521
65186
122179
60802
118980
65666
125380
94531
67202
99747
99651
66722
95267
90179
86627
82914
75426
53058
66754
191078
89827
137476
64546
119908
76290
119620
71458
51170
172549
98819
79427
61474
78210
69858
95331
98819
86306
91523
63298
118564
72418
58690
64002
144260
62914
67138
92643
90307
62978
57090
54914
110467
71555
45761
104963
63074
62594
61058
86979
85154
91683
74114
106179
88674
85442
64898
83234
66754
130276
67202
67778
90019
84867
94819
123139
63010
127332
66050
54785
48418
50818
74402
56065
65378
87203
174789
90403
154341
96067
64834
105283
63938
85315
86370
90626
82659
53569
54722
65314
128420
49633
49218
65122
94435
119268
99107
62081
101251
72290
117156
53858
57762
52866
53409
103907
97731
59330
95843
67458
96771
93667
99171
66082
53857
53729
106787
90051
67010
59426
95715
57186
103523
65634
101347
89442
85986
86722
93026
87235
86563
67170
53250
90083
117156
67682
55522
133348
64130
61634
56546
68066
60130
72610
108195
66242
107491
94947
55298
56737
47458
64674
74370
58914
110916
56930
98499
65794
59138
60578
55938
112323
113412
64802
56482
64258
111012
87778
91875
65922
42210
91843
72482
65794
277640
90851
84898
76290
98083
77186
85763
65410
111171
84258
82050
57057
55586
75427
57378
53538
54497
65922
68642
67106
52226
98659
90883
201094
96451
125252
72578
117252
61218
57858
77154
57410
56897
51746
90242
88995
64066
54530
81475
66082
53473
96867
87938
71138
54786
66147
99267
99299
102371
63970
94915
62626
110084
93859
50434
51682
65346
86787
93795
47521
75843
63010
78434
75811
83939
62850
95075
107139
60802
128164
105539
60834
53634
57090
50338
71842
60354
66338
122692
78626
57761
85987
68834
90467
67778
59426
57890
57185
52386
50114
101956
59298
91523
60034
75010
68962
60482
92067
91747
63298
80610
97347
101027
59809
128420
111427
77794
55938
96131
64450
60034
55746
65538
45473
66946
105571
112388
80962
107619
92867
87939
91331
63105
120003
76131
140228
89187
90115
60322
107300
60066
55042
64098
119556
65506
43489
59937
54786
109411
67906
62274
63810
53666
96355
63010
49281
66306
56321
63874
42785
69378
88130
105283
105731
91587
80771
72898
102083
94595
90051
55394
121380
63202
66626
52481
81378
63522
50177
92355
73059
92386
64226
53634
90114
84835
49473
49569
58178
55074
89251
75683
60354
97347
87363
84898
71842
91875
108036
65378
73507
68258
115076
98787
93731
51234
45858
52321
41569
63330
59650
109283
99748
60898
56609
55426
91586
94051
98019
63778
87875
61057
57378
61602
52642
61442
51170
58562
108868
112900
68546
62946
60194
131364
62274
58594
82883
86626
48130
53922
90211
118820
102627
92003
102435
66146
133700
65186
64898
93827
107812
63362
83299
61762
60802
62146
95235
101027
105028
55042
113924
60034
102947
82755
92290
75202
117571
57186
56034
62754
47586
85027
88355
63458
79683
82114
83363
89955
72130
86019
75298
117924
64066
54658
55426
45185
66722
92835
107556
96739
62082
111812
67778
57185
98499
109252
60418
75010
67202
51137
90659
89859
60546
78947
58882
87810
80162
84578
70882
89922
74690
77954
124355
56098
94691
55490
58946
51170
42433
59617
110627
50722
88067
88867
49090
51009
137860
106339
52514
41345
75395
121220
91043
88163
89923
80930
125732
105635
60706
113731
63106
46210
59426
75907
64258
83523
58594
43137
67010
109827
89923
80195
58882
42849
77986
56673
71106
59617
86915
79491
63746
86243
84355
134116
51650
46722
58241
42722
58338
52545
57826
120164
67362
61218
63330
97635
68002
118979
56930
52994
82498
93379
122275
88227
57602
47905
61122
45217
78626
78178
57282
50625
58978
110308
64898
49282
175142
78018
59586
139620
70627
90147
88003
107875
85187
126404
99363
64418
75235
60322
51361
63426
61442
62338
53410
98851
116803
55906
49250
74402
84771
68962
121892
59362
46402
58850
48418
67618
121059
68802
112131
61666
130180
69186
117411
59170
44258
53666
47649
59138
85027
47809
165317
67714
91522
51457
83266
71778
114691
55297
69122
59714
96099
45345
43234
82018
91043
83875
59650
61442
84579
60930
59362
82978
86179
61442
48673
58210
81571
49761
52833
90243
88419
78690
60962
130692
137796
102787
82818
125060
61570
124228
53666
53730
85251
88227
46337
47489
53250
50849
76738
85795
58946
80482
53218
129860
66018
53890
60578
39298
87266
83939
59234
39553
49185
40737
57026
103843
79266
261768
65922
54946
64738
61538
88898
89091
50082
75650
61986
51586
58209
121443
63778
106852
102083
91043
68962
128196
60226
96963
61314
56130
62946
132004
105027
102883
61474
110020
79778
109700
96291
88995
56898
240647
84738
127556
76514
100163
65122
81122
86498
53954
53793
62786
54242
88995
86243
60161
77923
75235
99459
77187
87139
61442
55618
97091
93731
60066
54978
60930
47681
68579
75810
44737
64066
85475
110660
103843
105059
104835
72226
63170
114340
63138
57314
81795
104483
86658
90467
107523
63778
95843
64866
100739
70658
140324
53602
54178
59810
42145
66754
83779
92003
132068
62338
117859
70274
98083
94946
110947
108067
50177
115748
65410
89667
56706
41186
59938
78754
83459
91202
111523
128516
126596
54434
55202
59426
48546
62242
87619
102467
102980
92067
59522
131332
62849
67394
58882
45505
63842
58466
62370
57090
57729
55714
62594
123332
67842
83235
95715
107332
57921
55425
66050
71522
82210
111363
65794
112547
66978
58657
95010
79362
69699
55778
65090
85602
98979
99203
64994
106755
102627
104164
68002
123428
61218
113380
104291
104675
66402
55746
68194
130372
66338
113187
66466
73155
91971
117571
106883
93475
67522
110372
62946
127044
101315
86018
90339
73474
106628
56545
54209
57730
80802
66946
110915
62370
55490
59841
74787
68898
56514
65122
56673
56546
50498
68450
55074
63010
91171
89346
87235
59746
48417
52865
60642
119268
93123
58370
120580
78915
119268
65698
47329
93795
70371
49218
61314
49410
65922
47553
88195
103971
61186
101700
63810
99427
101923
66530
64802
224519
82915
53570
103491
61634
131748
54657
57634
65378
60610
89923
90883
52834
52929
74018
84291
91331
89699
55073
51970
55362
54785
66594
55778
89859
87843
79554
51745
64866
60290
100547
90307
61026
107971
86563
78306
67042
55874
59202
53889
64482
69666
65506
96163
53890
57569
89538
90179
64930
89443
90499
115108
63522
115619
66786
96451
72674
90850
99811
102083
75554
71810
54178
119844
94723
85315
65602
113348
17761
56802
58306
43810
62434
73123
116355
107843
61697
54465
112484
55042
57857
116004
69058
49986
101955
90339
53474
116227
55362
45729
91683
131588
98275
155429
68514
63010
92707
94147
63714
89315
85250
96995
79138
85826
81411
94755
90978
76898
122724
66850
124707
102244
109411
94723
59746
85155
63298
58145
93379
89987
66242
89859
91747
80515
66082
87971
67906
161573
61954
88803
59650
106532
54081
104323
108643
105123
59074
51970
92003
57218
101123
51810
105603
67010
108099
64354
100643
69858
72578
66434
137732
67490
104515
97795
95715
59586
99139
65859
117188
94371
91554
56354
55746
75491
100163
117892
83042
51842
79619
67650
54626
64706
59554
104419
107907
91683
75138
52193
115652
61729
110435
67234
56578
66338
64194
59266
61698
94851
88003
79843
59169
126948
50433
62625
96707
61602
57474
70114
59202
67810
54978
98243
111236
63138
56354
61250
106179
60098
53729
84419
90562
87938
74402
66754
123716
128388
75810
75202
47650
105379
102659
72994
98179
62242
39073
69698
70466
62370
98787
48673
91715
62530
59042
69954
100291
66434
109507
59362
49698
99043
83779
51138
100932
84675
67682
53186
63138
90979
107716
110723
65122
91395
106339
98915
70787
120644
97411
62178
44577
73570
49666
110179
73059
51201
94435
103235
73154
117283
97571
85827
64482
109796
113860
64322
102691
103364
96963
69698
101987
107459
99172
97315
95043
111716
78082
137636
60194
113123
74018
81090
100003
106755
70882
99107
59682
120420
68450
50721
65154
57602
63714
120324
97219
184325
65698
103555
54786
55586
66850
81059
93347
77987
59010
59586
101539
78786
56930
96003
74114
99427
66434
101731
128932
85827
56290
113091
67746
55138
64961
101955
66146
138020
68290
102051
63170
51874
64226
55394
61922
44289
90531
165221
94723
71746
120132
69474
110659
88867
64706
440365
60770
59330
90915
64738
369644
116067
104451
91811
82658
91395
115523
67202
115556
67490
55681
59490
115491
67362
57154
65090
70658
66690
51425
66114
47170
99939
60642
53570
94467
111491
87714
65410
59010
71618
138436
63362
126852
67234
95715
96163
97731
65794
120739
75234
59394
108836
91555
51553
80963
65698
78594
104100
111908
66882
95587
64578
116292
90082
98659
59874
106243
98115
91587
62658
108612
85091
84547
64738
54946
92195
60066
46337
93379
88995
65634
114435
91395
84034
73154
117156
89859
69890
122660
66946
130244
79042
66050
101251
79138
147941
107811
58050
56546
64802
129988
100707
125636
69827
120259
50562
61986
60353
106500
69283
106948
51010
76802
49345
76610
42849
64290
73666
112195
104163
65314
70082
102403
92931
71554
104227
92387
85347
124643
104932
49250
100547
66178
116099
52770
113763
52673
64482
106115
63010
96963
69954
101091
84387
42689
103203
50178
51778
129956
51745
48897
72995
98051
84131
86946
81954
48161
144356
77602
92195
59681
99587
58594
108483
137061
92739
77827
134948
68898
117187
61730
57090
74722
57537
66402
57154
66274
90978
88675
65602
132676
94819
108292
57378
103171
108739
91747
60930
52674
60450
78018
63041
104963
61378
55234
84802
92643
66658
124068
73571
57506
66370
81922
66018
82818
95555
86563
87810
76290
121252
68738
116356
84866
142884
66178
61378
62017
81698
65730
62626
55842
45633
63234
123460
51874
87811
64034
71042
68002
57793
102339
108196
73186
117444
66114
89666
68450
86563
90851
72610
56674
116932
128644
102691
92259
93891
89954
49986
127492
78082
110211
63490
59170
66146
116964
115235
66082
57218
67586
110915
88354
87426
65026
63234
93410
85027
88258
69090
67970
96067
84163
58753
55873
67298
120676
69442
56898
67906
76226
122628
61250
95395
53954
93827
92387
84003
52226
51970
51425
132740
87778
116227
66466
93603
71042
235047
98147
87011
62242
104963
76194
117220
69474
59682
87427
61281
92963
60066
56321
92035
92291
117636
101572
58145
104036
65410
61217
64706
110148
98339
72258
56866
77058
105475
94915
109571
83906
65762
98179
62178
58530
66626
99619
88579
222087
64066
108868
105347
66242
105091
67938
71139
93987
93443
66979
152005
68866
124963
53985
125827
68963
67682
64674
57314
66082
44993
97635
58945
91042
58466
52033
65346
45537
73314
86850
64962
101315
64610
78914
92355
60898
50434
75714
121828
58882
124356
90403
91906
79906
113028
68290
109475
92131
59330
103011
76578
77283
67234
55809
57570
50881
91555
90402
61634
87491
65410
54817
88931
51746
116772
92579
62017
121636
92035
128004
70210
62274
61378
88546
72514
108547
63330
88995
66434
83907
81251
87746
77571
119491
67938
55458
65570
54946
71075
54178
62114
54721
88227
60418
56066
65058
54722
62306
74722
70338
53409
62946
82627
113763
87139
55201
69634
100739
72963
115651
65474
124420
60834
55138
93091
117412
71266
115588
65442
108419
66626
86018
97731
62082
49186
66466
88323
78114
112835
95971
63042
84195
117188
97251
99331
79075
124708
98787
97955
67010
119588
99427
104067
93187
53698
80515
66050
118404
99427
60578
96643
67874
57058
85986
78818
65122
95043
61858
56705
71266
57730
93539
93251
50882
97507
64770
54722
53602
86019
60162
95811
59969
93698
68386
94883
64130
118564
67811
66018
103427
107908
65378
53954
97795
64994
89251
96835
60930
55266
61922
93858
93059
90179
60417
114211
57025
56897
92131
87554
75714
121540
59202
52001
67554
103363
86626
85282
65122
84610
57058
52226
57474
49378
55202
121092
65858
203271
242215
47906
168549
135236
161061
136164
114947
117955
219655
158917
143077
116548
206631
204070
54946
159365
139493
376652
104515
121732
356427
248456
122180
211655
118532
64578
58530
108580
173285
225799
379659
70083
94467
79843
129444
66115
130948
50881
64130
66818
50242
102339
84931
66050
173861
66082
81763
89283
78179
67106
150564
104067
102467
60865
96195
114371
94115
115427
74722
165029
176262
52193
57666
65314
115972
89891
77506
83682
77218
120451
72610
102243
65474
134596
60962
48450
105924
104579
112388
62434
97027
66723
126948
69090
55714
53761
55778
94691
66050
92451
58882
122820
68706
108899
81891
84258
86723
65090
124420
103875
91075
52834
61794
100515
129924
57666
61538
72066
104707
60802
56002
59073
56482
91043
85154
59746
110083
67202
129892
93603
88483
120356
63073
111268
69666
128772
69282
57634
95170
62242
93699
94531
67010
112931
86019
291177
97763
109027
66530
93731
67042
59362
93763
67011
115651
72578
119843
86595
132036
68674
126852
96963
85955
84643
105667
62402
60674
106179
48897
100740
71362
101091
67010
63554
77923
95011
52225
50626
68802
91395
63330
94851
60258
57281
101507
70915
104227
61218
106883
58209
94595
50914
47105
65026
59361
58754
97059
62402
101443
70691
112515
48194
102915
94083
90723
52834
181349
96931
84451
111171
80227
66978
68962
64738
63010
81218
79459
69666
62466
62274
78946
95491
83042
58721
55521
63714
107011
48162
55809
55874
126148
49377
89443
51906
274888
42657
39265
40737
33601
44577
53378
67746
31361
36897
53986
77475
38593
292809
46849
83362
37953
68418
34849
33249
61474
53122
45442
72578
62178
56866
44705
79298
41665
83011
57410
50337
213991
116099
48065
59233
50242
51106
30881
81090
62049
52994
75074
77634
40193
67490
50722
72322
52386
40289
64610
84482
35233
87618
43970
41313
44737
126500
103523
88931
94179
138788
100355
80354
111171
118692
68226
99395
103299
67843
57122
100644
114532
68770
60354
98083
66434
86435
63426
92195
66210
75523
57186
108100
70658
92419
77890
123684
72643
122148
94403
66146
110211
86755
89571
65794
104035
298953
68450
68770
71170
282985
136484
990783
255176
120996
236775
210631
264392
114531
115267
181861
137572
162949
133668
116388
292265
210438
63362
160740
212679
136996
142020
118596
68867
68770
85955
92611
87811
126595
70786
87170
89858
91363
82114
117188
58818
87427
66946
122820
110372
132612
200422
75618
65858
68002
149477
119844
65186
95875
87395
84707
112644
122020
99939
67266
89603
97891
82563
67490
110340
65602
109220
66818
178053
72002
96387
188006
103875
62146
50306
345547
121827
68002
59106
92131
91650
125572
96611
51969
45537
146980
112131
85475
92451
83043
62114
90563
64386
255560
64962
327850
354475
93219
113860
205159
130660
13441
80418
52737
106052
83907
116900
100483
93891
49025
111396
168293
116036
101923
92771
53154
122916
296202
97475
77475
67138
66434
96067
65506
54594
63362
54850
92227
74050
55298
88962
264648
100291
95075
90275
90019
84674
55361
257832
81315
129348
90851
310730
125444
49569
90755
285352
66626
281768
74371
87683
64162
86083
249384
104067
60353
49986
93059
232327
72962
65858
173126
129508
94723
63169
53729
181541
95619
63522
131748
79683
128771
107683
60066
108899
65410
66466
56257
53858
109347
62850
198438
50914
94243
56034
53249
53282
54242
114147
105187
61922
98723
58530
68002
62338
94691
79043
102563
77763
108355
81123
69986
38530
78114
93123
92035
52322
208422
55074
137412
46017
64514
44961
46178
71554
70722
153476
45409
106851
47298
80418
75522
71714
50114
92194
50658
47169
39201
46722
45185
62082
42690
39009
41377
65282
83811
72194
40833
103427
70658
91203
44450
88867
68962
54753
41154
89923
49953
78050
41121
176165
54114
39106
89347
53186
37666
55586
40833
64002
37281
32129
55617
43969
40161
34689
42402
85859
57346
67426
35009
63810
33089
29729
38753
66210
64002
49730
31041
60322
39041
68674
58882
67490
36449
80963
73923
58274
34913
162949
39617
40034
42626
858395
44961
81538
70498
38849
68034
38465
37345
56514
47489
39425
32801
37890
87491
107139
49761
41826
36449
49313
47777
36769
146788
118212
40481
63586
48353
40065
71906
110212
90979
65154
109219
66978
46209
59362
41410
40833
70851
44929
55874
42913
68994
42753
62434
48130
64578
61825
59906
40897
91843
94435
44993
43201
42977
92067
60929
54210
31617
80834
53569
44642
31809
69218
58626
81827
41281
121348
78403
94083
55778
102051
48418
83555
104772
50273
75522
42305
72194
57378
100899
50082
10240
60706
62562
79779
177414
37633
32705
54146
53921
47585
409964
44033
112579
54978
41282
69730
37954
151877
36321
78050
37121
50657
37313
95459
33569
80002
35969
30816
37121
49729
61506
50530
33057
35777
63298
51554
35073
88131
33153
28161
38273
73410
56225
37473
115172
38049
79170
57442
64802
34177
88226
76514
39553
37569
56417
45505
33153
79970
9344
62689
32769
63458
31841
82403
35713
62914
73090
105827
35137
55586
48226
38113
33633
57826
35937
65666
35137
106083
49634
48034
26881
455790
36546
97987
55394
61730
51810
47778
33665
100771
64642
46433
31841
86307
47010
34721
30049
66434
26464
28385
39041
42881
56674
152805
39585
32225
43809
88930
35969
56961
37825
79906
43137
73858
30209
34050
60002
26017
100003
32929
31745
31969
43554
35713
51138
44290
68514
67074
56385
102595
524336
65858
57698
52257
108419
33569
59362
45505
87202
48193
45858
47906
58722
56226
80387
76002
103011
54658
49857
75298
101508
100931
68962
86115
67522
122339
56034
54242
48353
89027
80515
74018
49186
72674
57026
104387
66722
59074
52098
52802
58017
105188
42529
42657
53250
107363
42145
72066
96227
72354
71874
63458
50562
59234
105763
62241
119876
421197
86787
88323
112516
64258
130820
67234
92066
107523
86403
45122
98403
88866
91395
68386
133316
64610
96067
109667
66946
53538
64066
59874
59714
63714
62946
208903
57442
55426
78562
105284
16384
43073
45858
69602
47969
73123
97187
102499
65698
125475
56290
92162
58721
45729
88803
60546
50849
73058
130116
55138
87874
79459
72930
48098
95843
105508
111267
48322
73890
71683
104163
68866
102083
91683
94275
95811
85987
66434
114115
65730
105444
104899
92547
281513
62690
99971
88963
91874
138340
106948
63842
123300
70050
60706
55202
57954
107715
112452
95299
103971
65122
62721
62562
54082
66562
46977
66402
100227
66306
132804
76547
131428
70914
132324
93794
88994
50401
120004
65794
100291
98019
90275
69826
61377
102595
86786
92227
66594
59682
118979
67906
138788
97539
91107
53762
54625
64034
94115
67362
59010
55874
71682
78370
95459
63906
49282
70210
61473
69474
108835
67298
56514
96131
114788
74018
115875
108579
99204
101987
83843
66274
105860
112388
98947
91235
111939
65314
91235
66434
139173
56993
44705
89283
54690
58754
110179
97891
79619
81890
86178
64322
114179
66498
55618
60994
52097
65154
83554
65506
103235
50946
201286
69379
70914
97891
104163
67682
48641
71554
119044
56994
72866
76162
60034
69026
98659
66690
107684
67586
113379
83651
85090
54050
93091
85507
63202
54946
93443
114019
73219
119172
91235
83874
72290
100899
68450
66434
51201
47970
92611
65890
129348
63170
84738
58050
93891
87714
67714
120419
67394
97155
89955
81123
66306
51810
69282
105251
96067
111907
66338
100868
94882
82083
69378
101315
61538
124420
65538
59618
65442
103907
62882
70306
61794
52673
105667
98595
78339
117156
70786
86915
97027
93379
55042
82435
69155
44257
87907
95331
90659
66114
108995
66466
111300
97155
94467
91554
62786
78626
60866
109379
59106
110659
86115
90563
70211
95523
51714
54721
66274
96291
110532
102851
71362
98403
66242
59522
71938
52450
83907
127588
63714
82979
95394
92290
63106
111139
56514
54497
57026
50913
65282
91875
53793
47202
86946
85666
60993
91491
98915
81315
130084
69954
59394
106083
91683
67170
45090
61858
53441
124356
123588
72258
121540
67618
93827
100899
112324
65699
88099
93251
85315
68802
125412
63522
75490
56802
105604
67202
86851
104963
94883
63202
120676
66370
47010
88195
91459
62306
51298
61762
126532
68034
58786
61538
85475
95810
107171
97283
51905
61410
49601
60226
119907
62946
84066
66306
58786
65794
91523
107427
65794
118980
64610
134532
63330
84195
93123
79682
58945
54434
59586
48898
92291
98211
72195
64066
61698
62434
70146
45889
57505
102627
67586
57954
60514
100547
67650
102467
65186
84258
58689
60162
99171
93475
63810
118979
57474
95939
60002
57057
65954
108163
67714
93891
59298
55586
64162
45122
57762
112035
65250
88515
61921
43874
87619
92098
60898
50338
68354
129988
88355
66882
47298
88707
92451
60705
116547
115716
141349
95427
159557
111332
129604
135108
154916
65186
151140
67106
59617
154597
67906
60034
100355
94498
65666
56065
92739
88546
105603
114083
143013
68739
121187
81058
114531
65410
127044
65538
42530
84418
67330
56258
91459
100355
52545
132517
107011
103075
112259
87715
53698
108835
63746
102819
60033
99651
60770
58146
71426
66530
64482
104899
44321
48194
93859
82242
67298
43202
70690
89219
58337
129188
69955
116355
69378
58594
87618
105987
54017
105955
66146
122403
65762
43809
72163
91971
94307
102243
63362
99715
107299
89251
66882
136165
106564
95459
105507
89219
67010
64930
66722
123236
59169
65378
64770
88354
102787
197638
60290
99715
56993
92195
57314
85827
68226
48865
64322
54146
66146
53762
65602
73827
94115
82914
84866
54529
72546
107171
81475
64834
90178
60162
115844
64097
87491
104292
180261
109028
67074
58306
68162
82787
100099
90626
63202
57121
89218
84227
65410
80483
56865
80419
92131
62914
134117
104004
115875
73283
96675
128132
90083
65250
90626
91618
59810
67554
61634
64130
93474
86307
65666
91747
57634
48962
64866
83139
113668
103267
97699
66882
52033
64514
82466
106436
91747
72483
126308
87267
111971
53250
140196
62305
106819
81634
86275
64674
55585
111491
111971
64002
125699
63586
62978
51713
63362
62402
56802
110115
107715
99747
72354
112387
65666
78530
97763
125284
88163
52162
109059
60674
76002
92931
72834
70658
117699
55521
56641
65538
55330
55042
97059
64226
60322
64418
84931
61602
87906
54785
42978
93795
84163
47137
117156
68514
208774
99299
182630
401900
134404
191750
252263
134948
168261
182118
177509
257448
126564
178021
131780
135652
157029
136900
134468
122852
442926
219719
179237
221671
118083
58818
107107
52545
79938
67586
118980
66530
55073
90531
117348
55106
92003
68578
115780
90146
90051
83650
123204
91427
86083
87682
64066
119715
135525
89186
90787
76259
76770
116259
67970
102723
87779
80482
68962
90434
64546
55106
64034
66210
67042
64962
95459
106435
60194
59842
65346
93187
95075
69474
97699
64834
56449
65922
124484
91874
162597
64354
56961
60834
51745
98595
91843
82850
49858
55361
56642
65634
99843
90243
66850
96130
91619
85667
64962
73346
85762
86307
65826
110916
105571
102500
66466
112963
104483
89442
66082
108675
83811
113380
91075
91683
89251
75490
117924
105827
65314
73571
67106
64962
70019
90403
68706
56578
66850
93731
76387
90595
54978
112548
68962
89731
73186
53506
101572
61122
100515
60482
55266
55010
51521
94306
56386
55842
68130
116963
64674
55106
65218
91363
86306
65858
110147
99139
101091
92739
106659
81955
70050
110884
66882
55746
91427
84610
71619
109028
65090
54850
64066
109923
64578
61409
101347
62882
47938
106531
94947
91811
65122
129028
91075
86115
65314
90627
77410
69058
97091
53442
79907
94531
64674
94403
75650
127588
64226
90787
65282
51362
132196
86722
85026
62370
48449
58690
84514
93699
61409
73794
66563
63265
66434
92930
67682
51810
64546
56802
66178
112739
126916
92131
91107
83907
60002
119428
81314
113892
62082
85411
77731
72450
39489
84866
55394
58306
71298
63458
46369
446414
72867
57346
45410
104355
59490
56450
51426
53154
80130
46625
97859
42785
69827
42050
38433
43329
38786
111139
81698
43201
97315
51010
82723
50977
89858
52577
75459
62402
188390
46753
95267
90275
112324
40802
112708
94211
76867
47009
72354
57730
54434
53666
38465
89570
37857
82082
36577
62370
67202
93570
37890
104771
40257
27745
38977
35297
53218
37505
32481
106115
38625
63458
66530
91427
45538
63170
93987
71810
39297
87811
45346
76450
42337
57986
37441
32993
36641
98019
107011
44385
91843
110852
62530
125476
71554
138948
59042
62530
62274
61890
73954
63874
48578
93923
42273
73091
68994
113284
65954
39937
83011
57090
111908
82019
45154
55138
62946
83683
50306
113156
42370
51906
74274
51937
40353
93251
78562
44129
93219
48225
69794
67874
67011
68195
94722
43745
62306
58978
32321
52066
39842
58594
52449
38529
94147
45249
31841
48450
65346
46785
93987
70595
56802
112932
101956
50049
43458
42754
97955
70338
65122
41505
79011
50818
69666
109155
49025
41441
64354
52834
68770
224455
58594
323306
106083
88035
63522
110531
52514
99907
51970
44322
238791
71650
107299
44193
39713
49793
84354
50370
77666
66434
49186
59138
50402
51810
51426
47489
81602
61506
108515
74242
116580
48610
104803
52961
118820
52930
142661
68610
82082
61442
60706
52386
98403
73410
118787
61313
89155
65698
80003
91651
91715
54337
55842
89795
121988
141285
117604
100356
101635
55521
52162
61986
120195
65794
97763
63426
149925
63394
89539
106531
109539
63106
55490
55810
113763
66210
125635
60257
49058
66658
85378
77986
51970
105091
91587
87555
66178
56994
64738
147877
67106
47586
66914
45153
59202
120484
65826
119652
97347
63042
94595
90722
110211
64034
52001
63778
59618
105956
90563
52962
105155
68738
63746
64418
141092
97219
102883
67682
110915
92323
106915
70818
63042
65410
130628
90850
89379
72227
122180
66658
112131
88451
110115
66690
58850
63490
47938
91714
112004
64898
88643
102563
89795
72290
52161
92931
60705
131588
92131
87747
121860
84515
61890
116740
73890
68674
52417
84194
65794
95587
139076
79106
85347
51233
59074
66370
55554
85698
49537
44738
64994
59394
87043
77026
65058
81507
85058
86051
120099
67522
114403
66050
61474
98179
104611
71618
54018
86755
76802
64706
83267
85731
82979
65602
104675
95715
74498
112676
93699
59554
124420
65570
55074
111683
95491
61890
125859
96163
78434
65474
54978
64193
106371
64482
53313
64834
104132
84227
84642
64706
68450
58946
50882
67778
78498
139140
109955
69058
53794
67554
54146
94307
110691
92323
70530
54114
61313
53250
61058
129860
71299
59170
56866
56097
64898
95267
63938
61858
64834
92291
106947
68130
98563
63938
147332
57890
95875
69826
65794
84931
75171
59522
115332
85506
61697
65570
55393
70242
87427
67362
58818
67778
62690
62626
51137
94915
90851
66402
54882
65090
43137
65922
80354
86274
80322
86403
84418
92099
76450
108548
54594
54881
55938
55490
61538
90051
91107
65602
66146
64386
115492
67746
62018
102339
127332
68738
103203
62242
90338
113508
104163
60322
123908
70050
136964
98787
103427
94275
69154
48641
64065
60738
104003
93059
61186
81602
57985
50914
67234
56898
66754
54754
65890
125572
90979
118915
107844
71266
111395
96963
87843
100420
94179
61730
129924
68450
137796
52770
54017
58658
56546
67970
54177
107523
103427
82019
89923
91170
50817
102179
63202
53506
52961
68610
101379
77538
78275
79011
89475
64674
112100
64674
96291
81218
85539
64514
84290
81699
86339
64866
104483
118244
68066
88130
62722
57250
94211
114627
56674
68866
114371
63010
54753
59010
53570
57634
40961
79907
65442
103747
60193
55682
63746
131876
87874
116419
66658
95875
59905
55073
97923
102212
68675
93475
93635
74754
95587
120388
89059
121155
68226
48097
83810
83779
62562
55073
98403
107267
67842
62210
96579
61794
57410
63682
70050
92995
69635
116772
56866
56450
64546
129060
53378
54082
87683
89634
75266
93475
61634
76322
64194
57249
103171
112644
63042
124356
67971
64674
89379
79203
55681
46625
68994
125636
64226
132516
63522
54018
56962
51169
63074
108547
77570
76674
98147
58786
127492
63426
126660
50689
99555
62562
54434
51106
115780
107716
94403
65282
47617
105443
90627
84739
57442
123844
112036
108227
58466
59010
65858
130852
66946
62882
90947
108419
109060
64770
134564
66530
108516
92163
110660
54210
102563
58274
63746
59425
75298
67970
55042
101603
87715
52834
54498
62466
88323
67395
108163
63394
55298
92611
72291
96643
103299
60770
51714
94658
101667
63010
64450
103299
90915
95171
63810
108708
48097
87939
62050
52738
48898
78466
75298
62882
50081
50242
90979
140869
67234
120963
62082
78978
67938
110051
55938
103619
57730
161541
82274
107939
68962
60673
61826
43745
94435
98915
90627
83874
64994
90435
83011
59201
64610
101379
91074
98307
83235
84579
75139
63266
88547
82819
73474
77507
97795
142405
111460
68770
95363
62210
109219
102308
108580
60417
54433
68418
119940
84099
91043
59426
59586
113795
109732
88611
87523
64898
63618
56866
50210
67938
55426
109571
117924
105315
107044
111331
63970
118308
66018
123075
73058
75587
66338
99171
88803
82722
63970
106723
66786
55682
64033
58466
60034
54594
53505
45313
61282
114500
95202
67330
88867
71650
114275
93442
52258
101475
59297
143781
65826
51426
68098
61313
68547
55746
95875
103907
62721
89698
56994
54209
94883
56514
63106
56865
95139
62306
61954
52066
121284
64834
102883
71394
62914
62754
76290
61921
56706
105731
69634
131684
81890
105123
95619
75778
58881
112228
64546
84899
65666
107876
63586
54050
84099
88226
62946
132100
104067
103491
76482
63554
98435
62434
88739
115268
68802
51425
103875
93859
66722
51010
57794
55554
59554
57281
63458
65922
91491
109283
60482
85955
70146
43970
195654
59490
139108
97955
51617
134180
64322
64802
67202
56450
58050
50081
101860
108419
54402
52034
66786
76802
86947
83235
165669
105059
63906
82499
57602
116516
67042
107779
61250
72226
62338
55713
111940
108003
100131
108451
99459
68291
116323
91491
59906
58530
99971
90531
50209
55362
62466
51777
109507
101603
62946
58017
62914
50466
78818
98115
55234
103267
108355
99107
108580
97315
67298
116932
62370
55490
68002
63810
61410
129508
92739
66242
119716
69058
103907
92227
92098
64386
98275
51650
55074
57793
56354
82787
76802
61218
75586
66306
112163
275497
75714
62658
55586
95555
80355
92611
83875
48258
97187
64450
62402
64770
83747
60866
80163
72994
93602
97763
73954
91651
166693
85955
65826
75330
59298
63842
68450
122788
65634
55649
72738
101443
67938
50050
67074
54146
87298
105027
70850
124644
68579
98307
62401
97987
68034
42625
65794
88195
83202
114404
93123
67778
81187
64642
99715
110691
113124
65890
50401
97315
102851
107395
82978
90627
122467
82498
62946
128004
65122
87490
91971
84739
79490
110179
87139
61538
57442
70658
76770
68738
54882
60482
133892
88418
51361
55586
72962
55554
53633
52034
65122
82370
67106
50914
96675
72034
77826
67490
54274
61729
113347
93795
48609
78146
71715
57154
56417
106212
95395
104035
65026
60514
62785
50594
223495
111140
65186
63330
94979
102340
72002
48833
61058
92291
59810
91715
62402
58082
66114
101891
70947
63650
56450
118852
68898
87074
101763
103139
169605
72706
119012
90338
108451
97283
67490
55681
67330
64002
92707
81123
66274
80514
66818
55682
65538
54978
56866
68130
64610
116675
139908
144932
69122
57826
64642
80706
67490
55778
96099
59106
86915
89251
87907
60994
54498
78595
114563
94723
86979
53858
100035
78115
93411
60162
46658
61250
49186
93218
91586
77890
115619
55010
46049
62466
73186
64258
61602
66787
70242
59169
94883
87202
75554
55553
56897
56514
56162
59490
67362
52417
96451
64770
127076
91331
108772
158693
70403
134948
69282
64674
88514
113252
90019
61793
55714
96579
81827
145797
69922
143397
65186
57666
63234
138916
59618
48258
86370
106595
66850
211271
108036
52194
55233
63714
114724
96707
102659
65250
58370
95747
96835
154596
84642
95715
79202
83619
92771
105860
70050
105155
65410
82147
59330
108708
55682
87267
58146
56258
64482
109411
76739
108803
65314
134532
62434
56834
96610
72450
130916
98787
80354
86339
129060
106115
50337
100707
64002
44929
63714
68674
119876
69250
57442
36257
60002
43137
113955
51521
120484
52033
58210
66594
81346
66402
64194
74050
63906
70594
64930
52162
38753
47361
83363
105251
122563
90755
60386
105060
66114
95363
81731
138501
59010
58466
44481
97251
46241
66370
49697
58882
100899
67907
107715
60706
128420
70338
128676
68930
82051
77731
69538
128132
73698
108164
92867
91587
138980
83587
132548
67234
118628
69506
54530
63074
132548
66242
90435
144357
69666
67586
109955
92355
84355
126916
70946
97219
106756
97251
61282
88066
74435
131204
58658
68322
66178
56577
65794
81122
65474
47489
62882
108163
73090
587122
61346
45441
52546
84259
100131
107076
61634
86435
61601
93059
106435
79843
58786
119300
107843
68322
49922
55106
66626
55778
60386
50722
64706
124932
72642
92259
55490
54849
56514
109412
89507
61794
65890
65762
65218
66146
59842
58978
54049
92195
77731
59938
53665
63074
92675
91043
84291
81986
156325
69250
123236
111267
107204
65858
112644
93347
93283
67938
105347
63010
56642
182630
102339
72450
112131
93059
106083
62210
98371
68546
121635
96355
78434
53730
43937
110083
110211
91619
85890
66594
116132
70690
115108
85602
90115
65698
58785
90115
80707
66114
103171
73410
56770
70850
91395
63458
66722
67458
58402
61826
48833
66786
88899
71651
132228
97539
74626
93635
70146
120548
93187
68322
96259
65314
67426
67522
51841
67202
98851
69634
61314
58658
51842
64162
91075
102275
105539
93155
56546
124932
64258
84226
86915
111332
72450
90723
83779
87427
64130
85090
100579
102947
93699
65666
62465
52418
44481
77122
91907
71747
134436
63682
80355
64866
87459
97347
101219
56833
55970
69154
116292
61474
59745
70242
111107
90467
110979
67458
57250
106884
65410
53250
67010
60514
63042
60226
66850
91555
66562
71938
63554
79234
64258
140677
110019
62978
260104
67042
89666
71394
60962
63746
87491
91331
105348
67619
92099
107235
80450
62050
52802
91746
87523
65154
92131
59969
52129
64065
110307
108292
97411
67202
143748
104867
101955
73378
59938
58242
123204
68834
96003
94435
73282
51937
63714
89411
96899
51170
92323
74818
92578
80194
75938
50977
54338
93475
89891
80931
126628
71779
307690
67010
113604
93379
65922
55746
65506
50882
95491
92835
89059
73762
57890
118339
66338
57442
76450
51298
124675
63426
54978
60482
67810
65890
58210
54433
88675
92995
112067
108547
64706
117540
131428
102499
72450
56930
63842
110179
64034
64258
66658
57345
123715
112899
68066
60834
64002
53794
93795
55841
47809
62594
81410
63778
106371
75234
131332
90563
86851
64802
102979
65602
46657
68194
45025
96611
85987
65602
236455
90883
89923
91043
107523
87906
121732
65346
55905
56034
49826
59458
71138
61122
55714
83202
87171
65890
125028
97411
91203
59841
86755
63106
53890
83747
125828
83747
87427
63586
111780
67266
52258
99075
90147
72899
117731
53602
77858
66274
63778
65250
61858
93827
54913
89795
57666
106339
63714
53314
66210
144324
175109
101123
58786
122179
65250
93027
96899
81250
89539
66690
92227
88259
72418
66082
106179
51202
50434
65026
96707
101347
104387
66562
118307
100388
93475
93699
61666
112772
123844
73698
55554
57346
62818
64866
56321
66914
112036
57922
56674
67874
50465
93282
88450
63970
94723
64962
90467
86083
63106
158309
76962
108483
62594
54562
66882
76259
110595
72259
48354
105987
100835
95811
55490
84226
66786
132612
69347
57794
65474
68002
58626
117220
93219
90018
50370
120388
77443
91427
60994
54466
73730
100835
58754
55330
64770
59041
92515
64258
62241
64130
53890
66114
114883
66626
99715
99107
85315
213607
86403
73058
126852
106596
65762
136132
67938
63074
69474
59522
65826
47970
88771
91746
49314
62466
91011
92419
73475
52098
88131
61442
44610
115268
108068
55394
51490
60610
48898
106115
60962
111428
131172
73411
117379
91106
77954
64994
107171
63714
55074
62562
58178
92611
82211
50018
92899
65538
73539
67490
64738
50338
52545
69250
60418
62946
111939
65346
56962
61346
50818
73474
56545
64866
43298
87651
57762
87203
74275
127556
93795
91651
51298
84962
92835
75938
101283
85539
79299
95811
73474
65154
112579
127716
92995
138692
66434
56418
55650
117347
65538
88386
108836
92067
94435
99907
94722
60226
111364
64994
95459
78818
93987
64578
111747
61954
49249
69602
100803
61122
64322
65730
127140
61250
97155
89154
85539
61186
114052
71107
108004
97635
111683
50593
55873
84931
89955
73410
102019
64770
100419
95395
119235
64034
213799
179462
399884
275081
123780
154341
16097
178694
229799
116227
103875
168901
208966
135589
116835
103971
249832
203558
162149
119396
152805
119236
119524
114660
105539
111044
75842
58434
63554
72098
93059
100579
57121
52994
94339
71939
109284
63426
122852
64898
75714
83234
83523
65026
94179
61762
135460
84899
87875
119844
61250
61474
65506
55906
62274
111364
76163
91683
138340
120036
188710
57666
67778
64706
68866
129156
61122
54530
61058
55394
58178
51586
63298
47617
94179
83683
51426
105379
75586
121636
98083
109091
83650
115908
95042
65154
72386
67810
75778
96579
106595
72962
57794
90691
100131
65858
128164
90787
98627
93283
68130
63426
53954
99587
96067
92451
48226
57890
67746
52673
54722
65506
60706
51329
105060
90307
55746
66338
116099
95715
56450
110467
63522
105955
104675
96259
51681
64706
65250
100547
67650
54498
106979
91139
61474
51361
60642
47137
65154
79490
57538
113827
61698
95971
89282
112867
70946
97059
65986
116420
64322
64066
52482
48706
93507
115876
64290
83811
61186
94627
60386
55362
74435
63298
62242
50242
65314
66018
56418
44418
65378
123331
60514
42305
61090
111268
65698
61538
66818
54273
61058
39873
65858
55777
116292
125220
59009
88834
95971
90371
59202
67971
64962
61634
95043
91587
59201
130148
95747
67939
303561
95875
93123
49858
99716
84771
53569
60290
121476
83042
81570
108803
97283
91075
63330
55202
65474
88387
62530
58049
91939
61026
51906
273416
124196
67490
107267
68002
57281
83779
116868
63106
53602
87875
87970
65666
83747
60738
63714
60610
85027
83107
56386
65122
55522
91683
119652
72866
59105
83075
84418
70434
109987
60706
128580
70722
56866
70818
75747
88834
76387
63138
79938
118115
192390
63554
108771
71139
56577
65154
52705
61346
48258
103427
99075
67074
49409
67266
106659
104580
131940
64962
58178
95363
91683
60834
93603
72291
106563
63010
77283
62657
82978
106628
104356
57730
101827
87139
83747
89666
76354
116707
69634
117571
61826
55297
63906
116420
66786
52962
56450
81923
89955
94083
84578
92323
85923
112931
94691
90467
82243
87619
89731
79683
116644
67459
111043
56354
56033
61666
52290
64994
51809
65570
114308
92675
64994
110116
88162
59874
51650
74147
100483
91491
82883
64322
89731
72866
110787
88067
76162
82659
89123
63810
143653
68386
58274
86371
108675
94339
60386
90787
73090
117316
175973
90466
64354
113795
63714
113699
67618
47202
62978
56194
126820
62178
51362
419565
60034
48706
57058
120420
69442
167269
90883
82371
57250
111395
138341
73986
77762
66562
66018
59394
85507
78947
65346
110019
59842
49794
64610
55234
72386
113508
96931
62562
53410
114404
109348
67202
110659
68162
54689
58242
115460
55490
111172
43073
115588
55330
118628
55522
54562
119940
53378
109667
43233
119204
52258
104867
50626
130916
56802
109603
43105
122148
54850
110340
42721
111332
63810
131172
65538
119908
73442
130212
62274
54274
69666
83234
94755
103939
72290
57954
92194
67554
60482
65634
55810
110308
113924
64770
96579
62818
61666
64226
40417
100259
103011
85763
59266
90178
62498
119299
90947
63490
56482
58945
47521
93635
86690
74818
82371
63874
101379
61186
62786
65154
120420
66114
98595
96387
52321
84483
67682
89763
24897
24929
34689
79138
47842
121540
59266
129956
107971
92131
61762
57922
62882
57506
99299
91555
62466
115779
64610
60097
67170
64706
70274
98115
60066
85443
86851
62561
51906
101411
60962
102947
114915
106371
68290
110531
68226
111140
87138
110435
68130
64258
57090
51458
96611
113251
90787
67106
123908
72418
112516
91523
79139
61410
93922
64162
61858
98659
108804
73219
57474
58690
63170
57314
118532
95651
93379
142660
109252
121220
102883
65762
109571
68610
60161
58274
270984
69218
113763
69251
53794
52002
113219
69762
57218
96195
90947
60930
93155
76354
60898
249256
64930
48929
78978
117220
72162
48226
64098
107971
62882
77186
56418
56897
92163
75427
53794
56130
119364
73634
55266
64898
54689
63074
115940
53602
49089
60705
77347
58306
54594
73219
121667
51681
43809
65698
80419
100899
74819
53986
107555
88195
62626
93123
51425
50178
57378
79266
70882
63554
64898
106596
83395
66594
52353
143429
101091
60226
93442
64033
105763
67138
64770
65282
46401
63202
112612
88483
62626
75555
90883
123044
110340
65282
56066
63938
120451
61922
52290
67010
112387
101988
83043
49154
87907
92803
91362
51361
46561
77379
123043
65666
44417
52513
89123
59138
126756
93635
145765
99299
71522
121444
66242
92547
85539
84995
65218
112643
85123
92547
52354
89987
106339
97603
58338
56417
90307
87523
59202
55426
64418
55682
63074
114916
116260
65346
47969
75874
61281
101827
80514
55906
82178
65058
53409
69890
59970
65058
105507
85891
93539
62914
129988
119876
108292
50210
40033
66850
112003
93187
66018
115108
111587
69346
46785
68162
92291
62146
66690
57345
47393
101891
51713
106275
53794
49474
71842
104867
93027
89987
64098
120003
84579
83170
88419
89027
56097
105444
121667
153125
114275
70050
113955
62850
59714
51330
54114
61922
52673
88803
67138
99395
63522
82051
118788
98947
63586
55265
85443
108355
92195
103939
95139
55330
57570
112931
100547
75010
73762
63394
113475
96291
63361
56290
91075
54050
53441
89027
47490
77186
68322
80322
95395
57857
115012
60258
80802
65442
111427
54946
61826
59362
54658
50881
128196
64450
94915
131204
102339
62946
93506
115107
101540
53602
85699
71266
124132
83267
78978
62530
117219
82691
92227
77986
121091
63490
54306
57377
54945
106403
104579
71650
153252
68706
128036
59618
54402
63170
87235
64514
69378
88547
92259
62594
95491
87139
90403
66146
116068
83970
89667
84899
113572
55585
86914
71458
62210
54914
92035
89315
79682
52001
63714
105667
86627
91362
53089
47809
64770
90690
65666
57762
123300
55778
52994
55522
105987
107139
61826
53697
73442
93379
70914
85027
93347
62978
116772
66434
108227
94211
90435
89539
76770
100836
69378
115043
86626
85091
59009
101667
66754
90946
63394
63778
63458
47937
105923
110948
59554
129572
68418
55714
52929
100259
58498
80195
104227
112964
54433
59777
48257
73762
99971
57794
45505
65474
80611
90723
107939
108963
59842
64738
64802
64770
61186
56257
69346
121956
65826
56001
53346
51042
92483
122659
101923
89379
61666
117252
74915
63618
63778
47714
61698
90787
56738
114947
67874
50050
96195
85859
51362
112515
67138
69442
58146
63682
54658
52450
93283
110788
64962
90083
65986
94595
55906
43009
96131
62882
81443
84291
91203
65314
105123
79011
118820
65026
118947
61186
51170
103459
102979
56226
85442
84578
61538
97699
79619
61250
54977
65858
123491
83618
121444
71555
51330
81186
61665
109220
91075
90850
64098
57474
63682
83747
94883
78370
65122
120868
86434
60834
68706
95619
91906
85891
119619
95139
53346
59298
59394
49186
95683
92739
60066
109667
69282
86882
63298
51137
92387
103011
59585
56322
65378
55169
49953
116355
68578
54114
69282
130948
93859
85059
65378
96771
60354
54242
69474
44193
64898
62466
79138
95235
94435
57378
108356
102275
131556
94595
91331
49026
77410
61314
111428
71171
95139
87138
92003
55618
105284
126692
97763
140100
48257
74978
138053
65538
46466
62722
56354
54049
88323
65890
75778
53026
52194
69986
104964
58658
48098
60578
48865
66754
102403
103972
103363
71906
75586
58146
103107
66690
83906
93827
277769
119588
85570
54273
61506
115843
51457
104451
65154
62882
91459
52546
53218
56610
109124
59042
105667
71202
65154
77475
82082
49794
108708
94882
113124
58274
51714
66018
61954
54690
50946
66050
109187
55265
52834
90658
92547
47489
43681
92963
137764
55970
51585
65058
55937
97219
103971
59458
125668
80034
106531
87523
85571
85283
97795
91299
76642
80482
106500
68194
125028
89411
91235
67586
112164
93186
98276
65154
105540
59042
55170
96483
111203
62786
88259
56258
96322
74210
114948
88099
52962
66498
77922
92099
79842
64610
89954
58274
57058
64610
116740
89155
117411
70818
61506
64386
58050
57442
59106
102275
62722
258248
75522
96131
56961
109571
71330
83107
59938
50338
98947
109059
71330
128868
71234
107139
106948
109379
59554
87491
66178
112867
100515
104740
92675
68418
57474
91074
72514
84323
66082
60962
63458
50209
69890
46081
61378
52930
113988
93827
79842
121124
112644
119140
110884
67714
118916
58914
57794
65538
80963
92963
63106
101891
93123
99395
60482
58114
63554
72098
68706
62498
64354
52129
69602
111972
64225
119172
58914
45793
67362
95171
65506
80067
56706
106723
71330
133540
62978
111748
73059
58402
107428
90467
83362
53762
84450
73602
111363
55778
113123
96739
85538
123203
96931
57442
102308
68546
123300
69795
103075
48258
97379
100931
103651
64290
109668
98723
89538
84259
95907
75394
110404
67555
104196
83811
92323
60674
52449
61793
88962
63586
113092
85411
65282
61346
119172
64802
55426
62114
133412
68674
90915
126436
64898
81474
87075
74882
86691
119428
63874
53890
106148
102755
58178
50370
56738
69506
59682
96611
59874
67778
62434
54498
74690
102435
62914
46754
85218
56994
49890
54594
86915
89634
90979
119235
131588
54305
103075
53250
49666
64610
59746
82050
95971
91555
51298
115171
92739
111075
67650
57602
95651
100739
71714
91106
97795
111428
62690
54753
101219
56610
57825
87746
148196
99811
55745
58210
61378
50977
65154
62978
62210
113316
124420
102660
94051
86722
83426
61122
111715
62274
124004
63938
74274
66050
65090
90883
81187
88483
83811
52514
98947
73795
117092
64962
52642
61026
55745
87747
53666
89507
62658
72450
58402
45314
64034
108803
59106
84355
73858
112931
60994
92354
64834
65762
62658
52033
89059
91107
69570
128036
64514
116548
85378
87299
75298
113955
71074
117251
90819
69794
112771
95267
88131
79971
83234
63554
94595
85699
55553
141284
133508
66722
75811
64962
65250
117092
97699
89763
79491
100419
71234
61602
92355
57057
49506
51777
67426
94403
110435
73058
93667
88259
111331
56898
59490
59554
112003
86370
94883
71298
61506
102884
75330
77410
56642
68162
65058
95843
93283
73026
86146
61282
115076
65346
75331
57218
97443
65122
53121
70787
106563
69698
132164
65058
121060
66882
56737
106403
64130
59458
106244
64578
102531
69250
72962
57250
49858
95619
111076
56290
51201
64098
101859
86179
138245
80962
112227
101539
90307
66018
126532
64098
55330
77762
130404
95683
181349
63522
102883
73763
88162
64770
55170
86850
59618
60065
91971
86723
77890
107044
70434
110148
97795
110787
91427
95075
69794
67778
64066
57122
111588
86498
88035
109635
70466
96035
56226
80066
67202
132229
63266
77954
100067
106723
64322
123812
105251
98851
70499
95235
92258
101923
64098
55458
102019
53026
59266
92803
61762
93699
94115
86947
97251
86466
58657
109604
72963
116580
100611
86627
80835
66722
80643
93603
75171
85538
93987
81123
113284
69378
118435
76962
90371
67650
114180
58914
75011
68450
90019
65058
55522
64930
52226
71074
125156
60962
52097
64194
89795
64706
52450
87651
60674
86274
65410
113443
91171
124196
71394
58658
55970
50913
65858
93058
51202
41825
91042
65314
114116
91523
120771
71586
49665
55330
47617
93859
72898
73218
113700
62850
54882
65858
61026
65859
56002
130788
61378
54881
94083
62849
49314
62625
58818
90019
67202
60098
97891
66050
64162
106628
62082
55522
91907
78115
105955
72802
106371
65058
63042
57858
52418
96803
58145
72163
95779
131684
101219
76451
117987
109092
101379
101379
100676
62946
122052
78722
90242
298249
64706
52801
70530
70978
92226
102339
73314
59681
94371
66562
50913
71522
157605
87394
66018
102755
74434
118468
65698
55650
62690
53474
60578
90403
93187
59010
60162
92035
48546
44290
90723
122499
73250
50978
55714
64482
56449
51394
96451
168453
72483
105027
66434
70402
67298
53954
66466
60994
97026
157092
114820
179653
80963
75458
119236
102563
78051
65890
114628
64322
53121
88483
85539
84771
76290
108035
99459
75651
134244
79107
62370
117764
59490
54466
63810
57441
88802
77026
59618
100451
66018
54978
60417
125571
67458
94083
60322
117380
65346
54273
69122
52449
89347
103267
84930
91075
99843
65378
54882
68258
87586
92803
65058
62626
64738
56578
57954
45890
72003
108163
60450
133572
82498
53954
80898
95747
116100
103299
95074
81699
71842
127523
61314
144421
65282
93603
66402
90179
104867
80771
78435
64578
78051
116675
102659
66242
84130
53410
49217
104387
103684
108451
64322
120611
62722
129668
61090
54306
60450
47746
86562
68354
106276
64098
107459
65922
72898
62818
64802
69027
59938
59330
53250
65410
142852
58977
64898
96291
57858
121763
52322
113475
72387
98115
65506
54146
97539
111236
61698
127076
68515
81699
90339
101411
65922
103203
111460
162853
72546
67842
88067
78050
54882
139173
105539
54338
61570
63042
56354
66626
57218
64674
86915
91875
70114
57762
55618
69826
123139
67682
96803
113059
111907
66562
129732
69474
118628
92643
64226
117988
96930
51682
82915
84322
125668
109123
67010
151749
69858
108003
54018
115971
63714
167621
66914
58753
94147
116676
68194
101955
66850
63874
62498
58754
67810
115364
84514
79746
58434
85123
65378
86947
80835
91779
92418
83715
122532
71554
122276
67938
65026
92035
60673
56226
76098
101539
84195
64002
108323
63554
63362
56482
46274
90499
67907
467022
67138
64898
95747
105571
66082
88515
96675
90531
58402
51233
105411
57282
45025
53857
87619
95587
113923
64066
128964
70722
43265
94787
91778
63937
84291
90467
84579
124420
111811
118595
65122
103971
102371
95171
65410
77346
58242
52610
66434
57314
61698
86786
93954
82243
50498
96995
70754
72259
65698
88291
79138
119172
97763
88035
51713
108676
90755
73667
57154
64418
91682
115684
115843
65922
107459
103652
62114
53953
91107
82787
88739
55362
64834
55394
63553
102499
91011
106979
53666
63906
64770
64098
103107
99395
89219
111587
84931
60065
112836
66563
55905
62434
114083
66210
63010
64162
76898
99139
95811
64802
80003
90499
55106
55842
96963
64066
52610
65443
79970
71426
116228
69858
94019
95747
105219
94882
57794
49825
57953
99299
66722
102275
69474
114404
85283
65250
113028
74115
58978
65602
55937
86691
85699
87586
59586
54209
117539
97699
65314
61250
66754
65058
61602
49825
66690
120676
96803
63330
56481
64674
46177
87682
80610
64514
88482
82882
76674
64642
104995
93827
83139
80418
57858
52738
111908
65602
97251
69154
62370
56866
55650
89411
52962
128900
93059
119300
48289
50882
64642
76226
85059
118884
59714
53602
93635
54338
52738
72162
61026
96482
88099
66851
112548
63554
53761
88643
89443
65570
101315
62337
93795
72226
99363
92323
90179
83810
111843
66434
103459
65762
82946
86786
78114
66242
102371
61314
90082
65250
85731
91971
78562
130212
69602
54338
91107
87043
54690
83106
66018
119300
75939
62626
93699
90083
59746
55362
61922
53666
49122
50498
85283
87971
373291
99652
57921
55521
62882
58881
53602
46466
66178
58562
62402
65506
63490
120132
68226
91906
111140
99683
68578
336170
69570
129220
65954
49569
91491
92515
51873
51170
64546
105859
101667
101187
91203
53474
54018
65794
85218
107460
108419
64066
60098
98947
59650
123844
89763
64866
54306
74402
102659
89347
81539
48705
94755
64801
82274
81667
87875
59778
96003
85763
130052
58370
59106
67266
88194
86915
82434
64354
68419
49345
43458
64834
107460
115555
95107
71618
103075
58753
53346
88451
90819
61858
46754
70370
56418
51458
125892
79874
45633
66914
58530
67906
56546
65474
56002
125284
74018
121891
110020
100803
73154
63778
104420
111396
65346
55650
96835
52898
42210
66498
93795
63746
88482
65250
52033
74819
122724
96963
60450
51234
102595
101763
62562
62082
105379
61890
120547
68674
98467
65378
55842
51618
54850
60162
100099
84131
84643
113443
63938
62946
64898
111715
88035
87554
77283
59842
69826
55170
102179
66115
96483
63426
66242
96131
90819
66178
109795
64162
54626
107939
108835
94467
85475
90915
113571
70050
129316
61570
55970
58753
69314
66402
53762
72866
87779
88515
47585
68738
67106
61954
60066
115587
80195
91331
77603
64802
75298
93667
107779
66338
61122
65954
44705
95043
93315
51298
54209
56098
73090
66114
50849
56994
79970
103395
110723
66562
77731
51618
130052
128740
51009
122980
86850
139877
77347
112643
63874
56578
63394
67458
67843
65378
65250
53634
89475
77219
122499
97923
60642
92131
92579
87587
64482
88642
87810
135813
64770
129700
87779
64514
76002
102083
91906
94563
80963
56481
103587
76099
75458
82051
85474
65218
106211
88099
84867
75618
119524
189894
136804
65442
54689
74626
56129
95267
58626
43489
59138
105668
53569
55042
61634
44257
100419
81922
83074
89539
85026
83331
79266
78594
114980
68386
104771
60386
53313
127140
78658
58434
94019
115107
104515
63298
89955
101187
58562
91139
175653
134085
97379
61090
77986
66210
56802
57794
56994
65154
53730
60162
51041
75266
120068
118596
64962
114404
75330
61506
98659
90819
107043
94210
53217
98723
102019
103203
65538
92003
61922
84386
62178
55713
53730
109187
46370
57666
72898
62306
49153
64642
95363
46273
43489
35457
34785
40769
266504
50369
69506
46178
57954
103875
80450
63778
102211
46562
98659
97763
77155
42786
98723
48417
45249
48609
60610
44546
94435
56482
51585
80675
50658
41793
42433
31041
60450
113379
56993
49601
49186
117252
56002
68579
43073
61538
46913
115204
59234
75490
49601
69762
49057
60866
46690
51938
42529
41889
106723
93283
44290
46625
77027
118307
57153
114595
43266
48033
48161
49121
76802
78947
76995
111011
82339
78275
45154
46273
120132
67362
61218
83203
47842
111396
62785
57282
60514
43042
55137
43074
52258
129028
70242
116612
86979
90307
58754
118404
37057
40641
114115
118372
53089
112931
12161
124420
124228
81634
63234
115108
128004
100995
90883
79458
70178
113156
91202
83362
47394
118467
125028
67554
50305
61314
113603
104227
102467
58433
82979
62146
57121
61986
47010
90595
109476
60033
83523
74466
108163
90946
89923
52866
83715
59842
42498
61826
51329
62658
81186
83426
86915
74274
86275
133284
65794
116675
51042
54722
57794
121315
68130
90307
58914
45090
69795
112387
81603
84035
54850
43233
82147
84322
70114
119491
52322
111587
65218
82722
81122
58882
134628
77699
96611
62946
47170
52225
100260
68002
89283
58402
114979
65634
93123
76194
130436
100803
92163
63810
115268
92451
81379
90339
81570
63906
106115
80706
86947
87426
59842
119523
85154
123428
94499
90242
57090
51138
86819
91235
72066
110371
52002
105187
55809
55009
53282
54209
66562
84291
93666
85827
77955
118404
68930
52545
137476
100515
93186
60642
114467
93474
88675
56194
139364
64258
53249
63106
63458
50689
54434
95459
91747
59074
49698
67746
115331
61922
92962
59234
44257
58305
120772
68035
65570
127299
124707
69890
120547
92707
81763
57634
106083
62338
89251
129316
109539
58497
57378
57698
63746
102371
100259
62690
64482
95235
84418
62946
120131
88418
85443
56226
88674
59362
68482
66850
117347
100131
106339
62690
114756
50754
52162
64770
59874
58626
56962
59778
95779
70691
113251
65762
56226
107716
101315
63362
55265
62626
48673
97187
49089
112964
72450
124772
91747
53570
59618
92291
77315
51106
61922
90210
115779
111075
58978
58178
59490
63970
57698
93059
107235
104547
63554
77219
100387
81987
88675
60994
66082
63138
128580
97539
81763
62914
118340
82115
96323
59938
83587
62050
86179
66850
134372
64514
82179
90499
91171
82530
63362
120835
75106
94723
70786
45282
63298
79426
90659
59042
106883
65442
58626
98659
90435
49154
62370
53313
63874
95203
105379
96675
66562
72419
88611
90978
61922
115684
64034
72003
53762
64002
62050
49506
65570
50338
83906
112035
58465
131364
71202
101540
98243
88739
48130
48738
60066
54722
66690
50849
91843
58050
117315
56641
