121732
36385
28257
27681
27809
26465
25505
24865
26881
24640
25152
24801
24737
24256
159366
28673
25249
27233
26049
24832
24449
25441
24353
24193
25121
24737
26337
26465
24257
24801
24993
24577
24385
25185
24993
25409
25761
26305
26145
24513
24513
25345
32161
26209
25217
26240
24481
24929
25281
25089
24449
24544
25057
26529
28385
25185
26273
28545
25056
24993
26913
25185
25089
26145
28001
28449
26017
25216
25889
25120
24865
24673
24577
25729
25121
25153
26465
32033
25313
26625
24673
25920
26305
24480
25857
24929
24289
25441
24673
25313
24833
26401
26145
25409
25857
42241
25441
24545
24929
25921
24993
25793
25473
26433
26049
24417
25889
29089
24449
25569
24257
24448
26561
29153
27009
25121
25985
26337
25985
25793
26017
28545
24961
25313
25953
24385
24801
24897
24705
26337
25569
28257
28129
24480
24929
25344
25217
27873
26240
28065
24417
25665
24897
26337
25921
25665
24737
25857
25857
26497
26209
24033
28001
24929
24609
25185
24737
24577
24769
24385
24577
24289
23809
24289
23905
25121
24481
26113
24577
25601
23937
25953
23937
25985
24097
24609
24673
23329
24097
26305
25857
24769
25729
25792
28033
26209
24961
25632
24577
23809
25793
24161
24257
24512
25089
26529
24897
25857
24192
23777
26625
23969
24481
26017
28161
26497
25793
23777
24801
67490
27265
25856
25409
24545
25953
25953
26145
27713
24289
24065
24801
26465
26017
24641
25889
26145
24512
24609
24416
24705
24353
25921
25856
25377
28385
24577
25537
26273
24897
25184
25761
25217
24289
25825
25345
25729
28161
24289
25729
24897
23553
23808
24129
23905
25377
23969
23777
28513
28033
24225
24193
24513
25601
24833
24961
25633
24481
26465
24097
25697
24192
25441
25601
24193
27553
26305
25089
24673
24480
23233
26113
24673
24417
23745
25089
24513
24929
26241
24897
24417
25601
24321
24193
24480
24321
24352
23905
24480
24353
24257
24417
23649
24320
24353
23361
25024
24609
25505
24225
23745
25088
25441
24801
24704
23937
24577
23425
24481
24416
24001
25249
24481
25345
24705
25153
26241
25153
24704
25377
30913
24673
26465
25729
24577
24769
23905
24480
24193
25473
24993
24672
23969
24065
25057
24801
25601
26049
30145
25985
26497
26369
24801
23873
26433
23777
25601
23649
23809
26016
24033
24481
25505
24096
25569
24481
28129
23873
24737
25440
25921
23937
23329
25505
25921
24417
23873
24449
24769
24353
24129
23937
26016
24001
32066
24705
24449
23393
24545
24353
24832
24097
25377
23520
25473
24705
23904
25025
24161
25441
26401
24161
28321
24864
24417
24481
25761
25985
24129
24609
24449
25057
24640
25121
24417
26080
24353
24321
24129
23521
41921
26305
24161
24577
24577
24513
24289
26432
24289
25088
26561
24481
24513
24129
25600
25889
24481
24097
40001
25953
25408
25185
24736
25281
25537
24417
25249
23809
24417
23680
25377
24224
23617
26017
24225
27425
26273
28353
25857
27681
25761
23969
26624
24577
27457
31809
24801
24801
27713
26977
25729
24769
24769
24961
24801
27489
24897
35489
32225
30913
30657
42465
33922
65026
32609
31969
34689
30209
31713
30753
30081
54274
36993
33761
39778
36001
29825
27393
25025
26081
28097
23936
25025
24609
24449
25505
24480
26497
25665
25312
25441
26305
24545
25793
27105
24449
24609
25089
24449
23745
26241
23745
24993
25377
28513
24321
24353
24736
24641
25921
24544
26913
25473
24865
25377
26273
25601
24321
25985
23745
26145
24481
28321
25953
24001
24417
24897
25665
26081
24513
25825
26081
24672
25281
24449
26241
28289
25153
24929
26401
27649
24193
28097
25120
24608
24929
23840
28065
25697
26401
26849
24961
24737
25057
25857
25761
25409
28289
26017
24961
25473
24545
24513
25377
25345
25505
25601
25729
25569
28161
25152
24673
25889
26369
26241
26241
26529
26017
24001
24321
25953
27393
24608
27841
26209
27745
24481
25441
25761
24513
24929
26145
24288
28609
24705
24609
25665
28577
25921
25825
26080
26145
25153
25953
25569
28033
26144
24737
26081
26401
25633
28129
25825
24193
24801
27937
27489
25600
25697
25505
25121
24705
24865
24833
24896
24673
24609
26337
24385
24449
26113
26049
24705
24097
25697
24961
25985
24769
25601
25856
23393
25697
23905
26113
26497
25056
24513
24417
25632
25121
25313
25921
27649
25921
27777
25633
24289
24480
25697
26049
25920
26017
25792
24897
25761
24321
25472
25665
28033
25184
26017
24193
24993
26593
26145
24801
26081
23456
23777
31521
24929
24864
24545
25569
23937
27905
24545
24736
24545
25217
25889
25761
24641
25409
27009
24321
24193
25024
24769
26273
25185
24864
25217
24961
25281
25953
24129
25024
24289
23841
25249
27649
25377
25889
44610
26689
24545
25632
25697
24993
24353
24417
25313
24449
24160
25728
25729
24673
25664
26337
24545
27649
28257
24801
25441
24128
25409
26017
27745
26177
25313
24833
25473
25760
25601
24705
25889
24160
25121
39457
25281
24865
24353
26081
25441
25665
25665
26049
24673
27681
25473
27745
27777
26017
25377
25313
26272
31873
26049
24737
26433
24705
24064
24001
24480
25857
26433
25729
25537
26369
24513
26049
24353
25952
25697
24320
24576
25697
25825
25473
24193
24961
24576
23201
25793
25632
25088
23840
24481
28097
25665
25569
25441
24160
25345
24449
25312
24385
26241
25472
24129
25537
26337
26209
28225
25441
25665
27937
25569
27873
25281
24353
28000
25632
24289
24417
25857
25441
27777
27585
25537
28225
25633
31201
24929
24353
26273
31777
24993
25313
24512
27681
24545
24673
25281
27553
25569
23840
25313
27521
24257
24672
25953
27617
27841
26049
26401
25857
29185
25185
24513
24193
24449
28257
25761
27585
24225
24321
25057
25601
25729
27905
24065
25857
25729
24736
26369
28065
24833
25569
24353
25313
24993
28097
24001
25472
25857
25152
24161
27937
31841
24961
24225
25665
24577
25728
24129
25441
25921
24416
25857
24961
24992
25697
24385
26049
24737
25153
25249
25825
24993
24705
25281
25537
25601
25985
24032
25633
25761
25377
26529
25825
25057
24801
26369
37953
24705
26177
24929
26209
26145
25761
24449
26145
28065
24257
25249
24417
23777
25217
26497
26113
25025
31873
25345
24641
24897
23616
24097
25857
24801
25793
28225
28033
28001
28129
24449
28193
24769
25728
26401
25920
25345
24545
25505
27649
28097
24225
24385
24545
26305
26113
25697
25504
24929
26689
24608
24865
26721
24769
28289
26017
26177
24256
27713
28257
23488
25281
24769
24480
25984
26337
26369
24577
25824
26369
26817
26113
24961
25953
24897
26273
25633
25281
24449
25121
26401
25985
24352
26016
25889
26337
28129
24865
24449
24097
25825
23456
26465
25025
24449
24161
25345
26272
25057
23809
25729
25857
24353
25921
29729
25825
24769
25281
24288
24321
24577
25761
24225
24289
24545
25857
25632
24960
25537
25409
24225
25953
25857
27905
24481
24289
25505
25825
27905
28449
26049
25921
24640
25633
24481
25985
24416
28545
32001
25345
25409
24353
26241
23969
25921
27521
24481
24193
24577
25537
26273
25953
24320
24257
24257
25633
26913
24353
24673
25185
25185
24673
24193
24545
27969
28161
27809
28065
24577
27873
26401
24801
26145
31681
25249
24193
24609
26273
24545
25665
28353
25217
26689
25921
26689
25057
24673
24225
25953
25281
40289
24993
24321
24833
26529
23969
24224
25249
24769
24832
25985
24609
26017
24096
24321
24193
25408
25825
26849
25985
24289
24320
25633
26049
24737
24448
25633
24321
24288
25441
25601
24000
26113
24417
24385
25281
26657
24737
25921
26113
24321
24609
24192
25952
25569
25729
26177
25728
24225
26433
24673
24417
23137
42913
28097
25025
25792
24417
25985
23969
25569
25441
25217
24513
23168
25441
25697
28001
25729
27521
24672
25921
24513
26049
24801
24609
24193
24865
25537
26753
23809
27681
25889
26145
26657
26913
25793
23841
30977
24641
24481
24129
23713
25633
26241
26401
25345
24833
24128
26113
25313
25985
24481
24288
24801
24385
25505
26305
25153
25153
24640
23936
24257
25761
25057
25344
25505
24193
25473
24961
27713
25441
25921
45858
24481
24641
24673
25665
26081
25089
26177
24769
26721
25953
24673
24384
24289
24385
24769
25793
25473
24417
24641
24705
26145
24897
25633
24865
25761
25953
27969
28097
28065
26113
24033
25089
31169
23361
32097
24609
25153
26240
24385
25537
25633
24449
25824
24673
24641
25441
23937
26049
24865
24513
25121
28161
27265
26241
27873
26145
24449
27841
26209
23937
24257
25409
24577
25824
24673
26209
24257
25953
24641
32641
24609
26305
27937
24321
25889
26145
24705
26177
24129
24513
25313
24673
26017
25505
25953
24641
26401
25089
26849
26337
24801
24449
24161
25697
24097
24864
26657
26849
26497
25825
27841
24705
24577
25217
25729
26049
24097
25889
24225
25601
27873
25985
24257
28065
28257
25856
27681
27745
23809
26049
24224
39106
24449
24641
25057
25121
25440
23841
23905
26433
24097
25729
24545
25505
24416
25313
25537
24225
26401
31713
24225
26177
24385
25153
26081
25665
27425
23745
26017
23777
25760
25473
25825
26465
24481
23744
29665
26369
26433
24833
26017
24353
23873
24929
28129
28385
26049
26081
23968
24193
26145
26017
24320
25025
25920
26497
25569
26081
26209
25697
26049
25889
26177
26113
24513
26337
25056
24769
24481
25152
26688
31841
24769
25697
27873
25089
26145
25761
27841
24673
23936
23841
25889
23905
24737
24481
24896
25057
24577
27008
28929
28289
24353
25665
26561
27649
24673
29857
24481
26177
25152
26337
27905
24417
25249
26337
30241
26305
25249
24353
24417
24097
24577
24481
24321
29185
28385
26241
26145
28129
28257
24512
26209
27681
26304
26017
24801
25249
24128
25665
26177
26273
26337
26401
26305
24129
25889
25953
25312
24897
26177
23617
25953
27873
24257
27904
25889
28545
26337
25281
24481
26016
25057
24993
25857
24609
26049
28481
24705
25377
25889
24673
25857
26049
24705
25569
25473
26113
24481
24257
23809
25409
26497
24832
24129
26817
25121
24225
26529
24705
25921
26145
26305
28065
25729
25601
25505
25761
25665
27713
28129
25696
29217
24161
24480
24257
25825
24065
30945
24064
24481
24353
25537
25761
25728
24449
25025
26561
25920
37697
24033
28257
25953
24513
25888
26497
23937
24481
24289
24801
26753
24544
26113
24321
26017
25953
25761
24353
25921
24513
25153
28097
26113
24001
24129
23905
26016
29505
26881
24161
24033
26305
26657
26465
30081
24225
25601
25473
27489
24865
25984
25921
24545
28417
25025
25537
24545
24225
24705
24673
26145
24417
26785
24641
25249
25921
25601
25440
24737
25281
25793
25953
26049
28353
27809
26113
24929
26017
25921
43586
24641
26337
26465
24577
25697
26081
24481
24576
25313
26081
26400
26593
26049
27937
27905
24993
24641
28737
25985
26881
24673
26241
25985
25760
24641
25025
24353
24417
24417
24385
24609
24769
26081
26561
26145
26881
26433
24897
26017
25345
26177
26049
26497
26177
26209
24513
24257
25793
28193
25793
25056
24609
42881
24385
24353
24032
26465
25697
25793
25409
24705
26145
24929
24769
25985
26241
25921
24641
24672
25217
32929
24833
26689
25473
26017
25856
27809
25729
26241
25825
26113
24865
25537
24513
25344
26049
24513
24064
26945
26049
28353
26721
24416
24801
26113
24353
24225
25185
25793
24545
25120
24801
25857
26241
28065
39874
28193
27969
25697
25057
24897
24833
26945
26305
25377
26241
24385
25793
26273
25857
25569
24993
24641
27200
25249
24673
25728
28129
25793
24385
25889
25601
26433
25537
24704
25857
25601
24737
24481
24289
26113
25889
26113
24833
25441
25761
26049
25217
24865
25473
26529
26048
25985
25057
24448
25953
25505
26497
30081
25281
25281
26529
26465
26017
26113
25281
25601
27297
25601
26369
25025
26529
26145
26017
26241
26145
25921
26497
24929
25729
26241
24609
26113
25153
25217
26721
26241
26336
25825
25185
25633
25921
25921
46337
26593
26785
26817
25792
24257
26401
24352
26241
28097
25985
25921
26785
26561
25633
26017
25121
25921
25985
24577
24737
25313
23777
26369
24160
26113
26049
24897
25632
25793
25729
25824
26177
26465
26113
25921
26401
24865
25377
24928
26433
26081
24512
26273
24737
24769
25537
26497
24737
25921
25633
25441
24448
38177
24352
24961
25985
24768
25793
26337
25313
23968
24385
24961
26081
26209
26689
26241
24097
24449
24289
29377
25856
25377
25249
26081
26112
24769
24417
25601
24833
24928
26305
26113
25409
24929
24673
28033
25568
26849
25473
25921
24353
25985
25793
26561
24160
23905
23713
26209
25185
25697
24416
27776
24673
26305
125540
26561
28353
25857
25793
25409
26273
23968
24289
25953
25793
26145
25761
23776
25473
27713
25120
24161
26721
24897
26593
28833
27073
25921
26113
25409
23969
24449
25633
27424
23969
25217
25409
26305
27073
42945
26496
27617
28673
26817
26529
26849
24480
27233
25632
24961
26817
26273
25825
25569
26177
24833
26113
26625
25697
26305
24641
24545
24865
24961
26112
24737
24705
25761
28033
25920
24545
24673
28257
24865
25056
26081
24609
26049
27841
28129
24417
25889
28193
102404
28449
24737
23873
24193
24449
25857
28033
26337
25729
26017
26465
26817
26017
27649
28193
25217
23424
25665
26049
26369
27937
25889
25953
25761
25729
25825
25697
27809
25953
27873
25441
25088
25217
25729
27457
26337
28001
24865
25793
27937
25857
27553
25217
26017
24801
25761
25345
24737
25665
27489
24417
28545
25793
25825
24577
26497
24705
24641
25665
25952
27905
27617
25761
25569
25601
27713
24448
26560
25377
25761
25569
26273
25536
25953
25697
26017
26369
26209
25441
24641
26113
24129
25984
24321
25313
26241
24641
24929
25601
25889
25697
25857
25345
26720
25825
26465
25313
25569
25217
25217
25633
24801
25473
28193
26561
26401
25825
25793
25409
25761
26369
25889
28353
26273
24064
24161
25825
25761
23969
24832
25697
25345
25537
25889
25793
25601
25793
25217
25345
25537
29121
26433
28289
26144
26721
25409
25633
26209
26305
26241
26177
23968
25985
26241
25985
25729
25601
26305
26529
26817
25473
25633
25665
28065
25857
25857
26081
25953
25761
25953
27649
27585
26208
25889
25889
29729
24961
25057
26305
25409
26624
24225
25633
25729
25921
25857
26433
25281
25377
26273
24993
25377
25633
28193
24513
25729
25632
25729
25217
25697
25313
25793
25185
26081
26049
28225
27969
25921
26305
25153
25569
51233
24513
25889
28160
27745
26465
25824
24961
26305
24609
25473
25537
27937
26049
25441
28449
25889
26048
26625
28673
26145
25633
26049
26689
25569
28193
26145
24513
26081
25665
24513
25601
24288
25857
25633
25825
26497
24096
25985
26657
24769
26305
25729
25601
28353
24353
25825
24961
26496
28417
28097
25633
27777
29825
25025
26753
24929
26145
26305
28193
26465
25857
26369
26689
26049
26144
24993
25569
27937
25857
25857
26177
28097
25633
24065
25856
26209
25377
28064
23969
25825
26081
26241
26049
26465
26433
25985
25537
42753
25217
24641
25249
25537
25697
24897
24161
28193
25984
27649
25505
26305
24481
24705
25504
24480
26113
28385
26657
24929
24833
24000
25569
24449
25857
25345
27649
25601
25729
28321
27937
25249
25153
26209
27937
27585
25536
25121
25921
28033
26081
28417
25985
28193
24897
25729
25729
25089
25857
24097
25761
25665
44482
27681
26081
24641
26112
26081
25729
25665
25761
26305
27841
25313
25217
24768
24961
25281
25473
28257
26625
23937
24769
24065
24385
24193
24545
25088
26209
25057
28033
25377
25665
24865
25697
25761
24833
25281
25185
25889
28033
26433
25953
25345
25025
26113
26401
25472
26113
28097
24289
24833
25984
26273
26113
25472
26305
24801
26049
25857
24737
24961
26049
25857
25409
26049
24641
25057
25953
25857
24321
24417
24544
25921
25857
26401
25600
25505
28193
26720
24929
26305
25857
24641
25601
26177
25377
25857
25697
25888
24705
28481
25153
25824
25793
25793
26017
25985
26209
27841
25953
24961
25121
24641
25793
25792
25953
24609
24193
31745
25281
25889
24161
25793
25889
25889
26241
25088
25569
28193
24705
25281
25761
26081
24897
24385
26241
28225
25921
25793
25825
25825
26177
26113
26305
25985
25697
24993
28097
26433
24480
26241
26305
26177
26657
26145
25953
26272
26113
26145
24481
24321
25857
26305
25409
25825
25825
24832
25761
25793
25537
25985
25824
26881
26145
25248
25633
25889
25729
26241
25729
24832
26401
25665
25409
26561
24129
25985
26113
24033
27648
26017
25056
26017
26177
24449
25857
25761
26337
25569
24545
26081
25536
25633
26913
25952
24801
25953
26049
24641
25857
25729
25697
24673
25505
25313
24416
26081
23777
26017
28033
28385
27841
25665
26273
46498
24865
24577
25153
26081
26433
26209
27713
25793
25024
24129
25729
25793
25697
26049
26177
28033
28161
31937
25505
25633
24224
25697
23969
27873
26049
26273
25729
27553
27617
23649
24641
24321
25664
25473
24193
24769
23937
26369
25729
25377
24609
25057
25761
27457
24161
24737
25984
25729
25569
25953
26529
24801
43169
24321
26144
23681
24641
25185
24865
24417
24928
26145
25793
25857
24993
25152
24545
26465
25569
25793
31617
25953
25377
25601
26145
25153
25729
28193
24448
25697
24481
25921
25697
25696
25793
25505
26336
25985
28065
25825
25953
25761
25857
25889
26017
26177
24513
26433
26017
25889
24192
26177
28129
26080
26145
26369
28737
26305
26625
25664
25729
25409
25665
24161
27553
28545
28033
24897
26017
27841
27713
25153
25665
31265
24321
25889
24545
24481
24257
25793
25217
25409
25761
24641
25825
24801
25473
25921
25248
25185
24481
29665
24801
26433
25953
26497
26689
26337
24993
25825
24577
26177
28193
25793
28257
24769
25248
28193
25665
26561
25120
24801
26145
25793
27937
26113
25601
25344
23905
24769
26497
26017
24161
25600
26753
28193
25473
26209
26945
26529
26401
24577
25953
24673
25697
25344
26305
26849
24289
26176
25857
25921
26177
26177
29217
24641
25921
26017
25825
26337
27681
26081
25697
24929
24416
25793
25697
26081
25761
24161
25793
25953
27649
25985
27777
26497
24737
25313
25824
26625
24513
25216
26305
28321
25920
25665
24929
25985
25441
25793
26849
28001
26016
25697
26337
27969
26145
25793
25505
26305
26337
25601
25633
25601
25792
25089
25633
32289
24481
25729
25889
25408
25473
25697
25633
24705
25761
25665
25441
25664
25793
25345
25761
25441
27617
26145
25824
24129
24897
25888
25345
26273
25376
27777
25473
24673
25472
24065
24289
25601
25217
24961
32993
25633
26273
26113
24577
25888
25505
27041
25504
25921
26273
25568
25409
25409
24833
25665
25696
25985
32193
24896
24993
25825
24833
24129
23872
26305
25249
25793
24192
25313
25665
26049
25889
25761
26080
25057
26593
23649
25920
25633
25729
25729
25313
25249
25697
25984
27969
26017
25377
25889
24865
23521
26241
25824
26401
26849
24673
25729
25761
24801
25440
26529
25889
24352
25953
25505
24576
24961
24929
24225
24353
32161
24385
26113
26400
26113
25441
25249
25088
26913
25153
25825
24512
25889
24417
25857
25665
24129
26401
28417
23969
26017
25888
25377
25697
25825
26081
24129
26305
25921
25409
25953
24353
24449
26017
25377
25665
26049
24961
26625
26432
24640
24641
25569
24609
26433
24480
25953
28129
26209
24289
27009
24577
26113
24641
25857
26049
25985
26273
26049
26209
26209
26305
25857
25953
26625
28545
24321
25729
26017
25825
26177
32001
24705
24961
24641
27969
27553
23873
25761
25857
25793
24769
26145
25857
25664
26209
23809
25313
25793
26080
25889
25633
27361
26145
25889
28161
25345
25185
25825
25537
26144
25569
25601
24321
25761
31233
25792
25953
25889
25313
25121
24385
28097
26401
26465
26177
25089
24033
25665
25537
27841
25857
26049
26305
31777
26208
25281
26113
25121
28225
26625
26081
25985
26208
27233
25761
24673
23808
26529
26529
26401
24033
26177
24897
28033
28449
25505
25249
24672
24769
26401
25057
25601
26401
25345
25761
25664
26017
25249
26465
24065
26049
26017
25601
25377
24385
25857
23873
26209
24193
25473
25921
25793
25761
25985
26241
38721
26496
24545
25345
25921
25889
25665
24865
25665
25761
25697
25536
24065
24737
26049
25473
25825
25728
28065
26113
26016
27073
24705
24609
24609
26401
25921
25472
25889
25121
25761
25889
23904
25313
25377
25249
25825
25441
25249
27073
24480
25569
28001
31233
25376
26529
26305
26657
27617
25665
25409
25473
26465
29697
25921
26145
24033
26337
25857
25889
26529
26113
25825
25697
27457
25857
25281
25665
26081
25920
26081
27968
26177
26177
26625
27681
25857
24289
26145
24128
24705
26017
27905
25281
26273
26081
25153
26145
26625
28417
25857
24577
25729
25696
26529
25825
25376
25953
25697
25921
23937
25441
25728
28257
26560
25889
25697
27969
23809
25600
24513
25793
24097
25601
25761
25536
25281
25793
24864
23969
25825
25313
24865
25537
25953
24449
26273
24129
26017
25057
24673
25120
25601
26241
25569
28321
26305
28065
26561
26081
25153
26305
28929
26849
26337
26369
24865
26497
28385
26144
26017
26145
28417
28417
25729
26241
26177
26145
25729
28449
24320
25313
26049
27905
25377
26081
25697
25665
26113
26145
28161
28129
24449
26209
26401
25889
31809
25152
24481
25953
26432
28193
25665
25217
24288
26273
28001
26369
25761
28129
26177
26017
26017
24481
31873
26273
25537
25569
26913
24865
26145
26433
29089
26273
25921
28001
27713
25793
25921
24865
28641
25376
26305
26017
25153
28385
28257
28545
28417
24257
25920
28545
26497
26081
25601
26145
25921
25857
23937
26721
25665
24257
25889
25664
28001
25537
31905
25249
25920
24609
26145
27905
26209
26145
26145
28481
42433
25313
26625
26721
24737
26720
26305
26305
26625
26497
26753
26113
26817
26593
29281
26593
26400
25569
25921
25473
25217
26561
25121
26849
24673
25697
26048
25921
25889
23521
27841
26113
26208
26145
27969
27969
28097
26049
26177
25761
26241
25536
28097
26305
24225
25409
26177
25665
25793
25633
25792
25729
25889
25920
26465
25089
25377
25985
28161
25921
25985
23905
25473
26113
26048
26401
26401
26337
26657
24897
26209
29377
27905
28193
27489
26177
25537
25441
25505
25601
27809
25601
25633
24545
25569
24609
25953
24385
26305
27009
26145
26113
25857
26177
24865
25633
26369
26657
25537
25760
26401
28001
25633
26721
26273
27969
31745
24609
26433
25921
26177
25697
25312
25953
27777
25537
24641
26721
29089
25857
28673
26145
25953
24577
27841
24960
25537
25697
27361
25952
26113
24609
25120
28033
27553
26304
26369
24353
26241
28033
26113
28289
28705
25857
28129
28033
25857
26112
27937
28641
27713
26305
28769
26080
25633
25505
28353
28193
25921
31553
28480
26561
26113
25889
28353
26273
26145
24161
26113
25057
25921
26049
25952
28097
26369
25985
25856
24064
25889
27937
26241
25441
25985
25536
26113
25697
28161
26337
24832
26657
26241
24353
26784
25057
24705
27041
26497
26593
26625
26753
25889
25921
25312
26465
25249
26721
28897
26369
26081
26977
26369
26273
25921
24641
25729
25761
26241
28001
25505
25185
27745
25569
24737
24992
24833
28225
26785
25984
28289
24225
25793
24769
25953
26177
26369
25761
26241
25889
26273
26689
25889
28097
26433
25633
24768
25601
26209
32033
25697
24961
26209
25953
26529
25953
24320
26305
28321
25889
25696
28033
26049
25217
26049
27649
26081
26113
25377
26241
27841
25761
25825
25984
25889
25153
25664
26017
23713
24769
24449
26305
26337
25792
31745
24897
26145
26145
26369
24641
26848
28129
25729
25792
24641
25793
25281
25409
24129
25889
25729
25505
26081
24897
25665
25057
25633
24832
25793
27713
25761
25697
25825
26017
25057
25313
26016
25889
24833
28065
26625
25473
25825
25729
26081
26337
26433
25857
28641
26753
27201
26720
25857
26177
28833
25601
26017
31297
25153
25792
25953
26753
27809
26113
27777
25761
26017
26113
26432
27745
28769
25665
25697
25025
25920
25953
25984
27137
25473
25665
27713
25440
25505
26273
25761
25761
25857
25857
24865
26209
27649
25633
31745
24289
25313
25729
26081
28065
26112
25793
25633
25376
26305
26593
26209
25761
23969
25825
25889
26017
26369
25025
25953
25569
25441
24641
25921
27681
25665
25825
26177
25569
25825
25697
25441
25793
25473
28065
26593
26337
25569
25857
26624
26113
26113
25857
27937
25825
25537
24577
24513
24929
26017
25921
26241
32161
25665
26209
26049
26465
26017
28385
26561
27393
26209
26113
26529
26880
24737
25953
25953
26273
27649
26337
27969
25249
28641
25409
26049
26017
25825
25569
25761
27809
27745
25761
26497
26401
27809
26177
32097
24385
23873
27041
25537
25536
25985
26369
25761
26433
25857
26241
24864
26017
26849
26016
26401
24449
26593
25761
26913
24289
24033
25857
25696
26401
26369
26273
24097
26945
27745
24897
24448
24353
26145
29857
26081
25697
25185
25665
25856
26593
25217
25473
26048
24353
26049
28640
27841
25793
24417
28001
26081
26144
25889
25889
25856
26081
26305
26049
25377
25633
26017
24897
27041
28321
27905
26016
26145
26337
29025
25696
25057
24929
25696
25153
26593
25952
26305
26305
25825
28545
31873
24609
25857
26145
26017
26561
29217
26017
24225
26049
24384
26049
26145
25665
25377
25057
25985
24448
24865
25697
26112
25921
27425
44609
24385
26209
24737
27649
25857
25953
25665
25697
26785
25953
27873
26017
25761
26177
25889
26657
28417
25760
25409
26497
26145
25921
25313
24481
26369
25121
25185
25793
26273
26369
25857
25985
25153
26049
26945
26017
25889
24833
26305
27873
26049
25057
28577
26529
24417
25825
24961
26561
26625
25921
25409
26497
32417
26337
25633
25793
26337
26977
26465
26433
26241
24673
26593
26113
26048
26433
25921
29185
25888
28417
28225
23649
25313
26016
26625
28417
28097
24289
26240
26113
25313
25856
25985
26401
26464
24385
24865
32225
25441
25473
27841
25857
25920
25760
26305
28417
25824
25729
25441
26176
24481
25185
26784
26273
25857
29953
28033
24065
25952
25153
26529
24609
27681
25249
25313
26112
25473
26113
27809
25953
24353
26209
25665
26049
25632
24961
24769
25345
25377
25984
25409
25697
27905
25953
24513
25569
25665
25697
24065
24801
40257
24225
25793
24481
24384
26209
25313
26656
25665
25857
26081
24225
25249
25569
25761
26273
25249
26369
28129
26209
28257
25792
25857
25921
28417
24993
24929
25601
28385
25377
26305
24320
26145
31649
23744
24545
24481
25825
27521
25409
25409
25345
25121
27457
25761
26177
25729
25825
25824
25889
26497
26528
26049
25665
25600
25537
25985
24001
27969
27969
25857
26081
28193
26497
25697
26305
25472
27969
32226
25441
27873
25953
25728
25889
26177
26913
26273
26401
25985
27041
26241
26497
26305
26433
28353
27873
26753
26177
26177
24513
26177
26177
24769
25985
23489
25985
24641
25185
26305
25409
26945
26369
25729
32321
25121
27649
27905
27777
26337
24993
25729
25985
25985
26401
26497
28129
26017
24993
25345
25537
25505
24256
26209
26401
25441
24641
25665
24449
25569
25505
25409
24289
24449
25344
24833
26625
28033
25345
28257
24929
25473
24193
25921
25697
25792
24289
25537
24513
25761
26433
26432
25345
26529
25888
28193
26145
28129
26689
25665
25280
24705
24193
25761
25953
26273
27873
25249
25025
26113
26017
25920
27905
24993
26081
25792
24769
25665
25697
25473
26081
25729
24961
25024
26017
25537
26177
25985
25441
26816
26401
25569
28641
24609
25441
24353
25665
26208
28161
25793
25729
26433
25569
27969
25985
25505
26113
26625
26593
26081
26113
26081
24704
25985
25761
25344
26433
24737
25568
25537
25889
26081
27777
25665
26017
25441
25920
31297
26081
27873
25856
27297
27969
25345
27809
28257
25344
25569
25889
26017
25825
25057
24353
26273
26273
26912
24897
24705
25985
24833
26081
25729
25121
25697
25569
24865
25921
25729
24320
24609
26305
24481
32545
24929
24801
26625
24065
25441
25345
26529
24929
25952
24513
28193
28289
24417
27969
25761
25505
25376
24417
24384
24737
25441
27937
26465
26017
28161
25665
24961
24225
25217
25825
24545
27649
24193
26113
39681
27073
26945
25985
25569
25825
26209
25121
25793
25921
26145
28257
26273
24289
25665
26785
28385
26080
27841
25953
24161
25377
24225
27936
25121
24929
26049
26593
25825
26305
24577
25921
24960
27905
26657
48065
25920
25889
24961
28385
26369
25793
27681
25409
25793
25889
25953
24641
26496
24673
25249
26177
26081
32225
24577
25985
24545
25761
25281
26209
26401
25665
25729
28001
25857
25377
25888
25729
26721
26145
26305
26945
24704
26113
25889
26465
26017
26113
26593
26689
27137
26528
26529
26561
26209
26049
26464
25025
32929
24640
26433
25729
25793
25889
27841
25408
25921
24577
25313
27617
25633
27745
26017
25633
26113
27937
26305
26017
25953
25953
25921
25632
26401
25921
25729
26241
26145
26209
26176
25601
27745
28641
25921
42081
25057
26433
25153
26048
24929
24993
26017
24769
26081
25569
28801
25057
24769
26369
25281
26433
26433
26049
24577
26337
26081
25665
24129
25921
26049
26145
24864
26113
25569
25249
25313
25537
25569
25632
25377
31266
27553
25633
25729
25889
24417
26272
27937
25505
28321
26561
25313
26528
26081
25601
26273
26081
39073
26625
26497
25505
25953
26272
25953
24321
24384
25185
25664
25345
26241
28161
25696
25505
28033
25696
31585
24417
25665
25569
24481
24321
28257
25697
26209
25441
25792
25537
27649
26593
25697
27745
25857
25825
28257
25920
25313
25505
26081
25441
26593
25921
27457
25473
27969
25569
24449
24449
27841
28193
25857
32097
24736
24801
24545
25857
24032
25793
24961
23809
24737
25921
25537
25024
25249
24737
25633
25697
26305
24897
25121
24929
25921
26689
25921
25441
24865
28193
27713
26113
25409
25473
25664
24929
26273
27425
41633
25697
24545
26209
25729
27969
25472
26209
26305
24992
27969
25345
24352
27649
25153
25025
27489
27905
28449
24385
25697
24960
24289
25857
24352
24193
24801
26273
25537
28161
25953
27393
25632
24065
25537
24928
26241
27841
24481
24609
24641
25889
28033
25761
28321
25761
27969
26273
28257
26465
25888
27969
25505
29825
26209
28577
25761
27873
27713
27681
27777
27649
25793
27809
25665
24225
24673
25921
25729
24545
25441
25377
25121
27809
28033
27969
27937
25697
26049
25313
24641
25537
25313
24961
26177
25153
24609
25025
47713
25089
25985
24865
26785
25025
26017
25249
24609
25345
24097
24833
25025
26305
25729
26113
25633
25921
32257
25569
24257
25729
25761
25601
24513
25793
25889
25537
25857
25569
26337
28385
26465
24736
25057
25729
26209
26081
25633
25953
24641
25889
24577
24000
24705
26081
24768
26241
25505
25633
27777
25504
24353
31810
25057
25281
25697
27937
26657
24576
25345
24993
25793
26241
24897
26849
25889
26433
27489
27072
26529
27169
25281
26112
24673
25889
28353
26497
26273
25024
26145
27841
28161
25440
25345
25249
24961
25665
43170
24705
26785
25953
25857
25985
28481
25568
26849
26561
26145
26048
27617
28385
25729
28385
26497
26433
31553
27905
26209
25825
24609
25345
26081
25505
25281
24289
25345
25473
24353
27905
25985
26272
24801
25889
26241
24545
25441
24705
24865
25953
26465
26145
25985
26209
25984
25472
24929
25793
24320
24065
24833
32577
24993
26368
25985
25825
25376
25729
25313
23968
25089
25633
24865
26497
28001
25824
28449
24961
26465
32385
26657
25921
24512
25953
24577
24576
25441
28065
25601
24641
26241
25696
24961
25825
25825
25729
25409
26209
25569
28225
28353
28289
28129
26017
25985
25505
25665
24033
24257
25888
25857
25665
25601
25793
31777
25185
25377
26145
26113
25857
27969
27297
25088
26145
24449
26049
25985
25601
24545
28033
25761
26081
25025
25857
25569
25697
25792
25537
23905
25664
25633
24641
24449
25313
26305
26241
28129
26081
26304
24609
26625
26401
25377
25153
25345
23872
25921
24641
26593
24353
26145
26017
24897
26465
26529
25377
25921
31809
25985
27809
26720
24449
25857
25120
28417
28417
26144
26721
26465
27777
24833
24641
25857
24257
24640
30017
26113
25761
26145
28609
25601
26273
25601
26017
26080
25569
25217
25313
26497
24481
26337
25953
39265
24641
26817
25793
28097
25312
28289
25537
24673
26145
25953
26209
26656
26497
25953
24801
26529
28481
31681
26721
28801
26401
25953
25761
24417
28097
27809
25665
24608
24641
24897
24577
25761
25633
26080
26560
26305
23937
24577
25505
26080
24801
25441
26272
25825
25313
26497
25505
27905
26241
25825
25377
26049
30913
24960
27937
26369
28033
27969
28065
27521
26336
28225
24577
25793
28001
25761
24352
25665
25409
27809
28417
26113
27777
25537
27489
25889
28353
25377
24609
24833
27905
25441
25472
24609
25569
25792
25793
32033
24481
26113
25601
25217
25537
25985
25537
23937
26305
25601
25825
25697
26177
25792
25953
25985
26081
26497
25697
27553
27649
26273
28385
23712
25569
24929
25153
25089
25313
25857
24865
25825
24417
25185
38914
26145
25665
24033
24897
25537
24705
25505
26240
23841
25441
24225
23713
24256
26113
24865
25920
25857
27905
25857
25665
24289
26113
25569
24641
25633
24993
25889
24737
25088
24513
25377
24833
25633
25601
25345
24641
26113
25345
24705
25825
27873
25953
25697
28001
24481
27457
26273
28385
25697
26497
27937
26945
28001
24480
25825
24609
25920
26433
24481
24576
24289
27713
25473
25665
25728
25825
24545
25600
24001
24353
47458
25025
25152
24897
25601
29217
25025
25697
24897
24353
25985
24257
26337
25089
25089
26048
25697
24897
25889
25985
24640
25249
24449
24353
26369
25665
25665
27905
25825
27841
25825
27969
24545
24865
24032
31521
25729
25345
26401
25505
24736
24193
24385
24801
25825
25824
23681
23905
25729
25089
24512
25505
24513
27873
25153
25857
25889
25185
24545
26017
25729
25505
26305
25569
24417
24801
25857
25153
25825
25281
25185
24929
26177
24513
26305
25249
24737
25345
25441
25409
26177
28193
25729
25121
25025
48898
25697
26433
25857
25792
24961
25281
25185
25249
25377
27777
25441
24417
25857
26017
25344
23617
24353
25249
47138
25408
25953
25697
24385
24641
24481
25249
25729
24577
25089
24224
25121
30593
27681
25409
24929
25601
25729
45985
24993
25153
25345
24480
25377
25409
23648
25857
24321
24481
25569
25473
25281
27873
24801
24352
24577
30369
23392
24449
25761
24160
26145
23872
25505
52002
27873
24897
23809
25601
25505
24321
25120
25313
25825
28001
26177
25633
24705
26113
27649
24801
26017
24224
24417
23873
24673
23937
25729
24065
24032
24289
25569
26049
25472
27329
27617
25280
27521
24545
25184
24737
25153
24609
25473
25345
24161
23969
25408
26145
25697
26817
25473
25377
24257
25345
23937
24321
27553
25600
24065
25345
25473
26049
23841
24993
52129
27233
27105
25184
28225
25921
26305
25505
26177
24512
25537
24129
26081
25409
27297
25857
24672
25857
24609
25665
27713
25953
27457
25665
23616
25825
25825
27745
25537
25505
25568
23393
25761
25505
27617
24225
26081
28705
26049
24032
25345
25249
24193
27297
31489
24417
23744
25473
24385
25473
27777
24992
23969
25793
25216
24065
26049
26241
25281
26753
25825
25504
24257
24352
26241
25569
26528
26465
25505
24480
25729
27873
24929
25665
26049
27841
26081
26369
28193
24224
24801
25313
25600
27969
25569
27617
27617
25953
25089
24384
24961
28481
27873
25793
25217
27649
26017
25473
27457
25280
24481
26145
24225
24353
25696
25857
24865
25760
25153
31713
25121
26177
24705
25633
25569
25569
24321
24096
24865
25281
25825
24417
24576
24416
24769
24801
62562
28353
25089
23681
25601
29473
26849
25985
25857
25633
23936
26049
25185
25825
25728
27841
25761
25568
24673
25600
25697
25025
25249
25761
24384
25441
27873
25536
25665
25121
25505
25665
25697
26753
27009
25793
26401
24161
25953
24065
25409
25729
25121
25249
24801
25184
25409
26049
25600
25185
24417
25984
25153
31297
23745
25856
25601
24704
24417
25888
25569
25185
25377
25633
25376
26017
26081
25152
25441
24545
25569
25025
24704
25089
24417
25408
25729
26049
25888
27169
24801
25473
24001
25761
24673
26017
25761
25633
24865
25985
23905
24545
25185
27937
25985
24929
26016
25056
24513
26081
25441
25600
25377
26017
25505
24833
28577
24865
25921
25217
27809
27329
25985
25472
25697
27137
25600
25441
25313
25216
24929
24864
25601
25729
31361
24737
26016
24065
25441
25601
25665
24608
25793
25857
26048
25249
25601
24737
25089
26145
25793
24961
26017
24353
25953
25184
24865
25569
26208
26113
25761
25825
25889
25729
25665
24768
24897
25985
26081
24481
26241
25633
26016
27809
25185
26369
25249
26369
25697
26017
25664
25857
24705
25697
24865
25440
25569
48705
25665
28097
26017
27841
27457
28257
27969
27649
27841
25569
24161
25089
24993
25793
27777
27905
25121
27649
25665
27969
25793
24737
27489
28033
25568
25793
27425
23873
24481
24737
25569
25857
26016
25793
27745
26016
25377
23681
25569
24353
25761
27553
25473
24128
25473
25569
25569
25377
25505
25089
27777
27425
25505
25696
24065
25633
25953
25953
25696
25729
25633
25761
24769
28417
26273
25504
27681
24737
25504
26145
31137
24673
25697
24609
25473
25441
26433
28001
26273
27872
25441
25729
27744
27553
25921
23585
25473
25409
28417
25793
25633
27713
25281
26049
26113
24737
26561
25057
24449
24641
25440
24257
24353
23873
25793
32225
24033
24289
24193
25185
25761
23137
26721
24385
25345
28129
24832
24097
27745
28001
24225
25409
25312
25121
25217
24193
25921
24480
25121
27873
27393
23265
23841
23072
24321
25121
25921
23553
25665
24897
29697
24320
25121
25505
24064
25249
24193
25921
24353
24449
25344
24225
25921
27713
23521
24929
24353
24545
28065
24481
24576
27649
25633
24576
23937
25217
25633
23969
24352
24449
23585
24449
25313
25377
25441
26049
25729
24705
25569
24865
25345
25729
24896
25217
25441
25248
25057
25345
24096
24193
26017
25665
24385
26433
26561
24128
25409
25825
23873
25441
24128
26433
24769
24129
23873
25761
25153
24481
25505
25761
25601
25120
26689
27521
24801
28065
25473
27136
24289
25985
24673
25569
24833
23776
25185
25537
25185
23073
25761
40962
24673
24737
25664
25537
23809
25761
24449
24545
24385
24033
25056
25377
24033
25281
27713
25536
25185
31457
24385
25025
27809
25761
25729
25921
25953
26048
24417
24897
24641
25569
23617
26017
27713
23680
25217
31297
24993
25056
24193
25729
24097
25217
27937
24385
25377
24449
25313
25537
24481
25121
27745
24641
24513
28577
28321
25921
25697
25057
24961
25600
25313
25473
25761
25345
25345
24193
24449
25697
25729
25601
25953
26497
26113
25505
26113
24705
25729
25409
25184
25121
23585
25377
25633
27329
25601
24993
25601
27713
25921
25953
25409
26081
28161
24224
25377
24001
26305
24321
26081
24577
25601
23968
28193
27489
24672
24449
25025
26465
26337
25729
27617
24609
25185
27969
27713
25473
28001
28833
24961
26049
27425
23809
28065
26273
31713
24449
28001
28097
27873
24257
25505
25313
24161
24449
27553
25569
25505
26273
25857
25313
25953
25921
32001
24897
26049
25409
24129
25121
27937
25665
25057
24705
24513
25249
25857
25089
27681
25601
25473
25280
32193
24288
25601
24001
25696
27681
25473
25249
24577
25184
25313
25345
24737
26017
25377
27137
25153
25409
25633
27617
25568
25345
25729
25601
27969
27553
27617
27617
27905
25568
27649
25601
25217
24225
25440
28193
26529
26305
25697
24929
24641
26017
27169
24929
25473
25601
24289
24481
24160
25889
24225
25185
26593
43233
24577
25153
26145
28065
25537
26080
26017
25697
27905
25697
27809
25473
24289
24513
24577
24993
27969
31713
27681
25472
27393
23873
27937
27553
24769
24448
25345
24385
24769
24481
23616
25217
25697
25569
24481
27777
27745
25729
25857
23681
25601
25377
24608
25697
24705
23616
25537
25377
23713
25825
25185
24097
24640
25728
24257
23745
25537
24449
24288
24001
25313
26081
25825
24897
24384
25569
24161
24705
24161
25793
25345
31297
27777
25729
23713
25185
25121
23937
25664
24001
26497
27329
24161
23969
25377
24097
25569
24481
24801
28033
25345
27553
25729
25569
28097
26305
23745
25569
24673
24897
25281
26209
25857
24705
24865
24833
25761
28417
24705
24641
27809
25792
25249
24417
25505
25633
24193
23649
23840
25569
27233
24417
23841
24193
24417
26177
26144
25761
25505
26112
28481
25441
25953
24256
25569
25536
25761
24961
25185
25921
24992
25761
29121
24449
25121
24417
25697
25152
24193
25697
25345
24993
25761
25473
25025
26080
23713
25537
26177
23809
31809
24641
25857
25889
27745
27745
23808
23969
25280
25601
25569
24449
24385
24193
25921
24640
25313
25121
26177
24833
25792
28001
25633
25632
25857
24993
26080
25313
24385
24705
24193
24449
24161
25697
24865
25953
25121
25345
27617
25313
24449
25729
25888
25313
24545
25569
25761
27585
25473
25665
25761
24097
58626
24769
26273
25505
25569
25665
25697
25345
25857
24257
25537
24385
24993
24865
24833
25729
27649
24801
27201
30785
24544
24705
25313
24353
25633
23872
24289
25761
24128
25633
24225
25857
27553
25408
27521
25921
28033
27872
24129
24033
23713
25889
25056
25409
27457
25857
27841
27713
24705
25473
25409
27969
24193
25153
25985
25441
25601
26081
25249
28289
24481
26145
25793
25537
23969
26017
25664
27777
23937
25761
25345
24896
28097
25537
25568
25537
28225
25537
25793
25697
26017
25697
24512
26145
25825
25953
24705
25889
25217
25345
37889
25792
23873
27425
28033
27873
23745
25537
26305
28097
25665
26177
27553
25025
27873
25249
27265
27777
31713
24513
24993
25185
23969
25377
24353
24064
25793
23745
26241
25409
23745
25185
25345
27617
25121
25377
26177
25537
23457
25537
23489
25665
25441
25409
28097
26145
24608
25665
25185
24161
27873
24673
26049
28193
26209
24065
25665
25345
25729
25057
23937
25377
27969
27905
27585
27585
26049
27841
27488
27361
27393
28097
24769
25857
27297
27585
25537
28193
27809
25313
25537
25473
25665
26337
25280
25601
25248
25665
25409
31681
24769
25121
23681
25153
25441
25441
27041
25505
24864
25345
26145
25281
26017
25953
25313
23841
25153
25121
27489
25024
25537
25633
27585
25664
28033
25025
25249
25441
27873
25665
25377
25281
25249
25217
25281
25345
27969
25953
27649
25985
28385
25569
25697
28033
26145
25601
24225
25601
24929
24289
27841
28321
27745
26337
25441
25312
25729
24513
25121
25825
24897
25184
24449
24193
25889
25697
25152
25217
25313
27745
43266
25184
24481
25569
24545
25537
25473
25473
25473
27105
27872
25121
24609
24865
25761
25088
25057
25473
31425
24288
25697
23776
24961
25505
24353
25601
25056
27457
25313
28033
26113
25441
25888
25889
27713
27361
31489
23905
25665
27425
25505
24897
27425
25409
23713
25249
25537
25345
25345
28001
25728
25569
24801
25249
25985
25665
25344
25185
27393
25056
24417
25153
27521
27681
25345
23905
25601
26017
25953
27553
25344
25185
25505
27553
25601
25057
25185
25249
25088
24897
25089
27393
25985
25473
25217
27777
27873
25313
27553
25409
27969
25537
25537
24385
25761
25185
25249
25697
25505
25185
25152
24129
25185
25953
24321
25025
25601
24320
25601
25377
25121
25377
27841
25665
25153
25505
24865
24928
25569
27457
25185
25441
25601
25569
25665
32226
24897
25377
25760
27841
25633
25537
24801
25313
25345
28001
25185
25569
25153
25473
25377
27969
26017
30721
24481
26273
24609
26017
25024
26913
24897
25472
26145
27489
25312
25601
27649
25281
27361
25569
24545
30817
25793
24000
27777
25377
27425
25025
27265
27745
28417
27809
25345
27489
24065
24256
26177
25249
25025
24448
25313
25537
25153
25377
25153
27713
25409
24609
27777
25377
27393
27745
27649
27392
27521
25441
24129
27937
25153
27777
25793
27233
27360
27169
25345
25665
25505
25441
27968
27617
27265
25440
27521
25697
25760
26177
25537
26081
25057
25313
25185
24800
24385
27713
27841
23681
25249
27969
24992
27969
27617
25281
48642
24961
26241
25569
26017
25697
25281
25280
24705
27777
25569
24449
25153
25409
27361
25857
25153
24449
31361
24417
25473
28033
25345
25537
24193
25440
27649
26273
27777
25025
24673
24865
28097
25697
27841
25313
28673
25665
25121
25473
27296
25761
25537
25825
25345
25152
26113
27489
25697
25089
25504
24993
25440
25665
26081
24481
24353
25057
25152
25025
25121
28033
25185
25697
24897
25185
24001
24033
25121
25249
25856
26177
25921
25441
27393
25921
23969
25345
25505
24097
25537
25217
23584
24385
25697
25697
25569
23969
26273
39425
25697
26017
24993
25473
23873
25088
27713
25793
24257
24321
24544
23617
23649
24128
24513
25184
24641
31137
24897
25633
24481
24097
25569
25121
25505
27969
25441
25441
24865
31489
25793
24481
24128
25665
25697
25761
24065
24161
25536
25281
27617
25889
23969
23648
24257
24097
24608
23937
24417
23553
24449
24481
28097
24193
23872
23713
23841
25025
25665
25153
25504
25889
27297
25281
25857
28065
25857
24385
24449
25889
25761
26880
24705
24833
25121
24352
25793
25601
28385
25633
28193
25153
25280
25793
27841
27681
25313
25313
38881
26017
27969
24129
25025
25697
25697
24929
25441
25441
28257
25089
27745
25281
24993
25729
25889
25377
31714
25313
25249
23777
25473
27553
25857
27681
26273
23585
24641
25249
28225
27681
26145
26817
25473
24481
26081
25409
25856
25664
25889
27585
27424
25377
27393
25537
25633
25473
27489
24225
24896
27905
28289
24449
26305
24896
25057
25761
25249
25281
25184
25217
25697
25185
24769
25152
25089
27297
25857
24673
24832
27137
25985
25089
24416
27233
25345
25857
27489
23584
25601
24897
27937
25888
25889
25313
25505
24897
25152
39266
24577
27617
25825
25153
25313
27841
25153
23713
25825
24385
25857
27649
24897
25313
24161
25569
25889
31009
24833
25185
27745
27617
25409
25409
25825
23841
25057
25025
25536
24161
27937
25184
27745
28257
24608
31905
24896
25761
24865
27873
26209
25089
25249
25313
24993
25504
25281
27745
25825
23873
25089
26081
25057
28321
27585
25313
23905
25345
25345
27681
25313
27777
25728
25185
25089
23777
25281
25569
25601
28065
25153
25441
25665
27809
26624
25793
26273
25441
25889
26177
23617
27553
27393
24608
28225
26145
24065
24960
32225
25376
25825
27137
27425
27649
27553
23904
25793
24449
25728
27777
27521
25505
24257
25313
25665
25665
30849
25793
27137
27809
27457
25601
25153
25505
27489
27489
25089
27297
27905
27425
25057
23969
25185
27649
32065
26177
27905
25825
25761
26465
27169
26049
27489
27265
27873
25889
27553
27457
27361
24449
25825
27681
25825
27681
25697
25217
25505
28001
25921
24801
26049
24257
25281
25921
24609
25825
25473
28257
27681
25441
26049
23777
24385
24512
23905
25216
25633
24961
27297
24417
25824
25569
27777
25729
25921
27521
27681
27297
25057
25793
24417
26401
25665
25857
24577
27553
25473
27617
25633
25536
25985
27905
25761
25345
24289
31873
23873
23553
26081
25472
28353
26209
24640
25601
26465
25633
23905
28001
27841
25153
25761
25825
27809
26016
24385
25697
25921
24673
26368
24577
26369
25537
26433
27809
25409
26145
27776
26209
23937
24481
24545
25889
25601
25697
27617
24577
22977
27681
27969
26241
26177
25601
23361
25569
27649
24160
24545
27777
24065
26401
25889
27841
26977
27169
24225
25793
24961
25153
24993
24192
27553
24321
23873
23937
24641
27617
31873
24481
25697
24193
24321
24033
25568
27713
31937
25889
27937
27585
25984
23937
24705
25665
24353
24800
26112
27681
25441
25249
25217
24577
24577
25377
25633
25120
25729
27329
25665
24641
24417
25825
26241
27777
26273
25761
25729
25633
24833
24481
25985
26145
25697
25377
25952
26209
26561
26145
25601
25377
28001
29473
26305
25665
25537
25697
25889
24097
25409
26272
24033
25185
25697
25473
24544
26113
24193
26113
24033
31937
24064
23841
25121
27265
27777
25473
27393
27713
24193
25857
27937
27585
25057
24609
25473
27553
24161
24577
23136
25409
24769
24321
26145
28481
25889
25601
25601
25537
25249
25377
27361
25601
24609
25792
27489
24385
25505
27713
28161
25377
24865
27425
25153
25792
24609
23776
30785
24545
27841
27265
23841
25313
40322
28801
24192
24129
25793
25921
24385
25921
25761
25281
28257
25601
25601
24064
25761
25761
28257
26305
32225
24929
25953
25793
25376
27969
25537
23680
24065
27425
27585
25377
26145
25569
27521
27681
25728
25089
25857
25665
24449
25121
25120
24897
25440
24385
26081
25825
25345
27553
27521
23649
25249
28545
25408
25729
24001
24001
25600
25313
27809
25473
27873
27553
25953
25377
27969
25409
28033
25601
24865
25793
23680
27393
25793
24289
25601
24801
28161
23776
24001
24992
25921
24545
25761
27969
24801
26017
26049
24257
26080
40962
24897
25825
25921
26017
26113
25025
25569
24417
24481
24513
26145
24897
26561
25569
23904
25921
27425
43649
25473
27361
27713
27137
27809
25632
25377
23745
27489
25921
25249
28193
25281
23329
25377
25825
25825
27777
25985
25473
25857
24672
25569
25569
23841
23585
27521
27745
27681
27937
25313
25345
27585
27649
25409
28097
24225
24000
25889
23264
24961
27553
27521
27585
24993
27680
25121
25985
26177
25376
23553
25313
24385
26081
25825
25408
25025
24257
24577
23649
23809
24609
25185
25569
27841
26113
25280
25121
24449
26209
25441
26401
28641
25536
24225
26433
25377
25921
25665
25601
25185
23392
27937
25921
25569
25889
23841
24033
25569
25089
26177
25377
26049
26113
24577
24129
27297
27745
24705
26113
25792
25409
24353
25761
28161
24704
32385
28577
24161
27489
25857
25889
26337
27617
27713
23905
25249
23840
25857
26017
25921
28225
25761
25185
28033
25889
27745
27553
25281
25729
27361
27425
27777
23553
27905
27905
27873
23456
24705
25537
28289
40673
24385
25921
27969
24737
25985
28289
28161
27841
23809
25953
25345
28033
25985
23969
23969
25217
27360
31713
24704
25633
24193
24032
25985
28065
24865
26145
26241
25409
25889
23553
26145
24993
24257
23488
54818
25184
24129
26113
25792
23937
25249
25441
24897
24129
25792
26273
25121
25089
25345
25793
25185
25697
25184
26561
24993
24033
52257
25536
25473
27649
27713
25121
28033
25697
25473
24257
25632
24129
24065
24449
40833
24641
25697
24001
24449
24449
26145
27617
24577
25825
24737
25601
26209
26497
25857
25473
25665
25057
28576
28449
25825
26049
26305
24481
24737
24225
25825
26272
25761
25793
26208
26081
25857
26145
24865
24896
28961
25505
25505
25440
25601
25505
24833
25729
23744
24161
24129
24097
28001
24769
25057
25409
25728
24097
25857
25569
25856
25633
25409
25856
25729
23745
25793
28065
24960
24385
25761
27649
25441
25825
24417
25793
25601
24672
25569
26273
24256
25793
25217
26017
24385
24513
26145
25665
26496
25601
26401
28097
24737
27905
25889
24609
27873
25568
24417
25377
28033
25729
26209
25984
23969
25312
26337
25473
23841
25601
24161
35874
25025
25537
24737
25313
25760
26209
25793
24960
24385
25473
27297
25825
27841
25345
24065
24353
24417
31809
25313
25825
24609
24192
24385
24480
26145
25601
24225
25185
24065
25601
24801
24704
25313
27905
25921
28481
24129
25921
25377
25281
26337
27841
24225
25665
24161
24321
24033
25441
24161
23744
24321
24289
23905
25312
24064
25249
27841
27777
25569
27425
24769
24257
23937
25441
25505
23584
23425
23648
24065
25089
23809
26496
25153
25889
23872
25633
27745
24577
49794
26369
25217
24480
25793
23105
24257
23585
24833
23585
39905
28705
25601
28001
24321
25185
25633
24545
25729
23969
23904
23905
24385
24481
24097
24257
24705
27585
31266
25409
25793
23937
24129
24192
23841
23777
28033
27329
24705
23456
24129
25089
24449
25601
25569
25249
25377
25473
24129
24193
24449
27841
23521
24769
23616
24865
24641
25121
24353
24320
25313
24032
24097
25281
26145
23873
25121
24801
24257
25281
23905
23873
24993
25409
24864
25441
24640
25185
24353
24865
25857
25473
25921
26113
25345
24161
23713
23297
25153
24321
24161
24385
23617
25536
24481
23616
23553
24704
24353
24768
25984
24257
24384
25569
23329
24929
24385
23681
24065
24545
25601
23873
24673
25697
24769
25697
25440
30081
24129
23873
25601
24289
25665
23905
25633
24001
25729
25505
23809
25760
25985
27713
25185
24865
24865
31745
28193
27617
25729
25760
28065
24481
24769
23937
28161
24065
25057
23969
27585
24865
25761
27681
27777
31041
24608
24513
26497
24096
25089
23616
25185
24225
24352
25217
23905
23969
24385
23648
23489
27329
25409
24385
25409
23776
27393
24833
25537
23649
24929
25121
33633
24481
25313
32161
28161
25633
24449
25441
23840
24417
25825
23840
28417
26177
27745
54434
25249
25569
23872
25217
25025
28289
24449
25472
23585
25473
25377
25281
24545
25569
25281
25537
26977
24129
24641
25665
25665
24864
25985
25281
24097
23904
27681
25473
27553
25601
25153
24416
23585
24257
23681
25185
25281
25248
25761
25025
28385
25761
24865
26017
25953
24353
25409
25185
25217
23457
25057
25249
25601
25089
25377
25120
25217
27681
26081
26081
25441
25216
24577
27713
25473
24257
26337
25312
23873
24097
24289
24961
24289
23841
23873
24832
25792
27649
25569
23808
23360
25441
24385
23745
24961
24417
25344
24289
25537
25345
27457
25025
25121
25601
26209
25441
25377
25760
24001
25441
24929
27585
23841
23361
25376
23681
24961
25345
27329
24800
24865
24225
25441
25408
25249
23585
25089
27297
25633
24289
25121
25089
25441
25729
25473
27265
24992
25121
27489
27361
26336
24129
23937
25537
28065
26081
27681
25376
26017
25569
23937
27201
25345
28161
25857
23553
27457
28257
24641
24449
25697
28161
25377
25601
25217
25312
28449
25697
24161
25409
23488
23905
25728
25409
28193
31361
24289
25696
24417
24577
25600
27297
25057
23457
25377
25953
27457
25633
24705
24801
25313
24993
25025
29921
25568
24577
24065
23905
26145
25121
25953
25952
24065
24417
28513
24225
26017
25569
24257
24768
27681
25441
23937
24929
23393
23841
27392
27905
25665
25121
25473
25313
24256
24385
25633
26241
23649
24065
25440
26017
24512
24833
24833
24033
25569
25377
25344
25409
25601
24961
25185
24960
25281
27905
25729
25089
27745
28609
24321
25761
25601
23969
24353
27265
24065
23872
24065
27297
25568
27809
25569
24833
25505
27489
28449
25568
25217
25121
25153
25441
25952
24801
24289
24929
24609
25184
25729
25921
23585
27713
24033
24641
29569
25889
25793
25697
24929
24289
25505
24192
25089
23425
24416
25345
23585
27937
24353
27553
24929
27617
28257
27553
25377
24417
23553
25281
27488
24769
25185
24193
25313
25377
25473
24512
25793
27009
24193
23233
27841
25633
23809
23520
24961
23361
24608
25313
24737
24768
25793
25441
24320
24449
25825
25345
25537
43553
25185
28033
25281
25537
27617
23872
25057
27713
25697
25121
25184
25313
27424
25313
25281
25505
27425
31490
24448
25281
24801
24161
23905
25281
24833
27553
26081
26017
25185
25473
23713
24993
25633
25569
23905
28737
25569
23712
25121
25568
25377
24161
25409
25313
25185
24801
25185
25313
24161
24737
24225
23297
24353
31681
24481
24673
25089
25153
25313
25601
25537
25313
25089
27649
25025
27361
24065
24993
27873
27297
25537
31457
25313
27041
27233
25441
25313
25217
27617
25377
27585
28033
23201
24352
23649
25601
27265
25505
25504
27905
26145
23489
24064
27937
25441
23520
27521
25537
27521
23233
23841
25409
25697
24704
27937
25185
31937
25441
25729
23937
27073
25249
26017
23713
25025
27809
25440
25697
25537
27489
25697
28001
25185
25537
27617
25665
25569
23713
26849
25761
25025
25600
27617
25633
27361
27745
27521
27489
27585
25825
24225
23681
27649
27649
23392
23841
24449
27137
25537
27297
27649
25473
27265
25857
25313
24993
25505
24800
25473
24992
25633
24929
22977
25217
24289
25921
24865
24641
25057
25089
24801
23777
24449
24800
26977
24513
25793
23713
25409
25185
23329
24673
24641
25473
23552
25281
24897
24001
23937
25024
25057
25025
24929
26977
25505
31521
24641
25377
27713
23681
27969
24161
27297
25280
25761
25793
27649
25153
26977
25025
24897
27585
25377
31746
24673
27937
27745
25281
25377
27649
24385
27329
27425
25537
24577
25345
27297
27617
25761
27169
25473
25825
25249
27585
25953
25345
25313
24896
23873
25121
25632
23585
25472
27361
25633
25281
27841
28033
27105
26241
25313
23872
25025
27297
24961
24033
25569
27777
25025
24960
25377
24353
23009
25025
25600
25601
25025
25825
27552
25409
27201
25600
25761
25313
27233
25889
24160
25153
26145
25824
27521
25377
23873
27905
25793
24673
25473
23713
25505
27521
25953
25537
26209
24033
23905
25217
27425
25185
25409
24001
25312
25793
31649
25889
25697
24385
25441
25057
24865
25729
27649
25889
27489
23521
24001
25537
25313
25345
25505
27713
31361
25889
24321
25601
25377
25697
23841
24737
25665
25473
25185
24193
25185
23776
27233
25729
24641
26241
25760
25473
25569
27137
27457
27329
25025
25312
25825
27393
26049
27457
25665
24033
25089
27489
27361
31521
26209
24320
24609
25313
23969
23937
23840
25409
27393
25345
27521
25248
23169
25185
24064
25697
25505
25665
24897
25121
25280
25216
25409
25601
25505
25665
25313
27137
25441
24705
25729
26273
28193
25601
41186
25825
25569
25441
26113
27585
25377
28033
27808
27553
25633
25057
25473
25312
24193
25633
27873
27297
23809
28033
27521
25473
24481
24481
25825
25185
27297
25952
27105
27457
25441
25729
24673
25217
25728
43521
25409
25633
28193
26113
28289
28257
25024
23777
25601
25441
24289
25473
25953
26497
24961
24865
24801
30849
25921
24192
25025
27777
27969
25472
27457
28065
27265
25761
25216
27745
25473
25697
27713
25569
23681
24737
27841
27265
24736
25473
24480
27393
24129
25089
27713
27937
24001
25280
27681
25473
23488
23969
44130
28097
27425
25505
23105
25697
25376
25313
27617
27425
25601
25537
27265
25473
25312
27041
27329
27361
31042
25697
25665
27585
27425
25313
27872
24097
27713
25985
27969
27777
26561
27553
27521
25537
27713
27361
28097
27649
25056
27361
24865
28193
26049
23809
24833
25537
25473
25345
27425
25824
27457
23489
25664
37953
25473
24961
23872
25697
25089
27905
24673
23425
25249
28161
25249
23969
25025
27393
24961
25441
25377
39009
24545
25601
25248
27521
25601
24545
25697
25249
25761
25857
25505
27745
25441
24161
25249
26081
25057
25217
25217
25696
25633
25793
25312
27937
25473
25377
24064
25249
28001
25344
25569
25345
24640
24961
25889
25281
26432
25665
25505
25600
24225
25057
26081
28353
25665
25665
25089
23489
25793
27649
25569
23841
42529
25473
25665
28001
28033
27681
24353
24129
27393
25345
23489
24608
24225
25665
23680
25473
24161
25632
31745
23457
25761
27393
24545
25857
25729
28161
27585
25313
25729
27425
27393
24128
25281
25825
25600
25057
26209
27585
27393
23457
24545
24001
25025
24929
25569
25249
25536
25857
25089
24417
27649
27649
25505
27329
26305
25601
24801
25600
24545
23681
24833
27905
25633
24449
24096
23841
25408
25889
24897
24353
25089
24705
25857
24353
25217
25505
25665
25088
26337
24833
27745
25537
24256
25921
25601
25441
26017
25441
23680
27489
24961
25665
24737
24257
25313
27265
27521
25569
24417
23840
25121
27681
25217
27521
26177
25537
25601
25089
27521
25729
28417
28321
26017
27361
25761
25377
26081
27585
24769
25185
28161
26049
25761
27745
27937
26753
25313
25857
23713
22977
25377
27777
26017
25601
25665
25377
26560
27777
28385
27361
28064
25921
29729
28577
25121
25601
25697
25953
23776
23809
25505
23937
26209
27361
25857
25601
25601
24513
25409
27521
25793
27809
27969
24416
26081
25153
27873
24609
24961
25280
26625
25441
25121
25953
27425
25185
24353
27457
26689
24929
24320
24576
28129
24993
26273
25281
25121
27841
25729
24129
24353
25569
27233
25888
25473
25537
23905
28032
27201
24385
24929
25377
24385
23585
23712
25121
25633
24673
24001
25473
23809
23585
23681
31074
24545
24065
25440
24481
23168
25760
25857
27873
25345
24769
25633
24193
24033
25857
26049
25345
25696
31265
24385
25153
24353
25473
24929
24641
26081
24193
27585
23936
24161
24769
25409
27905
25761
25601
26497
28129
28161
25313
27585
27649
27777
27585
25281
24641
23713
24385
25601
25793
24513
25472
25761
26017
24993
25953
24512
25281
27265
25217
25729
26625
24513
24033
25792
27233
24449
25825
27809
27521
24833
25441
26177
25985
25601
24609
25729
27329
25536
25633
25697
25473
25601
24961
27201
28385
25409
25249
25281
27744
26081
25568
25984
25601
25409
24705
24289
25600
24577
25537
24065
23809
25441
27649
25569
27361
25536
28352
28801
25697
27841
25761
25313
25057
25569
30657
24417
25888
25505
25633
27521
25120
24385
28353
24225
357517
25633
25697
25601
25472
24577
27777
25024
24097
25217
25345
24929
25953
25185
25633
23841
25857
25601
25696
25409
27713
28033
25121
24001
26081
24960
26145
25889
25505
25248
27649
28225
25312
24033
25889
24161
24416
27265
25505
25472
25089
23009
25377
27617
24928
25185
23489
24417
25313
27649
27617
25729
29313
25729
25696
25249
24545
23937
25697
26081
27553
25729
25217
25057
24865
24545
26017
27585
25697
25569
31713
25089
25473
24289
25857
25729
23809
23617
24993
25057
25089
25921
27681
24129
24897
25473
24193
26049
28033
26049
27841
27521
24416
25345
24801
24384
25889
26337
25089
25153
25312
25121
25473
24000
25153
45473
27745
28129
25857
25121
24769
27393
25536
23361
25825
26145
23777
25665
27745
27617
25984
27617
23457
27937
24417
24257
23584
27585
25664
24449
24961
24449
26753
27681
27105
25441
25473
28321
27713
25153
24993
27777
24353
25184
31009
25281
24896
25697
27265
25313
25281
25025
25857
27808
24033
23905
25697
24833
25664
28193
24128
24801
24480
25377
25633
27585
25057
24225
26177
26177
27841
25633
24769
25505
25633
25057
24544
26465
25633
25216
26017
24833
23520
24577
23937
27489
26081
25760
25985
25281
25441
25185
25857
25537
26113
28257
26113
25793
23905
25825
24449
25953
25697
26465
23809
23169
25249
27585
25953
31969
25632
24289
25281
26049
25825
24193
24257
25632
25857
27905
24161
25121
23936
24225
23809
23904
24289
27649
23777
25697
28385
25633
25568
24897
27713
23713
25857
23393
25377
25121
25761
25537
25345
25953
24961
26017
23841
41601
25345
25409
25600
25280
25281
24065
25601
24897
23905
25473
24321
24065
25441
25793
25537
24064
24961
32001
24673
27841
24576
24993
25633
24673
25121
27552
25249
23073
24577
24929
25153
25217
25185
25216
25057
25729
27713
25569
25537
25153
25217
26113
24737
24192
23073
23777
25824
25281
23937
24928
24929
24897
25345
24481
23969
23680
25697
25377
25729
25121
27168
26145
27553
25441
24257
25537
25409
27553
25505
25281
37698
24801
26049
24897
25537
25217
23553
23777
27585
27745
24961
25409
27617
25249
24129
26113
25185
25441
28097
24833
25921
25665
25665
25057
25313
24385
25185
27969
23457
25249
25312
25409
25185
25441
24449
25793
24705
24865
25281
25185
24737
25600
23777
24513
24929
23969
24385
24449
24225
25824
27745
23841
23873
24033
24993
25249
25376
23969
23937
25921
25185
25504
23457
23744
23489
25185
24161
25505
24001
25345
26305
25857
28544
23617
25153
25312
28193
27681
24673
24608
25761
26049
24193
23969
25889
25665
27488
25409
24929
25153
25601
27553
24193
25345
24832
24289
25537
25633
22689
23265
25313
23841
24065
25056
25313
26017
27489
27681
27969
25441
27105
25473
23425
23360
25665
25313
27777
23937
25313
25505
24960
25249
27841
25600
25921
27425
26945
27745
26017
52706
25121
24129
24129
25761
25921
25664
25217
24097
23713
25120
27649
25473
23617
31425
23553
25824
25313
24993
25569
25601
27649
26305
24257
24608
25697
25473
23553
25345
25184
24417
25409
26145
26240
27457
24481
25505
25217
25440
24609
24545
26017
23616
26145
24001
26145
23553
27649
25473
25089
26113
25921
26177
25184
28289
25889
24672
25633
24417
24961
24257
24385
24929
24929
25473
28065
23841
39169
25985
24193
27713
25985
24577
25313
27585
25217
28033
25569
25825
