144741
36097
29185
28737
27617
27360
26881
27393
26945
26592
27201
26913
25825
25185
688503
32193
27009
27169
26369
26689
87075
28320
25505
26017
26209
24897
26305
25024
27169
25793
24481
24897
24769
24865
26433
24001
25409
25505
25024
26017
24321
25441
28545
23776
24737
26561
27745
28673
25024
26049
28833
25985
28257
24289
26432
24993
29985
25601
25281
25185
24320
26817
27073
32833
25761
26561
24449
25153
24385
24736
26529
26017
24865
24513
25473
24257
24833
25248
25697
24129
28001
24609
23841
24192
27521
31233
24225
25057
25185
25793
24737
28385
24865
24033
24353
24001
24577
24769
26529
25281
24513
23393
24097
29089
26977
25281
32257
25761
24033
24065
24257
28257
24737
24833
24737
25184
25057
25121
24577
24961
25185
27841
26945
25217
24289
23936
24513
25633
24353
25345
25473
24641
28961
23872
25153
24641
25057
24449
24929
24577
24193
24801
24001
23681
24161
24129
24353
24321
24577
23648
27841
24129
24737
24705
23585
23777
23745
24161
24513
24641
23649
27201
24097
24929
27105
25729
25825
41889
27233
27073
26017
25185
26849
24864
24097
24161
24961
24065
24097
24097
24225
24577
24673
27425
25505
43105
24833
24545
25377
24257
23809
24352
24801
24736
67362
27137
25281
27521
24897
24897
24513
24129
24193
25217
24417
24064
24161
27841
24609
25793
24673
25345
24673
24289
24577
24961
24321
25280
26017
24097
25729
32482
25377
25057
24385
24481
23489
25025
24545
24769
24481
25025
24769
26049
24481
26656
24353
27265
24673
27361
24864
25121
31073
25856
25313
25345
24417
26561
24993
23936
24737
25856
24193
25953
28577
23905
24640
29697
24673
25089
24992
24865
24929
24481
24385
26113
24128
24929
23937
26113
24097
27841
24225
24769
28289
26976
25472
25889
26881
28513
24385
25825
27201
24897
24129
26081
24129
24993
24193
28353
25153
24993
29633
24641
26209
26080
23713
26241
25057
24577
24480
25761
24288
25121
24513
24417
28193
25281
26176
26625
26369
24960
25313
26145
27937
25761
24928
25793
26273
25729
23585
24257
26081
26113
25057
25089
27777
27137
27617
24065
25056
26081
24353
24993
24512
26113
26913
26465
28353
28096
24161
23937
25601
25825
27521
24993
26561
30433
24736
28673
25217
25121
24865
24417
25024
25985
26145
25953
25761
26305
25761
28481
25537
24097
26497
29025
24865
24929
24417
26081
28193
27201
24193
24321
26465
28448
26337
25985
24897
26177
25057
27073
24577
26241
24609
26017
25377
28545
27073
24769
25505
25985
24737
26273
25249
24672
24673
26017
24224
30977
24897
25889
25057
28609
24993
24160
24833
26273
26273
24705
26177
26177
25121
25121
28609
24608
24033
31105
29025
25153
26753
24609
24033
23937
24801
23905
24321
28385
24673
28385
24544
28193
24385
28673
24481
26752
28225
24961
26113
26817
25505
28289
26337
24513
25729
25857
24609
26049
26113
25665
24416
25697
43970
24897
26529
26145
27201
28353
26049
25377
25729
28801
26337
25729
25953
24705
25889
24512
25697
24161
24929
28481
26433
28161
24673
24833
26977
26465
25793
26145
26241
26561
24033
25921
24736
26401
28257
25697
26497
23936
25985
25889
23681
26305
28257
25249
25025
24609
25056
24865
25696
24577
26241
24897
23616
26593
28769
23904
24961
23329
25952
26273
23873
27169
25665
24961
26209
24833
28801
24385
24385
24289
26401
25088
24896
24385
24321
28545
24993
25729
26561
26753
23553
26209
24097
28033
23585
23936
23648
24641
23905
24608
29665
25313
26849
25569
25697
24865
25473
24385
24384
24129
23617
23297
23969
26017
24321
23809
26369
23969
51202
25856
39297
26080
24897
24001
25313
26368
24641
26657
27169
27617
25697
24353
24513
24801
24353
24097
28641
26209
26145
24801
25025
23681
28641
24673
23873
28257
24833
26145
26208
25057
25728
23745
25217
25185
26753
24705
25665
26593
24833
27873
24737
24897
25473
24289
26368
24609
24480
24289
25505
26241
24545
24288
26465
24033
25185
26945
24129
23937
25601
26593
27105
23873
23936
25057
24320
24865
24161
24256
26017
24545
25345
25217
28289
25921
28769
24609
24001
26145
24384
26017
24705
25057
24385
24833
26241
24193
24609
25601
27489
24032
25281
24961
24801
24481
24961
24641
26113
25152
24641
24993
27137
26081
24513
26177
24385
28033
25633
28609
28545
24225
26401
24129
24385
28481
24416
26273
25089
26753
28641
25985
24865
25121
26657
24449
23777
28449
26849
24065
32417
24097
28673
24929
26177
26593
25409
25057
23425
26305
23521
26432
25153
23713
26049
26561
25088
24289
25249
27361
25089
24993
24225
24225
24737
25089
24929
24545
26337
23489
24832
23777
24449
27072
24353
25601
24257
24321
25153
24961
25153
26305
25633
26529
24993
24385
24224
25313
24289
23712
25857
32001
23809
25089
24801
26497
24993
24225
28065
24481
25025
26432
24033
25217
25185
25217
24481
25153
24833
47841
24481
24257
25792
24513
23873
24545
24801
24257
24321
29345
24864
31937
24545
27361
26208
24673
26945
24193
25441
24801
24801
24321
25473
23905
27713
24321
25665
24449
26017
25921
24673
25793
24769
25313
26817
28897
25729
24097
24513
25985
25697
26305
33890
28033
26913
26945
25377
26465
26433
44833
26241
29121
27969
33025
26241
26689
26305
32417
24897
25601
26081
26177
25345
33345
30401
26465
28801
26561
26049
24801
24961
25601
26081
27649
25985
25825
25377
26049
25857
26081
26273
25697
25473
25633
25856
24705
25857
25473
65666
28385
30049
27713
25761
24993
24225
24768
24065
24673
24001
24001
25057
23552
25473
23777
24225
24096
24065
24065
23649
25665
24417
23937
23264
23969
23969
24705
23105
32641
30625
34370
26945
26689
25025
25121
24481
25249
24065
24736
26689
24001
24481
25889
28449
24769
24097
25121
25729
27265
24449
24833
24865
24416
26177
25633
25953
24481
28193
24065
24193
24833
26337
28257
24960
27905
26529
27968
25505
25569
25473
25121
28129
24768
23969
24384
24385
23745
25217
24481
24288
23136
25409
24065
26817
24577
24929
24864
23169
24705
25057
25185
23969
26721
26304
25057
24833
24897
24513
25825
24481
25665
26273
26465
24193
24769
24737
23809
25665
24065
25216
24480
25633
25345
23648
24161
24769
25473
23969
26017
69027
25249
24577
24225
25473
26145
27009
26977
27233
25569
25152
24705
24353
24897
25889
25376
25377
24897
24513
24801
25441
24992
24257
28417
25409
24609
28129
25600
24897
24097
23937
25216
25121
24961
25505
25153
24673
25793
24705
24192
23840
26721
24673
24993
24161
24001
25249
24737
25025
28513
28385
27841
25121
24736
25121
32034
24865
29153
33217
26721
28641
24961
29185
26497
24993
25856
25409
25313
24897
28417
25121
24193
24385
32577
25089
24929
25057
25569
24865
25441
25249
24609
24384
25249
25665
32705
41089
30817
25633
25217
23905
23937
25281
25985
24289
24801
24961
24481
23457
24128
24961
24961
25153
24641
40993
24705
25953
26401
26017
24320
24673
25153
26209
24641
24001
24289
26369
23489
26593
24417
24929
24577
32545
23937
23680
25473
23905
24673
24001
23744
24545
26336
24641
26305
24481
24737
26497
23873
24481
24129
25153
24768
24225
24769
26561
24097
24545
24257
24321
23776
24513
26081
24065
26401
23937
24192
24289
25697
45634
24577
26304
24321
30145
24576
26465
24385
23361
24353
24417
31489
24576
24321
25504
24833
25281
26209
33569
24641
24288
25697
25089
24257
24097
24129
24609
24353
24673
23841
25409
23200
26113
23873
26113
23488
25921
27009
25473
23776
25729
26049
24257
24929
24161
26017
25185
24544
24737
24865
23681
23937
26657
25985
44737
24801
25632
24929
25792
23681
24353
24608
25473
23681
23969
24033
24161
24737
24385
26241
23872
24577
23745
28641
25889
26177
25025
25025
25633
25313
24800
26049
24673
26049
27329
28545
24257
25697
26785
24673
27105
24928
24929
28801
24961
24001
24673
24576
25377
24065
25729
25057
25089
26977
25633
28929
25889
24256
24321
28545
24737
28929
26401
28705
24321
25089
25057
24512
24865
25088
26625
24640
28001
24865
24769
26369
23937
28513
24353
28033
24097
25120
25441
24961
27809
32705
34241
25345
28769
24481
26561
24737
24865
25249
25825
24609
24609
24545
25025
25249
24033
24257
24225
24545
24673
24033
25057
24289
25601
26753
26977
34529
26433
27553
25377
25697
24225
24609
26561
26177
26273
24193
33121
25184
24769
24577
25345
24417
28321
24577
24192
24993
25121
24257
24737
24481
23777
24545
25184
23649
26721
25633
24417
25728
26209
25281
28225
25089
24064
25185
24768
23905
24001
25249
24673
24993
25121
25248
25153
24865
25089
24449
23489
24897
26689
24929
24993
24161
24961
24641
25441
24065
25121
24513
24097
24097
25024
24257
23777
24321
24129
24929
28289
24513
25153
24801
23936
25057
24993
24481
24353
24897
23713
24961
25441
24993
24929
26241
24736
25089
28193
23809
24801
24769
24417
24673
23585
24864
25537
24801
24737
24577
25537
24481
23457
23841
24289
24961
25953
25601
24097
24033
24640
23873
24993
24449
25377
24705
25345
24417
24417
24065
24640
26689
26337
25696
28417
26401
25345
25312
24321
26145
25857
24704
23873
24993
23937
24481
24385
24417
24417
24352
25249
25057
24801
25281
24129
25889
24193
24577
24481
24801
24993
25729
24865
24897
23265
24929
23809
24769
25377
26561
26048
26624
25217
24032
23937
23649
24065
23904
24897
25057
24449
25344
25473
24673
24993
24513
25153
25601
24161
29153
26113
24737
25377
24065
25185
24193
24577
23585
23009
24609
24929
31777
24353
24608
24609
25120
24705
32194
24865
28961
32258
25377
28513
25377
24417
24833
25313
24928
27969
25505
25761
24065
24352
25313
23777
27041
24737
25569
24545
25953
24608
25185
25249
26241
27169
25408
26113
24577
24417
24065
24353
25409
25025
25633
24768
24641
24097
24321
25217
24641
63202
26305
25985
24609
24704
24449
24416
24065
24257
25121
31905
24481
25121
24353
25025
25505
25056
24993
25313
24321
33441
26113
25152
28289
24833
28001
24641
24897
31905
24993
28001
31425
25153
25025
24705
25665
24865
25185
24736
25345
24449
23905
23520
25025
24001
25120
24929
24609
24929
29953
24929
24449
28225
23969
24417
24833
24865
23233
24961
24289
24481
25089
28289
24480
24609
24609
24737
26145
25057
24992
24961
25473
24417
24801
24288
24193
24449
24289
23872
24641
28929
24449
25217
24833
24801
28449
24929
24576
25057
25505
25313
24769
24577
24737
24961
24289
24065
24769
27297
24481
23905
24609
24065
25569
26080
24545
26177
24641
25825
24865
24865
25473
25153
25025
28737
24737
109092
60226
51746
50498
49666
50178
50562
50370
29473
26881
25729
25633
24833
25441
24897
25217
26305
24320
23905
24352
24193
25025
24289
27680
27553
26689
24608
25665
28097
24993
24736
24897
28193
24192
25953
24865
23585
24320
25153
25472
24641
24577
26849
24672
23585
25889
24065
24736
25089
23457
25280
24449
24961
24865
24640
24385
24256
24545
24673
40994
24897
24225
24577
24001
24865
24545
24769
25281
24801
25345
24865
24128
24481
24897
24865
25281
24353
28353
25377
24833
26465
24769
25665
25249
24737
25377
24993
28385
26785
25409
24801
28257
26976
24865
25345
25505
24512
24480
24353
24929
24481
25089
24416
24961
24672
24673
28033
28161
24001
24736
25025
28673
24929
25729
24417
25536
25057
25121
24609
31649
23969
27809
24769
24033
26305
24513
24833
24289
25376
24545
24097
28801
24769
26241
25473
28001
24448
25313
24609
25600
25505
66690
24993
90755
24609
83427
24897
79362
26305
88323
24385
97636
28033
24545
26241
25089
25889
24897
26113
26945
26753
24129
24833
26433
25249
25345
26049
25985
25569
28705
26689
25153
26945
24416
24833
25729
24993
25217
26016
24801
32993
28513
26017
25953
25697
26145
26209
26305
24673
28897
25889
23649
25377
25313
24513
26049
28481
24513
26721
25793
26113
24769
25921
25057
24865
25184
25472
24929
24801
24385
24512
26305
25152
24641
24673
24705
25633
29249
25696
24961
24609
24704
26241
24961
24705
27489
25025
23681
25153
25633
27905
24065
24097
25089
25441
28193
25313
23329
25504
29249
26305
25505
25345
24736
25121
27584
25953
28545
28897
28225
25248
26497
32545
25729
26017
25825
27713
24161
24449
28417
24225
28193
24320
26529
28193
26176
24897
25793
26464
26401
25761
26081
25889
26689
28001
25441
25153
26465
26337
25985
26817
28289
24321
23936
26561
27009
24320
24897
26561
25824
27009
25057
28481
24865
24384
28321
28449
25088
24545
24673
25793
25185
24513
25152
26017
39201
26721
24193
25121
24385
24865
25793
26817
24929
24864
25089
25249
26049
26273
26145
25697
24769
25856
25057
24864
24481
26145
27937
24545
27873
26337
25665
26048
23937
25921
26529
28673
24993
24736
28225
59586
25409
25184
24609
24865
25408
24801
25121
25665
25441
29569
25025
24705
25377
25153
24577
24769
24224
27329
25313
24289
24800
24993
26657
24769
24928
24481
25153
25185
25056
25249
27425
26913
24385
26657
29377
26433
24513
25825
24353
24641
24416
24193
24801
24769
24704
24801
25153
26849
24801
25089
24800
26337
28513
24961
26305
24481
26113
25665
24673
26433
26433
26305
26881
24193
29089
24449
25025
23968
25217
28353
24641
26209
24512
26305
26273
25505
32481
28289
25537
26497
25441
26881
26401
25377
28033
27201
24257
25152
26017
25153
26496
25505
25761
24577
24832
26081
24320
25121
24193
24865
24929
26176
24769
27073
26433
28705
24897
24801
31778
24737
24001
25216
24609
24384
24833
28801
25761
25665
25985
25121
32865
28737
25025
25697
24513
24449
25025
24672
25985
24929
24672
24321
24129
23969
24833
24577
25089
25025
26144
24321
24513
26529
26273
25889
25057
25505
24992
25120
24609
25601
25537
24993
25281
25153
25633
26369
25313
26369
25056
24193
26369
26721
24641
24961
24481
26561
24769
26561
25569
25409
25089
24193
24705
31489
25249
24608
25377
26049
26592
24481
25728
25281
25505
24961
24641
24769
26145
26145
24768
25121
25281
26785
25857
26561
24545
26689
26049
28033
24897
24993
25345
26913
28929
25217
26529
25313
26433
24737
24705
27009
26881
26369
26273
23904
24609
28225
26145
28641
24929
28929
25089
26561
26369
26465
24609
24929
27713
25569
26177
25088
25217
25697
24705
24673
27841
23553
24417
25409
24800
24737
23840
24993
26337
25121
27744
24513
31362
24577
27873
26433
25761
24801
26497
26080
24289
24481
24449
24737
25409
26753
25473
24289
28385
25729
24576
24321
24641
24768
26241
24897
25216
24673
23872
25153
24097
25057
25249
24129
24353
24864
26593
25185
24609
25281
26401
24449
24865
24640
24257
23809
25248
26465
26177
27425
24577
24673
24609
44481
26337
23905
28481
24065
25152
25889
24800
24353
24353
24033
24161
26209
24160
23073
24609
25953
24577
43266
27137
25089
25185
25153
25473
25057
23904
26113
24608
24129
24257
24928
24897
24225
24865
24321
24545
42337
24993
24448
25505
24608
28225
26241
24417
24609
24352
24609
26144
25345
26209
25024
24448
25153
23905
26497
24801
25121
24897
24865
25409
25185
24609
24833
26273
24769
26561
24801
24289
26657
25217
24353
24545
33057
24641
24001
24353
24769
24608
24353
25057
26241
26369
24449
24192
24801
24321
24609
25153
24833
24673
26368
25121
24705
25793
25409
26912
24833
24865
28289
25537
25056
24449
26305
24033
24385
24321
24289
25313
26081
24896
26209
25025
24225
24481
24289
24897
26145
26433
24929
23808
24737
25601
24705
27457
24641
26881
28577
24833
24449
24577
25985
24289
24737
25217
24705
24289
24929
23649
23873
24705
24448
24545
25280
51682
24705
26369
25249
25089
24353
26593
26241
24833
24193
24193
25121
24673
24257
24417
24576
24225
24832
29217
25185
23745
24705
25121
24513
24385
28385
24641
23744
24353
25409
24385
24929
24545
25409
40225
27809
26689
25761
24513
26209
27777
24417
24961
28449
23584
26177
24065
28512
24097
26529
24193
32130
25888
24321
28289
26465
24097
24832
25089
24481
28353
24928
24545
25601
28545
25729
24705
24513
24353
26241
22881
24385
23872
24257
24961
24993
25249
24513
24673
24417
24321
24609
24961
26273
25985
23649
29249
25697
23937
23841
23905
25600
26593
26785
24481
24705
27393
24320
25729
24385
24865
25761
24929
24256
28641
24609
24545
24833
25217
24577
24449
24961
24993
23488
24289
26241
25089
25889
25249
25025
24577
41089
25921
24033
24225
26145
26337
26753
24545
23361
24513
25793
23841
24993
24513
25729
24225
24833
23329
28545
26561
25792
24481
24737
24481
23873
24449
25793
25057
26529
27041
23840
25185
24737
24449
24737
24385
25217
27233
24673
24865
24769
24065
26209
24353
25152
24961
27201
26113
24833
24800
25089
24513
25281
27553
24033
29889
25025
25217
24673
24128
25248
24769
25089
26209
25729
24769
25057
25408
24385
24673
23937
28129
25153
25569
24705
25408
25889
24577
24609
24993
25952
24865
24513
25184
24961
24417
25376
24129
25473
27521
24033
24193
23745
28065
24801
24673
25056
24897
24673
24449
23393
24705
23873
25985
28321
24545
32545
25953
24320
25345
24704
24513
24033
24641
25121
24897
23553
24769
24897
24640
24257
28449
26177
24897
26625
24769
24929
24961
25025
28193
26177
24769
25025
25281
24417
24544
24993
24769
24448
25569
23937
32673
24641
24321
25153
26048
24737
24673
24961
24705
25952
26016
24545
24481
26209
24448
24225
24704
32001
24320
24353
24320
24865
25121
26177
24897
24641
23841
24097
24448
25569
24961
25025
25633
24481
24993
32513
25057
26400
24289
24833
25280
25441
24001
23937
24961
24961
24801
25408
25473
25025
24801
24897
24769
26337
23841
24352
23585
24064
24737
24577
24001
24288
24865
24513
24801
25185
24961
24737
24160
23904
24737
24129
24865
25729
24993
24449
23873
24129
24545
25153
24513
25089
23969
24608
24577
24097
25633
24737
32993
24577
24865
24289
24609
28033
24608
26401
25633
24833
24737
25057
23584
24033
24960
23937
24737
25153
27073
24801
24609
24801
24033
24193
24512
25057
24353
25505
26305
25249
24545
25056
24385
25889
24257
28993
24640
24833
26209
25089
24353
28417
26208
24705
24897
24033
24608
25697
24769
25121
25184
24225
24993
26016
26401
24992
24513
24897
24097
24001
24609
28033
24929
28449
24193
24513
24321
24512
24257
24801
29281
24353
24321
28097
24769
24801
24737
23937
24065
27681
25153
23809
24353
25377
24321
24321
24705
24577
32545
24993
26369
24449
24673
24385
25537
24480
26369
24769
25088
24449
25153
26593
25153
24321
25857
24288
26465
24993
26209
25569
25313
26017
24929
25793
24449
24609
24193
25921
24609
23937
24417
24032
24545
24065
25281
24321
24928
24289
24960
25121
25121
24577
24449
23873
25025
28129
25409
24385
24096
24417
24737
24897
26753
26081
24801
24897
25025
25281
24384
23617
24289
25793
25057
24993
28609
25728
25185
26337
25793
29666
25921
25153
24576
25313
24609
24513
25761
26273
28609
24832
24609
25633
26401
24705
28289
25697
24385
28257
25121
24160
25473
26913
24736
24737
27041
25217
26593
26145
24769
25281
24640
24225
25153
26753
29697
24609
25057
24928
24417
25345
24161
28481
24321
24929
25281
24609
24320
28257
24321
24673
24769
26561
25441
24801
25377
24352
24385
25313
25345
24737
26177
24737
24833
24641
24864
25409
25089
24832
24993
32129
25152
24193
24225
24513
24129
25089
25857
25921
25312
27905
24833
24257
24641
24961
24609
24929
24801
23681
24833
24097
23841
24417
24929
28129
24385
24865
23937
28289
25025
23873
24993
24193
26209
25761
31425
23745
24769
24481
23585
24289
24064
26241
25601
24480
24897
24929
24993
24609
26529
25377
24609
24769
25441
24353
25377
24929
27713
24801
26113
24609
25089
24673
24352
26209
24033
24480
25377
25057
24929
24544
26273
24736
24961
24929
24321
28033
28193
24065
24609
23937
24096
24193
24577
25217
26625
24417
24257
27393
24129
24257
25153
24577
25825
24737
25024
24801
24161
25793
26273
24961
25152
25249
24672
24961
25409
28513
24641
24385
24545
26561
25184
25985
25057
25024
26849
25121
26401
25281
24097
26273
24513
28257
24513
26785
24609
25857
24897
25537
24609
26305
24865
24865
24928
24417
25153
24257
25793
24353
24449
25185
26369
25952
24000
26369
24769
25825
24961
24129
25089
24545
24225
24544
28033
24609
24225
24609
24704
24289
43106
24769
24225
24321
24417
24193
24097
25249
24160
24224
24289
26369
24257
24833
23905
24321
24609
24545
28513
25025
25024
24993
24353
24320
24128
23969
25057
26177
24705
24865
25473
27969
24769
25345
24640
25024
28929
25153
26017
24417
24321
24672
24321
24928
25505
24257
24897
24833
24353
24161
24449
24705
24417
46466
25505
24417
24705
23809
28129
25312
24641
24673
24769
24993
24769
24001
23777
24065
23841
24769
24737
24225
24192
23873
26689
24513
24449
24161
24353
26241
24673
24193
24097
28385
24897
24929
24289
24929
25985
29185
25089
25217
24897
26944
24416
25249
25505
25089
24545
24961
24801
24321
24192
24737
24545
24129
24353
28385
26337
24608
24801
23872
24673
23969
24705
24577
24641
24449
26177
24417
24769
25184
25249
24257
31905
26241
25089
24897
26209
25665
25505
24577
25217
23809
24865
25089
24929
25025
24800
24737
24576
25409
26913
27009
25185
24929
25601
24737
24289
24481
30913
25921
24833
24576
25025
26017
25953
25121
37729
25409
25121
25057
25152
26721
25345
24769
24129
25089
24032
25473
24864
24481
24993
25409
25793
26465
32225
25921
24417
26785
24065
24513
25057
24001
23905
26433
24865
24993
24385
24769
24737
23969
24545
24416
28449
24768
26113
28417
23969
26017
25185
24481
25920
24673
24545
24512
24289
26209
24609
26145
25729
28129
29185
24513
24929
25441
24289
26369
25152
24481
24673
28577
27489
25121
24897
26337
28192
26081
28865
25377
26497
25825
24545
25249
25217
25601
24385
24353
25153
24801
24800
26177
25408
24417
24481
25056
25761
25377
27489
25889
25729
24737
24513
24609
24161
24449
24385
25665
25569
24865
24736
24737
25249
24801
24672
26881
24737
24833
26528
25153
24289
24257
25089
25633
26145
25377
25217
26945
24993
24609
24769
24961
26625
27073
24065
24897
24289
25985
24705
26593
24673
26689
25345
25056
24833
27169
24864
24897
27329
24449
24705
26241
24992
25185
24865
25185
24097
24705
24353
24256
25089
24641
24641
24097
24096
26657
24353
24609
24737
26721
26369
25537
23777
24641
26273
23777
25825
25025
25536
25153
24737
24417
25025
24769
24993
24641
25057
26209
26081
26689
25377
24865
26400
28321
24897
24545
26529
24064
26049
24577
26337
24897
26305
24545
41825
26529
26529
24609
24704
23361
25312
26433
24801
26401
27841
26465
24513
26721
26945
25665
27137
25569
32417
24865
24545
24225
25921
26241
24545
25249
24225
23936
23713
26049
24897
26369
28577
24865
24097
24513
32385
24865
28705
24577
24193
26337
26049
25217
24705
25729
28193
24513
25025
23873
24768
23873
25249
24865
25249
26337
26785
24705
25249
25537
24609
24865
25313
28481
24897
25185
24737
23169
27969
23905
24033
25633
25537
27809
24801
23937
25729
26817
24705
25857
25569
28641
24225
24897
24257
24833
27873
25153
24801
27841
29729
25280
25729
25185
25057
24481
26625
26593
24225
26529
26081
24736
24737
24000
28353
24289
27937
25057
25953
26337
25409
24385
25857
24641
24289
26081
24289
24001
25057
26977
24833
28321
26049
26016
26561
28353
26913
24769
26881
25537
24929
25185
26561
25473
25664
25441
24448
24737
24321
26881
26465
24417
24865
23809
26241
25633
25761
24129
27809
23681
25856
26209
27489
24897
25953
25472
25409
25953
28033
26081
25568
25953
28545
24609
25761
26913
25185
25729
25921
26369
24897
24993
24097
25185
25792
24769
28417
24385
25281
26272
25793
24864
24033
23457
26465
25153
24769
28609
24833
24801
24705
28385
25985
26208
25313
23809
24833
24193
27137
27265
25185
24257
25729
24737
24577
24993
24833
25601
24928
24832
26369
25121
24992
24801
24705
24832
24897
24577
26337
26337
24641
26497
33921
26689
25665
25952
24801
25889
25249
24865
26433
24544
25729
25057
25089
25569
24481
26369
25153
24833
24161
25185
24545
26208
25313
24832
24513
25697
24289
24801
24449
26817
24417
26273
24705
24961
24545
24289
23937
25185
24417
24353
25025
24577
24513
23968
25153
25089
24705
25473
24289
25217
24608
25505
24705
24705
26177
24737
25313
25889
27905
24736
27137
25089
27905
24353
25440
28769
24929
25633
24481
25697
25441
24513
25345
24928
25185
25248
24865
28353
26209
25185
24480
26145
24417
26177
26496
24641
25857
25249
24417
24768
24705
24288
24577
24705
25121
23969
25153
26049
23937
24193
25025
26209
24865
25057
25281
27809
25889
26017
24321
24992
24385
24385
25537
24769
24737
25345
24769
27297
25121
25825
25248
25761
24673
27873
24576
25985
24513
24480
24673
25153
24321
23393
24449
25057
24065
24544
25025
27105
25121
24385
26881
24641
25441
24737
25761
24673
24705
25952
27105
25249
24673
24481
26049
25121
26401
28929
24705
24096
26177
24897
24193
24929
24481
23808
25121
24576
24673
24353
24385
23841
25057
26177
43009
24161
24513
24801
25569
24865
24353
24641
24736
24577
24801
23745
25025
24513
24737
26113
24193
24513
25345
23969
24705
25473
24417
25537
24417
26113
24832
24737
26113
24992
26497
25249
25249
25121
25313
25441
26273
24481
25505
25217
26273
24609
25185
24033
25505
25473
25121
24704
24961
24288
26177
24481
25153
25057
26657
24129
25505
24448
24193
24129
24448
25025
24321
24865
24673
24225
24993
24769
24577
25153
24833
25600
27329
24993
24705
25152
25249
25185
24705
24353
24833
25281
25441
24480
24097
24768
25057
25185
24833
24673
25441
24737
24705
24833
24961
24929
24417
24481
24513
25025
24640
24865
25473
24417
26273
25665
24737
25665
26465
25889
25185
24640
25313
24576
26305
24769
24961
26465
24737
25345
25409
24705
24161
25697
24193
25793
28449
24705
26433
24705
24417
25441
24865
24673
25185
25057
24608
25281
25089
25153
24641
24673
24993
25057
28801
24225
24801
24673
24384
24577
24833
24800
24129
24801
25569
24705
25313
25120
24641
24224
24225
32641
24960
24705
24481
24449
24129
25089
24353
24481
23905
23649
24544
24609
24513
26241
25153
24705
24033
26465
24609
24833
24768
24865
24449
25025
31937
24833
24448
24897
25057
24705
25025
24673
26113
24833
25441
26529
28481
25344
25313
25216
25217
24961
24897
26529
24288
25537
25377
25153
24257
25313
25856
24449
28097
24449
24033
24833
25025
24896
26305
26336
25537
25537
25089
24897
25057
23905
24065
26401
27137
25121
24801
24737
25729
25441
25217
23905
25984
24865
23873
24032
24993
25313
25313
24161
25441
25089
27009
25120
24673
24993
25025
25377
25633
24897
25153
23265
24320
23809
24672
24673
24417
24737
24737
27937
25057
25056
24705
24513
26528
24353
24609
24513
24545
24481
24609
25057
25345
25185
24545
24257
24161
29569
24161
28321
25313
25408
26497
25185
25089
24513
24257
24449
24289
24353
24545
25217
24833
25248
26561
24417
25024
24193
24673
24384
25089
24929
26593
24737
24640
25281
25153
25377
26785
24993
25249
24353
24577
26145
25281
24833
24609
23712
24225
25025
25120
24609
24737
27969
25057
24993
24480
24449
24193
26721
44769
25889
24801
26305
24833
25345
25184
24609
27809
24960
24641
24033
24736
24609
24481
24768
25057
24672
28609
24481
24737
25025
24929
23905
24801
24993
24481
24481
24641
24257
25057
24577
25185
24449
24513
25121
26593
25281
24929
24097
25057
24353
24929
25664
24832
26337
25665
24961
24577
24065
24065
24417
24129
24833
28481
24993
26305
24609
28353
24481
25408
24609
25057
24417
24288
23745
24544
24865
23968
25281
24417
41441
24865
24705
28449
24929
24577
24417
25088
24705
24609
24609
24673
24224
25057
25153
25376
24321
24609
32257
24449
24993
24609
24481
26017
25280
24513
24577
24673
24577
25025
25249
24609
24641
24993
24385
24449
25473
28225
28225
24449
25249
25569
25921
25825
25312
25121
25505
26017
25857
25025
24449
25377
25312
24577
26401
24193
23745
24161
24449
24801
25089
26209
24417
25056
24353
24737
24993
25985
24609
26401
26017
25857
28449
25121
25057
24608
24833
25216
24289
24673
24289
24641
25536
24065
24929
26177
24609
25088
25793
47873
27105
24352
24577
25249
24737
25377
24641
24897
28225
23745
24801
24417
23873
25089
24801
25313
24929
32705
28481
24641
25249
24545
24449
24513
25473
24417
25057
23872
25793
24801
25024
25057
24193
24801
24193
32801
25121
25345
24321
24929
24833
25057
24704
24833
26945
24961
28321
26465
24961
25729
24961
24768
24385
26465
25025
24352
25249
25025
24929
25121
24321
24833
26113
24001
27681
24033
24256
24481
26305
25217
24800
26369
25793
24769
24480
25313
28353
26241
28577
25345
25153
25057
25313
25185
25729
25345
26369
25249
41857
25121
24673
25376
25601
25024
24641
24960
26721
25057
28673
25473
28545
26145
25025
24929
24641
28449
28193
25505
24993
24193
24641
24737
24896
24161
24321
24257
25153
25025
24000
24289
26817
24352
24929
24224
32353
25281
24545
25633
24129
24193
23936
24097
24353
23905
24385
23584
24961
24385
23905
24769
26049
25025
30209
24512
24513
28385
25504
24673
24769
25025
24673
24737
25953
24641
24768
28737
24705
25761
23777
24256
25505
25184
25345
24736
24577
24673
24641
25025
24129
25089
25120
25217
25857
24865
24449
25025
25953
28737
26433
24609
25793
25857
24353
25121
26369
24769
24993
25472
25473
24288
26273
28000
24097
25025
25152
24801
26113
24833
24673
25729
26945
26721
25121
24673
25344
28673
25953
25665
24609
25185
26625
24641
24800
24769
31617
24385
24481
24801
26913
24641
24769
24865
23937
24513
25057
25505
24832
24577
25025
25057
24256
24289
26273
24705
25121
25121
24640
25473
24192
25025
24865
24353
24929
24609
23873
24769
24481
24608
24609
24801
25536
24289
24385
24673
24769
26816
24993
24833
24673
24513
25089
26209
25153
24129
24193
24480
24929
25281
26657
24609
24129
27457
24961
24417
25121
26049
23936
24961
25537
26241
23840
24097
24129
24833
24193
32514
25408
24673
24193
24736
24641
24609
24225
24992
24801
26273
24961
24224
25185
24993
25633
24480
26337
32737
24833
25121
24544
25825
26016
24929
25249
25281
26081
24673
25889
23745
25889
24129
28161
25025
47809
24544
24353
24705
24192
25985
24641
23969
24449
24801
24929
24737
24897
24641
28161
25217
25313
24833
26017
24929
24769
26593
24960
25153
24225
24257
24417
28065
23905
24129
24544
24865
24417
24545
24545
24385
25057
24449
26241
25440
24897
24833
24800
23681
24609
24224
24193
24097
24161
24032
25345
24449
25057
24257
24961
24705
24321
23809
23905
24736
23553
24545
24417
26113
24545
24481
24001
26305
24705
24289
24224
40194
24609
25409
24416
26273
25313
25217
24672
26081
25089
24001
25057
25377
24385
25697
24225
24480
26337
25153
24897
25729
24385
24321
25153
25281
23969
24544
24033
24609
24609
26561
24513
26049
24481
26241
25025
26305
25665
24193
24993
25152
24289
23905
24993
25057
25281
25025
24736
24289
28353
25249
24161
24545
54914
26336
25185
24897
25152
24769
24192
24417
24609
24769
28033
24801
23905
25217
24577
24737
25025
24097
25120
24705
28321
25441
24544
24321
24545
24385
24161
26176
25281
26305
26177
24481
23969
24800
25217
25025
25985
24449
28289
24673
24929
25409
25409
24097
28289
24993
24961
24865
24161
24609
24480
24161
24289
28193
25056
25121
24321
24801
24928
24225
24801
24449
24705
23584
27905
24961
25248
23873
24833
24449
25345
31841
24897
25249
24673
24609
24417
25921
24321
25345
24641
25857
28385
25025
25057
24769
24289
24513
24737
26401
25889
25025
24929
24480
25121
24961
24705
26465
24449
24097
26401
24129
24865
25121
24321
24897
24448
24705
25760
25313
24961
24577
24897
26817
25313
25729
24225
27841
24672
25121
23936
24769
24993
24769
33217
24449
26305
25025
24769
24481
23809
23905
24417
24641
23617
24705
24417
24001
23553
24321
25729
25057
29313
23872
26369
24513
26241
25793
27649
24353
25152
25761
31586
28033
24321
26017
25025
25953
24257
26177
26753
24705
27425
24737
26241
24961
23713
26464
28033
24257
26176
24417
25825
26753
24449
27233
26625
25537
24257
24737
26081
28033
23873
25185
26177
24705
24577
28353
25825
26049
26177
27905
25249
28545
26688
24769
26721
24865
24065
28161
24417
28833
24353
26209
26593
25313
25025
25024
24481
24864
24417
27969
25153
25024
28129
26272
25121
24449
24993
28385
24320
27809
24833
24033
24128
24161
25088
23969
27681
24673
25281
24385
28897
24737
25793
25184
25025
24416
25345
24929
23553
23937
25824
24449
24449
24961
24513
25089
25089
28097
24001
24512
24033
24289
25601
25665
24385
24673
24673
25281
24513
28129
26145
25185
24257
23969
24993
32225
25089
24385
27713
24737
24705
23841
28001
28385
24961
25025
24929
24225
24481
24001
27585
24417
24513
28545
24864
24576
24609
24065
23936
23937
24833
26529
24929
24160
24641
25025
28481
26625
24929
24224
24769
24065
24065
25857
24480
25025
24545
24481
28033
24129
28001
25057
24672
24289
27713
24833
27361
24833
24545
26817
25473
28033
28225
25313
25985
24673
24769
24129
24289
24256
25377
26657
24801
24705
24161
25600
24833
26401
23968
26177
23424
23713
23713
23392
24001
24609
23745
25089
25857
26753
24481
23713
23713
25697
24161
26593
26849
24769
24289
26433
25601
23873
26017
24577
24544
25729
25665
26241
28673
24353
23841
27937
26240
24161
27745
24801
24224
24193
24385
23232
23905
25569
25345
24577
24769
24449
25697
24097
24193
25121
29281
25281
26721
26273
25889
24961
25537
26817
28257
24321
26593
25121
26464
25409
25600
25409
24545
25185
28769
24129
25153
25281
28033
24449
27905
26624
25889
25825
28001
24929
25345
26113
24576
24609
26401
25953
30209
26145
25889
28097
25088
25345
25472
26209
25152
25345
25313
24929
24865
26241
25153
25281
24737
27873
25088
25057
26273
24769
24801
25121
26721
25889
28001
25121
24705
24193
23969
24608
23745
24480
24769
24065
24321
27713
25793
28193
24737
25793
24352
25697
25537
24257
25569
24289
24096
28289
23841
24705
26080
24929
28065
24577
24993
25952
25761
24929
27809
24865
28193
24129
24480
27137
28225
24001
26017
24385
25665
47074
27201
25953
26369
26369
24705
25281
24576
25217
26305
24705
24833
25857
24417
24769
26113
26497
24353
31585
28673
24513
25921
24448
24737
24353
24545
24449
24384
25249
26144
24417
24641
26176
26657
24993
26401
26849
24417
25185
24545
24928
26433
25152
27937
24321
24737
24961
26017
24769
26240
26401
27233
26305
24257
28193
24993
25409
25921
25857
24640
26785
25089
24353
25281
26305
27585
25473
24704
26113
25761
24577
26337
29665
25409
26048
24353
24833
25633
26209
24897
24833
24769
26240
24897
28609
25761
24800
24865
25377
24769
24737
25793
24481
24513
26849
24929
24480
24769
26529
28449
24737
25569
28161
25441
24737
28449
24961
26497
26273
24417
26401
25985
23521
23937
25537
24577
25952
25857
25665
24225
24897
25697
24481
24353
24417
25184
32737
26465
26017
25441
26273
25953
25089
24384
24001
27713
24961
24129
25953
23809
25153
26049
24449
26049
26721
25729
25537
25697
24417
26913
25473
25953
24416
25633
24481
24321
24289
26784
26273
26465
26561
28961
25313
25281
26817
25729
24961
26657
24513
26721
24737
23937
26049
27009
24768
23745
24512
25281
26049
28289
24193
25985
24353
24705
28321
24321
24609
26304
28033
24769
25025
26176
27841
25825
25121
25024
25441
29921
25569
26497
24993
24608
26049
26433
24705
25345
26401
24929
23777
24608
24513
24801
24353
24160
24193
26401
25568
25729
24929
24737
28513
24961
23585
24705
25312
25025
25889
26369
25185
26945
28577
24961
28353
27329
28641
26145
24417
24801
26017
25121
27617
24545
26305
24960
25025
24801
24481
24705
25953
25633
28513
25377
24577
25984
26113
25761
28705
24769
24961
24929
24801
24033
25281
26689
28481
25217
24448
24833
32642
27137
28769
25025
24289
24673
24705
25984
25985
25185
24704
24705
24929
28321
26689
26369
28321
25665
28609
26241
26433
25665
26593
27681
26433
26273
28929
25761
26369
26305
26241
28513
24832
24897
27841
26976
24513
24513
25601
26113
24321
25825
27937
25088
25729
24673
25601
26593
28897
28737
25025
27073
25377
32129
24833
26273
28225
25793
25601
28097
26177
26177
27361
26560
27809
24417
26177
26561
26529
25952
24417
26689
26369
26849
24673
26433
25824
26337
25921
26049
25313
25793
25889
24864
28225
24065
24769
25281
42561
24801
26433
28641
24673
28225
25025
24001
27233
24001
23201
26657
25025
26625
25217
26145
25664
26913
32289
23873
26881
26081
26113
25921
25921
26401
26305
28193
23713
26241
26049
24736
25377
25185
25729
24961
26145
26081
25697
24353
24577
26721
28449
24161
26145
25889
26593
26048
25217
24545
24321
24865
25761
25921
26465
26241
23904
23809
25985
25889
24513
26112
27329
26113
26849
24961
26560
25025
26560
24993
24193
43266
25760
25217
25025
23777
26401
26401
28545
28385
26465
26625
26241
26305
26785
25089
28129
23969
24769
26913
27809
23521
24897
24609
24769
25697
28481
25537
25249
24065
24193
26433
28065
24161
26081
23841
26049
26369
26593
26465
25857
25473
26625
26817
26721
24416
24513
24769
26464
24769
31265
24801
28289
26625
29057
25217
28417
24289
28256
26401
26592
25825
24833
25249
24769
25761
26337
26625
25665
27937
24352
28609
27169
25761
27841
25761
26945
25824
26241
25025
26273
25153
27617
26305
26625
26208
26401
25953
23809
25952
24961
28321
23649
26689
26240
26593
26145
25153
24673
26145
25089
24993
26337
28705
26049
24257
26593
49538
28289
25185
25953
26849
23776
25953
26561
24448
28193
26273
28705
24481
24897
24481
26593
28289
24672
28897
24704
26241
25761
26849
25921
25889
26113
26049
26401
26593
26081
26337
26177
27969
26017
24897
25601
26881
26401
26465
24769
26529
26273
25185
26657
26529
23777
24545
26145
28609
28481
25057
25953
25729
43394
27041
26817
26721
24609
26241
26305
24160
24097
23840
24001
26305
25921
23937
26369
25537
24737
26657
32961
24864
26465
26753
25889
25825
28033
26529
26912
26305
25089
26785
26017
27841
26817
27105
27937
24704
26561
26529
26785
27937
23777
25441
25953
27969
26689
26209
25664
26337
27425
26561
26625
26401
25985
42785
28353
24993
23905
25697
28193
26145
24257
25505
26817
28097
26113
24545
25889
25409
25953
24993
25761
32545
24737
24480
26817
28352
26049
24832
24705
27969
24161
26337
24161
28833
26209
26785
26657
25569
24833
25665
24897
28321
24257
24929
24449
24449
27393
25985
24705
26721
26433
28769
25697
26369
25825
26305
24961
28513
25249
25793
24736
26273
26625
26049
27329
29537
25057
26657
24513
26593
25889
26113
24481
24769
29089
24641
26528
26401
26145
26977
24417
26337
24417
25697
25089
24961
26465
26369
24992
25793
23969
24352
26689
28097
24161
25985
25057
26337
25985
27937
27712
26209
26337
24193
26177
24417
23937
26305
24225
42913
26113
25153
28193
24289
26817
24993
26497
24737
26337
24993
26048
24577
26145
26400
26401
24705
26209
25057
25089
25505
24097
26561
24129
27841
26593
26209
24705
25217
28129
23904
24129
24800
24513
28257
27009
24769
26913
24641
25185
24417
26081
24865
26433
25473
23937
26177
24993
24673
26081
24736
26497
24897
31233
26561
25153
24673
26272
24513
24353
23937
27745
24769
24737
26625
26433
26593
24481
26145
24257
24769
28449
26625
24961
24769
24673
26177
24192
25089
25473
25857
26081
25633
26049
28129
24449
24384
25537
56130
27297
25217
25121
27040
25345
26177
26336
25153
24097
24961
26625
26337
26369
28577
24161
24225
23873
28353
25569
26432
26753
24481
27009
24768
27201
23937
26369
24737
26273
26433
24737
26177
26273
28353
29505
25345
28865
28129
24961
26337
24641
27393
26081
24929
25729
24064
27905
24929
25409
25600
26401
24801
26689
24800
26497
28033
27008
24577
23937
26305
24705
25249
28353
27841
26081
24608
26721
26080
24545
24897
26241
25153
26400
26657
24129
26753
26753
26017
24289
24609
24513
26049
24897
26657
24449
28705
25473
24577
27105
25249
26433
25057
26561
27041
27777
26593
26657
25153
26401
26849
24929
24960
26145
25857
23776
28353
26145
24417
27137
26081
25057
25601
24353
26433
24609
26048
24897
28545
23873
25089
24193
25793
24193
27425
24193
24961
24609
26369
26657
64099
26336
24641
23969
25889
32097
24961
26144
26625
28097
24641
24032
26369
25281
24481
25089
24865
24865
28257
24769
26817
25793
28481
26144
28673
24449
25313
25665
24801
29441
25472
26145
24961
24961
26113
28673
25537
26401
26433
25473
24257
26049
24289
26465
28129
26049
24289
27777
25793
24128
25153
24961
24481
26081
23681
28257
25985
26177
25185
26752
24897
24801
25953
25057
24449
27393
25025
26561
25313
25153
24545
26561
25345
26689
26369
25057
26433
25249
25953
26401
26177
24961
24833
32513
24609
24544
26209
28641
28289
26273
25089
24897
24129
24449
24481
25024
27745
24769
24737
23776
25121
26209
24673
23968
24161
25729
24832
25249
24833
26177
24993
23777
24225
24481
24800
25089
23680
24865
24737
26305
24833
24961
26593
24385
24609
24353
24225
24449
25025
24192
25857
24289
26497
24705
23585
24577
38785
24640
24288
24961
23937
24897
24737
24449
24513
23680
24321
24193
25025
25953
24321
26465
24833
25313
32194
24769
25216
24385
25665
23937
26049
24513
24705
25249
24577
24801
25729
23745
24800
24737
27777
24609
26305
28321
24321
25729
24097
25537
24321
24769
24321
25441
24128
24257
25697
24417
26784
25537
25153
24416
26785
25025
25217
24929
24736
24097
24192
24481
26209
24865
24609
24225
24449
26016
23905
24704
24737
25857
25568
24609
24352
26209
25697
24480
25281
24833
27937
25857
24865
24289
26145
24929
25281
24609
24641
30721
27937
24833
25184
24289
23937
25120
25185
25921
25921
24993
25089
25569
25793
24609
24161
24705
24512
26305
24833
28449
25441
26145
25377
24800
24417
24385
24352
26273
25377
24577
25089
25729
26529
24865
26113
24353
25825
26561
26017
26369
26465
24417
24705
25857
25409
23745
24513
26273
25953
25376
26081
24161
25985
25377
24064
26113
27169
27873
23617
25345
26048
31937
24289
28641
24417
27041
26625
24481
26689
28705
25345
26369
25377
24641
25249
24289
24417
26017
26081
24865
25281
23809
25185
23745
26401
26625
26209
26785
24544
26657
26369
25888
25985
26593
28289
27840
27905
24961
26881
26785
24961
26176
26273
28289
26817
26657
26145
25985
26337
26209
25153
25185
25281
28609
24449
25089
23809
24897
23969
24065
24321
24257
24929
24481
25536
23809
25601
23905
25185
25249
24256
24737
24353
26049
24929
25601
23489
25281
25217
24673
27009
26433
24737
25153
25537
24576
25953
24417
26081
24257
24609
25857
23969
24768
26337
23937
24545
24673
24129
24769
24257
25089
24320
25665
24865
24768
24801
24641
28001
23937
24545
25281
28545
24033
25921
26497
25153
24257
24672
24449
24449
25441
24801
24577
24769
25569
24641
24224
25953
24449
23809
24288
44802
23713
24833
24385
24000
24225
24897
24289
25793
24897
24065
25761
24929
24993
24896
25569
25697
24896
25441
23841
24929
26305
24769
26849
24608
25793
25441
25473
24545
24993
28001
25313
24864
25857
24705
29473
24193
25633
24513
28193
24225
28097
25537
25729
24993
25025
25441
24929
26561
25504
24449
26017
26113
32321
24481
26433
24513
24705
24609
28385
26305
24513
28160
28097
27745
27617
27585
25120
26593
24353
24289
26337
24833
26081
24161
23648
25345
25825
25280
27809
26497
26368
27969
25057
24609
25952
25281
24288
40994
26305
25409
25089
25825
25249
24865
24193
24737
24257
25856
24833
24833
28161
24225
25409
26433
24129
24833
23745
24609
25185
24577
24865
24385
28289
24897
24577
24577
24800
24833
24481
24673
24225
25377
26785
24609
24321
26784
24417
25825
27841
25793
24192
25889
25217
26977
25153
24737
25824
24801
27937
25793
24865
24257
24416
24545
24033
25025
26305
26209
24641
24384
24481
24897
25152
25953
24673
25857
25665
25761
26177
25185
24544
24769
24481
24320
24577
23969
24449
24769
24513
23873
24353
24320
24609
24513
26241
25697
26817
24353
23809
24385
24513
24769
24929
27905
26497
25537
25441
24768
24577
25409
25633
28256
25953
28865
25696
23809
26209
28193
26208
24641
27169
25953
24577
25217
25441
23937
24705
24769
26817
24544
26081
28385
26145
25537
24545
24897
26113
24224
24897
24256
26273
25025
25409
24353
24640
26465
26305
24449
31682
25409
25025
26657
24897
26529
24321
24449
25601
24512
26337
24993
24385
24160
26241
26561
26241
31521
24705
26240
24768
24193
27809
24481
27585
25793
24481
26049
25089
25088
25601
26625
28289
26113
24769
28321
26369
26145
24257
25665
25985
29057
24833
24097
24352
25345
24289
25025
24673
24960
26849
26273
25089
26977
24609
26529
26592
25281
24993
24865
24896
24993
26752
25601
24961
24673
26273
25953
24353
27648
25025
24033
28289
26369
26305
26625
25473
23713
23681
26465
26305
25632
25601
24417
24769
24769
24737
30689
24033
24449
24993
24705
24801
24993
25825
24897
25665
24577
24801
25633
24160
28097
28577
26016
24705
26241
24641
25985
23905
23969
23297
25825
25793
25856
23201
26849
24769
24929
25152
24064
25377
24097
30817
23904
28129
25217
25953
28289
25153
24385
24385
28225
24865
23553
25985
24705
26145
25153
25505
26241
26145
26049
24737
26465
25601
24769
24897
24513
28225
25889
28033
25217
23745
24192
25569
25633
26017
29601
24929
24833
24641
25153
26273
25025
24705
25440
25537
25665
24673
25825
26241
23873
24577
23648
23873
28065
26657
25473
28097
25345
24321
24641
25377
25537
25121
26401
24736
24609
25057
24513
24033
25408
24417
27201
26113
25345
26017
24705
24801
28865
25473
24545
24705
24065
24737
24001
23553
24192
24385
23553
24897
24513
25217
26113
23809
25057
24640
24352
25377
24161
25889
24801
23233
23840
24225
23841
24609
31361
24577
25473
24257
24193
25761
24224
25729
24129
25121
24193
24929
23073
25185
26433
24865
28641
26145
25249
24001
24769
25505
23585
26145
25825
24257
26241
24641
24737
24896
25633
24801
26241
25697
25697
24577
25889
24161
24641
24352
26113
24385
24065
24321
24865
24321
24289
24353
24513
23680
24321
24353
25025
28513
24513
24321
24161
24289
24352
24353
24192
24449
24545
24737
24673
24096
24897
23361
24897
23905
24097
23905
24161
24769
24544
24001
24449
24449
23937
28097
23905
24289
25121
24385
25985
25281
24641
24576
24577
26593
24577
23713
24097
24513
24000
26465
24609
24833
24608
24257
24417
24609
24417
23936
24161
24385
28385
24385
24993
24385
24993
25057
24833
24609
24545
24737
24737
24641
24640
23904
24417
24769
25185
23745
24545
24065
24480
24353
24929
24352
24417
23585
25601
24481
26048
25153
24417
26209
25217
24289
23937
44577
24641
24225
24129
24032
24001
24865
24449
23297
24417
24577
24481
24193
23553
24064
24577
24673
24609
26113
25408
24417
24416
25121
23520
24544
26529
26529
24033
24257
25793
24864
26209
24193
24769
24097
23905
26785
24865
25121
25025
23937
24481
25249
24417
24416
24385
24193
24417
23937
24353
24257
24736
24129
28737
24321
25121
25184
24480
25281
25473
24577
24513
24545
24097
24673
24736
24161
24513
24673
24225
24545
25921
24928
23937
24673
24769
24736
24449
23777
24577
24225
24577
24449
23841
23969
24929
26049
25377
25121
24769
24640
24801
24833
25184
25249
24449
24609
25345
24737
24257
23713
24481
26049
24129
26113
29537
24065
25249
26497
26113
24513
24417
24609
24033
26433
24065
24096
24193
25953
25153
24961
25729
24064
28449
23745
24705
25025
25376
24481
24609
24993
26753
24737
24161
24897
24481
24416
24481
24833
25921
25313
26593
25057
24353
24033
24705
24769
24417
25121
23648
24417
25505
24544
25793
23841
25921
24833
25568
28737
25441
24577
23777
28417
25473
24321
24769
25153
25377
24993
25857
26465
24737
25505
24608
26337
25473
24545
25345
24225
25697
24865
24576
24129
25793
26241
25793
24513
25761
25345
25377
26913
24833
24609
24416
29377
25889
23968
23489
25889
24608
24737
24737
25120
24481
24513
24641
24961
25665
23841
24513
24897
31713
25665
24897
28321
26112
25185
26465
24865
23937
24321
24353
24577
23456
24769
24769
24705
25025
24673
26528
26273
24833
24705
24449
24385
23905
24769
26496
24897
24705
25729
24673
24161
25952
24001
24385
27201
24353
26081
28289
26657
24449
24417
26881
24513
27841
25761
25761
24513
24097
26049
24769
24897
27233
24897
26721
24865
24833
26944
24897
24513
26369
23745
24641
26272
24577
24289
25889
24865
26529
25089
40705
24289
24641
24225
26433
28673
24513
24193
24417
24513
24897
25633
24321
26017
24961
24768
25889
24897
26497
26177
24321
24896
24801
23969
26529
26945
24833
24545
25217
26049
24289
23681
25792
24897
24065
49537
24673
24224
25697
25056
24481
24033
25760
24769
24769
24704
25985
24641
24513
24641
24833
30209
24449
26305
25697
24097
24609
28000
25505
24417
28097
28065
24353
24065
26081
24769
26209
24257
25025
25345
27488
24705
25921
25793
24641
24641
28001
25665
24961
24385
24481
24641
26080
27713
24512
24769
24353
24161
29025
25281
28385
24992
24513
25825
24129
24768
24961
26369
24673
26657
24545
24448
24737
24705
23616
40674
24929
24417
24033
24769
24544
28129
24704
27713
24865
25025
24033
24097
23809
23681
25472
24193
23969
23809
24161
24289
24641
24832
24448
24289
25921
24193
25505
24801
24961
26113
25953
25505
25057
24481
26081
24865
25889
23777
24353
25281
24513
25217
24768
25345
26049
24193
23616
26113
25793
24289
24641
24705
28641
24449
24737
28353
24321
28097
24736
24033
24481
24064
24673
23552
24577
28513
23937
26337
23809
29057
25057
26049
25601
24641
24961
24864
24769
24257
24449
24129
24513
24128
24257
25697
24801
24192
25473
28513
25089
24321
25825
27809
24929
25665
24544
26017
24417
26433
25697
24193
28353
26529
25601
26689
24865
23872
28321
25217
25729
24864
26337
24833
26529
24225
25153
28289
25473
24640
25633
24897
25281
25697
26017
25953
24385
24705
24833
26400
28577
24609
27777
24769
23936
26209
27969
25121
24321
25313
24449
26273
28705
24353
25601
24097
27681
24801
26273
24512
27649
24064
26337
25441
24449
23584
24897
23713
40961
28417
25057
25601
24833
24513
27841
24545
24193
26049
28161
25025
25825
26209
26081
28033
24097
26593
26881
25793
25536
26497
24129
26817
26369
24929
27969
24289
25249
28193
24225
26528
28449
25825
23552
28513
24737
26081
32001
24961
24289
25921
25345
25185
24609
26145
24801
25473
25729
25729
24897
31329
24257
32033
24064
24481
28929
24769
28128
28385
25121
26049
27777
24417
26017
25889
25441
27681
26753
25569
26465
25473
24513
26497
25889
24385
25505
24128
23681
24897
26593
26721
25824
24449
25057
24961
25409
31969
25793
26145
24449
25889
25921
24801
24993
27809
23841
24769
25121
24193
24897
28033
24929
25696
25249
26913
24993
24257
24673
25345
24801
25217
28161
24865
24193
24257
25409
25313
24801
31233
25056
24257
32225
23873
23969
25153
24160
23777
25089
25057
24993
28481
24897
24769
25569
25601
24833
26017
24257
24545
30433
25025
24577
24992
25601
26241
25793
24577
24705
27457
25665
24321
26145
25472
25153
26273
26721
24353
26689
26689
25441
24225
26625
24545
24769
24577
25825
28417
26721
28001
28129
28193
24289
24737
23937
26337
28289
28353
25761
24513
28545
24513
24577
28289
25729
27905
25952
27873
24417
25632
23841
24673
26528
27777
25377
23809
24673
27681
27937
28545
24897
25153
23841
24032
24929
24673
26560
28097
25633
28321
24737
23425
24065
24608
24449
24193
24897
24865
28705
24129
25345
24480
26465
26081
26401
28609
25025
32545
24161
26273
24577
25889
27905
26529
27905
24512
27713
24576
24865
28033
24513
24320
28193
25729
25857
28065
24481
26433
25057
24833
25409
26433
25505
28065
25088
24769
25601
24449
26273
25281
26625
26272
25889
25121
24609
24833
24385
24065
25057
24385
26689
25793
25281
25857
25121
24801
25089
25153
25665
24801
28833
24576
26529
27521
26369
25025
28289
24961
25985
24737
24896
25697
23841
25697
24801
25377
24609
24961
24257
27713
25697
24545
24608
26305
23969
24736
24385
26081
24225
25696
25793
25889
28161
25985
27968
26081
23680
24032
25345
24865
24609
39298
25409
25217
26273
25089
28417
24897
26369
25217
24961
24865
26113
25185
25089
24993
25089
24705
24033
25089
25985
24641
26657
46658
26849
25217
28033
26145
26561
25281
24961
24673
24705
28385
24033
24193
24705
24545
25121
24353
24769
25889
24897
24768
26209
24193
24929
25409
25249
25249
24321
25537
23809
24865
25217
24929
24577
24641
24257
26305
24769
26241
24033
26049
26337
25697
26561
26497
27681
25665
24609
26273
24673
24769
24801
24577
26497
24609
24544
23681
24353
26049
24481
25985
25601
24577
24225
24641
23745
25633
25921
26433
24129
24897
26080
24513
26305
24769
25665
24993
26049
24673
28225
28353
24609
24705
26145
24544
25953
24321
26209
28321
24609
24704
25057
24384
26017
24641
26625
26337
24513
24705
26113
25185
28481
28545
24288
24705
24897
26017
25025
24193
24225
24705
27873
24801
25249
24705
24833
25793
24705
24609
23873
26209
26305
24737
43361
26529
24609
25889
24417
24193
25505
24929
28193
25504
26241
26081
26689
26560
24769
24672
25761
24705
25121
24193
25025
26657
25537
24769
26305
26529
27169
25473
26688
26593
25217
26561
24577
25121
24769
24993
27105
25505
26785
25185
24129
24256
25729
24193
25121
24704
28833
24385
25440
25857
28833
26369
24961
31777
24833
26721
25792
24417
24801
28641
25825
25569
24673
25601
24705
26177
26273
25025
24961
24609
24992
28961
28065
26497
24224
24449
26016
24769
24865
26145
24705
26080
24033
23969
25056
25729
24769
26209
24897
26337
25441
24897
23937
25217
25633
27841
23937
24352
27969
26049
24832
24897
25441
26561
25793
24513
28961
24897
26401
25217
26208
24801
27585
26240
26017
25953
24129
24288
27841
25057
24321
24352
24289
26017
28545
24705
24257
24385
24704
25569
25569
24257
23905
28193
25441
25792
24673
25761
23585
28545
24961
25665
24768
26497
24289
24641
24545
28513
24833
24737
25377
26369
26305
26273
25056
24929
26209
24385
24673
24801
26784
26881
26113
26721
24321
23936
25409
23712
24449
25953
24769
25121
25665
24865
28129
24001
24481
24801
26881
26497
24769
25921
25377
26017
28289
25952
25697
24257
26273
25985
25633
25984
24961
24353
23936
31617
24128
26241
26273
26177
28385
24897
27649
25729
28353
24513
26497
26017
28737
25185
23969
25345
25537
26273
24768
26240
25889
24801
24992
24961
24481
25825
24865
24865
26561
25729
23905
25153
23841
24097
26721
28513
26657
26849
25857
28225
26497
24417
23681
27873
25953
24161
26209
26017
25345
24769
25825
24096
28257
24193
26017
26817
26433
26721
26273
28097
28609
24161
24353
24449
24385
26881
25953
26273
26273
24737
26145
26657
26304
27105
26401
26433
26369
26305
26433
24577
24033
26592
24897
27713
23969
25889
24961
28833
26336
26688
28352
26241
26209
26273
27617
25153
24545
26560
26465
25217
24993
25825
26209
27937
24161
25537
25984
26049
24385
24929
28385
24673
26465
25729
26369
25953
25889
26145
24993
28641
25056
25921
26464
28929
25057
25153
24577
24672
24737
27649
24225
26465
24769
26337
26657
24064
26241
28257
23777
24833
28449
25280
26625
26017
24641
24737
25536
24449
24192
23681
25345
27713
25569
28256
26881
25601
26400
25793
26400
24417
26145
26081
26625
26593
28065
31937
24801
28001
24512
26497
26017
27969
24481
26016
24417
24513
28385
28353
25217
28065
23968
25089
26048
28545
24033
24513
28257
24224
24961
25504
25761
24897
24193
31777
24193
25793
25089
25953
25281
24449
25825
27169
26625
25857
27937
28321
26241
26913
28417
25216
28193
24737
26721
28129
23936
24673
25729
28640
24449
28833
27393
26305
25857
26113
24513
28352
26625
26528
47330
26561
26433
26113
25409
27905
24449
24992
26209
26529
26049
25057
24192
25985
23745
24416
28129
23553
26177
26529
23905
24256
24961
25760
26977
23936
24865
24353
28129
24481
28193
25953
25217
24576
28449
42242
26529
27616
24416
24449
26593
28641
26177
26465
28481
26369
28385
27969
25537
26465
25760
26528
26113
26561
28321
28289
32705
24224
26785
24769
28257
26433
26049
26529
24961
25921
25088
26817
26593
31810
26625
23617
23969
26400
26081
23713
26465
24321
24801
25089
25057
26401
24513
26561
26241
26017
24672
26337
26945
26465
25601
25089
28257
26625
25921
25057
24513
26817
26113
28001
26113
24737
25281
24289
26209
28193
24865
26465
26240
27137
26017
25857
27105
26081
26401
24961
26049
25344
26593
26145
24672
26209
26657
28480
24545
26049
25729
26209
27841
23969
26177
25857
25697
26208
23777
24193
27873
25857
23969
26785
31201
24353
25057
26657
28289
24065
26497
26657
26017
25889
26305
25345
24641
26017
25153
31873
25249
28609
24961
26784
24737
25025
26049
26049
26337
26241
27073
26816
24737
24737
24640
26145
26273
26145
26753
26241
24544
26625
26528
28449
25537
24961
25121
26369
26529
26176
26657
28673
26529
28256
26657
28577
46114
26465
26625
24929
24609
25857
26817
26433
28353
26593
26497
24193
25216
24193
24833
26977
25249
26369
25056
28161
26048
26433
25985
25825
26657
28289
26401
25729
26401
26017
26401
28065
26433
26081
25313
28545
25120
28065
25281
26081
24641
25665
25569
24416
24577
24833
26497
25985
24641
26433
27041
28225
28545
26017
28673
25089
24641
28033
28353
24193
28065
25921
28865
26881
24865
27233
28417
25217
26433
28609
27073
28097
25985
23745
27969
27905
28769
26401
26625
26593
26465
27809
24737
24417
24737
28353
25633
24288
27201
25281
26721
24897
26369
24801
26657
24353
24417
26945
25953
26401
24960
24769
25281
24992
27841
32609
25825
24801
24352
24160
23809
24160
26305
26433
27009
24480
26209
26657
24705
25217
24577
25921
26177
26625
24384
26017
26241
24641
26945
25920
25057
26721
24993
24481
25281
24321
24289
26273
24673
26849
26849
25057
25185
25633
26113
24577
25313
25025
25761
24417
24321
25121
24129
25665
26497
25313
24673
26337
28481
25569
26529
26465
24161
25120
25921
24289
24705
26497
25569
28257
25313
26721
25921
28097
24417
24801
27553
26177
28545
25249
27137
27617
26721
26177
28257
24673
23776
24417
26337
24417
26145
24609
25377
27585
24544
24545
25857
24513
26401
24577
24545
26753
26433
26689
26913
28865
24800
25825
27873
24449
24960
26305
24417
24865
24288
26369
24289
23937
24513
26977
24289
24673
24961
26625
26848
26209
24673
25281
28353
24737
25409
24769
25697
24161
24257
26657
25120
24545
25440
26017
25313
24321
26465
25601
24544
24513
25825
25889
25793
24608
24609
25153
26401
24449
23873
25441
25569
27329
25888
26081
25249
24129
24161
24289
26400
24673
24705
25217
25313
26049
23969
25889
26017
24192
26273
26401
24481
23809
25729
26177
25121
42657
27105
26433
25793
23905
25729
25249
26592
28193
25153
26048
25057
24449
25696
24449
24705
24384
25185
26721
23745
26273
26145
25249
24321
25089
25889
26081
24481
24385
26433
25056
25601
26337
25824
26145
25377
26049
25633
28097
24609
26081
24257
25953
24705
24129
26305
25281
25409
24193
25281
26049
26657
26049
24705
26785
25761
25857
26177
24737
25473
24641
25472
23841
25441
25921
26017
24641
26017
24705
25665
24097
27041
24961
25537
25600
24065
25856
26209
27745
25472
24833
25505
24065
25249
24577
27649
24897
26081
24929
29025
28321
25921
26721
24225
26401
24160
26305
24417
26337
24801
24353
24704
25793
24993
25697
24609
24832
25505
25377
26593
24672
26657
24129
26145
24705
26209
26081
25889
24225
24384
25921
25857
24064
24065
24640
26497
26273
25473
25441
25953
26944
26529
24449
25665
25792
28833
24481
25793
25857
24097
25153
26369
26945
24705
24160
25249
25249
25216
24961
23617
24897
26049
24417
24353
23712
25313
24769
26305
24192
24417
26689
24833
25441
25985
25505
24321
24161
25665
24288
28065
25345
26401
27873
24705
26081
26113
26369
28897
24449
26593
25089
24417
28193
26529
24961
24384
28385
26049
26849
25025
26561
27905
24385
25857
24321
27009
25408
25281
25569
28353
25953
25985
24609
25313
28129
25281
25632
25569
25249
24929
24225
24865
24865
29217
26305
25984
28545
26273
24033
23809
27777
26465
25025
24865
26529
24417
24449
24897
23905
24865
24704
27905
24481
24128
26049
23969
25025
24385
26049
24608
25889
25377
25057
23712
28001
25889
24897
25057
26785
26433
26400
26529
24449
25441
25921
28577
26689
28833
24896
26401
23937
24321
28769
24769
25377
25057
24449
28801
28801
26753
27937
26209
27265
25921
26241
25312
25889
23937
25825
28161
24481
25505
43746
25088
28353
25889
26209
23937
24864
28481
28993
28257
26017
26273
26336
26369
25697
24384
24897
25217
26497
24801
25537
26113
28353
26561
26465
25857
25537
25697
24865
26049
24993
26401
24033
26273
24577
26753
24641
26145
28129
28417
28257
23840
26497
23905
24449
25185
27745
24577
24513
23873
23585
27873
29505
25185
28417
28417
28353
25185
26688
26113
28129
28609
28417
28129
26561
28801
27105
27969
28033
28225
24609
28449
27777
28001
26689
26145
24481
26209
24961
26529
26369
25569
28513
25408
25056
27841
43681
23937
26849
28321
26177
26177
26209
26369
26561
26721
25601
24416
28737
28193
26625
28289
25601
25921
26529
26656
28577
24833
25345
26913
26561
26080
26400
24833
26305
25217
25729
28545
26689
26401
26081
26241
24385
25569
26145
25249
25761
26721
28417
27937
24865
25153
26305
26145
24928
26081
28289
24289
28705
24097
25985
28577
26305
26305
25729
24833
26305
28673
24417
24929
31842
24225
25537
23745
24641
26881
26849
28577
25057
25889
26561
26177
24481
26689
26657
26336
26081
26049
24769
26529
26145
25857
28129
32641
24545
25025
23969
24097
24993
28673
24193
24544
26145
28513
26689
23936
24481
26241
25857
25793
26209
27105
28321
27809
24737
26081
26081
24001
24385
25857
26465
25633
25185
26176
24289
26113
26209
26017
32289
24801
28641
24321
26689
26177
24576
28577
24704
26337
27137
26273
26081
24833
25953
25921
27809
32961
24000
24161
25025
24769
26497
24385
26305
26080
25793
26305
26465
27969
26369
25889
24193
24833
25953
26593
26753
26465
25921
25313
28481
24224
25089
26497
25729
25696
26081
25409
25313
26593
24481
27969
25889
28321
25056
26561
25281
24769
26049
25857
28481
25857
25633
24865
24769
25888
24609
24353
25857
26561
26881
25153
27137
24737
24961
26753
27009
24673
25664
26273
25921
25793
26432
25505
25665
24769
25377
25729
26625
25888
23777
28097
23553
28449
25473
28257
28353
25185
25633
26945
26657
26433
24161
26528
28353
26241
27969
24705
25601
28128
28033
28033
28033
28225
24097
24609
24097
27905
24481
25184
25761
28193
26465
24737
25953
24673
25793
24609
25505
24576
24097
24928
26145
26017
24833
26113
24961
24609
28225
28129
26689
26977
28513
28705
26433
27681
26209
26401
26721
24289
26241
26625
26657
26273
24993
26529
26689
32225
25345
28065
25121
25249
24545
25664
26209
23937
24033
26241
28225
25441
26561
26465
28705
26721
25473
28673
26433
28257
27937
26177
26049
24225
26145
24929
26145
24577
24640
27713
23585
25857
27649
26465
31681
24513
25857
26785
25473
24897
25440
28545
25633
28833
28481
28801
28641
26433
28129
25153
28353
25313
26945
25760
28417
26369
28705
26465
26273
26241
26753
28641
26273
26529
26465
25441
25761
27168
26401
32097
26401
23937
25825
26049
28705
27969
28481
28033
26145
26721
24353
25953
24736
26305
25889
24897
43937
24673
25920
25505
24289
26017
27905
24672
25825
28225
26177
23873
24801
24577
28193
25345
24832
27617
25409
25761
26433
26241
24513
25057
26561
24833
24929
24321
26209
26305
23713
