3431018
2329032
1087586
1692148
1065730
1319177
1905691
1048097
1126467
1865178
1199461
1613522
1405003
1084769
1872410
952574
963774
2543246
1412140
1313865
1925691
1175461
1882042
1179268
1054240
2596048
1465869
2143330
1430124
2080096
1288872
1993822
1125283
1915771
1577457
2139011
1232582
1890267
1266535
1962429
1188485
1996733
1520623
2081152
1283976
1965277
1307688
1894715
1576177
2166211
1265159
1890298
1214022
1925404
1240839
1933596
1119619
2520046
1654131
2394250
1265703
1985533
1628179
2195812
1327465
2064416
1462477
2281318
1170340
2159523
1402699
2424299
1207270
1896923
1307241
1949821
1195557
2241094
1515983
2185092
1236678
1895419
1423756
2248742
1238182
1892827
1383211
2099361
1188260
2122690
1369194
2229541
1226982
2033311
1260551
1983966
1237415
1956893
1283431
2158595
1338857
2116866
1281672
1707477
1187109
2043359
1374251
2065664
1184005
2248645
1498031
2108033
1328745
2192804
1318153
1977789
1184452
2103681
1309385
2046303
1303944
2210117
1316009
1943740
1297384
1916667
1422924
2263462
1223366
1957148
1385291
2160195
1218725
2078465
1529007
2157027
1177732
1887995
1203429
2180708
1440653
2151010
1393995
1897307
1217829
1876570
1442284
2152739
1301448
2215173
1547056
2102177
1304713
2207877
1299752
2034207
1196101
2233733
1295721
2032671
1177893
2041567
1275976
1953180
1204773
2250758
1258727
1945084
1242375
2338889
1306089
2196260
1238982
1848473
887259
1623826
1449773
1901979
939133
1263271
731959
1831897
1163524
1272871
764344
1283848
946974
1388427
876091
2418859
1403499
1929244
2216773
2348681
1307849
2059807
2229990
2175043
1305672
2013758
1189349
1713269
862427
2366601
1220422
1837113
1371595
1633747
840602
1273671
752151
1497934
1520207
2132930
1360874
2051584
1270216
2100513
1292168
1957405
1536528
2383850
1313129
2195684
1462541
2413995
1321897
2143811
1291976
2255429
1260392
2090593
1163013
2065248
1565072
2261190
1181893
1998622
1273448
1988765
1178340
2264871
1453773
2165988
1159780
1824152
1304393
1717334
1053408
1657812
1196741
1781463
1386411
1907804
982207
1415820
1271399
1848121
967166
1551920
1473325
1843257
1088674
1875930
1202437
2088161
1133795
1901339
1494574
2486285
1267655
1861882
1181125
1885978
1256775
1921532
1291080
2002431
1555249
2123298
1238983
1953052
1238630
1917148
1487567
2032895
1232998
1910780
1222918
1978589
1229830
1891674
1196389
2355209
1437901
2160963
1314952
2138659
1414892
2152579
1199685
2160643
1272456
2205349
1177541
1900091
1263591
1718742
858586
1631506
1619859
2200484
1265639
1921756
1299080
1898618
1468590
2162915
1265959
1940732
1182341
2156611
1525520
2032031
1187044
1892346
1248583
1896922
1471918
2119457
1222534
1911484
1301608
1945980
1498223
2012958
1205125
1975805
1246950
1951804
1204070
1861786
1314441
1913371
1450893
2049055
1344425
1931100
1402059
2079841
1303304
1992765
1182949
1883035
1225958
1887355
1411531
2073536
1318569
1941212
1200037
1942428
1504942
2054528
1234438
1953564
1346794
2297671
1421740
2059071
1473325
2356393
1174468
1899643
1260871
1965565
1207782
1877434
1514799
2156483
1226694
1970109
1218374
1918011
1225638
1894043
1262663
1911580
1169476
2417291
1476110
2105345
1375499
2151235
1460141
2140354
1427469
2188292
1424428
2053312
1231366
1694324
1266343
1758231
1563121
1708501
1291144
1910811
1191941
1965853
1203045
1947293
1446925
2118370
1282568
2037215
1194021
1941788
1295848
2411882
1436524
2081057
1550288
2051296
1183781
2059360
1408940
2324328
1247878
1959549
1268232
1958589
1430061
2143426
1260167
1963741
1210053
2001854
1240615
1951581
1283880
2108418
1318825
1903643
1165860
1895515
1339689
2098177
1202213
1944732
1285992
1889755
1266727
2147139
1273032
1954972
1189925
1909563
1328746
2061440
1305641
1944028
1242086
1912412
1201797
1961821
1338410
2062336
1186821
1991229
1231238
2075361
1364106
2097537
1433805
2111745
1180165
1881018
1409196
2229733
1261575
2016095
1256423
2312551
1190597
2423627
1472238
2107937
1387147
2150274
1462253
2197796
1405260
2148290
1429516
2039999
1184517
1967485
1451213
2085440
1225190
1960381
1229894
1871258
1387403
2129218
1252455
1989118
1146404
1857337
1365034
2040927
1212294
1875738
1321193
1940508
1194181
1892890
1581233
2168259
1210853
2199301
1350953
1914843
1279848
2151395
1302505
2009438
1234854
2091553
1282408
1997662
1379883
2127234
1290536
1968381
1215814
2193668
1366314
1945469
1207910
2132290
1262695
1903163
1219718
2215684
1261383
1989374
1244134
2252742
1245991
1999486
1250439
2162563
1347369
1927516
1224614
2133378
1229734
1721238
1075841
2041183
1299401
1728437
1056641
1618322
1290088
2026143
1428685
2065728
1237222
1984925
1176741
2345705
1547568
2134530
1205413
1858169
1322729
1970429
1121187
1933596
1505614
2159139
1193477
1872058
1303689
1980029
1269415
1877467
1247943
1869146
1202918
2254726
1476462
2078528
1434989
2142146
1446093
2164611
1434349
2330568
1627795
2206404
1432108
2301063
1472814
2267526
1395211
2292935
1269927
1914203
1288712
1959261
1469165
2033471
1413804
2061024
1456461
2076705
1353962
2128002
1274279
2219780
1203813
1949117
1321865
2341545
1214021
1991998
1325513
2173923
1203621
2031455
1331370
1898011
1419852
1670836
1021088
1229767
1253575
2105249
1280648
1923420
1278216
2415851
1499374
2034207
1531919
2243589
1501006
2103777
1221126
2054144
1299944
2093185
1233318
1992286
1275527
2178884
1234406
2036735
1267912
2083585
1217030
1935964
1491054
2139234
1223014
1985982
1274663
2145378
1232038
2275238
1264295
2201316
1260039
1969341
1215717
1934108
1395723
2200292
1265096
1958717
1203013
2122626
1262503
2032287
1294856
1986590
1260103
1996574
1030624
2036831
1240935
1932219
1198309
2002846
1282152
1993086
1350666
2247654
1248807
1965341
1232454
2191140
1260359
1950204
1203621
1998014
1253191
2029631
1193093
1949916
1519247
2186980
1208454
1968797
1320521
2029407
1171909
1892411
1306664
2154339
1210885
2145410
1539216
2136450
1280743
1946044
1458637
2131426
1190213
1932444
1269063
1896827
1395275
2120865
1247271
1990205
1172036
1994526
1525647
2227333
1512047
1855609
1362411
1930332
1471790
2223205
1262727
1925051
1196229
2361609
1416524
2129378
1386507
2163779
1422764
1969245
1233574
1930716
1278120
1899515
1232583
1909115
1243943
2031487
1187749
1889338
1281768
1969501
1057505
1778264
1516111
2228485
1119971
2000734
1194277
1894459
1194629
2369865
1467310
2116514
1223718
1612146
2822008
1253863
1800984
997855
2438283
1618483
247048
2355177
2084800
2139586
1237926
1965469
1271080
3880728
1418220
248168
195846
79138
2372618
2478572
2190820
1269575
1965501
1320585
1903675
914012
2480045
1823512
1417356
1137059
1757079
1056033
1567313
964157
1785271
1238246
2297543
1210150
1953117
1304553
1819608
1525135
2076928
1257703
1961309
1317545
2074528
1253862
1963773
1226086
2323016
1474702
2064000
1164100
2278375
1478638
2109698
1210213
2256902
1417548
2115490
1426828
2049215
1339338
2118882
1188549
2213285
1365290
2071488
1343881
2143139
1466029
2199557
1230567
1966556
1553232
2205604
1207845
1933660
1308296
2074561
1282983
1933628
1285799
1932220
1345866
2323176
1288712
1972254
1272552
2249349
1487310
2152899
1211046
2160547
1474318
2146211
1339754
2176323
1271591
2016030
1284584
1923804
1297864
1979038
1217669
2027455
1432908
2179139
1182180
2112033
1492910
2187075
1192645
1996030
1329673
2173539
1179877
1915772
1312168
2128098
1182533
2093440
1549968
2084320
1376682
2118594
1412780
2200388
1195173
2050272
1314697
2238597
1195845
2029471
1343305
2509678
1233734
1999134
1244647
1978941
1203813
1874042
1326697
2345097
1366762
2104161
1503311
2144258
1336938
2074336
1255207
1977373
1174853
1942908
1286920
2102401
1185093
2041920
1428813
2176163
1217190
2019615
1273544
2070177
1246215
2205317
1468301
2133955
1178725
2052255
1349354
2206692
1206021
1929820
1305384
2189860
1217830
1953021
1313097
1917692
1163940
1915931
1201958
1905499
1197893
1882874
1507439
2031615
1041792
1483374
1022016
1519855
952381
2086976
1523215
1856922
1240519
1577937
890332
1317929
1447821
1718901
1036096
1643251
892380
1172644
1078306
2383050
1053409
2212132
1651379
2060896
1540271
2425260
1240678
1915676
1188325
1791256
1493902
2035039
1023327
2174979
1210501
1762551
1025504
1601681
1573873
1914076
979742
1472493
892796
1903003
1187365
2027742
929853
1526831
1314089
2197668
1066593
2164931
1206182
1789207
1116322
2016670
1356746
2181635
1321929
2014526
1177637
1965340
1401164
1966269
1165252
2184644
1506063
2011710
1421548
2144419
1310473
1919228
1338185
2152131
1270343
1926428
1218054
2045183
1305000
1940092
1438157
2179075
1244263
1901467
1358858
2136354
1276264
1967709
1269127
2154467
1285896
1899099
1245447
2143746
1289672
2003998
1191077
1925372
1322697
2069376
1338857
2225957
1296616
1957469
1280039
2094113
1462414
2089281
1191365
1914620
1398123
2157155
1177380
1983645
1327817
2076352
1168452
1966845
1205734
2340584
1361386
2036607
983614
1834649
880219
2436171
1325065
1982430
1354954
2293095
1274920
1969373
1197477
2511470
1317224
2129954
1298184
1980701
1243463
1951581
1282600
2200612
1253287
2079200
1243558
2178819
1274695
1983550
1227878
2269414
1596338
2160771
1296968
2163203
1256359
1992990
1195205
2056191
1573425
2141090
1349130
1727765
1523887
1869722
1335081
2745045
1613938
2168867
1204517
1985310
1441900
2200740
1189828
2042783
1238918
2028894
1425068
2070464
1443693
2140323
1420460
2059359
1331529
2004478
1163396
2000414
1240166
1869209
1235815
1866970
1220166
1926012
1211333
1873722
1601905
2110945
1216166
1944572
1359274
2115970
1235495
2088801
1310985
2226949
1317865
2014622
1308969
2115841
1197797
1970141
1307496
1700405
1336618
2004126
1277352
2273126
1410443
2222469
1406923
2244965
1197030
1980862
1339113
2172355
1224102
2099649
1299945
1976029
1243623
2109762
1318249
1985342
1212870
2213572
1292360
2073408
1195846
2022655
1262535
2024063
1097122
2271174
1606994
2201988
1227655
1909179
1265448
1959997
1324841
2093153
1450317
2299656
1232327
2012382
1539247
2114946
1406828
2059616
1451981
2071840
1437549
2144259
1373610
2144962
1197190
1946524
1281799
1978557
1218406
2294311
1267591
1977021
1233351
2045216
1305865
1943549
1190245
2175204
1306088
2062624
1304585
2141123
1295657
2013950
1208421
2072608
1171300
1831609
1095042
1816376
1477997
2346888
1127587
2088833
1369227
2067776
1497039
2214981
1404939
2282215
1195141
2223973
1338537
2162851
1200165
1970781
1309449
2127938
1220006
2039295
1294601
1956925
1273864
1940700
1260647
2044800
1249446
2189444
1260871
1906235
1232262
2249638
1243142
1911547
1272808
1988926
1535120
2127041
1258503
2259462
1516527
2109505
1382282
1986718
1418060
2156386
1192837
1950300
1335946
2139394
1175396
1954237
1259879
1957181
1253191
1957052
1238470
1923867
1418892
2128482
1258311
2161027
1341674
2103073
1258279
1960541
1204709
1898011
1482894
2119874
1193029
2107393
1245254
1915611
1249895
2038815
1247430
1959612
1439212
2105185
1268487
1962204
1382858
2212644
1269512
1963613
1115619
2014655
1275592
2389482
1375947
2149827
1520559
2131106
1373067
2194692
1277384
1988253
1135715
1707028
865787
1912699
848538
1261351
1065313
1596274
1049249
1913083
1304841
1910395
1183397
1823096
1614770
2457772
1158884
1943261
1255847
1876154
1202309
1931516
1235879
1898779
1141187
1870106
1356554
1972861
1489230
2076256
1279656
1907259
1202149
2158467
1314313
1938108
1479310
1728150
967358
1448653
891036
1509614
1551728
1670836
1255591
2054368
1240487
1766807
2053312
2180291
1311177
1930844
1226374
3962683
1566704
270793
242279
275593
151364
171045
144133
164101
232615
169061
261321
2390154
1186308
2113026
1756215
1659283
876699
1943389
1046080
1889499
963934
1399979
862971
1604434
880283
1713653
1115970
1712853
1027200
2057696
1633075
2108577
1116483
2209669
1516399
2034271
1433036
2112674
1451885
2245925
1211749
2064544
1289320
2068576
1372587
2077697
1282408
1958012
1319977
2194212
1281896
2167843
1196837
1933436
1294184
2055232
1350090
2142402
1268839
1954460
1190565
1944092
1247271
2015742
1245287
2226245
1250502
1898811
1268487
2062752
1270279
2070944
1351882
2078209
1464717
2041759
1413932
2012958
1446253
2054304
1408812
2256134
1379883
1924380
1320009
2195364
1261095
2108162
1180644
1963421
1247591
1950077
1213670
1967901
1289256
2157731
1240807
2024254
1261159
2125634
1251079
2497645
1291656
2286151
1185573
1951612
1388875
2166915
1183972
2043455
1278824
2025407
1120035
2053631
1263527
1246663
1294344
1937724
1279816
2195940
1196997
2037855
1318121
2066080
1310825
2242341
1317033
1959260
1184005
2060544
1575601
2058592
1411820
2069760
1434893
2090401
1484142
2083104
1452205
2137410
1404812
2182819
1268967
1947420
1346250
2188323
1271431
2105089
1245191
2282183
1256743
2171587
1437868
2138883
1273128
2031007
1237414
2048640
1229062
2028254
1259751
2239877
1258567
2040863
1225765
1932572
1310921
2238566
1175461
1928668
1282920
2224996
1208550
1914171
1264040
2230181
1178212
1967485
1297224
2153410
1186469
1995614
1294056
2166659
1228134
2013886
1300040
2212965
1199941
1933691
1487854
2087585
1210917
2165123
1287784
1939068
1300681
2141794
1278023
2031935
1229510
2200229
1309353
2336648
1119939
2193060
1470830
2148707
1211974
1984893
1302184
1982909
1214213
2289223
1489487
2159939
1374539
2190724
1317161
1926652
1201573
2109281
1492270
2117217
1389291
2092129
1447885
2118242
1376171
2217061
1426284
2121794
1261223
2142403
1481518
2110561
1397611
2037952
1424844
1924444
1280999
1787415
946845
1317128
1003583
1720053
1563057
2098849
1248231
1992989
1243782
1858681
1174820
2243397
1384682
2236518
1219270
1858201
1277351
1964253
1207973
1877434
1274376
1915963
1181573
1923419
1336105
2100929
1489198
2317992
1338826
1942300
1238118
1935740
1151908
1962397
1199493
2100769
1481710
2281958
1265896
2037023
1482126
2083009
1117794
2012542
1277096
1922043
1097794
1939485
1246599
1755926
1422988
2004606
1138595
2332233
1292136
2170243
1267271
1672788
1506191
2033343
1320264
1777879
1026848
1798328
981470
1834265
993631
1373483
1444973
1374155
719383
2274694
1215334
1595537
970526
2242181
1484078
2296807
1422988
2110657
1216582
2331720
1257895
2300328
1495150
2129250
1258663
2049823
1314472
1900891
1210854
1965629
1251367
1998110
1428301
2122370
1242791
1959005
1197574
2471277
1556816
1953661
1162596
2314279
1427437
1954780
1236166
1896987
1492047
2199588
1306057
2133442
1223686
1923836
1449645
2092129
1271911
2062752
1164772
1933915
1334953
1912667
1231846
1887515
1525551
2117954
1172965
2007326
1251911
1963805
1427756
2198884
1328233
1971933
1145635
1925947
1213861
1954620
1105315
1968701
1232550
1994014
1060929
1760022
1049185
1821208
1455117
2043487
1188356
1942845
1222341
2033887
1318697
2480237
1434829
1976606
1271719
1895098
1456557
2143874
1260551
1895643
1220326
2062176
1251495
1929052
1139428
1981630
1499022
2093153
1182501
2087521
1251366
1966045
1092546
1888795
1285224
1975581
1435341
2104993
1205605
1981822
1191941
2012734
1521295
2012702
1228838
2108993
1283656
2010334
1406572
2171843
1224966
1967229
1087810
1940092
1222310
1911131
1269704
1947356
1221702
2386986
1360970
2080193
1164516
2979612
1208869
2070849
1227302
1832729
1198341
1872090
1158628
1844249
1455213
1942748
1086466
1736662
1216198
1873210
1553969
2078432
1291368
1843609
1234150
1861434
1135780
1886491
1242375
2727604
1220358
1972349
1519215
2096033
1134883
1883194
1166404
1863898
1173796
1948220
1506542
1981629
1186309
1913499
1240391
1866297
1206725
1835449
1195845
1869946
1088386
1900443
1505230
1997662
1206150
1891451
1541808
2109282
1189413
1893594
1339082
1896923
1139651
1897370
1528016
2052800
1165924
1948445
1206309
1906683
1184388
1926363
1209958
1882683
1252102
1925755
1039872
1742293
974110
1896603
1519983
2079872
1200197
1878042
1140067
1869306
1469453
2051552
1311593
1903931
1090050
1854522
1208102
1926428
1071009
1874234
1526895
2060831
1091490
1895227
1257543
1943996
1142724
1883835
1195717
1826456
1045408
1728118
1142532
1786328
1058401
1951677
1277064
1937756
1149540
1829912
1604850
2024767
1226438
1898522
1363082
1880250
1155331
2790838
1397899
1943932
1219142
2633682
1305192
2005342
1198917
2582512
1385867
1998814
1416171
2082593
1249126
1899611
1155748
1886522
1319945
1894715
1170021
2439500
1221093
1939004
1187429
1822648
1613874
2363017
1207941
1870554
1243207
1882299
1093026
1901307
1249511
3715668
1639891
1471469
1001215
1494446
1441421
1851961
902908
1475278
1245318
1995230
1125795
1752342
1053505
2057407
2734036
2018847
1223494
1961373
1265511
1998718
1095074
1649619
2253478
1669428
1117027
1716021
1074561
2047551
1231142
1736502
948093
1586609
1414668
1500462
784665
1494990
1753654
1935068
1327721
1918556
1448365
2086849
1185093
1959388
1196133
1959421
1222182
1916475
1189637
1878522
1243303
1897979
1421580
2038335
1334217
2051455
1183812
1930748
1342218
1891067
1128547
1890682
1208421
1926588
1178437
1930172
1197637
2497389
1470958
2031743
1243431
1887642
1454221
2076800
1249703
1962333
1189669
2014271
1155267
1914683
1239591
1864218
1185733
1906747
1142915
1906139
1178948
1841753
1189061
1918459
1295880
1825368
1508047
2018367
1250151
1940060
1139139
1965117
1345225
1957501
1412875
1702933
1057537
1532591
828282
1223046
1234374
1449100
857883
2759478
1509903
2063936
1187877
1905211
1484686
2110882
1188357
1952220
1310569
1951453
1107075
1910491
1267847
1925819
1108643
2310792
1417228
2100865
1283143
2551791
1460909
2179716
1333161
2455852
1411852
2633202
1354922
2422571
1538128
2163843
1189509
2562800
1472366
2097697
1216421
2530671
1401548
2580784
1341834
2399530
1452269
2081312
1239975
2565392
1378570
1993406
1121891
2194980
1498702
2104481
1202533
2042495
1219526
1932347
1138148
1896987
1504782
2125506
1234598
2015486
1266247
2519566
1424108
2092321
1244455
1936316
1187589
2554191
1469518
2084288
1385643
2188804
1280679
1890203
1183493
1978910
1292616
1891611
1220518
2002398
1260231
1946652
1202629
1920380
1491854
2113282
1116386
1904827
1243302
1984957
1157124
2039679
1516911
2119234
1279944
2036799
1331849
1948924
1257895
1976829
1277799
1866618
1432556
2065952
1314505
2013214
1149444
2267462
1503791
2008446
1298344
1937276
1510350
2119746
1157092
1973661
1221509
1851865
1244583
1963869
1505743
2222085
1208326
2468108
1561072
2149923
1198597
1894586
1230054
1909531
1443437
2125314
1239590
1928316
1201605
2011070
1232486
1970653
1151460
2021855
1471950
2167459
1327593
2010686
1484846
2109282
1218950
1953117
1338633
1940508
1141828
1991614
1267400
1904763
1412972
2039775
1293288
2040864
1073218
2031807
1264744
2031166
1183685
1955933
1241863
1861433
1198405
2295815
1504527
1976285
1175940
1936796
1475213
2180835
1190885
2078784
1496590
2027038
1203621
2018558
1260327
1965501
1223398
2023710
1493327
2119778
1193957
2053183
1248647
1865818
1211302
1972189
1169220
1941724
1154020
1895930
1496718
2197220
1168069
1945277
1473998
1983550
1013472
1794264
1143107
1815897
1461165
1853753
1195877
2115618
1208902
1969629
1074722
1904603
1127555
1959293
1238567
1866074
1451085
2389834
2050175
1402476
2222757
1307273
1994589
1200645
1948892
1538544
2301224
1196869
1926460
1262183
2000478
1161028
1986174
1545712
2171364
1214885
2028895
1259751
2003871
1095618
2289575
1504942
2063264
1557264
2154179
1380906
2025886
1142340
1939420
1223462
2040032
1081665
2006718
1211814
1882586
1207558
1903259
1229446
1901275
1198246
2006302
1147652
1860505
1166756
1905723
1226437
1909500
1125474
3001661
1385803
1996894
1255975
2577487
1303368
2274247
1243590
2022558
1478253
2094945
1268231
1932059
1256358
1876538
1201061
1861689
1310248
1846265
1136547
1828313
1277480
1923100
1094914
1890458
1140036
1864538
1191845
1867930
1247878
1843801
1076706
1897818
1600242
2033503
1156996
1911003
1206213
1823609
1181988
1874650
1201797
1900539
1153732
2560239
1336106
2426731
1298696
1976893
1584241
2105634
1183204
1935676
1200741
2058272
1510287
2145219
814329
1417356
885563
1584561
1025471
1704949
1516431
1637683
939517
1414668
936157
1480366
1036481
1635091
993566
1586481
1534063
1813880
1009375
1964508
1080673
1489422
1242950
2367305
1548560
2163299
1378347
2124353
1498030
2227269
1378219
2208068
1346826
2013630
1194757
1975230
1568400
2026718
1174244
1972605
1538704
2058944
1170884
1928411
1245766
1715381
889916
1269255
934109
2323528
1199365
1655092
1422893
2520910
1217125
1928251
1316777
1975965
1190821
2056992
1319145
2005790
1222022
2207908
1314312
2041664
1266280
1943581
1277512
2316968
1215558
2037983
1290152
2118561
1272615
2127746
1291272
2245894
1193189
2032863
1415692
2159619
1110722
1999422
1303305
2078016
1191781
1952028
1273927
2127714
1190789
2038271
1245350
1932348
1227078
2245382
1357450
2013630
1242215
2112321
1272616
2006590
1232870
2172804
1267783
2064768
1207270
2170308
1263815
2111713
1210790
2063552
1264743
2118849
1169733
2019742
1267687
1636947
981727
1662580
906620
2008446
1161028
1527535
1108098
2129474
1331178
2083520
1291912
1904411
1380043
2268166
1370570
1971965
1208870
2150371
1264871
1978814
1222470
1966653
1273256
1997693
1245159
2350408
1268903
1996797
1251879
2225829
1312137
1956157
1242886
2335656
1257799
1980734
1216070
2067808
1269543
1620402
918268
2401131
1383531
2048031
1525711
2082336
1484078
2068800
1425516
2198916
1439500
2002494
1185700
1957245
1372010
2241797
1212806
2060768
1338762
2079392
1376331
2080000
1554448
2093057
1145219
1590321
963710
2107714
1415180
2354345
1433836
2181699
1421356
2487469
1270183
2012670
1216102
2047871
1266727
1957021
1387499
2144098
1269255
1969501
1393643
1819864
1006879
2187331
1886779
1730933
1055937
2082304
1182564
2228837
1530576
1852506
793529
1197221
1338057
1711957
853051
2369065
1305608
2010846
1550832
2230373
1373451
2236005
1199717
2062048
1268936
2028959
1277095
1960893
1270215
1908603
1354730
2199844
1234470
2140098
1317897
2216261
1307528
2130850
1193285
1931068
1274504
2051552
1197766
1912380
1502639
2178564
1192901
2033151
1296264
2004062
1181220
2096992
1272648
2138146
1093602
1835641
1257671
2105953
1107235
1853209
1357834
2289927
1179013
1927291
1264263
2043775
1214118
2008254
1257222
2028863
1191845
2050976
1381867
2196356
1202277
2021215
1255879
2165443
1523599
2054624
1471565
2001694
1339370
2240965
1265800
1926523
1298920
1941564
1270471
1922907
1253734
2033247
1393003
2220933
1328681
2081312
1261927
1989438
1260039
2214788
1286088
1968957
1340233
2284070
1247687
1970365
1251335
2123970
1268743
2054687
1204357
2149698
1276519
1979453
1198406
1925244
1516303
2130050
1179684
2011423
1360778
2239589
1195269
2070816
1266631
2236037
1201189
1956540
1298409
1977277
1184388
1967837
1306249
2165827
1462541
1995261
1444781
2147170
1184325
1907067
1405132
2136002
1204229
1949661
1317385
1963645
1186053
1964669
1278791
2277607
1194629
2098145
1271719
2026654
1413932
2259974
1422092
2194468
1199109
1943964
1400620
2312328
1248807
2053824
1333833
2337449
1189509
1941084
1315529
2201956
1179173
1926876
1279976
2170883
1191908
2044128
1287464
2155170
1207046
2084481
1416716
2082273
1406220
2110465
1179172
1935644
1306761
2168899
993951
1708821
967294
1664532
962462
1563888
934557
1770103
937629
1411180
861147
1415852
1591761
1651539
932413
1522575
1059265
1679412
1065569
1901594
1268199
1981085
1385803
2250214
1379786
2008126
1208357
2019390
1611186
2033823
1380171
2113377
1300712
1915643
1321416
2175779
1297992
1965885
1227622
2200516
1267943
1984190
1261671
2110722
1279303
1930044
1229255
2398059
1435341
2162563
1220134
2019102
1233095
2091937
1484142
2045056
1503855
2118242
1339369
2141603
1218758
1943900
1225862
2074176
1498382
2026367
1380714
2112897
1449645
1964348
1254759
1945948
1263495
1883290
1346474
2347049
1357162
2162403
1264007
2224037
1219782
1876218
1128610
2031198
1423532
2047584
1231430
2278247
1318857
2000062
1180581
2027871
1491502
2145282
1325225
2172547
1322441
1967357
1196005
2019039
1522288
2035775
1358922
2063136
1389355
2139650
1222214
1918875
1312969
1928252
1219366
2210629
1247783
2092160
1225926
2149603
1264488
1931516
1250311
2115586
1318312
1963708
1217830
2060160
1513391
2063456
1250567
2197220
1367914
2167811
1254310
2051936
1463213
2068576
1407371
2071361
1471566
2021887
1475085
2055744
1495246
2147170
1314665
2140098
1302536
1973213
1238759
2231525
1382027
2020702
1179204
2004350
1310760
1939388
1178501
1984542
1229894
2017118
1471853
2115041
1241863
2067872
1199493
2043552
1484206
2023967
1246759
1968541
1245799
1898523
1478926
2065920
1261095
1892699
1206630
1846457
1270888
2519182
1480238
2156898
1388331
2137699
1342698
2193380
1369514
1978398
1226662
2725877
1365131
1982205
1197829
1895098
1556625
2129762
1241863
1950140
1218950
1856665
1137315
1890170
1232166
1915163
1084578
1887899
1139651
1877626
1084162
1914779
1571312
2132290
1145667
1910011
1209285
1853657
1138820
2740180
1389547
2117154
1349258
1951868
1513807
2119329
1185829
1987294
1238726
1845241
1208261
2308808
1362826
2154914
1328713
2148706
1260519
2187459
1339753
2172707
1355722
2210020
1312905
2077408
1185253
2397226
1286152
1986237
1151524
1903323
1189477
1946620
1254119
1921275
1294440
1857594
1234374
1894170
1183077
1881562
1212774
2658034
1443020
2027198
1485262
2116162
1308264
2022783
1247622
1954685
1156484
1927100
1129763
1769111
1183940
1778103
1059328
1757430
1014592
2193828
1144004
2037567
1171108
1952605
1495022
2147715
1178021
2119937
1224838
1643859
1013760
1774391
991007
2269350
1223942
1517935
1431052
1669652
1003647
1712309
1076417
2340104
1420748
2259174
1383019
2009022
1421420
2210180
1218118
1938940
1165765
1981630
1245127
1865209
1456493
2123650
1219877
1950908
1335594
1917531
1252966
2040767
1459470
2144675
1341482
1901755
1222950
2590576
1541552
2161411
1186405
2021630
1252262
1916955
1164324
1882491
1501871
2079744
1214470
2019263
1213030
3009565
1254215
2228197
1445388
2215109
1363467
1758486
1938204
1984893
1420300
1529071
1318633
2188324
1365034
1201573
1095010
1312328
1080257
1535024
1188613
1650195
1068769
1751734
1072737
2700628
1364459
2161315
1099266
1973405
1416651
2128834
1292392
1984125
1090305
1961725
1289032
2003806
1219398
2005694
1537551
2160291
1173412
1897723
1266983
1998718
1418892
2112129
1288520
2792823
1421324
1961084
1270791
2735893
1398379
2210117
1270023
1916956
1127651
1953468
1241511
1950717
1453485
1724693
1011424
1765175
967774
2187651
1249222
2022878
1141123
2153315
2317672
2035519
1263016
2001278
1276743
1881338
1181221
1981373
1231046
1978141
2288519
2091424
1244487
1964605
1138500
1897979
903932
1579217
857659
2502414
1179973
1344586
1043233
2398858
1430189
2150370
1222533
2695060
1440397
2083872
1457709
2185347
1166852
1966173
1136324
1964412
1153828
1906075
1142403
1939100
1553104
2189764
1146692
3250212
1606705
1735925
987038
1515663
1225254
2425963
1368971
2286439
1454637
2302792
1492782
1775927
1100066
1746006
1044256
1990974
1290120
2018782
1369066
2066208
1348970
2007230
1511982
2106593
1522863
1677172
874267
1333769
940445
1265735
1145603
1993309
1172452
1782135
1085154
1863162
1116226
2401419
1407083
2055648
1541999
2034303
1474126
2114242
1397739
2214085
1212518
2048383
1292424
2157859
1275303
2000798
1803127
2785847
1263783
1966653
1596337
2187843
1541519
2311656
1587410
1996670
1512239
3117216
1371434
2218437
1351210
2178980
1391243
2102913
1288392
2175843
1395275
2204644
1222054
2100737
1257735
1995037
1196037
1941116
1392363
2176452
1227878
1958653
1341514
1978141
1199749
1973533
1377195
2198693
1169540
1976222
1458317
2398282
1249351
1936028
1257383
1953213
1449037
2271398
1249575
2019071
1337674
2162690
1251559
1953308
1326569
2097249
1156740
2183588
1508463
2173475
1373995
2219493
1230054
1926139
1267464
1983517
1186373
2014814
1422892
2283846
1204325
1974909
1564657
2030303
1528847
2096352
1473934
2154019
1431917
2163011
1249255
1936796
1226918
2052384
1265831
1936668
1207717
1947068
1251367
2031359
1193765
2243526
1457357
2098561
1478830
2096801
1343753
1945949
1217798
1951484
1669779
2204581
1251847
2168995
1456845
2067936
1255719
1975197
1272135
1909819
1346506
2227429
1267815
2029695
1234214
1991134
1250278
2214372
1460205
2139522
1371403
2111713
1356298
2295623
1271719
2001022
1267111
2266759
1261447
1916987
1451085
2202372
1288296
1917435
1453933
2160579
1258215
2002142
1281192
2150339
1261991
2003710
1207461
2026878
1270376
1921915
1368810
2152546
1257958
1947164
1172292
2007006
1447821
2117601
1190789
1886554
1315177
1980285
1171237
2016958
1099522
1784183
1182213
1870073
1302472
1921692
1016575
1497423
1190917
2083457
1410827
2162499
1317161
2067488
1308008
1954652
1520719
2025055
1179941
1976989
1296552
1882747
1437484
2128066
1265735
1991422
1143875
1962973
1513263
2159715
1207494
1900090
1342697
2317672
1346666
1949277
1325833
2022367
1405868
2143810
1233959
2128450
1152804
1894970
1154404
1915899
1168804
1961020
1231014
2431275
1398316
2021022
1172804
1956893
1264583
1923131
1495311
2078912
1224742
1901819
1242470
2445100
1521711
2188548
1252327
1871738
1196389
1913883
1570737
1948188
1153476
1856313
1212933
1895706
1160899
1895098
1188676
1936508
1507598
1901690
1004799
1441420
909820
3452715
1238374
1617778
1029152
2437228
1423404
2059680
1222757
2571280
1278216
2669651
1169764
2225285
1279175
2700116
1266408
2208004
1268327
1973821
1156388
2764310
1447884
1939548
1199750
2629169
1246694
1994269
1188645
1977981
1285159
1934683
1580977
2004126
1298920
1893658
1178916
1901243
1165220
1935900
1529839
1958557
1264775
1910907
1162404
1917947
1287880
2731861
1262759
1917435
1200421
1908347
1165124
1928987
1282248
1889467
1509199
2036063
1299624
1901851
1188580
1924348
1234630
1879770
1140708
1903259
1190053
1882778
1566193
2085984
1242566
1909723
1148675
1931804
1174116
2703860
1308232
2505550
1367626
2037023
1210470
2511565
1446445
2173763
1372747
2117666
1413100
2006623
1355498
2126849
1248807
1955453
1187684
2004414
1493358
2156195
1216197
1897434
1262407
1906395
1193029
1992829
1517231
2137730
1237254
1613650
1188517
1870874
1410284
2158243
1254823
1916123
1190917
2021054
1251558
1930652
1207397
1976029
1490990
2025823
1233286
1958333
1210598
1946172
1422668
2105697
1166533
1953533
1183812
2171555
1163044
2285830
1335337
2033951
1428940
2223237
1182981
1965309
1321993
2068928
1201701
1957693
1242726
2182308
1279367
2015870
1347722
1927931
1145220
2271142
1500366
2117698
1387659
2069312
1499054
2141379
1399148
2088833
1440172
2225925
1223045
2027390
1282152
1885755
1217605
1851065
1583441
2159427
1237799
1892635
1257159
1902459
1303785
2117442
1283400
1935324
1161892
1890619
1340938
2164515
1465421
1973309
1288008
1976189
1201190
1885498
1581713
2121665
1272488
1999421
1413259
2114465
1188325
1924956
1240358
2169027
1336137
2114690
1487406
2189124
1300712
2158083
1376394
2123906
1336650
2077856
1194436
1961693
1285831
2202660
1295592
2333320
1389419
2150114
1494351
2108673
1213861
1903803
1296552
1908571
1360714
2096032
1313065
1964924
1367626
2094401
1290216
1935868
1169349
2159523
1345450
2038367
1438189
2129634
1294152
1970557
1162020
1936508
1312969
1887899
1196133
1928059
1212933
1868474
1091745
1971997
1245575
1911227
1165892
1943261
1553744
1895291
1197893
1940604
1244231
2319464
1441133
1955869
921308
2449451
1098658
1729014
1140003
2348681
1302216
2304487
1265736
1933212
1166308
2815735
1517551
2063168
1213317
1994622
3395241
708758
1456749
2244581
1224038
2414379
1603090
2577904
1061569
1686164
872827
1653715
1075234
1360202
1018528
1484238
1093506
1856922
1262823
2151491
1241127
2007166
1514767
2177219
1344009
2052127
1278792
2035935
1257670
2131010
1265192
2043872
1499086
2199621
1375083
1913884
1167973
2238181
1496686
2098913
1388299
2052639
1506254
2176643
1196293
1951932
1444652
2211684
1214342
1943964
1346537
2326216
1249606
2129346
1393803
2333288
1244518
2219557
1322728
1677972
1176133
1664627
979550
1031296
684501
1444941
1142564
1414891
1220326
1555696
989887
1574865
1049856
2211140
1630387
1884890
1101058
2028031
1434476
2163683
1200965
1931355
1249319
2078497
1425740
2373481
1487342
2206372
1324329
2184291
1371242
2151427
1439181
2164099
1373610
2248614
1357162
2003102
1464781
2217541
1184261
1976606
1297064
2438443
1178756
2106081
1583089
1473166
1370890
2291399
1275943
1901851
1153572
2010174
1273160
1965917
1331978
2188227
1337033
1971773
1231014
2005982
1378923
1972925
1189893
1997886
1244551
1921659
1426732
2250565
1253287
2058016
1263527
2090273
1276296
2042719
1237094
2180419
1254695
1973277
1276455
2002269
1314153
2151779
1194245
2074496
1315848
2226565
1223238
1987838
1287656
2092641
1099042
2220325
1490094
2245413
1335178
2426539
1340298
2072096
1218021
2144706
1279463
1959132
1211045
2084544
1490350
2040959
1372138
2060896
1310376
1920860
1289544
2143459
1272615
2120609
1257671
1596945
886907
1584465
1029983
1770103
1018336
1613618
1513807
2146659
1356874
1924827
1236454
1949789
1332906
2187748
1232102
1943516
1346794
2089025
1186916
2000701
1441004
2158915
1211174
2075520
1275272
2099265
1471469
2220101
1311369
2037215
1333417
2194179
1259687
2037439
1312425
2241830
955102
2198308
1184453
1870233
1251686
2390154
1430189
2089345
1536208
2091265
1349898
2262342
1284360
1917820
1230342
2029407
1474605
2206148
1337897
2286055
1345417
2057632
1178404
2009278
1267560
1949724
1227430
2195556
1360266
1994109
1190661
2066656
1395211
2151459
1215974
2047039
1284616
2239366
1270855
1967741
1264360
2265191
1206885
2009407
1345322
2178147
1201797
1962173
1274279
2024447
1433484
2126210
1386379
2004606
1441996
2163075
1293928
1945372
1535471
2113986
1287911
1983933
1241383
2028191
1264935
1927483
1247782
2451116
1264167
2058720
1158308
2008094
1282152
2230981
1221285
2007166
1424621
2360073
1227846
2022974
1453133
2094497
1230503
1960509
1241798
2055711
1511567
2187235
1354154
2177828
1227110
1967645
1516079
2062528
1416587
2173251
1273256
1936700
1356969
1920411
1480782
2082752
1507215
2088321
1420172
2117953
1269159
1995870
1325257
2274598
1238246
2024798
1242694
2166915
1485998
2118274
1407372
2097729
1441005
2150019
1277223
1968477
1310248
2228709
1260231
2002526
1224550
2100673
1358442
1958461
1366923
2237573
1256071
1996701
1219301
2228677
1257703
1943388
1302408
2014847
1277544
2028735
1197669
1972445
1301993
2255173
1215589
2130242
1296264
2130530
1336490
2038527
1314665
2232805
1241575
2235877
1532175
1943868
1532112
2047391
1461517
2101825
1430733
2165987
1448013
2176100
1217414
2009887
1300169
2019519
1257415
2153762
1305640
1930843
1332809
2176003
1248391
2033567
1395883
2086209
1443789
2099553
1386155
2123746
1530799
2056415
1397835
2138722
1419052
2160930
1237895
2121345
1373867
2108129
1205958
2197571
1295624
2050975
1263367
2148547
1289320
2025791
1175781
1926939
1251431
2039199
1225094
2192228
1271687
1922268
1215109
1986653
1250919
1964701
1233734
2178308
1288391
2013919
1302665
1941884
1259783
1995997
1186661
1997949
1310761
2207428
1183140
2093632
1322665
2710451
967102
1374507
1144228
1605394
887323
1207238
1061281
1325577
843290
1740758
1583633
2217637
985567
2028030
1354825
2313416
1191557
2029247
1406955
2275078
1138371
2038111
1276232
2105665
1199813
1940156
1332425
1987293
1218950
2146978
1345641
2004158
1190597
2253574
1552208
2033310
1492046
2061567
1524911
2024478
1524655
2133890
1247974
2078336
1406699
2183555
1264999
2057535
1261703
2065280
1281192
2160931
1258759
1956093
1270951
2062880
1523375
2106657
1559472
2056384
1423788
2356361
1285255
1947773
1237894
1966045
1391275
2183844
1252230
1949724
1265543
2252773
1419628
2101409
1395691
2111906
1238950
2152803
1362378
2084672
1263271
2009886
1688148
2445419
1276327
2107841
1453325
2351080
1282343
1831065
1110242
2494765
1241639
2044416
1498286
2252581
1233735
1934204
1353066
2032479
1170116
1925916
1272775
2123810
1237670
2022687
1287943
2010142
1252358
1949788
1275367
2254021
1223173
2199684
1265031
1979038
1203718
2294439
1276199
2003102
1179589
2105761
1325193
1982462
1319945
2149123
1254407
2074912
1198213
2031007
1336777
2268678
1486894
2168867
1324777
1915388
1258055
1937724
1429548
2191203
1234950
1995613
1289672
2178692
1187973
2036895
1186053
2153602
1142211
1475470
1562192
2347049
977438
1751382
1070881
1620690
954238
2460236
1418508
2219301
1576401
2724116
1435628
2024159
1212805
2288646
1455149
2319015
1180452
1921500
1227430
1924124
1712725
2132994
1747030
2016926
1227334
1697589
973854
2236325
1242727
1988446
1481582
2181028
1236518
2015902
1784759
2294087
1195749
1992158
1311113
2271431
1419723
2109249
1304937
2032319
1302920
2178019
1269863
1983837
1224326
2179523
1282792
2027327
1220262
1928667
1312297
1956860
1195493
1961885
1274759
2172323
1214213
1931067
1431180
2206276
1176613
2060992
1380202
2022783
1222310
2051423
1284648
2217572
1164132
1990525
1317321
2232965
1196773
1916859
1256103
2122785
1197061
2045535
1224326
1991613
1303337
2109857
1255462
2196420
1442541
2030431
1252359
1920251
1362762
2157859
1261447
2014591
1196165
1988190
1420460
2218821
1199237
2061247
1250951
1982685
1237606
2078881
1277095
2173699
1278535
2181251
1253991
2270822
1195109
1915483
1326953
2121314
1190789
1990558
1270152
1964957
1190725
1911931
1260550
1864794
1200197
2276295
1453773
2091617
1460109
1998494
1380362
2239974
1332009
1635507
1333321
2012862
887676
2400842
1303689
1987166
1098498
1776119
1464686
1916059
1447853
2110753
1175812
2283335
1383915
2154883
1238662
2219460
1338729
2184612
1342378
2142338
1272840
2113569
1301192
2502445
1463245
2155779
1489134
2247814
1317481
2173699
1310248
2090560
1192421
2112130
1248839
1957052
1167524
1954140
1260327
1950493
1213382
2403658
1533295
2160579
1261543
2386890
1358890
2089121
1358890
1687605
1604881
1862074
965278
1305640
885947
1503662
895932
1890875
1108355
1733270
1294280
1647539
1126947
2123170
1323817
2313255
1298697
1958941
1263175
2135618
1281415
2118177
1259911
2070688
1271848
1975773
1200005
2147523
1480814
2129922
1446156
2160675
1422572
2207652
1369962
2121538
1614706
2121154
1372714
2046592
1508015
2069248
1392203
2194596
1278856
1902139
1271431
2188228
1413515
2127938
1325033
2038399
1398251
2068544
1223334
1983101
1271400
2128578
1414604
2133250
1456141
2252614
1226150
1928507
1254279
2015455
1183492
1904603
1310280
1979262
1324233
2060384
1296361
2128354
1290087
2061216
1375403
1965405
1176356
2239813
1430828
2166691
1299369
2040288
1255623
1792632
1079617
1817688
1374090
2305575
1226982
1911867
1181797
1961116
1284776
2160099
1246694
1881531
1168740
2376841
1459629
2102273
1385930
2094912
1310025
1884315
1369610
2176003
1283720
1902587
1262535
2222596
1289320
2055008
1363466
2149795
1280776
1906107
1236710
1915995
1352906
2167171
1242183
2035967
1347273
2112161
1191717
1953596
1284647
1958653
1211173
1941756
1225510
1937852
1480078
2153570
1312296
1933084
1278472
2244838
1307241
1933788
1167620
2355529
1494510
2237029
1348041
2236933
1260135
2013950
1188069
1929564
1268423
1992286
1101058
2047647
1101346
1833593
1241030
1914843
1498702
2143330
1274471
2022366
1219270
1880538
1281224
2164707
1304392
1926043
1209285
1970812
1247015
2215972
1178053
1896442
1518287
2254341
1201093
1999998
1303817
2114497
1259015
1944156
1289448
1927772
1209221
1914875
1315016
1955740
1164484
1941980
1280584
2305511
1439212
2012318
1331337
1892731
1117186
1898299
1399467
2317000
1217574
1933628
1238855
1917563
1198213
2045248
1242119
1892699
1176805
1927100
1330409
1973309
1421644
2151330
1272743
1913531
1246407
2103681
1318089
2132034
1250375
2104353
1299912
1996989
1191173
2086913
1552368
2179171
1187557
1895739
1283560
2329480
1419820
2295847
1461933
2130306
1524655
2088321
1268872
1903771
1182789
2255654
1547152
2141698
1237638
1978845
1426732
2154979
1226917
1896379
1261575
1955005
1229158
1965820
1252519
1971613
1265383
2145666
1303336
1995390
1230470
1902810
1316745
1900571
1180133
2268454
1489998
2128098
1177252
1919387
1440013
2394730
1189637
1973309
1290248
2109954
1358570
2134178
1498031
2130050
1406379
2072544
1431340
2115233
1217510
2314951
1522479
2030142
1385515
2123874
1389899
2188644
1238310
1969341
1313353
2186852
1203077
1939356
1235206
2030303
1248103
2212484
1379819
1981245
1226854
2279366
1324745
2056832
1192901
2144770
1278087
2022494
1224134
2230565
1300328
1937564
1200869
2011454
1334441
1994078
883932
1388106
1347594
2148867
1253927
1971581
1265959
1893210
1227078
2019839
1575824
2181475
1201637
2111553
1263783
2000990
1166948
2099425
1537615
2063231
1413323
2118946
1314345
1951965
1311593
2168867
1306857
2075264
1260871
2140194
1597201
1996446
1396907
2124737
1393675
2272486
1182405
2032895
1282312
2314504
1391659
2075936
1320329
1982877
1338889
2114337
1297992
2050912
1238182
2149570
1352234
1899579
1412396
2093921
1302376
1947356
1307561
2153347
1289832
2072960
1208102
1963005
1260359
1977245
1239654
2225669
1269607
1997534
1237670
2152578
1258823
1937468
1232262
2146723
1388459
2222757
1261479
1633362
1008447
1737685
1470829
1857081
1117539
1704565
1482638
2263590
1359274
1972733
1252326
2159779
1511919
2022559
1509486
2495694
1579472
2230949
1544752
2064128
899579
1957149
1060513
1683060
1296264
2517710
1556240
2348521
1318825
2084705
1226854
3942713
1602770
256648
293769
2080481
1221414
1899355
1408364
2276646
1443245
1847993
1051552
1415468
849562
1320681
986751
1696020
1241895
1693621
1328617
2208420
1529168
2074976
1298312
1916347
1193573
2051839
1268647
1965981
1489422
2185827
1271079
2078272
1295976
2187684
1284359
1981662
1229734
2009502
1584241
2090720
1292039
2162146
1302888
1988381
1262151
2127714
1290376
2014302
1235847
2042559
1294504
1941404
1381067
2232037
1266151
1977021
1232070
1981053
1277928
2189156
1220262
2057983
1299208
2264390
1231526
2035071
1258535
1930907
1184612
2253285
1264391
2063167
1196741
2217509
1256391
1984957
1214149
2245638
1259399
1981661
1322281
2233670
1259879
2011103
1209925
2097953
1336010
2130657
1189317
2412523
1276935
1950844
1201189
1970589
1296936
2218789
1213126
1979005
1243911
1922620
1184516
1985309
1287528
1994590
1318057
2042879
1292616
1927003
1170788
2257285
1473037
2099873
1222630
1941276
1307016
1902395
1183780
1917083
1239207
2364329
1373578
2154627
1462606
2177571
1363818
2020383
1507151
2059103
1397803
2195715
1408044
2185124
1224646
2033663
1235526
1882843
1163396
2455180
1524591
2138979
1460845
1976029
1442988
2276934
1213798
1995421
1251271
1933308
1174020
1882971
1271687
1931131
1455661
2051167
1219078
1985278
1206085
1958845
1370090
1895515
1439436
2069888
1297288
1927612
1152452
1967837
1477518
2220005
1173957
1885979
1255495
2441195
1473998
2104449
1289544
2315688
1375274
2133218
1542224
2283751
1454445
2078209
1443181
2103041
1436844
2129474
1475501
2104609
1456781
2048607
1444557
1875418
1417100
2046783
1438572
1961917
1387403
2211909
1379755
2172643
1261159
2073376
1264743
1931580
1232070
2474829
1510575
2029886
1213989
1950460
1489454
2178243
1229286
1973149
1215558
1881274
1244775
1947549
1497486
2072384
1189573
1882490
1282440
1918012
1092546
1957917
1314568
1865882
1181573
1969789
1228998
1888763
1193381
1928635
1217574
1967549
1420588
2409642
1295880
1956668
1101378
2021406
1521295
2354761
1313577
1941436
1238790
1890235
1204901
1919548
1311017
1943773
1502126
2069952
1243559
1941148
1418508
2068416
1169284
2003678
1225734
1905083
1289864
1915995
1214086
2357609
1461774
2054688
1208229
1888475
1263591
1959325
1388971
2182980
1294216
2021182
1192709
2380650
1456877
2071520
1180389
2220869
1527183
2062623
1338729
2114434
1472685
2124289
1487854
2186179
1414156
2083584
1007007
1878618
1113027
1501358
1506286
1732470
1421548
1284616
949309
1654643
841722
2400938
1565392
1542703
1019903
1553072
1518095
2184867
1269319
1889274
1187685
1870298
1170341
2777046
1346570
2007038
1314057
1887738
1121762
1903642
1238502
1901978
1214822
1935036
1150019
1871865
1171396
1805016
1218694
2786358
1364010
2046559
1464365
2120961
1154179
1993309
1263303
1879354
1159428
1871738
1264359
1934875
1131907
1883834
1525519
1883674
877851
1402859
1506095
1866074
1048161
1758455
1287496
2753493
1318889
2095073
1273128
1847290
1476942
2109505
1267015
1906171
1190437
2773365
1405068
2203236
1313000
2046687
1524943
2162947
1187973
1878330
1275431
1881946
1177188
1944669
1254535
1860473
1206469
1842905
1204486
2677875
1347402
1986429
1240902
1958300
1091169
2750677
1373162
2040703
1219430
1922683
1488846
2038271
1298888
1974909
1205701
1887899
1174436
1856666
1494574
2071456
1160324
1910203
1204229
1907067
1087938
1865593
1200486
2675923
1214693
2143042
1447597
2130466
1225349
2114625
1533903
1673780
805241
1349450
1099522
1776599
968254
1629363
1496846
1982141
1099234
2008158
1509359
2146435
1177253
1967708
1260199
2063456
1418476
2244741
1336393
2054016
1176996
1955036
1534512
2082720
1180133
2028287
1525039
2266854
1192004
1934140
1238694
1930044
1423020
1913563
1234887
2360297
1223398
2013438
1507630
2098081
1188517
2098688
1257031
1991741
1280519
2284998
1484462
2092128
1366987
2237541
1279271
2088608
1188965
2083617
1328009
2039359
1157188
1912923
1241958
1287240
1171620
2325736
1511790
1346506
1284904
2157506
1613746
2282599
1200133
2063712
1383787
1913467
1150211
1897019
1264327
1891355
2559567
2053663
1299016
2029663
1281799
1946844
1103906
1662516
1196549
1908379
1295720
1994814
1198789
2446636
1604305
2106913
994111
2162819
1673587
2324712
1238950
1683956
971518
1744278
1291208
2100513
1276871
2053183
1183653
2184099
1298952
1987805
1284072
2019326
1304904
2205317
1235430
2073184
1275175
2151971
1212357
2263782
1257735
2058687
1188485
2549583
1032896
1648723
900124
1678164
1055937
1399499
1502478
1616722
1533168
1379658
910716
1391787
1065184
1516239
835546
1252102
1287144
1330313
1219909
1213061
930813
2415595
1276679
2146851
1382027
1969149
1139523
1929371
981087
1442669
805593
1171844
1371499
1382058
965086
2230597
816313
1158916
845082
1857209
1328905
2114529
1213350
1386475
1649331
735511
1399531
1066977
1323273
770424
1192165
1376203
1943388
975454
1323497
1355306
1111234
1970749
1285223
1881274
945629
1220902
1015935
754231
1311977
1226342
1557776
804281
1259207
1422764
1298440
1247463
1293864
930589
1565456
813529
1233415
1146244
1415308
1511119
1732598
841658
1395147
1384267
2257510
1289224
1435085
1020064
1431820
890844
1315369
1163268
1399307
858170
1399819
1029184
1449709
1335498
1297672
1114658
1312648
887003
1346377
1445965
1425580
757880
1238886
929981
1496622
1239910
2168771
1188484
1915963
950589
696437
1498286
804056
1283207
959837
2112833
805273
1505615
787384
2065087
1396043
1938588
962365
1292392
852442
1202789
903260
1218502
776568
2268422
1381578
1904251
1149219
1884538
1212805
1925724
1204997
1381962
972542
1998974
768696
1265831
884827
1454285
956478
247303
1206246
1012479
1350889
1133475
1307144
962206
2154019
817529
1300073
900187
1412908
1021504
1764087
814074
1986493
936573
1488014
997887
1269991
753751
1278664
1069761
2478924
1288520
1935228
1271624
1953757
954590
1307593
806809
1325993
922812
1198565
1305288
1387755
1537040
1407756
905564
2060960
941341
2645618
1343626
1909243
1282535
1951229
1133475
1588497
1132867
771864
1233382
1000767
1307848
1073345
1338313
1331689
1284456
895163
1716821
788504
1874746
1087202
1433964
959710
1986525
943869
1380619
787577
1274376
800697
2333832
919100
363852
1499374
858459
1243399
1224358
2391658
1587506
2020830
1111586
1965084
871258
1862682
1399051
1602257
939197
1918811
1316872
2184324
1407659
1995774
1215333
1952188
1304297
2043231
1207589
2251269
1271175
1650451
1556208
1602001
1467405
1577169
1404555
1548080
1517295
2198788
952573
187461
2174947
1299561
1995773
1210789
2050655
1344297
1990333
1234342
1860857
1260935
2257414
1252198
1606002
1261095
1864634
962590
1894394
937084
1904795
1269192
1978173
1309800
2443532
1466477
2154883
1287144
2068192
1475565
2293799
1285288
1983325
1260519
2057888
1275367
2132033
1231654
2094785
1266343
2225476
1310248
2086273
1377418
2195588
1225894
2017726
1268679
2142402
1251591
2027359
1265416
2238565
1226438
2068128
1272776
1330473
1232230
2072512
1279239
1960477
1322057
2229477
1348425
2004190
1249798
2069792
1267911
2040063
1242215
2113314
1282152
2042976
1261127
2124098
1359306
1950077
1220646
2094369
1249511
1922459
1174948
1937660
1398059
2154690
1209573
2014846
1438316
2272454
1228486
2330024
1303049
2008607
1227846
2292967
1461357
2052928
1239206
2031807
1403116
2241765
1243847
1994846
1247078
2006270
1214918
2078080
1291047
2102433
1237574
1971101
1264583
1980861
1538288
2102945
1387659
2108769
1237094
2094273
1452941
2199844
1265607
2152514
1289927
2041599
1299976
2156994
1251943
2132962
1441677
2178532
1374794
2324840
1290536
2071296
1260679
1988381
1455181
2100417
1469517
2091073
1304168
2257349
1346633
2049279
1287336
2245062
1353194
2006750
1184901
2098689
1300136
1913340
1224038
2260262
1306921
1942716
1195781
1980797
1282183
2095969
1232902
2044863
1273479
2076896
1255750
2197700
1284520
2034654
1349546
2145858
1258727
1990334
1243079
2043327
1296552
2162914
1131651
2102561
1176965
1907291
1109699
1901755
1270503
2123745
1086498
2078368
1188645
2048639
1447309
2207108
1456941
2087617
1417036
2142658
1255719
2184291
1464013
2250246
1504271
2183300
1200997
1960413
1390347
2173059
1220006
2068224
1269288
1903355
1316616
1968477
1285928
2278150
1227526
2039263
1277896
2232645
1251174
1999166
1260327
2013887
1252327
2266502
1260775
2001886
1247014
1988094
1260423
1979581
1306377
2188643
1265063
2075968
1214821
2111905
1270472
2147234
1183204
2201924
1315464
1874714
1101250
1540815
1116642
1728982
1083745
1365674
984222
1507182
1007647
1754006
1224710
1909979
1149764
1844857
1255942
1875514
1074274
1890043
1494990
2048671
1109379
1942172
1231750
1852409
1349866
2406666
1401003
2099489
1219621
1887355
1254535
1858042
1215622
2027518
1230374
2420810
1344874
2057087
1550096
1979070
1173988
1935516
1279112
1831576
1215845
1932156
1262855
1991677
1235335
1835800
1269479
1562033
1358890
2174020
1406348
2035391
1202629
1685716
1051488
2409611
1358794
1849849
1109315
1666548
936957
2010782
1235046
1830968
1235782
1875322
1588209
1999774
1494703
1903483
1203237
1908219
1108962
1864377
1297864
1901787
1182629
1930044
1241863
1915611
1526255
1964796
1255015
1952573
1253479
1929147
1160740
2801014
1310600
2155426
1319305
2045759
1426476
2252485
1286183
1879034
1094018
1945692
1192100
1880922
1147780
2764470
1410764
2065791
1393835
2117698
1190885
1961213
1186053
1890298
1152516
1885818
1154756
1931580
1213605
1912379
1173956
1849273
1269511
2262982
1316041
2063136
1574737
2128289
1345225
1946332
1495982
2211588
1219429
1944380
1550160
2163586
1197605
1923227
1494574
2023359
1248390
1932891
1530287
2067103
1238630
2007966
1249542
2081952
1425868
2012575
1250407
1931516
1398252
2079104
1265927
2012350
1158788
1914043
1268167
1922203
1166724
1950812
1151523
1945948
1280295
1958461
1493166
2012958
1231398
1942044
1265575
2402218
1395051
2080000
1265543
2361161
1269704
2180515
1438700
2010334
1379947
2287303
1177540
2062368
1200101
2037087
1492782
2096385
1191045
2036671
1223942
1906587
1212102
2450380
1316361
2121697
1430188
2112801
1262311
2454156
1350058
2099905
1361386
1951645
1392715
2441036
1293288
2136194
1352554
1995870
1253031
1911675
1169956
1973853
1306376
1917275
1441549
2094273
1269991
1970749
1171716
2128097
1345706
1996733
1262887
1945660
1268040
2428011
1270151
2172387
1308872
1905563
1413228
2112225
1307912
2050559
1401868
2090753
1293928
2019774
1184356
1932284
1542224
2117921
1121923
1951868
1513711
2316872
1170436
1995742
1176933
1984189
999295
1775927
1125027
1934204
1432204
2127746
1253863
2025246
1180901
1993278
1457901
2065920
1223302
1947612
1474318
2254310
1243303
1938684
1251527
1930844
1169636
1894363
1273607
1976669
1115138
1888026
1243174
1888923
1152676
1929627
1515087
2165251
1194436
1998430
1286664
1909339
1218662
1976221
1347689
1895674
1445580
2106849
1220518
1995710
1183204
2194148
1278503
1895194
1156740
1843385
1185605
1900378
1429676
2125793
1284360
1999773
1186340
2010462
1515214
2230309
1260711
1930812
1306728
2010814
1167109
2011838
1296872
1918907
1196101
1922971
1210310
1909979
1449197
2240645
1176836
2019455
1192165
1961404
1227782
2489741
1419564
2011550
1467438
2161955
1220582
1962588
1239270
1973885
1176260
1943612
1252775
2010974
1099042
2286854
1411948
2367338
1453773
2224933
1268391
1935932
1193925
1917371
1294792
1672339
1425516
1763415
948542
1812664
760472
1310952
927645
1091170
1031232
1962141
1241638
1943292
1172644
1942844
1198245
1873114
1201606
1899867
1245575
1858425
1155779
1944124
1574737
1974589
1720917
2681298
1029280
2279910
928732
1467789
1203429
1917851
913500
2061536
1339113
1886042
1155939
1909723
1250471
2018207
1204389
1919356
1544400
2224869
1284872
1997918
1306153
2153507
1193381
2043839
1342377
2290983
1192837
1954012
1366987
2029951
1458381
2236933
1367850
2346888
1203525
2158371
1279463
2118689
1232102
2039679
1279047
1995485
1529583
2186628
1379371
2159075
1231686
2112769
1251335
1961981
1430924
2125666
1335049
1994494
1330313
2228837
1257191
1931996
1277159
2258310
1279143
1967773
1185349
2047359
1512303
2227653
1281607
1945148
1410699
2180995
1230086
1985917
1299016
2136226
1186468
2005502
1307912
1951997
1264583
1418923
1382795
2795191
1222566
2085569
1279527
1975965
1299528
1981853
1493806
2144835
1227430
2057407
1339977
2190436
1192069
1951196
1313417
2188483
1217125
2010366
1311465
2018142
1214405
2182692
1260774
1896347
1193093
2082816
1279944
2173955
1243207
1987806
1341033
2053376
1428972
2357096
1335657
2209221
1203941
2028894
1291816
2180739
1204965
1970365
1290184
2311656
1243974
2024287
1243430
1982845
1346953
2271270
1342730
1920987
1260263
2163843
1262087
1930747
1253414
2161219
1350122
1950300
1198245
2035071
1288616
2175747
1233990
1968893
1300585
2039071
1225222
2179620
1270247
2065408
1326185
2116513
1356202
2013982
1228070
2096576
1290792
2014622
1218982
2256966
1285192
1964253
1237415
2150626
1307561
1996926
1215525
2248517
1297416
1986237
1263815
2112002
1547088
2046240
1448653
2006206
1513327
2142498
1329865
2133570
1273064
1981918
1189381
1997981
1340713
2033983
1185348
1933596
1339402
2215204
1212934
2089312
1322057
2178692
1221222
2034047
1299017
2146594
1198597
1987902
1313032
2135842
1176548
1979005
1248038
2051679
1254503
2116930
1169508
2192292
1255719
2111361
1247143
2183748
1266567
2161891
1339369
1986558
1439789
2135586
1505167
2201508
1315049
2321128
1261287
2015934
1190661
2059712
1463661
2127970
1202341
2090465
1350473
2244486
1210789
2035967
1281672
1919963
1262151
2207332
1269255
1953724
1274984
2017374
1254567
1908603
1213989
2108322
1331625
2004222
1208518
2172707
1274504
2108257
1211173
2027071
1304745
1948764
1215013
2287911
1465069
2183268
1349098
2120225
1418763
2151746
1180100
1885274
1256167
2132866
1342922
2006142
1453613
2232517
1120995
1913403
1314889
1925627
1204325
1939804
1265735
2341192
1378250
2058047
1298120
2011678
1418796
2121729
1266119
1925340
1161284
2001214
1232678
2032831
1143588
1995837
1176292
1944124
1183620
1987293
1159044
1982910
1164164
2341608
1580273
2107297
1249286
2004830
1272519
2078241
1275879
1979389
1539216
1993981
1223558
1900091
1242407
2048319
1431532
2250022
1194725
2032799
1213926
1925564
1248327
2289574
1253319
2048511
1494766
2168227
1109122
1913627
1288968
2026046
1174660
1953821
1283144
1972701
1213157
2035423
1300776
1881562
1198277
1906651
1500462
2025663
1276743
2003038
1164612
1917883
1436812
2180323
1182404
1950588
1200837
1952700
1170020
2016734
1245158
2189252
1492847
2220676
1182469
1896987
1256102
2267559
1479246
2050495
1241478
1950140
1240326
2015166
1220358
1974461
1136195
2290695
1486958
2078912
1415660
2138594
1282183
1950301
1422476
2272326
1259271
1925115
1215333
1941596
1234182
1997693
1142019
1964092
1431564
2118210
975711
1784983
1502542
1669619
879324
1948956
1044160
2542639
998207
85859
1551376
780536
1205350
840634
1401995
870395
1343018
1008959
1574704
1503567
2210148
1203910
1905019
1321737
1965980
1016896
2131170
1166692
1953020
1006015
2187395
976158
2249254
1422956
2306408
1344841
2051039
1337033
1918332
1242823
1901531
1446317
2150691
1263111
2028735
1281896
2070816
1250982
1964860
1266183
1902491
1222854
1973213
1170084
1891482
1247271
2308327
1102082
2272454
1260487
1955292
873883
1497614
1812664
2360937
1198565
2283558
1119875
2056255
1429388
2134978
1304840
2001757
1184580
1985821
1242759
1965597
1083874
1861689
1168484
1830137
1066561
1853081
1508142
2309543
1198853
1890682
1252711
2530542
1423852
2145154
1284424
1949660
1180356
2021630
1492270
2303335
1110178
2198468
1540816
2286214
1181509
2145667
1100642
1853113
840858
1135811
1265063
633747
1119907
1528111
2159587
1231366
1983933
1224742
1961500
1158052
1708373
1099202
1691348
1083170
1524175
1126339
1903227
990527
2295719
1477646
2092512
1329545
1426988
1770839
903452
2390186
993311
231655
1786583
1411851
1815096
1053920
1820824
1045089
2279047
1564272
2219300
1285512
2094273
1519375
2111233
1241671
2028350
1283271
1997118
1439277
2147522
1314729
2061184
1208901
2042143
1375242
2023391
1438988
1627698
1065633
1742390
1313640
1928476
1246887
1897498
1162724
1810488
1310153
1896571
1140803
1852921
1238886
1857434
1141699
1921564
1508622
2066368
1217637
2030526
1337833
2306695
1418828
1967933
1261767
2056991
1416268
2412139
1376747
1744758
945789
2049759
1555824
1610962
923901
1285032
4469546
2346344
1231846
1979485
1379819
2032671
1189381
3141857
1659155
240776
3220803
1465613
247367
312362
2416330
2524878
2444524
1296200
2044159
984863
2297031
1214437
1558576
1101378
1448652
1580465
1564145
797465
1561680
1410668
2307528
1530063
2296775
1167204
1898363
1030240
1488494
965917
2241253
1542544
2155587
1202693
1927932
1307529
1961564
1316425
2236869
1317896
2023838
1227877
2015390
1513806
2257414
1184324
2029759
1307177
2066496
1448301
2038047
1500078
2151938
1343529
2247749
1272007
2012830
1209861
2016222
1437004
2227205
1226757
2050847
1483726
2048960
1350986
2101249
1252646
2143298
1476429
2211972
1444140
2286247
1261991
2013214
1265159
1972669
1276936
2215684
1276616
2078208
1276552
2124641
1261991
1927900
1265831
2082816
1239366
1931548
1180868
2042143
1487534
2114433
1319369
2222565
1295688
1929788
1219814
2046271
1295144
2112321
1244935
2030462
1262855
2040703
1493294
2093121
1396460
2280743
1236742
1951676
1243846
1948092
1175844
1995326
1279495
2058816
1237382
2346728
1274695
1981213
1223366
2209924
1297800
2121666
1218150
2357193
1317448
2088928
1495631
2068512
1543023
2054079
1177445
1914587
1419052
2208164
1195108
2024286
1269192
1938396
1221894
1995357
1436589
2247429
1195205
1946684
1313096
1953788
1217446
2131746
1324905
2024959
1173924
2082977
1495918
2044383
1425292
2372585
1432588
2252262
1271687
2054399
1268455
2125986
1227110
2141667
1269671
2002813
1233126
2098369
1370410
2029823
1224069
2183139
1272680
2100513
1417772
2037631
1469997
2132322
1470318
2042431
1385483
2084833
1376747
2109121
1398315
2113505
1117795
1982237
1332201
2130786
1193861
1844249
1255302
2005502
1207813
2016735
1326473
2217476
851994
1610162
1274087
1850745
1154468
1786104
921213
1610386
1178052
1709269
1279816
1801079
1258631
1946588
1269799
2395242
1442700
2224133
1303624
1954397
1269191
1948508
1412364
2106017
1205958
2100993
1310889
2209668
1228806
1963933
1392523
2289767
1177956
1928123
1278535
2023295
1248167
1995901
1446637
2204356
1278023
1963965
1250438
2100129
1240806
2120994
1258887
1941788
1270247
2267462
1256711
1940796
1225318
2101825
1503823
2077056
1450221
2090912
1577745
2043615
1446221
2142051
1557136
2243877
1312073
2131010
1252262
1979229
1194917
2064512
1319913
2220261
1192261
2006814
1308649
2145922
1191429
2067296
1284424
2238245
1326729
2015518
1253799
2055104
1428428
2143074
1454541
2093440
1329353
2213924
1256871
1982334
1215782
2133314
1260519
1909787
1241318
2002238
1309896
2238726
1242214
1964733
1315017
2209252
1229894
2099809
1299497
2276838
1239591
2158915
1275304
1971548
1304232
2249766
1350313
2066720
1177188
2252454
1457229
2080160
1383370
2077601
1374026
1876378
1339369
2199300
1248646
2195588
1388939
2151778
1457485
2122113
1370666
1985374
1287335
1899675
1361130
2133218
1303976
1982557
1190885
1918843
1256935
1965757
1212581
2013246
1319273
2055231
1193253
2381514
1434572
2208164
1362634
2114401
1488302
2139906
1384907
2281991
1300328
1893274
1422828
2216036
1303912
1979933
1276871
2165251
1311689
2026655
1389579
2231269
1293384
1898555
1266407
2030303
1279784
2002974
1153764
1976285
1288968
1979261
1238054
1913723
1248710
1877082
1220486
1956348
1507118
2129570
1343401
2016638
1270887
2268359
1387499
2071776
1255655
2232997
1337066
2103265
1407179
2074688
1236391
1873978
1436620
2102625
1198085
1995038
1308840
2125570
1210086
1923483
1257702
1952732
1483182
2202820
1251302
1877882
1315720
2310151
1482606
2085888
1204229
1975837
1435788
2052959
1243079
2014014
1223494
1966141
1249927
1917851
1266599
1876794
1238695
1932124
1277255
1986334
1228198
1884730
1370154
1871290
1500654
2026047
1297192
1973661
1220294
1995709
1225446
2353417
1429804
2063136
1526191
2089153
1217830
2210692
1429420
2054847
1258183
2167619
1202725
1958813
1184036
1964253
1498670
2067808
1260071
1931964
1244902
1978429
1248038
2322600
1446285
2068672
1219270
1996286
1483982
2074592
1185764
2030910
1260903
1879578
1243974
1917532
1245095
2451147
974814
1470446
1301736
1589521
1293864
1947292
1291368
2209765
1427180
2070816
1308744
1894811
1187045
1965948
1426380
2197444
1230726
2151906
1281640
1917243
1182629
2020318
1392267
2223173
1192101
2084833
1268807
2053440
1454221
2274182
1417260
2123873
1278439
2050975
1266695
2039231
1439692
2108065
1398603
2254949
1219910
2068928
1232614
2023614
1305256
1972061
1149411
2069760
1074433
2028606
1362570
1634739
1195493
1568177
796760
1281863
827769
1392555
1561072
1764919
1094626
1730837
1014687
2151234
1499726
2043295
1478925
2039935
1400683
2164483
1271239
1988509
1322312
2226309
1267271
1947004
1218630
1957052
1332937
2278439
1190789
1962173
1269800
2023006
1195749
1904186
1307400
1955964
1244262
2145635
1290568
2017439
1199685
1991198
1430860
2007262
1096674
2104801
1354409
1893274
1256743
2276838
1273384
1923355
1214982
2164163
1281192
2001886
1206181
2184036
1308872
2079904
1034368
1427660
1013247
2359240
1105218
2132578
1125794
1854906
1372907
2969628
1614642
2166339
2191907
2224837
1305928
2046111
1228870
1910651
2717460
2097280
1258695
2129570
1350762
1948892
1238502
2044991
1869593
1620338
834937
1566705
911548
1724437
1332329
2040703
1273543
2255557
1486702
2243813
1497135
2115009
1201125
2114337
1526575
2195844
1188100
1962588
1351946
1978525
1345801
2261126
1275176
1990142
1231398
2150435
1280392
1985885
1235494
1998078
1267111
2015006
1413548
2345800
1306857
1972733
1240038
2025599
1351882
2036671
1259303
2253701
1297672
1975837
1184324
2035903
1285512
2047615
1185925
1908187
1308105
2267974
1225478
2038367
1284680
2211876
1180260
2002365
1304392
2030367
1186148
1753334
1567408
1724949
1020895
1756631
1286343
2280135
1377643
2123010
1276648
1946332
1337353
2132193
1279592
1904571
1296361
2183140
1267431
1876410
1209829
2121089
1526991
2319464
1215174
1962717
1471342
2217701
1206726
1913979
1337897
2185956
1276776
1927420
1249062
2064928
1450061
2326919
1461773
2127169
1361770
2110497
1415212
2017919
1384715
2091201
1256679
1936380
1397547
2189252
1255079
1965533
1215493
2016798
1348777
1873625
1421068
2176643
1273416
1956733
1194724
1909531
1250407
1964573
1255047
1880826
1260039
2270854
1423404
2118017
1447052
2114721
1486766
2360553
1440556
2171523
1193029
1911131
1467501
2131841
1184197
1963965
1257415
2079425
1457613
2087393
1316713
2017406
1294856
1805336
1257574
1374154
1309192
2492588
1361066
2220293
1136419
2286727
1581136
2121697
1144387
1673044
1109122
1688948
1316425
2007198
2058943
1617234
912316
1438220
912348
1769591
901308
1283304
1115554
1186309
1524239
1941244
1327145
1944093
1174852
2070560
1282056
1943132
1173317
2455980
1482606
2064064
1233286
1991902
1290984
1964765
1170660
1877241
1311849
2376586
1481102
2134114
1439532
2206596
1180388
1894715
1360522
2030718
1207589
2245318
1463117
2103361
1359754
1991006
1423212
2275047
1193893
1884250
1327881
1903675
1105698
2083168
1290855
2005182
1175653
1875738
1266856
1995613
1397067
2139266
1316009
1955804
1256839
1931932
1248167
1894330
1209926
1895483
1379595
1947676
1229542
1980829
1208838
2279079
1221381
1551952
1403723
1682740
1048160
1664148
1177604
2273030
1423980
2135682
1462125
2045823
1352106
2030942
1232262
1915580
1171748
1931868
1289128
1928316
1188612
2312135
1466637
2086145
1197733
2193348
1465741
2143906
1208518
2271526
1469166
2093760
1198341
1901659
1433548
2115809
1294696
1958908
1250150
1937116
1210885
2208580
1461197
1947836
1228069
1941500
1446508
2070464
1228646
2048319
1301449
1934684
1260167
1949308
1252039
1904699
1170500
1879322
1265671
1887866
1416204
2166851
1256423
1971997
1214085
1903931
1252646
1894011
1224262
2337384
1414572
1997149
1217254
1897243
1254087
2247078
1388267
2089889
1268423
1956668
1562992
1471309
934749
1278664
1401676
2022334
1170692
1971549
1208325
1900987
1594865
2335080
1189701
2035039
1247943
2377417
1416908
2040191
1323304
2295239
1388619
2109985
1431948
2040831
1350473
2168707
1282919
1958172
1184292
2244422
1445996
2128705
1356810
2036735
1284008
2245733
1421388
2122402
1416427
2101633
1318504
2086241
1411084
2115457
1425228
2128546
1266983
1881434
1237383
2309607
1521487
2028671
1206821
2282758
1450637
2086112
1403691
2134178
1237382
1967100
1418412
2439371
1284903
1914043
1238822
1958524
1246758
1883802
1203749
1891451
1482606
2110498
1203077
1921755
1271815
1941564
1186341
1868762
1293736
2332296
1384235
2052640
1315176
1947740
1379723
2122689
1321385
1936380
1186085
1944604
1280616
2299783
1397099
2067584
1529615
2073984
1351722
2194628
1313640
2000670
1193349
2009502
1298376
2289767
1483822
1967325
1304841
2253637
1350601
1989630
1417803
2114753
1212261
2179044
1349866
1983837
1211333
1887226
1304712
1895259
1353162
2305031
1400587
2081409
1346441
2086016
1453453
2101281
1211142
1925723
1194661
1905435
1379723
2067488
1337673
2046399
1370635
2159490
1295176
1995645
1195269
1991549
1303976
2305639
1420748
2245542
1487246
2069151
1370090
2074080
1557136
2191652
1274087
2214500
1494510
2260358
1393163
2110401
1486926
2099777
1376299
2359593
1257127
1912732
1308105
2187716
1259175
2016318
1318152
2236070
1362154
1891546
1200709
1962365
1221062
1944956
1160260
2005886
1269671
1947708
1159876
2065312
1276008
1989181
1430444
1980925
1189540
1782167
1172004
1812664
1479821
2190979
1199301
1926043
1278151
2054847
1148291
1994814
1468973
2153250
1191908
1897307
1233063
1893883
1225158
1943804
1479854
2131874
1210501
2185348
1480334
2090656
1435820
2122786
1429868
2000541
1392907
2262918
1314472
1903483
1180612
1956860
1247078
1920315
1224390
2399882
1526703
2119809
1172900
2306312
1406988
2177955
1355850
2109313
1499727
2113634
1215974
2055168
1293480
1953341
1394859
2061151
1240967
1942715
1357770
2140066
1274919
1894810
1384362
2097825
1324168
1943932
1200389
1942364
1227654
1963516
1498222
2243813
1297257
1749718
916700
1731254
1519054
1668436
847450
1349802
891547
2342056
1213670
3825462
1554512
285769
308649
221703
177061
88259
155269
150533
71170
2383786
1749910
1276775
1960285
1228422
3649265
1535407
334954
208454
1493038
2806518
1530320
2283943
1329897
2211652
1248454
1977405
969022
2066304
1101762
1395947
974142
1492846
1564272
2289735
1285863
2218116
1414827
2077088
1442253
2167458
1292776
2038719
1523119
2135650
1206085
1957597
1309417
2210628
1209318
1948796
1306024
2086561
1183524
2052831
1242726
2014558
965918
1296008
1005887
1924155
1295912
1535119
865339
1725749
884732
1284071
866746
2256998
1286728
1985213
1047745
1998462
1283815
2248901
1267208
1987677
1452717
2161250
1278536
2131010
1439629
2019519
1498350
2088768
1351562
2178307
1277959
1941052
1343337
2236389
1295592
1956860
1233478
2073632
1559280
2030527
1361482
2111233
1362570
2133633
1242470
1950204
1267367
2046751
1185157
2014910
1266567
1965309
1316361
2294087
1256071
1969405
1193829
1996734
1099490
1533935
1300872
2050399
2043679
1763222
1164516
1491950
1332585
1995101
1139491
1984254
1300680
2201988
1241479
2059775
1284616
2318407
1160580
2085440
1251751
1911483
1227462
1959069
1280103
2169091
1293800
2058400
1273192
2214212
1232550
2090144
1166372
2095425
1110626
2150658
1508750
2123682
1201605
1955580
1369258
2180772
1205477
1965021
1306761
2002301
1210629
2264166
1299336
2036447
1172004
1978973
1585297
2069887
1386891
2070752
1568592
2094401
1436908
2114273
1470381
2084001
1516751
2585616
1492750
2100065
1389546
1945788
1503374
1931451
1375531
2054495
1102402
2244998
1365642
1611762
1004319
2283015
1266023
2200452
1361642
1942332
1311721
2268518
1261703
2029951
1254887
2219460
1299112
1951356
1253991
2166371
1259174
2039327
1248902
2053248
1253414
1789335
1262567
2309639
1531600
2118242
1297736
2150722
1276679
1943676
1219014
1983837
1309929
2044351
1207845
2126402
1307816
1964669
1196645
2141634
1280039
2124545
1200773
2203428
1317513
1956541
1222342
1991549
1281927
2173475
1284392
2010366
1318537
2175203
1197349
2052063
1285768
2025342
1417676
2205828
1415372
2268742
1206982
1939228
1270471
1991325
1430828
2036159
1457805
2230693
1212742
1965756
1256935
1990046
1246951
2045983
1271815
1964509
1373227
2131714
1265767
1900475
1237574
2111425
1263207
2036383
1246087
2079840
1450317
2006942
962366
1768406
1672339
2419946
1221542
1897946
1257159
1928763
1157252
1984733
1278152
1899227
1099906
1918107
1599089
2009662
1170500
1917852
1264071
1880122
1224806
1946428
1572657
2047871
1206757
1935548
1255239
1854073
1154084
2302119
1427148
2046975
1151459
2347817
1290824
2141922
1441324
2163523
1292744
2125250
1361738
2187620
1269895
2112674
1544592
2192612
1351690
1889915
1196869
1976093
1213414
2178499
1554672
2065728
1330441
1910715
1113058
1930780
1554096
2039999
1198181
1974173
1214886
2027006
1422572
2090945
1258471
1998718
1283592
1880858
1308296
1975933
1123043
1937148
1256294
1886330
1418955
2036542
1243494
1887418
1140355
2052223
1232742
1950844
1224166
1887771
1147236
1904027
1430220
2086209
1265863
1942556
1096834
2031359
1220742
1944092
1069217
1868474
1249478
1935452
1137379
1929788
1228710
1856186
1442412
2104993
1160676
1944220
1218405
1972957
1500558
2124866
1203813
1946940
1237383
1976477
1472461
2072640
1254343
1902491
1209765
1928795
1207877
1999998
1138499
2325736
1384779
2005694
1169796
1913435
1180996
1972285
1146179
1904410
1196293
1895867
1128578
1997213
1244839
1857209
1471022
2078657
1241094
1908955
1131331
1835545
1205925
2708915
1383563
2148194
1378378
2203876
1491982
2173283
1172196
1928412
1202661
1905563
1281991
1901403
1069025
1888762
1268551
1878842
1435853
2034207
1183556
1917211
1145379
2007998
1504559
2147650
1170084
2036415
1305672
1983902
939325
1674451
1058592
2270694
1077313
2168931
1256551
1865402
996127
1923771
1485613
2130594
1251623
1929212
1332169
1884699
1142980
1961917
1242694
1860346
1442253
2027999
1273064
1999549
1151204
2146883
1250599
1948797
1161700
2266534
1486862
1996733
1175557
2283334
1434285
2019902
1156292
2257094
1466030
2106913
1199365
2253605
1336681
2145890
1359050
2101473
1442156
2135010
1116355
1999518
1225158
1949212
1176069
1945308
1309416
2448556
1372202
1989246
1279208
2391178
1379147
2003806
1285832
1914011
1099714
1915355
1519727
2245637
1201701
1936060
1217286
1926524
1163556
2338473
1494126
2435051
1424012
2069504
1307273
1924347
1099170
1946908
1634258
2175235
1189253
1994653
1271912
1945180
1153859
1865081
1503343
2164515
1180165
2069120
1229990
1915803
1223750
1891259
1513551
2151330
1265896
1966588
1227526
1913499
1192645
2519342
1545584
2168770
1144803
2022495
1515567
2105633
1318345
2043583
1222438
1961084
1189060
1963229
1519247
2130466
1256262
1987069
1216037
1943003
1116290
2049824
1342953
2027391
1455725
2057279
1266215
1956348
1229254
1907771
1252390
1911803
1082785
2290503
1469677
2127106
1088866
1908059
1307720
1908731
1416747
2152099
1295944
1964669
1105602
1813336
1070401
2735221
1489742
2256517
1233286
1617234
959390
2376650
1142819
1586641
1025151
2301063
1567536
2315527
1207269
2006014
2323752
2217573
1205797
1936508
1236390
1955901
2529614
2283078
1293416
2622961
1499854
1906906
993118
2113633
978942
2318887
1062561
1490798
1241351
1917115
1243399
1903770
1152003
1941084
1273192
2716500
1410892
2058944
1297608
2007294
1364299
2207140
1302377
1925660
1212165
2053599
1475949
2136258
1383435
2083169
1474957
2198051
1318761
2190212
1259046
2014270
1201445
2021534
1240519
1973245
1280904
2019615
1312840
2158435
1417516
2205252
1314824
2000989
1185061
2108513
1473070
2170595
1132515
2257478
1583921
2016511
1271399
1909659
1584369
2108609
1209989
2021150
1334761
2081601
1206758
1890106
1293640
1936028
1397931
2264357
1334505
1954300
1277575
2066080
1577201
2065984
1476366
2068576
1516335
2017087
1369355
2214821
1419084
2262310
1193765
2068352
1444365
2068512
1434124
2160738
1358666
2181924
1242758
2040511
1240134
1963773
1190821
2029727
1300392
2317671
1227525
2090912
1231910
2039327
1415596
2056703
1518767
2120322
1357738
2448971
1270599
1647122
893435
2122498
1385738
2087424
1312361
2182244
1189509
2018526
1100162
1957181
1341801
2307591
1287144
2003454
1315529
2066816
1190628
1992157
1294343
1994782
1108610
2035391
1425548
2023775
1157284
1819992
1434989
2065504
1067809
2087872
1488910
2065376
1455021
2152930
1268136
2112289
1354826
2115745
1253159
1596497
1238214
2001246
1033344
1465901
849946
1324521
1524303
1864538
1350282
1774742
973278
1527343
1006367
1735349
1087169
1721813
1023871
1871578
1274567
1898490
1135235
1940379
1247239
2047551
1386635
2193380
1299048
1992318
1196613
1935708
1362794
2232164
1192837
1932572
1323945
2113217
1185092
2012254
1396715
2236101
1189701
1908091
1291720
2059680
1297000
2161187
1441709
2215685
1212486
2013630
1298888
2043935
1346761
2139458
1297704
1999838
1318696
2113154
1291240
1904731
1281960
2221701
1267815
2072224
1187589
2003646
1240646
1968284
1275560
2040415
1327689
2168419
1439501
2096193
1382283
2203108
1217957
2196516
1257927
1929564
1241670
1983069
1276615
1977533
1332969
2215140
1284775
2008286
1313672
2095617
1393643
2139362
1256103
2058016
1352202
2142883
1221766
2148482
1347562
2151907
1067265
2070912
1353642
2229956
1229254
1905979
1259591
1918011
1175621
1993374
1241607
2030847
1092034
1900122
1347913
1962396
1160484
1941564
1164196
2327592
1436844
2238277
1316393
1982494
1169508
1939772
1518799
2124993
1175300
1973373
1478893
2154402
1239750
1954813
1297192
1991262
1453325
2068224
1318249
2002173
1160868
1928444
1516591
2122242
1200005
1854713
1243718
2201028
1423468
2026847
1268103
1948060
1232102
1982621
1497870
1877946
1052672
2267590
1337417
2030462
1521039
2127874
1273927
1907674
1216037
2336648
1523183
2091873
1405259
2143234
1430860
2126690
1293127
1970493
1281351
1936892
1176068
1904698
1374923
1942908
1384106
2019103
1269511
1978429
1195141
1916603
1523375
2089472
1213222
1932475
1250695
1937180
1370155
2166562
1244615
2203556
1380491
2198596
1252711
1878458
1173220
1983133
1238854
1867801
1201157
1924507
1474541
2050431
1213221
1948764
1240486
1983325
1403980
2178947
1266311
1986557
1381930
2119330
1231494
1939516
1182501
1914651
1214853
1927579
1191045
1984317
1210757
1990685
1104002
1959485
1173060
1756503
1063329
1836633
1533776
2066112
1037600
1751894
1076705
1660627
1252583
1881626
911580
1711028
1135875
2081121
1469966
2294150
1190308
1937851
1297192
1950972
1293672
2166435
1308680
1938011
1190629
1955228
1280135
1928475
1208966
1962940
1272903
2234149
1103490
1847513
1169124
1866874
1126370
1907387
1068001
1690580
1281671
1887258
1080994
1703477
1208998
1769847
1003775
1587633
966685
2240773
1251687
1907579
1276071
2113538
1293864
1936668
1289640
1957980
1258310
2004254
1339433
2125346
1268423
2166019
1252295
2231269
1273159
1950780
1207302
2152739
1247942
2047615
1223109
2077632
1349962
2029630
1169540
2030494
1505838
2082080
1394539
2112801
1395371
2148578
1193861
2016382
1300616
1963229
1196037
1919803
1359338
1968412
1220678
2246342
1286695
2058719
1232902
2149251
1324681
2081984
1198725
2251813
1412364
2076320
1046176
2360713
1508335
1657939
1296904
1499982
965246
2381801
1349514
2302407
1259943
1965564
1473037
2049023
1247174
1923132
1195717
1957980
1313448
1987933
1154148
1986397
1319465
1972989
1147428
1911291
1164804
2057599
1452589
2075456
1277288
1890586
1175780
2077184
1231622
1960509
1076513
2315560
1456301
2157635
1170948
2647185
1474893
2089025
1369163
2037439
1309544
2072800
1288744
1932027
1549328
2187491
1154724
1902331
1257991
1904635
1089826
2081056
1256934
2037247
1440396
2086432
1311561
1873498
1407659
2104417
1286216
1981597
1188612
1953372
1176549
1891323
1151940
1784599
1268072
1780087
997503
1732918
1049920
1600241
1415692
1949244
1154403
1679284
1021888
1528687
1032192
1480174
840730
1357097
855098
1468877
987231
2329224
1327657
2222117
1170372
1858458
1165316
1862682
1428588
1999998
1335529
1928603
1474253
2303687
1461549
1409292
1410859
1618706
864539
2021886
1133955
2476524
1529487
2166467
1207813
1858042
1276840
2009502
1588657
2087425
1294152
2006814
1245350
3643280
1640819
2127745
1285864
2735508
1532527
1973629
1294568
1656339
1382923
1761335
817114
1154020
1354410
2271814
950333
130372
1313321
1468493
2296903
1320329
2031934
1328265
2245541
1252839
2116769
1303753
2191076
1268071
2039519
1296424
2118913
1238054
2292871
1284135
1991070
1261671
2105345
1241894
1939484
1337481
2175203
1241895
1933947
1219366
2176131
1155971
1863673
1279943
2219077
1198373
1902330
1075009
1841625
1087490
2015583
1266535
1957149
1295752
1908667
1206886
2167651
1357386
1933979
1208197
2259366
1284712
2071104
1310728
2187203
1274376
1991869
1208486
2197668
1328745
2060672
1223077
1995294
1317417
2185188
1172740
1989501
1306569
2198692
1210533
1971741
1341449
1998014
1217222
2162722
1315561
1937947
1206405
2166275
1291144
1940987
1205221
2101216
1469517
2065536
1431820
2059615
1315465
2069280
1452173
2197540
1465325
2107105
1186212
1978877
1503279
2219268
1278472
2014046
1302600
1957084
1240422
1917051
1505230
2163650
1183684
2034782
1318920
2129826
1196228
1984125
1286824
2181155
1095873
1805720
1183140
1786391
1193029
2385161
1212581
2007390
1194917
1989341
1278119
2241605
1185765
2034750
1301160
2148739
1228742
2034239
1262791
1968349
1164260
1968828
1267175
2141346
1239174
1985469
1256903
1929276
1228294
2186404
1239751
1918779
1193157
2309640
1277479
1969436
1254151
2045183
1245510
1977470
1275592
1946428
1251975
2003518
1408044
2146690
1312680
1985373
1183653
2072800
1261511
2069696
1175205
1938908
1462637
2376809
1209093
1992765
1273064
2040991
1356010
2219140
1311464
2222629
1197605
1998557
1338057
2033119
1153380
1941980
1274248
2047071
1163524
1916475
1199557
1967453
1039616
2017567
1202245
2293063
1364074
2097217
1252295
1977373
1431436
2117346
1246022
1961276
1207077
2041663
1251622
1905978
1168900
2293703
1483694
1976445
1227398
1971549
1467022
2072480
1411307
2075616
1261895
2043039
1162212
2187267
1253127
1979453
1138467
2010302
1525103
2015295
1108674
1859737
1129411
2223461
1402283
2108609
1459405
2071584
1375850
2185955
1340681
2284135
1330377
1989597
1262695
1961757
1472013
2167331
1235814
2097089
1218598
1926299
1551824
2021887
1307720
2097697
1251110
1978621
1203685
1934268
1247910
1856570
1484622
2156067
1248231
1703796
971294
1656979
1400171
1590161
1241446
1954332
1149507
1742742
1166212
1469517
1392139
1648851
1144164
1682868
1267879
1646258
979678
1560465
1013119
1601041
1437453
1925051
1310792
1963229
1222150
1918715
1213445
1990845
1137508
2311783
1438348
2074560
1254246
2072800
1240071
1969149
1434828
2268357
1267495
1900155
1211206
1993310
1251175
1860345
1434156
2216644
1247239
1988062
1201861
2316647
1475021
2092897
1225606
1958972
1245831
1950908
1444045
2294055
1237158
1958652
1195781
1898362
1502127
2038975
1002367
2050687
1273479
1578705
932029
1332457
974078
2233413
1438572
2102625
1416332
2149314
1099074
2564655
1471821
2014622
1211302
1909723
1553103
2114625
1286535
1959900
1526640
2122849
1183269
1860314
1298184
2060415
1170276
1979645
1295016
1926235
1166052
2253733
1487022
2106785
1257799
2679667
1323433
2110177
1153091
2735796
1453005
2632049
1470253
2253670
1215973
2587664
1365995
2012190
1294600
2652274
1347018
2107713
1249094
2043871
1422155
2080704
1108483
1953052
1189637
1961565
1244167
1929691
1476333
2086529
1255463
1879642
1221574
1957148
1247974
2608144
1206469
1566833
911132
2591344
1237127
1638163
1160068
2672691
1492366
2206500
1234438
2529902
1566641
2160131
1253798
2548815
1262119
2109345
1269448
2563920
1226597
1727030
