482095
114115
104707
133988
62978
166533
157989
113635
97923
224199
149092
116675
188294
159429
107748
110819
158725
144612
155013
57218
121636
109444
61826
127652
157509
71490
141924
124708
216007
167813
185734
149828
212327
143013
120964
141572
56226
141285
66274
134564
230375
179174
188358
188806
198022
194662
227559
135428
176869
188326
87299
208774
227463
172902
160869
165413
218887
177638
95235
201095
131428
166149
217991
210886
245448
187846
289481
167429
224231
191654
237512
179814
239368
232935
280520
208007
256072
230695
157957
215174
251048
182821
246760
256904
283433
175654
245896
186182
244903
178662
256680
181990
234311
249832
273193
185670
250280
182342
336554
233511
278760
180934
241767
237095
313994
223590
282217
225415
275560
186918
240167
220998
284137
187366
250184
228711
282345
189382
91043
184517
308554
260488
290921
220679
262152
255016
309801
221415
282921
193958
248967
239112
287209
204614
277320
237256
285961
185254
89411
195654
244808
233223
289193
191718
259849
237640
271240
186054
268457
182278
313994
228327
110436
196390
245768
184550
305546
221574
86403
208807
276617
221959
259496
229383
282505
221575
116676
193286
272617
224263
289001
189542
242951
183622
294953
175749
232071
232999
89571
209959
260648
237768
334346
186630
253512
185190
336587
222183
271017
233319
289737
186789
275497
186726
244871
259144
184742
351723
225191
296297
222919
265705
181830
248776
186502
248391
186758
327018
213414
270120
219463
318538
236743
269544
178885
229031
172965
365003
216711
273033
214631
259080
187749
235367
170917
219751
179109
344875
217414
342091
207975
274825
199206
267592
183654
269737
232551
237191
169797
234824
179717
232743
176774
233991
527248
247752
184870
222919
178149
217735
262792
82243
203046
236615
233736
178277
81922
189702
230856
182118
237159
248776
267272
185062
248296
172229
322571
223399
282345
233383
261544
215814
280457
219847
298954
180038
250632
180485
238567
189862
311434
228391
267592
221543
296969
194310
252583
242919
283369
180358
251656
184230
243624
174021
245928
244584
271176
189350
238343
180870
151492
348651
295337
298697
189030
87586
230663
286248
183590
248392
183046
240423
236135
269352
207751
263560
232327
277417
184038
242343
183046
238312
211623
314730
210919
291593
186406
237255
164773
318474
223463
286985
181829
326314
245832
281928
225607
387789
222727
264264
232295
90082
233287
284393
226439
274313
194310
257416
183333
496944
228424
269960
213191
348427
229991
327339
210151
271753
226247
236104
186661
86755
194630
251080
244872
278761
180934
245224
215879
222599
237863
281225
181669
249992
184805
236360
180454
263112
233959
242407
182598
90626
179622
250472
231592
329994
222119
262024
187462
249671
381932
242280
284585
139429
60450
189478
130372
263880
199623
312010
204070
273160
196999
99715
183717
247752
127396
152517
117507
275337
270825
198566
125092
191334
240807
172453
348683
259208
322026
253672
300873
211622
316778
212487
283817
197830
530513
202855
264040
211686
262441
246600
360972
186726
93315
225735
257256
246600
260936
173285
254120
235752
274568
190182
96035
200999
249352
186374
240520
183910
404749
218919
311914
211687
482383
233447
117091
204358
258984
236616
247368
186790
279272
336970
151077
209095
246792
192486
305353
265065
272520
181318
272104
444046
150309
215751
269961
187974
90787
378828
213991
241928
263465
251048
155653
211942
264072
190022
89763
386349
332426
236776
268521
194374
274249
253640
283848
185574
247271
197062
267848
367659
99300
203878
84835
234727
287369
190438
256488
225031
275465
235624
247688
126564
607187
206790
82883
170437
212551
181957
147845
303274
183494
281384
191334
101251
152869
49314
129988
47073
143813
62274
123491
59458
118019
202823
202150
113763
16353
44577
214695
118052
65986
130757
175653
142532
63714
128740
56482
118916
216583
131844
58529
135684
97539
161573
209414
114595
175910
192998
70530
122404
48161
112515
52258
108932
50082
105380
144453
99107
140101
212583
110724
115971
51618
105571
133124
102468
133476
191654
129797
156805
98179
107747
43938
112740
53377
116164
399724
104355
48513
92899
126340
197382
160261
115267
51489
128740
44705
178021
212710
209158
155685
182662
144869
202086
153957
66850
221063
53442
204646
120740
240584
187782
72322
154981
226183
209350
258568
119428
54210
120132
163301
148740
147748
221127
57217
222663
50594
117796
279881
166469
196774
124900
165349
126468
207942
220167
211591
129348
259209
137092
193254
136004
110083
216135
60322
144580
60226
202470
242792
153733
193286
166213
270920
210919
284553
161989
87171
211207
243464
167974
200294
213926
263688
151140
203495
201223
255880
256681
249864
205702
289321
192102
241032
184870
105220
208423
278473
177606
268904
190374
261288
192166
232392
212102
284169
190214
252680
189766
249991
220679
279016
252680
280616
210599
291561
189126
329259
190278
309386
210150
283945
227624
90563
210183
299721
192934
236295
208390
275433
191269
255688
189158
232007
202950
280585
190374
243879
238216
291785
190982
268552
188934
284297
257768
269544
216935
311530
193670
250312
186406
98115
300969
320746
218759
277737
190694
105284
208903
268489
216167
296234
212518
276137
184005
235527
258824
277448
190534
94979
190214
248488
189926
256263
196070
304138
147749
193351
276232
201510
135973
182854
183590
231784
204134
175110
118404
137093
156965
63010
191590
64322
144485
59842
127204
162373
121604
149508
211878
191366
141061
63234
173509
71426
165221
200134
140421
239815
174022
224615
279561
96451
201702
88131
194246
246056
188518
434605
232487
446734
222791
461263
251272
289033
239496
286152
193382
272808
404748
108836
218119
253544
439758
159269
221191
248040
426221
146437
202087
309769
192518
228039
179429
592019
228327
540177
244999
304169
225607
293257
189766
248136
343947
165029
326474
99395
200422
257769
404461
153476
215526
82947
201926
241703
513872
293417
225927
244360
186118
289001
200455
645621
245960
322666
316490
399724
193734
244039
258760
189030
276905
176198
1056737
305769
262824
192518
254344
184614
234727
510992
207239
128996
265929
140868
66370
252488
279880
279240
139237
100035
137412
166373
167525
196967
196966
130756
138916
140996
256840
168005
221319
142308
205511
156837
208806
154309
73506
154789
193798
178150
246632
186661
318954
183078
222279
261000
262632
183461
260200
193030
251144
181670
233895
184646
247080
252040
91650
206886
249576
192966
281576
186598
225127
234023
91171
204455
262216
190118
236647
227079
276617
192230
248199
256456
270504
183590
282953
191558
255080
242759
272616
191590
289065
217575
272808
179749
247208
186373
341483
232967
260777
266057
280745
212967
315562
191462
97859
198054
302825
200358
272584
196198
89187
209574
291977
178821
253896
188454
93283
210022
295817
226599
267144
208710
291561
209094
276648
215398
280680
191398
133508
143653
194790
211623
267080
230599
281417
222150
253352
182405
277385
203430
277865
210278
316330
182917
316906
188454
250408
145765
205159
136996
174277
131812
174374
251496
69602
268936
139396
298122
193318
231143
222535
87363
165349
472655
216743
84515
181702
208550
150245
289257
173190
265512
194886
262441
216295
251623
229223
318218
197767
227879
213991
309866
194310
254760
214374
87266
219047
249864
209222
274249
192422
260264
190470
233159
205351
265320
192006
253160
187974
277257
225351
285673
194598
281641
211078
313642
200454
263880
209830
282377
182534
269000
214375
298089
189670
253608
182470
267368
213447
290537
190278
244104
191622
248584
215175
277801
192742
234888
200038
234087
215430
273064
188326
230952
189606
249384
216583
285737
180838
247944
209094
293641
187302
237031
209286
278377
188870
94499
190502
290345
190118
246568
208838
280713
208327
261064
202950
296521
192742
261928
189542
328203
165926
238407
180870
88419
184646
247816
246663
286153
182789
240296
182918
315786
215718
272744
211047
365131
184070
246632
183878
299241
219655
270313
220935
91811
204870
308905
186438
245192
252264
94595
206151
249800
180486
234631
213638
281001
180357
245735
207558
236263
183014
239239
182214
241512
259432
327851
231655
322410
187462
237799
231111
280520
181958
249672
187622
244935
239304
261800
184805
244776
229511
252840
189190
92035
188518
233896
278856
285193
188646
292649
185254
224167
224551
88579
192614
238215
226119
88547
187782
243432
173798
234951
185382
84771
232039
282217
183974
240808
180102
233480
196966
265256
188710
255720
165669
334954
213959
271240
206566
240295
232391
278121
202054
236936
178662
245448
183494
258216
241063
258536
183686
265928
239368
271625
180805
272296
193702
354827
229831
276488
257256
273064
185414
87714
222855
289897
189574
248648
214119
269800
191494
249607
183718
302185
213414
269033
221255
282505
183846
273032
178565
246376
220839
89922
182790
247431
241287
285705
208198
253896
238983
276777
179589
240136
221383
261544
185669
248359
220871
271432
186342
78019
212327
269480
175942
249704
225543
346667
187270
244744
232167
274921
185446
238535
216103
261608
186149
247560
221735
263625
186821
236487
181829
304650
223399
279177
219431
287817
177638
245512
205351
230215
190598
237064
186438
249768
240008
274825
189702
331242
182181
256456
180198
80610
232935
272457
170790
242024
186022
247528
184646
326058
218631
279945
205030
266984
182661
246888
224135
278761
172293
247464
179045
288777
177093
318250
291209
269192
175590
277672
227047
268008
178854
238439
167333
242375
184070
228615
163462
318730
212583
268489
222759
88771
193862
252296
175974
243784
168709
255496
188997
326282
223655
286569
192358
315145
218310
334570
227591
259240
249160
280041
189958
267657
224551
285225
207206
249895
176709
283976
177158
185382
133412
335306
313226
148165
230375
202695
246056
257865
279048
203430
259560
254952
269832
165637
69987
231143
367275
209830
254216
277192
99683
197670
252392
200487
252840
175622
225831
184998
239912
262057
260776
183334
93603
169766
238952
180997
246344
233287
270984
180037
236391
186566
331434
211079
284809
211751
275209
186790
242792
227911
266505
186022
89443
182054
356555
187718
245160
272360
270889
181894
258760
185350
245096
183109
87746
207526
252136
237864
272905
180294
246120
235304
89283
192134
245095
243592
283177
190790
242599
178886
240712
242151
272297
180550
241096
229319
268136
182470
233895
183941
326091
215943
129924
190374
244135
219783
280840
183846
239112
183558
247368
219815
270632
180262
237831
178598
226055
225063
623635
172741
184613
184326
69250
165189
62242
331722
258120
139588
165190
304585
223175
74594
146500
64482
131172
162341
110276
142117
116548
165445
132676
171462
258664
125252
135236
162661
130756
219911
144837
191910
143108
100611
129028
168005
146404
179813
253320
82146
169925
205127
157829
331051
178406
100355
172005
278601
183110
260168
222855
88258
190150
235815
170053
295530
214407
269097
222951
268041
215430
281097
226951
280041
205830
252392
181542
246919
171653
241704
194982
253960
201990
265000
250088
187110
345035
222983
301385
259560
277449
239623
277225
212487
275145
244392
280937
187654
94851
226951
276712
193638
257256
182406
300329
218982
276104
212679
273864
211526
275721
182053
253224
184358
235592
181221
318986
206182
279881
216806
275176
229832
275625
225383
286025
190342
246888
225799
282313
200710
249928
184198
242024
247367
268553
179589
83426
179941
235336
180613
230312
183686
243719
263401
267145
177637
225063
172390
291209
178757
233159
182118
240807
176421
232167
170501
80675
177829
246856
177317
238344
176518
240264
181285
239175
178086
228999
320650
88451
209158
233127
185766
326826
214631
268872
184134
245511
231943
99395
199686
245927
193574
297514
235304
106467
197959
245928
259496
270696
174245
260904
184486
240360
220583
269929
187558
254280
237000
277352
204487
96067
219719
280969
197670
252040
255560
237095
179430
239687
186310
235240
223143
272456
191462
255912
186790
243751
183205
87811
213511
278505
186662
259176
189830
249256
179302
255432
204263
275305
189894
276329
182438
251944
174661
317194
188806
238151
185446
141861
252232
271688
182470
236072
177957
244072
183142
232935
181734
234759
169574
224711
180422
348395
203175
246792
179398
234407
234983
89411
185542
243847
176389
335275
207686
297289
206630
260904
228775
256296
179109
323914
207847
287881
200038
260616
174886
225159
227975
88419
180421
232135
241031
257288
176806
248039
262408
265512
176933
236967
178373
242983
261704
108643
182533
243656
181062
230855
251879
90147
195366
227399
233863
257256
189670
286601
190342
233768
184101
262664
245448
274440
182726
275080
215046
245608
180934
272712
204103
142532
192198
240648
183206
245576
207015
244711
182438
340938
208423
276776
225896
275849
184006
240552
234439
287209
185958
246696
185606
120996
193062
297354
226247
279464
191174
240584
187621
222023
240200
272360
188934
229895
189830
247015
184869
237767
244488
261480
246568
97091
186758
78883
184517
240999
231239
292969
183621
234024
168390
324778
259400
321642
211238
272137
218599
262408
180902
247688
186694
83811
189670
273929
235687
264808
216551
247720
176326
279305
240872
274345
191590
256872
185222
249544
248008
273448
183941
237927
180230
90883
220935
328394
219719
257800
192870
91363
189446
239623
229191
279529
182437
244615
185542
238535
255944
259560
185894
239687
181637
252936
178373
233063
186150
331498
218279
277672
241128
273769
189318
248583
183013
243719
240200
249000
178022
241511
180070
241799
204262
118692
205255
298121
222215
267145
222598
272520
218566
277577
208071
251464
226247
264392
185030
251880
185734
227431
183365
81955
235175
278569
185766
250888
175238
249608
237992
274600
180101
236359
177990
236744
183430
249160
179238
243111
181541
235943
174437
323178
254056
272041
177606
303401
236072
279273
218855
95427
240007
87811
212359
253992
183526
248008
184870
240520
169477
357516
216967
274345
189317
321962
210918
314250
225479
317162
190598
253416
182534
244295
242760
259208
183301
251368
217351
241960
203174
277129
248040
264265
212742
92195
189542
251783
229927
261576
182918
244360
186949
244519
204230
324586
219430
287177
219815
290346
190726
245063
182086
90627
234535
113476
217990
295050
189830
248072
248488
265064
186886
279432
182662
228551
242727
277352
180037
239783
241544
273929
185382
244743
224679
273641
181670
252680
235207
277961
184006
258824
221638
271976
193062
243944
182662
408749
217414
108068
192742
247112
226855
285321
186022
108323
190214
260968
190438
249480
214918
239975
181573
251976
189062
240519
250088
266696
192486
279785
178438
241512
246120
279592
178053
86339
191270
236679
234152
266472
184837
295305
219975
244456
179397
358155
230535
272264
285417
267560
227080
276840
182822
244520
173222
89603
176677
252424
186790
223495
235975
261672
183590
236263
183526
311338
209991
272968
222663
281545
193062
234791
230343
265064
182438
254504
263529
231527
182789
252807
182533
341034
213574
284617
205543
273704
221511
274440
216135
269257
267240
231943
185702
246951
182501
315594
228167
276456
207623
264360
186757
248328
173605
242568
234151
268648
179622
241608
183142
333130
260840
263400
251752
263849
184198
295786
188710
242599
256616
273096
187078
277960
174149
347275
268136
302217
198502
291977
208647
330154
233864
279304
219591
310121
196774
95811
220135
271401
194406
255848
216231
291273
183622
244615
189766
93219
196390
251559
186053
283976
228680
293225
210887
250152
185286
256296
193350
304586
217831
280137
192262
246664
217831
276329
191942
248968
223975
267880
182118
239112
254312
236135
185766
88387
226695
269864
197926
93635
206439
280776
227879
254440
181477
301673
223751
286921
203847
236359
190438
94594
217223
292937
194278
247560
211366
330634
189126
89763
209350
290441
195974
258440
222855
287337
180165
236743
184230
288777
228967
276040
214854
289065
234855
255880
223111
279016
178853
272745
195462
253064
215655
350923
209638
99523
202630
293065
231176
277000
207462
309930
189318
256488
224743
271240
189350
257064
210342
279977
274569
256136
187206
251048
190374
91971
194054
235368
226439
264680
266857
244551
223559
322506
181669
87171
212839
285001
182469
250760
234407
271145
190789
255304
203655
291209
206375
86947
188390
278760
236296
282856
180582
249639
186053
238824
213030
296297
188198
242856
187174
289833
204423
364811
190598
247624
190022
251880
181222
250823
171557
253480
243143
261225
181957
241288
217415
273032
172197
254984
220486
94339
206726
274633
182758
234760
181062
243592
178694
231751
225671
274505
180358
243496
183110
310442
215878
254824
188230
235496
224103
83426
192998
77058
195047
278952
173765
271625
180742
246440
174245
234215
284745
237383
241480
93763
215047
95491
186694
249800
234375
268232
185638
240071
235335
273641
187526
244263
185638
307945
215143
272873
220999
271433
190918
251400
178725
235111
222215
267208
181062
235463
185350
81442
187942
233095
182917
86242
220839
260136
256520
245512
215623
265576
186309
230695
183749
299081
214695
269224
213990
290121
199654
124388
199302
250184
193702
251496
226151
256840
182630
253256
183110
246024
220263
263880
186182
239911
185094
298730
216487
262473
180742
80643
223943
290601
189253
245320
228679
248104
217735
83555
216263
236103
176806
234215
186950
241832
221287
266025
174885
544305
145701
122916
143109
249224
185158
224839
188390
54721
121444
156453
185350
235463
178406
169958
128196
261352
213190
81602
139941
467855
160037
73090
116036
118467
178022
156293
174821
116420
158661
118372
256712
184998
82659
188870
237223
164773
268872
183590
226663
190502
280264
164901
265673
171333
188486
218503
280489
129828
285129
185606
230824
200423
249703
131332
268360
175877
280585
180902
250408
183974
235560
183590
289705
266729
241224
112612
196678
254120
183462
238919
184262
249255
184006
235943
230184
278505
193542
95075
180422
284969
192518
256232
193766
280393
188710
270152
193254
253768
198886
265289
189286
257000
209734
284329
182373
257768
211143
284425
189190
281065
210439
325866
180710
275656
188742
240008
212615
310122
192294
233095
219047
240616
211942
309417
210406
265480
196070
252584
192454
249960
218183
271944
187078
259784
207655
271753
189445
246503
210055
291625
190054
270793
211398
293066
201574
257608
205446
290569
182758
256584
191878
247080
209031
287465
178725
250312
210054
287625
189446
253544
213671
281033
206471
288233
181734
259528
191974
250664
213350
273832
185862
269352
205831
97795
217990
253032
190694
255272
241031
273289
174630
245127
192518
231431
186310
252904
191398
235751
224615
378188
184582
250600
185094
113508
211462
275785
222342
257608
241831
335594
212422
317322
196998
257928
183110
255720
208902
292905
215719
252712
183269
298281
215367
275625
180581
92739
209223
285192
196423
243112
189126
254728
199366
311817
231303
283785
218919
286761
202854
298249
175814
239688
191878
84418
210855
290409
181446
246215
221895
282984
189894
237512
227144
275880
188774
250952
182470
250184
226215
269929
182854
222535
186373
114756
207431
265096
222566
280457
180358
91011
230536
280137
224839
235815
174854
242504
187654
244744
183558
244071
325994
252936
98435
210151
89155
207078
274312
179782
229511
228103
260872
183974
241319
227239
272680
192806
372939
236743
269672
187686
231751
227239
276712
179877
91971
189638
254920
214598
267048
190918
249032
222311
265608
184870
89475
190502
245800
221127
275817
174566
258408
182277
334890
223207
263880
186886
245448
179558
252616
179302
248327
223687
259240
183558
262952
226375
270120
186086
229191
217031
277353
184102
274953
192390
92003
190086
248456
188166
250152
242920
260840
176325
244615
224903
276265
186982
85474
195590
253896
182694
238887
271817
235591
182374
263017
178438
89475
182694
269993
184614
252616
184550
238056
247528
260488
184902
234983
183238
315913
230504
279721
221863
278153
196422
236808
186246
82498
233511
270696
181861
252392
186982
251240
224039
274345
202247
254280
223271
276424
184390
257064
183430
109475
203110
261289
168901
93155
226279
283273
218535
229639
187590
243912
187237
238344
183941
241832
185190
231816
184102
83203
243240
329194
187654
245512
174981
78851
213447
270568
227431
235879
187109
264457
189510
248295
183781
240999
235655
275048
206310
258248
183141
239336
174565
91523
226888
279529
184294
245735
179750
244359
182117
233319
182438
232264
225159
267496
223815
244616
176038
276233
176037
234312
228615
263016
180645
88163
219079
232040
184294
263977
230535
277129
179173
240039
183238
227303
180485
241191
227336
280969
179686
238407
181126
247976
180293
195014
192806
261321
189958
313962
225415
270249
208967
236199
231559
265000
191078
262792
218535
269352
200326
257608
186373
244648
179461
83011
221991
308650
185702
245032
248360
239752
178277
241032
183334
225639
207943
232647
187174
270504
231879
254920
185861
244520
225607
302537
186661
91715
195238
240295
187110
82114
211751
246600
183589
242183
172326
246535
184358
237447
241959
355691
183749
236519
184454
246088
225511
85123
196070
253320
182885
225607
178790
243591
253128
256296
183718
233287
180230
339403
210631
249479
186342
325738
209223
327082
208327
268137
228168
92611
185254
248872
198438
98339
211495
241320
176517
387852
225383
280328
242023
276105
201062
261928
182566
237863
234631
102467
204038
251144
230087
273864
183046
251528
184678
229383
185221
244072
185414
250152
242952
262280
186118
245383
180357
236551
240263
90787
197638
254472
183269
236584
232072
277161
179878
231399
175526
94595
223111
283241
187910
242664
180166
251143
226823
264777
184102
77122
183269
83747
217991
282153
180229
254216
188358
311626
225639
280777
221383
285065
181958
291561
209959
235623
227495
276777
181606
89955
223495
256904
217286
292617
179973
247080
185030
249768
205607
239336
228615
279177
177829
87651
189510
236647
253544
279369
184389
91779
214087
278505
190246
248840
217831
265800
185542
249384
182597
244168
216679
90851
204519
243079
225447
280905
189894
94243
233160
92707
208774
255080
180934
313386
226184
271593
204550
95715
227367
293514
184805
253384
188006
252040
225735
273641
180198
90371
185542
252776
222343
263465
188550
240808
183685
247528
178054
239047
185350
237704
179974
236359
184774
337067
208614
264329
187750
250215
242087
92579
192390
233991
179046
326858
214439
265736
197318
253480
245416
268425
183110
123716
210854
324426
265513
277609
187430
321578
210855
108068
189926
234695
302826
332811
186598
306569
248391
263624
180517
268616
189542
246216
231175
259208
180390
247784
186246
321994
220615
275145
188166
94723
268809
266761
180677
313257
172805
226855
237384
260872
173029
284297
181126
322666
197638
291561
223814
298953
220071
282825
264072
98403
196198
88259
193382
265257
190502
239463
185190
239879
248328
270088
179942
246183
185765
248392
241895
275048
167045
249864
187014
135909
190406
233127
185158
242983
176934
340266
217094
282761
206566
274472
225735
276040
186181
240327
186310
241127
181221
322474
215335
99491
208455
287081
231911
318666
182565
112547
202566
284040
201319
263464
190342
314922
214503
270345
230727
277960
216103
294473
192774
96771
193606
295273
265961
252840
235015
284680
211591
275432
196646
241960
222727
280489
194310
255240
187333
231879
179814
290377
189350
104739
210471
274280
224903
285737
193990
259176
186630
93091
183014
248008
190822
252872
186822
296297
240424
274025
210055
309194
201799
297321
218886
301386
196678
244616
194886
241928
183237
277641
254184
279241
174405
310729
194246
253799
210438
244807
189862
242503
182373
93763
194758
260072
222087
292521
185158
248264
219207
282921
176741
258472
192390
94051
177926
240903
184262
234088
214695
281033
189574
93187
183078
259240
192358
254856
187398
240583
199590
96771
218695
309673
199398
249480
200838
301961
193670
254856
241288
336650
190630
85827
223047
280617
194982
253800
214215
285321
213639
269864
221287
288585
183846
239463
212390
286377
188678
279241
192646
244200
188806
154533
216231
307273
192390
249320
190150
245095
186405
321834
224007
270953
215463
273832
223111
307978
212039
281544
182630
244039
224775
287337
188326
247080
179686
232104
188966
229031
184582
86179
235687
290409
182342
237384
184454
300617
184774
338250
294633
96931
209223
274601
221767
280905
176774
247847
184454
236008
179141
269417
249959
312330
213127
267528
215943
273032
190854
241928
225351
281033
183494
90883
191846
310218
221511
268552
227016
275401
181606
249672
228039
275592
192038
263688
203783
251528
281513
89827
198758
240008
188230
212007
202471
241895
184454
233191
233704
285993
182566
235207
180421
297002
229991
279753
186182
272168
222023
281480
187877
266281
214055
284489
185477
261288
191398
241127
184134
246344
207654
291401
189702
251784
223431
293897
193734
260712
193286
264137
215782
296393
190854
92067
196998
296137
193638
94083
195974
255624
210087
289257
189766
246376
206662
290825
184422
272552
189734
252264
211654
286313
186598
93443
199558
293001
190054
238984
204487
297577
191494
242567
180069
294090
227335
277865
202887
293993
186438
246568
210630
306665
195686
93027
196102
250407
206822
297353
192070
244040
185926
101411
240903
259016
248360
297833
204806
308042
187526
258664
101348
141605
209702
282185
187973
258216
187814
261256
186470
240423
186950
245832
211302
300073
190214
243079
188998
286377
231240
280425
206087
266568
212390
303177
191046
254408
191622
280840
226183
261513
226311
297226
221063
101283
208198
237959
251911
238984
186374
249128
186054
248423
182470
269288
183974
338827
231175
270793
244967
296010
228327
262408
233639
333386
194086
83235
216967
291497
182822
253991
187526
234312
232295
279305
195622
94403
210950
291753
214599
329898
237800
255912
153220
71811
138053
175941
120932
166981
120836
107364
92002
148132
114852
235336
196070
92642
111971
49058
315114
187750
194598
112963
120996
49889
102403
249032
157125
249864
228455
131396
64834
101507
43298
105443
44481
207910
89635
143813
93699
155429
101987
299145
145605
129796
121124
308329
164389
184454
109988
139268
212710
116740
139013
154213
107844
117124
125860
175077
206918
337579
213158
272073
276137
91171
242952
262696
265896
303306
201574
308138
257352
89410
229671
312298
200231
269481
272808
283849
189606
339595
189862
238824
187558
457710
231111
526672
235815
304202
384908
177542
261128
269225
178790
499824
251335
270185
191526
235336
499311
278569
190694
294698
207751
605331
244039
292777
192838
257384
328746
151621
204614
261064
184646
247432
191878
306186
182534
236871
181478
93123
179141
248744
227783
240039
445070
164485
227559
254824
190054
263401
198278
264200
410509
160805
223591
539761
239079
294985
245160
100483
212806
85443
246023
283529
183589
285449
220294
253544
222183
552401
226855
75586
216807
71618
198758
222502
173606
223655
242887
95843
240967
135364
133668
198150
239687
184518
137636
123364
166725
182470
245928
180358
267432
183333
290282
157317
286633
190534
81763
153381
294185
192038
252392
185862
88899
194246
244680
182405
225863
228007
184421
230183
183462
246312
203718
297225
232296
275849
226407
273033
174790
265512
212870
335882
172230
243112
215527
285289
189318
91651
208199
294441
192486
247176
255944
239848
187206
289577
215047
265737
220231
277417
213350
277801
189542
250728
209095
318058
202438
261192
188518
109347
215078
275369
189350
265384
203527
330826
187942
248456
224519
251495
183653
278537
194086
252616
210887
280969
189990
302346
241960
294761
228295
281097
217159
294794
190406
246664
182917
303146
224871
262856
306378
84066
250792
264232
223271
271209
228936
281448
210535
274440
190694
254216
185030
94115
235912
285001
189670
258728
359339
225607
265864
228263
96387
203527
242568
190758
256584
186181
237928
183398
240936
247879
273544
182821
225415
184486
250312
185413
231623
188358
231303
176902
90915
193670
238663
242279
84547
201030
242888
181446
320522
212230
315946
211270
275209
179718
240264
224391
96451
237095
200998
140644
68418
205095
154501
122340
203366
69282
153829
242088
125316
60322
149733
216231
143140
196838
150149
201638
137797
322986
263273
257384
213479
82498
241448
277257
207142
285385
168613
233223
218887
245512
181925
226951
184677
338122
212519
350475
188038
244232
242024
92803
197319
87075
192038
247336
188966
253928
183654
230408
244392
272296
186117
238247
231175
253576
186822
242920
184198
238344
182693
240392
245063
94723
298121
256008
179974
102659
253287
280680
178469
247240
215591
237287
184165
378988
202726
275080
192326
240839
233256
258920
187622
151973
190566
239591
241512
270600
175142
252616
223367
273257
204231
250440
172645
245320
173478
267721
175877
244040
245544
348970
176550
79107
188645
240328
239272
272745
190534
252136
190918
265896
210983
244936
259304
272361
202855
262248
186054
243911
177989
266729
239400
239719
176101
342122
209383
281801
216647
107556
218246
291817
186310
236359
187238
244328
185702
321994
241352
282953
221095
273225
221959
286281
180838
90435
188038
240680
238215
282697
183110
234088
184230
236712
184614
243527
183654
235783
257864
288617
186822
232423
184198
250472
237607
90403
200902
248872
205190
235143
185158
85475
195174
227080
234631
278793
181190
255496
182534
224455
186278
284201
242823
272873
211303
86434
189990
248392
174949
244264
183014
252168
246472
262696
204231
244583
182565
296137
179046
240488
245544
270665
187302
277449
185158
89411
231976
271657
179814
241160
225031
332971
216230
286313
229223
113700
196006
306890
224071
271657
189062
305610
215303
274888
227592
88706
237768
273481
233511
304490
180581
244616
182341
248168
176517
357099
215335
270185
184965
241608
179397
308553
207943
268104
189766
92739
186918
305257
267240
262472
188326
270536
186566
309290
250824
262792
221959
100067
193734
246280
185734
294249
219143
265096
240679
94979
200998
297001
212486
283465
214791
278664
184837
245192
173669
238183
236391
266344
166566
246312
176710
261513
187718
238408
236904
96419
207206
251624
183494
258920
178054
234632
184294
326442
210407
266921
188421
250407
230119
273609
181829
90658
220615
270344
186150
80258
181446
237223
219399
280585
180614
237191
183366
262184
189958
244648
182374
247143
203654
245448
186502
347979
216422
284585
215238
276201
185221
234280
228519
299497
194502
237063
227687
280393
195654
257384
186438
299018
211878
276841
191941
232743
218343
277801
185253
156357
197222
274984
230311
280008
214566
300586
228263
237255
187269
321002
230023
285224
203751
301545
253608
275657
218471
295466
189926
87586
188070
279433
224167
284360
206022
304617
188998
254504
233512
279528
191686
251752
188838
291625
221798
284553
189094
246504
218695
289001
182917
95491
200487
278664
191302
243751
191974
236455
203430
254888
190502
246631
180134
256104
189382
322858
223911
277736
188198
93955
230279
275433
220455
238311
185382
254536
184549
246728
188038
242632
208327
248840
180965
337994
210214
323306
221735
305098
223270
95107
182310
254600
185733
92483
218983
253672
186886
231079
183430
227975
179398
332042
203046
267177
197670
243112
187782
249192
241575
86243
193670
245319
185254
231303
184326
255048
251016
271593
185158
239720
180646
327083
219207
273449
180805
94338
254792
280905
195878
84483
192774
230055
267784
87779
204934
264136
190758
123524
198886
262696
211431
239111
249960
260040
195334
259560
269353
299337
127076
212519
175014
156517
261384
81955
232199
99907
221831
72514
164773
222567
115268
63810
165189
208518
155877
120387
135909
237575
267048
237960
113795
318473
232872
116708
211014
283081
152164
243015
145636
71426
127459
61986
129604
52098
138884
147973
214695
73218
237607
49090
221671
109091
128708
43233
179334
77763
268712
206375
105124
57826
242888
128580
129124
53729
105155
136292
99780
306570
138084
145669
101187
123908
90435
44066
102147
103939
95779
312617
127364
268008
136228
167685
114179
295945
136260
270601
152389
257192
143524
261800
135045
254472
169477
192358
111779
172005
279177
78018
146949
194822
117316
160709
115651
309737
176101
198182
125060
161157
232743
73218
396620
179686
124900
62562
233607
123844
151141
129828
139332
298634
207558
272584
217799
263944
228807
289897
214855
278217
175846
214694
224391
86595
183014
221351
189382
302249
224007
273960
223847
292777
196038
253672
182918
229191
189829
316233
213286
275817
248136
272872
220167
275241
190886
251592
185253
85091
258152
267080
175941
276552
185958
231528
185350
316938
206951
280905
217799
268649
212966
273833
188326
237703
186822
314986
216199
145765
210086
264297
216807
253576
219687
273673
187750
246535
284425
259049
185093
255560
186469
236359
178470
256584
196070
376332
218438
92067
205511
272456
214566
274953
208998
268104
173126
288777
215878
263016
216551
278600
212743
284969
177093
252488
181862
247719
165541
316233
219239
109571
203335
288169
189958
255496
224871
269993
171974
89411
208807
255752
187974
303946
219367
274952
212807
275400
218535
95875
200199
255112
184997
242440
198086
265033
252839
273288
248583
242024
226375
275497
181766
244839
231271
325803
216358
353483
224103
100131
204710
243336
183782
299722
214503
97091
195878
272360
212838
268457
185734
259304
185414
326475
301513
270088
221959
282280
184838
92194
220711
267752
190150
248808
231463
277353
181574
258280
232776
277097
182149
266857
242471
268424
181253
264617
194150
252968
251336
90371
202598
248615
187621
249480
185477
243655
182501
326154
225991
93410
227239
306377
235944
273737
186086
236424
178982
309866
216711
92483
203047
274409
224935
257512
217863
280233
212327
267176
229127
267433
228711
282601
218951
283369
184006
248967
185126
243272
241224
96259
210471
244263
211463
289897
179397
258184
249864
267305
186886
245000
176069
237191
244711
272809
183493
246536
183910
240520
244744
95907
206214
256936
188646
242663
282185
262280
179621
274601
180262
235207
241032
272905
178310
245447
178469
227943
184870
248136
243880
85218
204102
235335
183206
352939
207814
282600
208294
269289
229319
284265
174310
377612
255656
282985
222503
104259
208263
256200
234632
89123
225735
242248
182533
237351
181766
237384
179749
247559
182694
245256
250888
260073
188518
242375
182534
325962
217479
272905
218535
112004
183846
237256
221479
266536
188038
256584
231111
274952
184357
237000
185990
250152
227271
276969
180005
245768
184710
95683
197415
316522
245960
274344
227079
282696
176613
246312
209958
252328
186918
368588
216743
272104
250152
310729
210342
282793
223335
269832
218215
271176
181030
91043
212839
230855
241832
239944
261896
188550
237288
175429
287977
181125
242920
183686
241224
240200
303145
186629
227175
222567
267912
189158
118180
191014
236072
234184
277097
167237
245288
214087
247880
176774
230599
186150
329994
216199
259464
231207
92643
241095
285673
189733
91938
186501
265225
236135
281705
284777
250536
229415
277289
180166
252040
185734
245128
179909
327690
235719
281257
181766
242439
179365
77890
227175
90499
253896
76066
183398
235175
235495
277737
185190
256136
192646
299242
221959
270536
227719
282505
188774
247368
221703
82306
205478
253000
233383
262408
195110
248072
187622
228743
182726
252199
185702
341002
209383
289705
219879
273416
199302
275368
184326
242600
171814
317578
212199
274664
178885
299689
210087
267816
187942
303689
203303
271880
188486
292873
208454
264840
218982
268744
227591
305609
209222
273865
223751
279913
183909
310826
205415
269673
225415
265001
193574
250440
180837
245383
182885
333354
241031
282025
220583
96003
210150
245704
186086
240295
240007
279112
181862
234567
188038
96579
225447
357355
187142
303562
208710
290665
217671
277737
183078
86690
221927
291114
181477
256008
238920
274984
184709
238280
172197
229767
185478
243943
184134
240424
245800
278313
173254
249575
183078
90179
183430
316778
219719
257000
192614
261256
245543
275881
176454
244616
188678
247368
174245
125539
204294
256104
184678
240360
183366
91011
184869
329610
299977
262408
194278
247591
228840
278761
185958
89411
218631
255496
188166
232872
184518
237128
236295
265928
182021
89122
186438
246088
238792
270409
185414
237223
230951
259752
180742
252360
184070
234120
298377
290217
187846
246664
199078
80098
187398
258953
172325
244264
184197
243847
182310
339594
200966
267304
237031
257801
186246
243432
175845
342762
207078
348619
278825
284265
181413
89187
222823
263848
192294
248936
186245
321770
213479
297481
225319
275945
186821
236264
237224
271625
184998
253512
224615
257928
187494
161093
193863
314890
191494
287817
238311
262760
187782
272105
237479
262920
185381
271208
230023
258504
171653
262344
190501
251176
213702
270729
189062
257320
227207
276905
184038
241607
181573
245192
183046
263944
185606
246952
241159
271976
187909
236904
224679
263208
188357
91170
191270
89667
173445
245992
175494
235752
183749
235879
248840
270569
181030
241800
179333
248008
247976
119012
204423
229607
238024
80258
203654
297801
177797
235464
184614
235495
182278
237927
244167
257416
195814
254568
183653
230599
184358
228295
181542
328810
222343
92611
205287
272232
217895
276136
183749
84611
187078
279561
236199
272777
241768
251016
233127
267624
184582
255112
202918
236007
256136
296137
184549
255496
185317
251752
181574
305257
188838
260840
218215
253736
200327
243560
250472
290345
202983
262921
229607
291337
186566
87746
195238
267657
212262
291497
176965
240744
277577
176678
271656
140644
93283
204390
288233
203014
269032
252840
173286
327275
155365
217159
265448
257320
161893
192326
230183
275497
291817
183813
261000
233864
281097
205318
258248
214343
294698
184134
248263
192966
254952
181798
241799
197286
107811
219111
311945
183525
262664
194726
252744
224999
290537
182374
252008
212647
284681
188678
240935
180901
295689
229480
283049
217895
298729
187109
253480
204486
293353
184997
275529
189638
253192
184934
276265
203239
298794
181702
253224
213543
295145
184837
260776
193478
84259
223623
245224
210022
320202
201190
260552
203942
260808
205414
296841
191430
254792
213638
293065
190214
243912
213319
275976
197478
93251
192166
242696
251048
242760
180710
81762
211974
276104
181222
235688
186054
297321
214983
271433
184517
253544
190214
277192
214726
276457
185030
84611
196774
291881
232551
252904
191558
272040
193446
305257
232968
301353
195014
255944
190470
275752
200902
252904
216359
317482
198182
97219
200391
255016
211303
302666
186661
92451
189030
257640
206023
297609
185029
249352
179301
258536
211559
296553
191750
267017
214951
95331
208006
245480
253544
248712
179078
236296
179909
225351
186022
235399
230919
274824
184486
243624
243591
289897
187846
272168
183078
314313
249064
145445
208295
280233
224295
288681
186150
257448
186758
247752
188262
249512
186598
239112
262632
283401
180229
253192
187590
245255
183814
90275
185382
258312
185126
240775
252648
279721
182214
249000
198918
246088
189062
220039
243560
277289
186790
235335
234087
268041
185766
85282
193862
320490
260968
94211
204774
242536
187814
241256
228103
291241
182374
236327
187526
289257
186054
246920
184294
256168
246312
90435
211335
276425
225287
284361
187654
87459
186597
237544
241512
291241
185062
272488
286057
230728
213255
314793
244903
271753
218278
271688
244200
279817
191174
251048
204198
113443
209606
277864
231527
269673
240871
253288
183782
237831
185286
223847
235495
278312
201638
93443
192806
251080
233543
280360
186054
253160
189382
326186
227591
278121
226151
279465
174501
239368
220903
285001
180774
327818
184390
82467
216967
310186
188197
247112
181862
257608
221671
320233
180806
86435
183430
273993
234152
284521
224103
258472
223719
286825
206279
94211
187974
314026
226503
267944
218311
275656
173061
251784
184870
293961
226023
272841
209895
274377
203846
276553
195878
85378
190438
84034
272520
261737
192550
273800
225031
256936
189702
250472
171205
234920
186789
231911
246472
95651
282249
188454
247976
179557
241736
178470
329482
227239
279625
233256
265417
182086
243016
237544
273993
188582
245032
190918
244680
180582
233095
242376
262952
180965
232711
186438
85507
235272
274120
193094
250056
189030
243464
185350
241575
188230
237383
181638
225127
256072
269032
186437
92451
186981
245576
169637
76546
262120
276937
175782
244999
235303
259336
175301
240072
190758
330762
216103
280457
212903
276296
186470
240743
225255
264296
187845
93667
229863
341835
188550
240423
187110
239848
183558
234151
180518
226567
219783
237447
250055
279497
185542
245448
179878
242727
170405
91427
207303
233703
181478
387788
207335
297801
203879
286505
210727
258312
237575
267913
180517
231655
180709
255368
166405
333195
205542
104899
180230
242215
240488
77987
191590
239559
187110
244168
166917
232551
181733
223271
289097
262760
186437
234055
180294
238311
197382
351147
212935
312682
228871
295721
191494
281737
193350
249736
261064
297001
186534
251464
172614
233063
180326
247687
174502
265801
178630
245735
179174
329962
209638
286217
221511
275657
210310
251816
221735
300778
177990
250632
185222
297545
227047
273481
221159
272841
187910
93378
182886
237352
218598
262120
174661
225255
183622
287753
222663
274856
218598
248008
235271
298793
200582
289450
208647
305033
195110
101699
200518
308938
200806
257064
205415
341482
192454
235399
211750
274728
191238
252200
210663
277512
177413
246887
205095
287497
188582
87747
206886
345451
193702
244456
181542
308650
217863
288457
206247
272488
243432
290985
188006
277801
210374
293097
230503
261609
204134
334794
194086
91299
196711
300778
201671
257160
197478
248744
213287
288841
196710
255528
190406
248711
191110
241159
209447
276553
182342
95939
200710
282952
188517
237320
192486
255624
187589
80610
209447
276008
182054
89026
198023
285993
190182
251175
190406
283689
234535
91267
211431
287689
208807
295753
192550
251880
181445
240455
237479
286857
261448
242855
188006
289033
238024
116707
201510
294249
198438
264648
206951
270441
295145
297482
211463
285769
190278
87779
203815
291625
197286
252936
200710
282665
191718
252776
246375
280424
191654
94787
192326
238632
222599
297417
190470
251208
214599
289641
196998
282857
207751
270441
208615
288681
187622
258440
211271
295593
177766
82147
189318
304138
240040
292969
235976
298825
196070
300105
199815
294985
207078
246472
208134
309353
295753
135589
176805
120739
124132
219686
303082
154404
77250
124516
173701
131588
179973
197606
69826
136580
55554
151717
159397
121187
241480
200999
205287
176389
212199
128548
277801
179013
290281
159269
75811
169861
66914
266760
276169
160933
225543
175909
237032
206471
237288
229159
229031
210822
262312
182470
80899
197159
253192
212102
143045
202854
258120
187973
257832
213991
290441
189030
239432
213895
279208
191526
246856
186054
241032
209574
287529
185349
245160
216486
269768
190534
253288
185798
227015
206662
290249
189350
250824
205286
277609
193030
254248
183046
245736
207942
278984
183942
254440
186694
79810
190342
240295
208743
352715
188230
245704
187654
280937
188710
237224
212999
272841
192518
254151
185478
249032
192422
247304
180933
89763
192710
198182
232487
292553
246568
299881
212743
284489
209638
244904
190214
316938
229704
274249
220967
247720
192934
287593
219334
285769
179206
241895
191142
256936
192454
84610
188198
276073
227047
285513
218951
253224
176645
316233
212295
291177
225767
266696
193510
94275
187494
241831
186470
253256
214311
298153
193670
251240
179366
261448
212007
290249
188326
243303
189734
281321
208134
331467
233159
89859
188870
244552
193318
243592
186854
276841
216743
275528
205798
291817
183493
272072
192518
253256
180869
248584
211463
293642
186726
93923
189894
260040
223495
340267
195238
254792
214790
289673
200134
302825
210375
289609
218503
253479
207591
353483
190022
247944
233639
278825
191558
302410
208038
273865
180133
250952
184678
313705
208487
295497
211622
91843
202822
304522
195462
254920
207686
304234
190437
80290
190982
244487
205830
286761
190118
237127
209094
279017
189030
250280
185574
248264
200071
268520
223974
322602
178342
245671
216007
290825
190406
304457
203719
273865
187941
233480
210919
280552
187558
250088
176773
263336
187365
253448
186950
79106
216103
272681
182662
253800
188997
250567
181637
247431
188358
249639
214471
275849
200647
273480
187366
254888
211495
290025
187622
91490
196550
279625
184518
88067
232648
240424
203559
301993
201862
260584
183365
258856
203750
280616
189670
260329
212135
294442
191430
247688
185318
259240
206535
93443
204422
241255
187814
260104
189830
246696
166917
249512
180230
247272
255656
274281
185190
243944
179462
227719
240264
273385
184198
85731
181382
255592
236968
303946
187270
251688
184518
88451
185061
235751
263656
284937
187526
239431
190374
233768
186118
245064
184102
83779
182502
121412
209991
296970
206022
279241
218375
271336
225287
266185
229736
264968
213990
272616
224615
329994
181606
237991
187430
92643
182086
229159
182245
285801
179590
276105
178758
259080
185286
245096
181478
228327
186662
320874
220455
269576
229064
298537
186630
91555
189254
253512
183526
308425
251432
269736
230439
299721
290921
261800
186246
252808
168389
266664
189638
321226
201095
272232
230695
96483
203175
236583
234024
260264
188262
348235
224039
263464
254664
277801
185478
301641
213991
282313
230087
297993
217383
274953
218247
274664
219975
226759
227880
290441
226599
277897
144516
80483
134116
303722
238151
81826
120452
316777
133540
155013
97795
199814
212518
93763
173157
218855
185446
282824
188166
116164
182182
287753
183014
263625
181125
276680
187078
236200
180998
243047
185190
238536
180838
81859
209799
303561
181989
241319
184198
243336
179046
231656
181702
224135
175910
79810
187142
228615
179526
232616
241000
270376
180006
92131
181446
303113
231720
288073
197702
254280
182886
258121
187974
237991
181765
257224
186950
242600
180229
333514
279080
276616
217127
293449
178917
261992
237607
307081
189958
253064
220647
287785
193191
250248
176902
255976
214375
281128
190405
265320
188518
246759
214503
288777
179205
254056
187622
249288
190661
243335
185317
257320
192966
242599
205574
289225
192294
275849
199911
266025
206534
309993
209254
150213
198343
303082
193222
255272
203910
291241
191974
253160
211398
294601
192230
250088
200519
282857
184390
92579
193638
291657
186022
90595
176901
281001
236199
324490
212326
283753
251400
283241
216999
278217
216359
293801
172549
259720
200262
317482
191846
92771
196006
293737
204935
93059
200422
266728
195878
326506
202983
269320
224903
275112
207623
322346
186854
235496
205447
291401
177478
291465
203111
98787
214855
245896
191142
263080
191430
235399
185222
243752
212807
376684
183941
238759
205958
294025
191878
250600
192454
242280
207110
322634
188102
278825
205414
264072
205639
87202
200486
299401
191974
246312
190533
303017
203303
85090
199366
277320
210567
322634
180198
277257
232263
288297
197414
266569
208007
289865
220167
243112
187974
281097
225543
269641
205543
244647
206086
299177
190374
333259
230151
290441
186182
295818
199334
260392
206727
231303
210695
282792
191334
271273
190438
255080
181350
254888
184358
243176
240039
288521
185574
90947
196582
278888
200070
87106
203719
292873
193990
259944
213382
311753
192230
242791
213319
303625
189638
247528
204263
280009
194534
92771
198214
334154
188166
254312
224103
262152
205350
279912
188294
238887
206823
270985
193190
254024
217927
275912
209799
250856
206214
286665
183814
232200
193767
255432
212166
284809
184933
265800
209959
284777
176933
256456
200294
288937
189414
269897
201254
294153
197606
98115
196967
286665
228551
253032
264936
249127
235719
290953
200390
303753
191686
263208
186790
256296
185062
273001
192678
252648
186342
252648
213767
281097
208038
280105
210311
270089
211782
287208
205639
286857
187846
89346
197414
260968
225703
284361
186214
253223
212935
287305
214023
281289
201894
304938
287433
278441
207463
294857
180965
274665
194566
252488
181094
245575
187686
246151
213895
349163
173765
94403
192838
274153
178438
242920
170885
284937
221287
271624
213574
282985
193222
244328
207719
281161
217799
113315
202278
296330
198950
269161
192614
250856
186950
321130
235975
259432
249287
256904
237703
289033
185382
266728
241480
296105
193062
266953
196742
263209
213767
294601
185446
249479
232615
271977
231783
273417
214983
294730
193958
251240
180966
243111
211911
291305
187206
274121
213926
282921
191046
89667
201798
297641
195143
248328
187302
279529
219143
275721
216295
292009
193606
256840
187718
244904
186630
245703
208038
331210
206406
292425
186438
246600
186150
92707
212070
278504
191686
92451
187301
237704
186790
236359
177990
253288
173541
227367
182214
377772
254408
104963
170053
84707
188006
235592
178886
267880
167045
247751
181990
244807
182181
252168
275592
94243
236712
239687
185670
368139
216999
293609
161029
266216
187046
150341
354603
148612
70627
188614
122980
262569
132100
273640
164485
177574
119683
107332
228679
114019
182565
129892
62850
121283
115652
47746
61794
137956
97347
127748
168709
117283
121412
237671
121380
137989
181126
136644
199814
126500
56993
206086
257544
173030
84546
186662
226887
324458
273096
188518
255112
187494
268712
498832
289801
211079
252424
184614
262569
334378
286569
179654
246663
183046
260232
170629
251912
184774
397644
263304
306122
528625
174118
225767
143300
196742
234855
189766
259240
555602
148324
467599
163717
225031
245672
190150
599507
238055
467214
228871
285033
199527
311946
188006
234216
497807
159173
220582
261704
190182
249224
189126
253832
185414
571666
223079
531312
234343
490223
239016
288681
240135
174694
276584
273449
404524
160677
234504
271016
197414
295497
249031
280073
227431
250727
213543
305802
195110
250984
133253
276425
188006
258312
165253
210727
131172
167078
240936
104931
157157
53954
196422
80130
143684
59618
267913
193926
85731
146948
125700
273193
132100
122980
138916
177701
123300
243240
168005
105763
138884
202790
155332
70498
152388
56257
164742
200199
186598
481647
157477
193286
189254
246504
272488
286313
200614
264136
188710
257544
180453
234087
190982
241896
182534
251880
240648
241991
176486
339434
238727
280617
230760
291497
195046
257576
181317
260680
191974
253224
186086
292233
233768
280936
219271
318154
186694
95427
188326
264105
207046
287497
182598
257448
192326
258856
209830
284745
210278
259144
195910
267560
210982
291817
198214
257224
188006
249671
181158
80835
187110
89795
196742
255688
199686
245319
236071
295753
186598
248967
266856
277865
184358
276488
188070
240743
271976
264072
181637
155525
190150
231367
178437
232807
173829
245927
266696
269864
182342
270217
236007
278888
174406
271624
185894
240551
182822
241288
235943
91427
235751
278312
185190
260200
185606
232903
189605
340555
226023
280937
225223
267369
233320
286025
176454
240903
187014
250024
250856
306794
179846
92035
174021
255015
187141
246280
216166
239527
257480
296265
185254
235271
179653
242055
183782
250984
182310
315402
180838
80642
188934
248744
214854
230759
248327
275752
181989
245127
178214
262600
229735
282344
183909
268265
191270
246728
178629
232775
173766
244968
171589
226151
227879
265160
178277
267720
251688
272392
173126
276905
217894
274376
169606
240264
176837
245511
179590
234215
226183
261512
179877
244359
175013
301706
219879
274665
213095
287785
222247
282601
183046
243143
172773
239783
253384
366891
186406
234727
178309
102756
221287
294154
219655
286729
196230
98755
186918
85315
219431
264200
182918
243655
209255
277289
170629
246472
189606
281801
177222
81474
220039
264040
182182
236488
208998
275017
181446
297897
187014
296650
268680
268968
215303
294825
185126
235944
208679
278953
174245
88610
205351
286473
190790
235239
178374
242055
255304
271913
182854
269224
199654
100195
211879
264776
185862
312938
185414
222151
260392
100260
201254
255688
188550
246312
186886
251848
234919
356267
184677
267176
231719
277704
184453
238471
180134
244263
221223
273065
181989
81315
216199
277064
189318
236904
213639
276905
186758
78979
189093
228199
213191
286376
187110
78467
187269
259784
184198
246984
185318
76323
186950
250983
201510
83234
191942
238503
178021
327786
212454
278505
244327
271304
181414
241575
224679
245384
226407
269001
191366
94691
186502
230440
228167
255560
184837
247560
185606
241192
175973
234439
220391
259784
182950
240775
241735
280681
174469
76259
189542
151429
196710
230920
219430
272392
169670
270025
188166
248647
218407
270921
190086
247463
178342
239656
222535
274633
173381
248488
182917
76098
208134
289065
187013
242888
184966
289129
211879
266281
186278
246664
191750
301353
216807
274504
210727
273449
212327
285385
186726
92195
184230
237959
184838
249480
217831
262920
178374
236072
189894
241928
269416
271177
185765
245384
180966
312906
223911
270921
215943
96547
199366
240039
182118
296553
233383
289897
212454
286152
188454
250599
183430
238855
179558
233288
219623
281449
168357
248584
182086
284745
260136
262248
187878
272040
221319
262120
185894
239496
180549
300682
217863
294089
215623
284905
184646
243719
179270
243719
213894
258888
183301
269673
207014
274985
186726
243816
204071
281001
186502
244135
180806
233255
267241
224135
279177
190790
255368
181830
226535
257384
271017
208103
277545
187430
266121
217863
264840
186022
232775
211175
278280
196678
244743
179206
240840
219591
274153
202983
237256
182758
109507
206886
285704
217895
272200
213286
257704
227079
276489
216359
276169
239111
257448
207622
274921
179781
273832
205062
274376
193734
81570
177477
73347
187430
280777
192646
245128
180197
230119
222215
264585
186149
234119
193030
294474
220519
273577
222279
273449
213895
94115
208134
251144
187302
243464
187526
238312
253288
236648
188134
246440
181894
226759
182246
236296
219975
279113
184550
233032
179974
91747
181990
234919
185062
245543
217799
273961
175813
251432
206278
288937
192742
248872
185830
103331
204710
271145
219879
280297
179878
252424
188166
251880
186182
238183
187941
224519
210983
269961
186854
252648
182277
297769
242280
269608
219398
308906
262120
237351
216134
288201
230823
277576
215270
267208
189222
248872
180453
243080
214951
275049
184518
233959
185126
262985
215559
259048
175878
242376
267688
103299
248488
298409
221799
291881
180165
246280
173925
235207
216807
264104
187622
245128
182373
242728
181638
242631
179366
241447
229095
89987
208551
256616
209606
276649
183622
244744
214631
264105
183077
239720
188614
245959
183206
236679
183525
237895
233928
260585
186150
163397
193734
246119
186438
76034
214759
336874
185190
222983
215079
279752
192582
289577
182629
235847
188293
222791
223463
263657
196838
90051
193734
279176
169893
242823
256840
228423
171910
239208
180262
243944
220647
259593
230600
271528
186630
249032
220358
284073
184742
91939
212679
288553
227367
289577
233671
281481
211911
227271
217447
290793
184390
238791
250952
278793
231847
284777
183558
233000
183206
83106
258408
273737
214406
289737
186502
257096
206759
277865
183526
263208
206375
273864
178309
238568
187558
236071
210790
273993
224679
92643
188358
242824
183782
238503
193926
247880
235239
275208
169286
276617
191526
296682
232583
260232
232904
281257
215014
291881
206214
144069
209638
254376
194502
263272
213863
270760
189477
270120
210247
290025
192742
252840
210247
272873
194374
257224
187942
230663
185798
78178
189926
239975
223911
288873
193350
312138
214055
302409
207846
262760
219879
293737
192582
270568
194118
236007
220871
291818
243976
159205
200230
309290
245671
261576
215399
313481
193862
257737
185798
241672
210118
330538
183558
248136
177510
244104
212199
325642
184102
95619
183878
90434
194342
311274
200230
335722
187654
239240
211207
291337
184198
276233
210534
290473
193862
265769
203110
293833
178310
92355
194663
256776
214887
291145
185126
260296
191590
237544
187205
235719
208199
291785
173829
252776
209927
293577
184645
239720
191014
103491
216455
272072
208070
281480
191814
257928
209350
274825
182918
252456
180453
255976
189030
93987
196358
242344
257672
283113
227911
90882
183430
229767
240232
372652
169221
253224
183270
243239
176549
236552
238600
276137
183782
263112
206663
327114
210119
272872
177286
92995
229768
271945
178117
230631
174054
317770
218311
272809
202503
274249
187333
305482
213895
259176
224295
270344
171525
103939
194758
86978
192326
288553
189510
330219
212806
275625
224583
267369
185094
247496
172454
239911
239048
270121
177990
261928
182502
246632
178598
325802
211334
267913
224807
278377
176677
251112
259656
324586
216519
270376
221767
290025
189254
93987
263752
263656
187814
296681
212231
107364
192230
249480
221575
273833
180357
236584
179910
319306
186886
251239
258728
277705
178534
315306
218471
269481
234375
275656
190822
93955
185158
307785
211526
276681
211718
303242
225351
279176
269256
281257
182118
281129
186246
304585
231271
268393
224743
265417
186054
87939
219047
273736
188358
264296
211943
281321
177414
242887
232808
278952
181958
297769
262697
271080
219911
335466
194406
259144
251816
95363
196614
250824
187302
258408
184550
239752
184230
223719
185958
247240
182054
241448
242151
265864
179750
243431
233704
264457
200902
93027
184198
241800
183526
233031
244552
96291
196166
247431
166213
237223
184325
242632
180549
226311
185445
228391
268808
254408
184902
89603
187046
239591
171781
232903
178982
228263
288009
254152
174598
297002
265448
400557
241831
254728
188006
239976
175717
223111
295177
90722
203014
336811
192326
247400
251400
258152
180582
244680
180038
114275
213447
266600
186566
244648
252616
256488
184038
257864
177157
92195
191878
232359
187654
331018
210983
279401
226343
264936
213063
269128
227143
281097
192774
244648
175461
315722
208070
286409
230760
101571
193126
242856
226311
281481
188326
240360
178758
229607
186726
239880
176805
240103
187398
332939
200806
277064
181349
308330
207143
274249
216775
275817
219078
275656
180133
252200
234471
276616
190470
253640
234823
263977
187142
241479
183686
246408
178214
319530
212359
97028
184198
265001
187398
233896
442669
287145
214375
276937
184262
235047
271304
280969
187846
281993
233863
264745
225991
140069
183621
237863
235016
83938
193510
240040
181574
253736
214951
248967
182917
224583
229639
257224
185765
249768
182758
259464
184582
229575
262248
270472
178181
93539
186438
240040
249736
246376
178725
307594
183622
244520
237160
268424
183077
245448
241863
269993
204102
234216
225831
244679
176710
147109
246248
297961
191974
254120
178982
381388
224423
268616
180550
239271
183206
241831
240455
268393
187109
248488
183397
223911
245447
88483
185734
271048
182054
240231
169221
227943
180870
228871
180934
228871
174853
231719
180613
216007
211335
229192
166725
241351
169253
84258
184229
75970
277096
86051
196422
247112
181221
241543
178437
237927
183910
238792
182853
240744
178470
241927
179430
363564
212071
324394
220583
296073
217895
268936
185093
246248
166021
235175
177253
339755
212999
254088
251656
264168
177254
238472
178918
328458
198599
88195
161125
212167
272713
226599
141444
213415
149029
74306
140420
263528
172646
260808
155493
147780
70274
215399
96515
134436
56770
157285
191270
128740
55458
271016
196326
206662
142372
312457
182246
142340
135844
195366
123140
112612
146404
107011
120836
55009
320618
216071
189286
106019
252552
203078
273481
182534
357675
210118
67362
184486
141764
207494
241352
157925
181221
133060
297673
173669
151844
162725
261833
194118
237992
206310
235271
136869
85635
137284
64034
130660
71138
132612
172997
130628
119396
132164
179046
223143
140932
232615
164517
228135
180230
230823
151365
95939
198342
296201
204455
281353
138756
70466
187877
109891
313802
166725
260264
159941
697461
166149
255144
163333
262312
169798
245896
192678
217127
212839
255528
160581
70210
209255
130916
188678
222631
157220
212999
147461
202054
151141
115587
128644
165541
129252
117956
139972
185222
207463
236424
156869
222439
211335
276488
197030
268809
194470
285097
208839
290505
199910
303242
186982
257032
211622
276744
193702
95811
190886
243495
225575
185861
239752
187365
88451
190757
261768
189126
244327
250568
295081
191462
288553
203495
290217
232039
235399
213286
306249
191910
253768
181349
237895
212518
326442
186566
252968
242279
183205
259752
244327
274697
244744
245864
133508
334922
199526
292777
244520
259048
235431
370956
217447
295273
188294
94723
191398
93955
184134
234472
188390
258888
191494
249319
228391
307177
190598
81635
209031
287369
175334
247944
216135
286089
177926
252584
211911
293897
189094
252744
191782
252264
188230
237351
185798
233863
209735
287049
187206
251880
207431
282792
234055
255624
232616
255112
250344
175845
209926
264840
207974
347403
195046
246983
209510
269992
193190
250152
185285
243208
191046
249096
182630
232040
244168
248103
257480
92162
192870
250151
262600
269481
190214
252232
242024
273576
195270
231079
168325
288233
168389
467759
224519
272296
200999
252360
227975
276009
188134
264617
239975
275721
206823
94947
189958
280040
189286
90851
209511
242792
187334
383052
218407
280489
189477
249064
236071
104003
183238
253800
184645
247784
248807
240423
170502
230727
182693
242151
170854
329931
212679
286985
220710
265032
168966
292713
224807
265032
213543
277096
225511
278633
183365
236263
169509
94339
177830
235047
224743
85891
204007
296938
205606
276584
216070
317962
180518
232295
285865
91363
191750
246311
209991
242376
241096
273449
189094
232231
176518
239463
246440
313034
177766
257192
186309
323434
217319
297034
189798
106083
204006
289097
215495
272873
232039
278696
203046
92963
237256
288361
186502
249672
187302
242951
238503
260904
200262
89059
190822
91234
234023
267209
176709
231079
268648
275017
176486
253640
195878
250312
189478
237703
183718
243048
180390
241415
176038
230951
262056
85026
185222
245160
178533
239592
246600
88291
202790
248935
175813
243080
250344
91555
197638
227431
166021
318186
219815
262632
182533
83395
187270
243496
236487
264008
180262
247048
223399
270184
188454
237000
170565
327850
223879
276969
169349
254119
244008
139077
189190
298954
185638
243655
166950
241575
185734
327018
202278
268009
234663
276745
184038
288809
165285
322890
297770
99204
194118
268585
175621
326666
237384
295337
203975
257768
185478
220359
143653
67138
148453
202599
272584
177925
230695
184613
233767
154373
194246
146149
252168
215206
85283
187942
174757
125316
61378
354475
210310
137285
59906
132324
54017
142789
171333
126052
55938
252968
107555
146660
136740
154373
189541
139748
182150
170630
300202
185734
240680
154405
217287
226727
257128
167045
231015
158693
225447
185509
238919
245096
271912
179174
77571
174021
72866
168773
242504
169829
247656
242984
271304
191238
235752
180710
242632
178854
325930
218279
278729
209095
267688
225383
267048
205478
393260
237671
116067
212358
287465
229735
238343
187942
274408
178982
265224
183910
237831
186758
248616
191078
238600
274921
86211
196678
140004
200902
243367
186662
323050
211911
271913
188742
311530
207334
277896
223142
280073
221959
266600
216743
284008
193670
313258
217638
269065
227175
302474
209607
94563
210534
254728
188230
247751
353771
266537
253256
271657
185989
266376
246632
271208
183909
239304
228711
94499
202183
242727
183718
239879
225223
272904
187494
243784
182630
82882
190630
231560
187078
227591
178949
233000
185893
327914
215558
106467
197350
248776
224967
267272
188742
227495
239208
258472
180966
241480
184358
247688
164357
236615
183974
261865
188774
238567
259049
91299
207367
238343
244040
233447
182726
228807
181574
230311
266377
271689
186150
264840
245928
281000
218215
244935
178917
259976
245416
267145
206375
90659
191270
316745
226759
281065
220007
276041
232071
281993
184358
81891
213863
274281
191078
230535
189926
253032
247688
250343
182374
84162
188422
237159
225863
278120
181702
245415
185222
229480
171685
248839
307978
247431
255944
274665
186950
249320
339531
219686
270152
189030
320426
215399
279112
223367
278985
194438
248776
236839
273225
188422
227175
184326
245448
184710
237703
183206
323786
213991
294922
239912
111075
212070
257960
233095
262633
187750
237351
187301
236616
183717
438286
224391
272936
218855
283976
184166
235623
233799
256584
192038
232071
188742
263497
184774
245767
251272
264808
190886
228808
184070
243015
179462
235528
245800
261672
186277
81603
187750
236071
180005
85026
243432
281321
188581
241640
191046
258312
188166
246279
177574
237768
247527
258728
177350
240199
233415
274121
184901
250184
237223
264168
184806
243592
178598
248136
222342
276137
176101
226311
183717
254504
188102
242504
256360
280872
186886
238375
238599
274281
172870
156741
181093
239559
242183
257288
167877
227015
183941
334122
202087
402541
229447
259976
289065
266312
229863
293129
180742
404556
223047
83554
205639
275433
182982
299657
215143
267784
217447
280808
182886
241704
184294
245384
181029
234343
242408
265513
184390
239143
189893
98307
283561
244295
181061
88515
229735
247047
186342
268232
249575
274761
134660
63074
227783
321834
245735
91107
186918
181061
273545
111939
235175
140388
191173
200646
142756
140260
233607
320458
205446
244904
191078
88067
242216
257384
188901
238759
189446
324746
217031
284841
208198
284841
191333
230183
233255
267368
182277
253000
181798
243719
269640
283785
187334
259144
251080
301577
210759
261672
236135
281353
184005
93219
239719
282505
188614
233319
223879
269992
187494
244712
182053
249960
240007
262472
182438
240199
182949
247176
182629
238792
182533
87810
224455
261256
190310
246184
182629
236039
183462
229543
184901
87555
243304
275145
228711
249288
183110
250312
183653
359563
219463
107396
193670
254568
184901
236391
257512
83010
209767
257192
181574
347787
211527
259496
186150
341418
225095
326058
263657
281097
188613
88099
234472
277705
188966
259080
227911
273705
186726
250503
204743
198279
109155
193798
79107
137380
254632
183558
181190
114403
248423
155493
76227
128964
314826
225479
105507
153253
199078
152132
297705
231240
208870
200007
220007
232711
152037
215143
221191
252200
159301
211526
159141
80547
156645
325642
199430
266984
172613
128004
217767
72355
181637
63170
202279
69282
198726
132900
196358
88419
220423
254024
211079
91330
203142
232136
174725
227367
187653
229351
169125
224615
222311
285641
186053
270216
211110
278249
181542
238695
233639
262697
188262
252936
182374
227879
183941
246663
182982
233031
288617
276841
177222
300457
208326
270825
180422
248519
251655
283145
171397
288777
184966
104451
207335
262728
184486
240680
222118
274600
184358
92034
179302
300489
223559
272872
222343
272968
185925
249320
217991
286377
264808
79683
216295
265065
187622
230151
188134
294441
240648
267241
236007
266121
232967
289801
190246
140612
210886
288169
184581
227400
187110
109155
207750
270121
185029
239976
239720
226823
278665
181990
242503
179365
295209
232231
275560
189285
241480
219975
277545
183557
279881
190438
93378
200422
250568
225095
312138
169061
222278
181478
239911
184102
243144
183877
228839
180742
246760
184934
311850
217254
279080
218119
308010
225543
311882
227975
110691
209511
287273
188646
249319
184166
241448
185862
302793
219015
274344
188646
244488
218183
280905
176773
81218
185702
251816
185958
239368
182342
247080
238440
272169
180997
236488
170245
336778
208391
289289
210759
282025
211975
260328
178533
88515
235944
260776
179558
242087
181637
77827
172901
330858
205255
261000
176165
340202
203335
261544
181158
335850
209223
299017
214887
289641
208454
281289
217831
266024
195686
313833
212742
280840
228263
320393
178117
274089
273224
258440
184806
246728
187654
245416
181382
145477
255592
288553
183750
228008
182086
247688
185894
223079
177381
91299
252552
289801
185573
254600
181221
249096
178054
323498
217575
102467
241959
289513
231559
264520
216934
262760
232455
324682
182502
237703
230023
262697
192198
239335
188326
245000
241543
253256
182182
305897
220807
265897
183686
316010
236615
264232
221319
285832
238535
298377
190022
246055
181861
96547
198406
252936
214151
288745
224519
93539
207334
283177
195974
241512
185158
307498
189574
235623
210694
266056
190246
258120
199271
254792
193734
240616
212743
280809
192582
98595
192838
241735
194182
304106
223079
272329
222471
267304
219815
281129
214951
293417
191174
250791
184518
86531
182790
235048
182438
87843
223847
281161
183558
266728
183430
250632
234695
276616
183493
268937
179782
245640
218887
263080
224551
283305
170405
223111
218759
275784
179653
263945
187270
324042
225671
275465
220743
302026
186278
239527
219143
250728
259401
265065
180389
247655
182182
241671
183046
132580
222439
238696
169029
268329
177190
241864
289097
266313
179974
249288
186982
245448
183974
317386
217127
307625
227463
277289
185253
87971
218791
274025
189062
229704
218918
270409
186373
260776
230759
244744
224423
297641
186406
245064
177861
246535
226951
270505
185510
86755
214183
83139
202854
256520
213511
275817
179014
254056
184805
235112
178246
359595
208935
260936
181029
242535
232711
261032
180389
239271
183206
235432
175366
349995
240391
289737
217479
279593
223687
276040
191110
250280
181573
233927
242920
260328
180421
90914
193510
94499
203686
246312
245576
269864
183589
91235
188934
234247
184325
279849
246632
259464
228647
253896
183654
355723
209223
281481
252712
273129
184774
292362
189766
245416
262120
270473
182374
287977
184294
92451
193190
241416
186278
338475
215079
265705
229480
283081
184998
248680
186694
230535
182278
328266
223015
280233
227464
101443
209382
276809
212998
287529
222311
274056
187526
244360
238280
268808
174566
86979
188326
297641
259720
265512
210758
330250
214567
264552
264648
267272
223879
265320
228935
279816
218407
279721
188998
243559
182246
315946
226855
268232
216519
282185
186821
239719
237479
255464
191366
246696
217863
87682
201414
241159
180518
312938
286729
288713
232967
279240
229767
273353
195590
337099
170373
258120
184677
325130
220326
274025
223175
270057
217255
389004
183014
244456
186918
245703
183206
84547
210214
247656
184486
280584
240488
246215
221799
324523
215239
272328
213863
276424
253224
81891
208647
278569
183334
303690
209383
268040
222823
271784
178693
248871
178918
