237096
68867
32801
324266
77762
35265
31585
33025
32193
28737
30689
56386
44194
52065
31585
32065
56546
29281
29089
56034
41441
58466
34913
30945
50850
38337
46562
78466
38977
58946
34529
32353
32897
33569
38305
62754
31297
92067
51489
37793
99651
62082
97347
58562
54785
51842
44994
32865
35394
33921
28384
33249
30497
51554
42049
34113
42081
71490
32193
103268
44769
64194
45058
66050
45921
31617
40513
32609
41698
76066
37569
55201
46626
97091
67810
36385
32513
38402
116099
50881
35777
37409
56577
37889
36386
49281
64898
36545
60353
35009
87715
38017
35809
56898
50849
37313
69251
38369
41441
43585
40289
72226
112068
36290
77635
48322
34145
44417
30849
59138
32225
60162
50850
80483
35137
44610
47714
62626
153893
66147
47265
37442
32865
92259
47842
50721
63105
40705
50945
45313
51329
69443
43457
42337
71139
55458
127236
44577
84323
47329
74754
45473
35745
47617
42465
44994
105187
71042
40865
65986
84483
103971
47137
45826
87843
44321
43265
66146
44354
73314
70019
70275
80034
44705
112036
65378
64386
51553
108835
41697
36385
48162
98211
101635
50273
44322
48097
58146
54818
94915
51201
74850
47393
82851
43650
70978
73699
88739
48545
98659
48193
77155
76675
45921
74915
64354
48961
54817
49250
49090
53538
76259
120452
94531
89091
50818
121860
65090
63266
110467
75010
45634
110916
48289
48417
75746
100419
52482
49506
45057
74402
35777
72994
72194
51330
56066
41378
49282
129476
68290
57698
72962
124004
52353
104003
58562
77378
69474
52097
51362
51266
49761
81122
104931
53826
53890
83299
46273
45793
50722
44129
95523
112291
59746
43457
51490
113636
58018
55522
78306
63202
65826
79555
51361
52642
46370
100067
67106
55073
90339
54369
260712
66978
129508
61506
57826
60418
50977
87619
147877
55329
60930
52354
99427
75106
60258
65634
61058
67618
136324
62178
112612
60194
72066
114819
75075
71458
69186
109796
78147
73666
69666
99747
76898
67938
86563
52161
117027
63586
70242
54466
70306
60994
109380
64898
104195
74019
60706
68898
86818
87490
57441
54690
61666
48129
59682
50754
59778
54882
81602
58626
65826
109123
63202
86307
69186
100995
62722
60418
52514
105475
82723
66178
59682
99587
95139
60866
69570
110467
68514
82435
60098
55106
99715
126660
80931
128580
66178
65826
65378
109603
84291
182085
61218
332234
65634
107011
83906
69090
66978
126500
65186
80867
71330
126212
73346
69602
63042
56130
57026
134532
76290
109603
76355
81315
65698
98659
71746
70754
67426
107171
65602
82755
64962
115396
63586
57313
72515
110435
57186
61474
75426
60066
66466
84963
113187
102019
63298
96131
55233
153540
71042
142373
74403
113668
80995
125379
67778
98275
62722
60034
80546
62626
67810
94083
58658
89410
61346
150405
72930
115364
75810
114948
72322
62178
66658
72578
68674
78051
70786
64354
60738
118468
70114
113508
65410
65026
51586
108643
115140
56226
83202
69602
121092
66050
108644
50337
108868
67906
103620
88579
112003
74275
101411
66210
95075
64994
53378
142789
75266
66946
67490
105699
59522
129796
73922
111844
73218
133732
59937
94755
65890
58338
50114
61314
68226
59426
53698
100227
65474
102884
85091
65058
59458
95875
63810
65891
49794
92675
67618
92419
73218
122084
79906
73506
74338
141892
70626
56290
66434
58690
148837
111812
67202
77475
59938
112324
64386
94659
74946
112164
67074
51650
59842
57570
66146
86786
70018
107907
79010
63266
72995
58594
75939
114884
62242
63202
78626
68674
67842
66306
65250
60802
87554
69762
60450
65890
140229
77570
105988
73666
110276
79778
70530
83010
107491
72866
105251
74818
71298
75874
108964
90403
64386
75459
100963
79107
123524
70850
65346
71363
61250
73027
112707
67746
54946
69954
108643
97635
60929
58466
65794
73186
70466
67938
66562
62530
97731
65922
57378
80578
112868
51649
98851
70434
110244
60994
114180
79490
114532
65602
88195
61218
102115
58370
61570
65666
94947
65058
142340
72290
106211
68418
110020
61506
55202
68035
93955
57634
101443
65282
97347
71586
114596
59874
99171
77602
68706
58018
129412
66466
66050
52449
96547
64706
93699
59074
137221
68706
104067
68194
138020
70818
65282
56322
60962
65154
67459
62498
53345
65378
90370
70786
102691
66082
98947
55714
60577
70018
50881
104963
95939
62594
116324
102980
61954
152581
72034
116644
65538
62402
59458
137413
76354
110692
61058
92515
71618
65506
62274
132516
60545
58658
65762
63010
82915
65506
71363
125668
60386
128260
71267
102627
72130
109220
73122
68482
60898
103075
60610
61602
65250
85987
72547
64258
70242
100451
63778
55586
104004
85123
51329
51490
66658
49986
58946
100675
58658
93251
66146
86819
85635
62914
61826
98851
83042
66722
209767
61218
121348
63650
159717
67714
126916
75171
68034
73314
121284
67522
58241
66178
96771
64546
58210
103780
74754
62946
59298
65538
68450
56834
55042
95587
65090
96163
62434
138244
108484
109667
68930
128036
74210
115556
69730
61730
100291
66402
62882
66594
68963
51682
50114
92291
53282
104292
81378
66434
66210
59778
66339
112995
86659
120611
90979
57058
66946
130533
71203
104292
79299
106948
62242
102659
79491
107492
68322
60962
64770
103939
60130
103491
75202
105667
61858
61442
65058
70658
94979
147716
68130
88963
64194
105507
61121
142949
76418
107651
65218
57282
81155
111459
107812
79875
145188
66690
66562
77218
137476
71234
64770
64194
101539
63138
97379
65442
90563
80834
55777
111332
96419
101219
92771
60130
55362
68194
101283
60066
57698
65250
98659
85058
65250
68643
100003
64898
126980
70434
70914
72482
117635
75362
71683
66530
96355
66658
100643
62850
57506
66850
127268
71682
116068
65986
132100
83043
136517
74754
60610
66050
117444
66978
94915
82498
149669
67586
51106
71074
132804
70946
60066
60418
103267
77730
130340
69474
119780
53793
94051
78082
65314
66819
60258
55938
83331
66946
59874
72770
123876
61953
105059
79074
112515
64450
120451
64386
123651
69570
61602
127140
98883
65474
129317
79298
63554
63330
101475
64674
101251
63106
100995
65410
60193
94595
117764
63010
112227
68034
108452
73571
129220
73570
113540
76131
119044
59778
127588
78530
119715
74018
70594
65858
103812
66114
65762
70466
66946
66338
62049
65730
127076
66786
111460
71331
116163
73506
71938
66659
109059
69667
64194
69986
67266
61378
142853
77410
100611
68898
98052
53921
96195
68194
67746
68994
66306
61314
128612
142469
110947
52609
88738
83075
105603
67490
66050
56033
65730
80930
66434
60738
98403
61090
64450
56034
97571
66498
139045
75106
66914
74082
76450
71138
108515
55906
90307
62690
63618
67106
133765
71778
116900
64578
99811
70978
55714
107363
106435
63586
119107
73186
112355
75458
124099
54914
110403
68930
60578
72002
139364
86531
124036
65858
61058
65378
129476
71618
106563
75810
115332
62146
153605
65794
93603
78690
67970
60546
107459
65602
58369
62338
97731
62626
61250
52898
94723
64354
97987
81282
67042
65442
99907
64898
65314
53825
99747
65762
62178
68642
55682
80579
68386
61921
56162
63714
105795
75715
115300
54817
203751
76418
83619
57442
91427
65922
85827
54562
118500
76162
107491
70178
59521
79395
70275
72099
62946
65442
119011
65602
98212
78690
111748
57410
63362
79779
61186
55170
58081
66210
117027
51490
97699
66242
125604
69218
116867
77347
60994
64546
113572
71266
66754
64642
98147
59330
103939
117700
124260
65634
126372
54882
103363
81731
72995
75043
52386
66338
129988
73442
59842
68610
115779
100803
64930
74562
111108
65954
63618
60418
74627
60193
112900
59938
91458
64546
55938
103011
75971
59617
60289
57570
66562
85443
68034
114083
53218
94019
56801
119940
71682
65474
68130
111748
73826
67010
73602
67426
71395
63106
71586
51873
66050
70595
73282
62306
99363
72739
116644
75138
59010
71170
140452
68258
118244
106724
63266
58850
56386
61826
52641
81602
70338
67906
104195
63938
59458
57730
56610
98275
56802
135717
71554
76163
68323
105411
69123
59138
65730
131877
73154
106947
76195
113316
71395
65346
110243
100099
56706
57250
58242
106307
67362
55810
78787
110436
60322
54146
60706
122020
131140
124388
68578
107651
65218
60738
51265
98979
65570
82755
60514
117284
74082
70658
70018
60002
54081
52610
71938
109828
53570
121796
65314
124580
68834
137764
71043
107811
61346
106083
73634
124580
68514
119588
49346
59138
77442
140165
65954
68066
68419
218151
65058
93027
67938
57154
91426
66082
87394
72419
113987
63778
64738
68514
56610
83394
105220
69154
72194
66754
60002
63330
66114
63074
142725
67843
107555
154949
110436
71010
61762
58978
102788
62786
103779
56194
57154
65314
67266
78434
54210
70402
58050
54498
100547
62754
104355
81443
114084
51234
87139
68994
57858
72802
114084
61826
58946
57314
65282
105603
96515
52769
91587
91298
69346
67266
50945
54402
105731
60514
54498
55138
143428
74466
72034
57218
206662
73250
70594
63234
104739
52001
106051
51810
135716
72642
106595
61186
53409
74434
113219
58434
113444
76546
119523
71810
63170
63554
89986
65794
125604
71778
138853
61506
61506
56994
102339
78082
111876
54946
95811
65602
61378
48770
97443
63490
105059
64962
63906
64546
206247
76770
119428
82467
66050
71522
68322
59905
102019
66018
139300
76643
92003
72675
60866
64130
129636
54913
92579
91843
49985
119236
68514
89699
68162
114020
65186
58818
74722
72066
58850
101987
69058
145253
63394
115779
56866
98627
61058
102884
54210
58146
64898
97859
88611
65730
104675
67554
59106
96323
99107
82627
60386
70786
57954
67490
55458
101539
62946
58786
66018
99491
89507
134468
70946
126276
66242
131908
65602
113316
76386
66658
72162
58562
110723
93283
61857
58338
65058
61249
79234
51394
68674
55297
104548
90499
61986
61346
66690
76706
62594
83683
64834
101283
81058
57666
71266
58658
62370
50369
66050
48578
80579
74754
68866
101955
65890
59298
61858
122308
68322
104707
73410
70946
61058
106691
65378
64226
56162
146660
75810
115172
66690
92707
77699
64290
62210
53857
65410
116419
72994
102116
76738
118851
65730
54402
74755
135268
67842
62210
65922
58690
65986
49026
60354
49633
78850
109955
61346
61250
70274
68130
53762
97795
64770
63138
80515
58978
93283
57185
62914
86659
67074
106083
66242
147621
76738
111491
79843
58242
68514
118052
65826
66051
69634
217863
75842
74050
65890
65186
66178
101827
72578
106403
61730
60898
62178
105316
72898
68034
62914
104803
60290
58658
70819
106659
64578
60290
64162
83906
68515
66946
68066
119972
63906
63138
73410
112260
60002
110788
56578
93667
61954
59586
64098
148069
108579
65282
60097
66562
150212
72003
116707
67458
115395
130948
58466
98755
64514
95811
64898
65090
80131
72867
62018
59522
51393
95491
71330
63618
64674
61250
67234
129380
127076
81219
69218
116195
73347
59938
63650
63618
71299
104579
72034
112387
72706
118339
68514
64194
68739
99235
60290
59906
75074
56737
61250
96963
80579
113987
52194
111171
51329
127076
73602
104291
78402
125988
83458
84130
62242
73346
65538
67586
66754
108579
66402
59490
61666
65762
66914
101571
71330
133605
71074
116996
63202
59746
68290
110531
64002
67426
149637
70914
60610
64418
116259
66146
63714
56322
215495
63810
68866
170821
76163
70658
66018
71747
197351
76546
109892
77858
104675
66594
69986
72322
116867
76963
112387
65602
60962
73282
163557
69474
64418
65058
56194
66115
61154
74371
111139
65890
61890
79298
68802
69666
56834
66114
126148
68291
104483
75747
64930
71234
67714
63394
103748
79298
78787
56642
119044
70210
103779
68482
207463
67491
62402
87907
76387
67458
57506
67554
66562
66498
54114
70115
57857
78819
69954
70914
55170
106691
100931
63554
56514
65795
59458
60546
94563
66434
58082
85315
59458
66114
107684
65186
59042
64002
54562
81155
63362
59938
95619
59906
101027
59905
130308
70627
111619
64322
101156
73858
62722
71523
100259
63426
54753
70914
115139
61442
88194
66658
52129
77410
104548
67522
58593
66018
48482
139524
143237
53218
102627
68322
66914
84227
123108
66498
104260
65602
84067
71426
116004
62722
96227
72194
65890
119908
72931
69954
59074
65986
58626
66050
94947
80866
191590
71426
90403
63618
54177
65666
57922
56802
103972
120740
64802
72675
93251
64738
108644
62914
59618
72578
72002
67714
150789
68707
104387
65442
64226
64610
55170
87139
57186
66402
62498
64802
55810
55138
112388
84418
114979
52226
98435
64578
133124
108643
66082
61730
64610
149989
75458
66178
71875
96739
66307
115491
71075
63394
69090
115555
67362
57121
76866
57826
65666
160261
65250
105636
72418
115812
62754
54882
59362
60098
93251
107395
81027
140517
64578
132037
70339
114019
73539
127236
67106
140900
77635
72322
64674
95107
60034
65538
61474
102051
66242
98243
73987
67266
66498
104164
51969
90563
91971
75906
54850
62210
122340
56610
79427
121124
89955
116900
51105
85666
48994
40578
42113
85026
41794
78338
52386
46593
53922
124740
57153
382508
58817
116292
72258
126820
68386
76162
67874
92323
44897
128836
52482
82594
48353
43649
43874
70499
46465
40737
96963
285545
50754
83651
51969
77890
48130
79139
71234
54241
50273
123172
54433
46306
72962
88226
59362
42529
52834
124163
59298
106051
60066
104163
43330
49730
88707
84290
104835
54274
46818
47873
100324
47841
134852
72002
55265
59842
82114
51937
105571
63330
148997
72035
69506
68419
115331
54753
51809
78179
55778
66466
119684
24097
58402
69219
122084
121220
94115
58530
88290
51073
45058
60066
82114
73442
50402
56514
116420
55202
92067
55361
82530
78467
120932
63042
60322
102627
99491
65250
88227
51234
111747
66786
96643
83970
64098
123844
102915
83490
54817
60642
68418
45441
115427
89475
82082
65218
60066
59170
51746
71330
54433
60866
115908
66786
115716
55362
55521
65442
124195
63202
66146
66114
56450
104740
142372
68066
110756
64450
63074
75234
66402
70498
99843
65858
111492
68418
61730
68931
114308
67426
126564
78339
56994
70850
58754
66274
119491
79106
63778
73794
165317
77794
69602
62146
67458
64706
58210
66402
68323
79683
126244
51842
62786
72322
137188
81250
67394
72995
58338
73603
115075
65955
107619
74114
62530
73955
116548
71618
120035
71139
127492
71170
57953
62370
56034
70979
49698
67202
106084
65986
146565
80866
116068
61058
100259
62338
102211
69538
112451
61954
109316
105315
57634
106819
65730
62146
87234
69506
67650
59778
67874
123524
67298
63970
105539
103556
62754
101028
70402
114723
62562
62562
96451
113763
77090
75907
68322
56610
77922
68994
69090
103076
65026
60130
70530
57634
73986
59329
63682
64962
62498
99715
80930
107235
66018
54850
66530
59458
65442
105412
66530
59714
63618
104323
63650
65506
80450
79555
70595
57826
104611
81058
72994
69666
137924
62114
129188
70850
89891
67362
105091
64738
96067
71362
63170
63842
62466
104195
123012
73026
118308
70946
118499
66723
70178
98212
105475
70914
107523
68483
63202
61922
104868
69506
91715
73954
100707
52225
53570
64994
94019
72834
67266
112579
63650
130852
107587
52641
54754
66530
55457
65570
58114
93059
66338
63042
58530
67874
56770
106243
63490
60162
65026
52769
65794
84899
53953
64322
109091
67234
69378
67074
62594
96483
83203
68354
65186
58945
66466
121572
78050
77794
68642
62338
71138
64770
68610
68610
64386
98659
80898
67522
62434
64354
69570
112132
66787
69954
66562
58210
62050
94755
59970
101923
53890
95875
61890
118724
106084
99588
60002
56001
59714
59170
90019
65442
68514
63714
80259
57473
61218
56130
144837
74083
121988
73634
117571
78979
134085
61506
61858
55042
97347
67906
60417
61602
49602
51778
98436
68483
105763
58497
60162
61538
148869
70370
97603
62914
92195
59650
127396
70050
122212
73954
111235
70147
103683
68898
59009
64546
144548
72066
124900
68738
111427
57442
96579
67714
120836
66978
54850
64322
49890
55298
96131
61474
64450
60546
90307
60642
54818
92931
65794
61442
55233
96547
61538
55650
62178
134756
57090
148325
66082
112004
70658
99363
59234
58882
74242
67331
58978
85443
158053
72834
98019
61890
138052
68610
126436
70338
63106
64802
86754
64418
96067
64354
113220
62242
59234
59362
95491
81987
116612
67426
51137
55362
55265
61282
159813
77283
101923
55393
117796
54338
91619
65698
153861
75938
63586
74530
118308
79587
119588
65858
69058
73219
65442
70498
113476
67010
75330
72162
119107
75779
113955
62274
59522
125316
88834
73795
120260
85347
75619
68930
62849
68898
68418
56578
94243
64034
65634
86595
70306
70914
59650
69314
64002
70178
63361
71011
55682
63202
104579
104675
172326
90595
142084
159557
73923
112291
73122
67618
65986
117187
63906
94947
68450
68451
66018
102403
60481
104291
68418
117891
65570
60641
70723
114659
66914
59618
63138
104388
65315
132548
69570
60481
108164
91491
109827
73923
67810
68802
143237
74850
120515
78147
60994
73346
55393
74850
82211
69666
61442
71682
114051
65442
115204
74146
121732
80866
69378
69442
59298
64098
124932
70178
63426
68322
110211
67266
137124
85475
66498
68098
124260
61026
126340
71171
70210
69794
60514
64674
105571
65410
61442
100868
72290
64226
64930
65538
58274
58402
100579
63970
117476
75171
121188
56354
105091
79715
67842
71330
61314
65986
59906
105123
133444
65410
65602
152612
67202
119716
73378
70914
69218
132900
66786
96323
61217
102339
72482
117412
63010
60546
77666
66978
71618
54210
65314
119460
76866
112675
66914
91939
72994
133380
71842
120100
86531
75362
62370
68002
63650
102915
65571
63714
73346
60546
103139
100036
64130
64514
66914
65218
91811
55458
67106
120676
96643
71331
60930
128516
64866
64162
107716
85443
61090
70370
65570
73090
63490
140516
107235
54177
63842
91587
72706
65762
58594
66626
108099
74979
134212
62818
99555
75906
116900
59906
65378
71618
66562
83170
71682
66690
92323
112452
89858
66147
118532
65794
107363
77090
63522
72546
53410
66754
117924
63938
123716
67554
54689
66658
55938
65538
48865
69858
55425
65218
55458
92579
126820
76098
57473
56418
92291
70018
140356
75491
114435
62946
53666
77667
64802
111876
95491
66978
119171
64418
96291
88355
79203
72354
119460
66050
64418
90531
65954
65954
104099
66882
64034
74082
57698
111620
98627
69442
97315
70402
63330
67682
52897
67394
65058
87330
128676
70850
223527
66594
59970
101347
76355
63906
64962
58081
67138
135748
76162
64738
71939
118596
72962
70242
66306
66050
64994
69250
69826
107907
65282
61506
65314
58882
65186
58210
67010
57698
62594
130660
72803
82691
70274
143237
97219
83650
79234
122212
64034
136036
76163
120740
64610
62018
67362
94755
66530
78435
91459
70754
65986
60834
67362
142244
77187
69762
63330
78114
67266
60193
71362
70498
110020
99908
122596
135268
69570
60098
78402
68931
73634
58946
70946
111076
65411
54850
64130
95619
73570
152580
62978
68770
68642
106724
104707
63810
58498
108419
67778
69890
55746
67970
67330
70050
63746
91075
69442
69251
58465
62337
197639
72450
110020
58146
147493
113475
122276
75042
119459
73026
67427
71586
56994
65698
64642
90242
65698
58561
69666
54497
79555
128292
69442
119460
62306
88195
72035
104195
59074
55745
52673
84578
80771
63330
57122
60706
68354
55298
63074
55905
64770
59330
56738
116164
109539
63970
67298
104067
97475
62338
52065
65922
59170
63874
55713
64770
52898
92515
67074
60994
53249
81315
116324
65666
126468
61410
127556
73315
106243
167941
80035
62658
53633
109315
147877
76866
68194
65762
59458
70434
64162
109635
101795
68002
59938
113507
60226
73091
142052
70371
67458
112739
65410
58594
64354
57666
62722
56994
117060
98436
87298
67587
65730
96419
66562
60802
63842
50081
64578
65058
70370
62017
97923
57633
63618
97763
78594
59042
70115
113828
54178
138820
65410
61634
105187
57057
59650
80162
61090
70722
115844
65634
120260
78722
64034
65346
106851
69346
102307
70754
119460
62146
60577
67138
141028
78114
63618
75491
235655
66242
75650
69762
119588
78147
123779
76002
73154
64642
60834
66978
123684
76802
129060
68066
117156
73570
80130
62946
119619
73507
114500
71043
101123
62690
106595
67714
121220
79074
119908
62370
61858
65090
53730
63394
82722
64898
57282
65890
58145
67106
125028
64674
105187
65922
59938
77986
68706
70850
63906
62978
68803
80002
61762
66498
53697
62178
101124
91747
99395
79299
105859
72258
55553
59362
49377
66498
100227
61922
135812
65986
114851
58114
73122
58978
120164
66050
128484
77442
106083
79138
80963
71459
64354
70082
96707
65858
486191
82914
68610
66883
57826
66818
60514
53666
58561
66082
55874
73795
61090
60098
125668
75939
121700
68642
68099
65794
98243
84963
65186
103332
61858
106243
98051
64770
59874
65826
102883
65314
63010
86307
59329
73474
102404
65603
102180
65410
95139
81091
60513
71938
98019
65410
57218
65282
55970
65954
113699
55522
53378
78755
114020
56770
126756
70882
105827
65666
108260
62594
117828
63458
96739
66050
65858
67586
63778
64162
64002
66018
98051
91138
66626
104483
103780
65666
169669
82403
57698
70850
98179
65922
64002
68610
109699
65026
60706
62530
58146
66914
95011
69506
66306
68002
97539
78755
130884
70370
98147
59138
58018
67170
53281
70754
121732
71458
86563
66946
133124
73666
107171
72034
116835
71138
61346
66370
116196
58370
103139
59554
136388
75235
115780
162245
61154
73954
113027
68867
106179
78498
111812
84130
103587
70594
121348
71043
143301
69442
68131
61218
94019
83810
66402
82691
45377
86563
46145
103556
74691
104579
76099
106307
70690
110115
57186
55266
38977
70754
72962
126820
71618
57442
144228
59458
64706
95107
43778
39233
46210
39681
76802
88995
39842
75587
43009
129156
154117
50753
34913
72514
93122
45729
97283
57186
46689
57762
42401
55009
45538
61762
46146
55778
113475
84322
102211
47617
54242
63906
58050
64770
52130
54081
139429
66402
75811
63202
43073
62658
103075
57730
57090
65474
50562
57058
107779
61826
89635
76610
112387
134116
61250
63650
119364
110563
49282
91395
168997
55106
51617
50210
46209
45409
78275
101987
59970
68290
84003
38849
35489
36066
49217
91651
107171
44162
106371
40577
82115
71875
50338
86083
77955
43681
112452
65954
143268
48130
69442
43202
96195
37217
91363
45345
54946
32033
91395
42689
73474
42145
64034
35457
47842
110724
108515
67683
75234
91075
58498
82819
41122
38113
63586
306825
47586
48513
53729
50881
81603
44097
95299
63842
46498
45090
92387
59682
104099
52322
50882
52834
104995
68450
40033
41025
69218
56002
66178
119812
53730
51201
61410
91875
53794
75906
49410
101123
69251
108835
60290
51073
62562
40994
52802
77858
44897
37921
67394
38273
44066
256136
49217
90530
55938
51586
60449
129636
52610
135236
56737
60002
57698
100611
62818
104452
116100
145892
103331
61282
62242
47393
110916
69602
114116
56450
77794
62146
109572
119203
48706
66594
105635
56866
52642
48641
40738
65570
46370
55393
48994
49665
39713
65730
96995
49570
51553
53922
49185
55266
55266
73154
53890
65090
89410
70178
118596
59938
59329
58561
98147
53057
111907
63714
124164
108132
74403
101924
71043
127204
67202
106787
67650
130436
72259
116292
66498
60386
70658
62818
59458
95459
67298
62690
64770
71843
62914
103395
104548
88259
87587
71522
69858
75203
60450
75395
114947
67842
61410
72162
132420
76642
118884
66530
60514
73282
75202
71490
66498
62626
132869
68450
70722
132164
116772
77762
77987
102275
135173
73154
125188
75298
59873
72866
120132
69122
68514
67394
67618
89282
66530
65794
63458
135044
75235
60738
73539
61026
68290
102980
77154
60546
68258
67426
66786
67010
66338
112772
66498
69858
76642
60066
69922
103907
56866
59586
67106
62946
67938
59138
69794
94691
87715
278633
68707
59970
68451
126660
79970
137892
74306
124100
125219
72003
108740
54978
122436
69187
112643
68098
104259
69506
88258
63778
53825
83971
61634
70979
63842
58178
104867
68930
66082
66306
101219
62530
59521
148389
121059
53249
55010
67778
103939
69954
60450
98211
60994
151716
71906
130116
74915
109412
67554
80354
59330
114788
76354
98275
63458
122147
95043
127652
60834
54786
87074
65922
63938
81603
96067
66370
54242
63330
127076
68450
117572
72578
144037
75234
62498
72066
111939
64578
117379
75042
62594
71746
115139
72802
110531
66722
119363
71554
62690
64194
110115
57698
96259
66978
109667
55009
103939
59810
65026
61698
96803
79362
59746
89923
100707
52098
63010
118851
108547
105859
56642
60994
84003
130788
96931
65762
65602
59458
104739
68514
136261
70370
109763
73955
100035
85507
75427
64002
73922
120676
62786
101827
74242
65122
67074
62978
63490
116804
71650
140644
75106
107332
73634
66594
70339
66402
59778
56738
64642
120547
78242
62370
68418
56258
68387
68482
71810
109060
58754
101475
77666
103235
54946
93314
64098
129828
74914
83011
125988
67202
124292
69282
84067
60898
90595
62850
153541
64610
50626
113379
98947
60098
85891
68610
71490
94275
53441
57730
68706
57666
57729
55682
62306
56962
65122
88066
75363
125156
68034
128900
62594
62882
66946
80707
60322
96867
76547
62818
67874
57602
75651
71970
68962
65602
61762
126916
67042
97091
67874
60930
97155
62754
60450
161893
121412
61122
60098
80162
116803
66754
56162
60610
95395
63682
119844
62242
58881
54145
93763
63266
115300
64258
150820
79106
104515
54434
96227
84739
107460
56514
88419
49858
100163
61282
99267
58530
57377
50530
84611
51554
121476
55490
98019
94979
694581
75971
66402
68322
103203
65794
149221
132484
72002
67970
114499
136452
58946
58658
56674
64290
57378
80226
72354
68099
57858
98403
59010
65250
57025
62050
93699
51137
86018
66146
102115
84995
60674
66402
58370
65667
85571
68098
114339
69730
66850
61986
96291
69410
68738
67810
69986
66978
63906
91043
59649
62882
57313
69154
54498
78786
137349
111812
101316
64578
66338
61058
98403
64610
57698
48930
140581
76738
61762
70690
108036
66178
57121
106756
101828
61858
69794
58626
77762
123428
64898
51873
73186
126084
67362
62690
56641
67298
62786
92642
79554
58178
56610
127908
74018
118979
73410
118820
65090
108931
74146
68291
148485
57218
55650
190214
58882
52098
93315
77026
72834
65410
80002
64706
72355
64802
70050
129540
68706
80195
75842
70659
67490
65506
57729
114404
76930
70946
56354
112932
73442
128132
60866
66370
66659
65474
77954
64866
72963
125508
61346
49250
63810
117539
62306
55106
103843
100355
59905
56802
66466
136836
65090
104548
78243
81027
51713
110596
138756
78338
58050
72770
98595
60674
105987
77122
53601
128548
94307
65858
61282
66530
80098
67042
109380
76579
106660
71714
67619
64098
70019
64610
65763
71778
125860
69954
106659
78082
114211
62978
59650
60482
117700
67394
117380
60002
67074
78051
66850
72226
59458
65474
60482
61378
134660
63650
104099
96707
100195
84579
61665
117828
63554
145604
75778
124420
61922
61634
65506
58850
81571
68226
60770
57282
77730
131524
65378
129540
54082
132996
78402
118052
66754
92867
74882
63234
63778
98435
64738
57122
62690
121700
55554
61826
84643
105315
78019
69026
56642
56034
64962
124260
77251
80642
67042
176357
65762
59714
58370
98019
68834
107876
47650
101635
63106
67426
54754
134629
68163
63010
88450
72674
71778
65282
67394
60450
61058
58274
105988
62658
93187
46561
49442
80163
62754
74530
158789
70339
71939
73730
128772
64162
60802
73698
122212
115939
66626
65186
102436
72674
61026
66626
114084
63042
110179
59394
133252
78914
80323
72706
63074
67266
105764
61377
85251
71266
110883
69666
100868
82306
67394
65794
103843
61922
102563
64930
93731
78658
149028
68578
88835
64034
133956
69603
135940
66146
66178
75394
115044
61602
56578
61217
102371
104260
65442
63586
66754
136036
68515
76418
71106
63362
68354
115683
70690
108228
71874
119203
53442
110532
96611
51490
63458
67234
55394
68290
57761
55458
103235
84067
132132
73730
110116
62274
137061
70146
105955
67138
83747
62146
108388
66754
98883
72418
105315
67362
62402
99587
69283
67618
78722
58626
89795
66306
97635
77634
82115
115204
121924
72259
74018
61122
127652
69122
118052
65570
100291
67906
70402
63362
109092
62562
100003
67010
120003
61634
89731
63490
103331
64482
84578
66690
110500
78306
55586
69794
118596
66754
57794
67170
110755
88131
130500
66434
98179
69698
59714
71682
92387
66882
65890
91523
89219
65698
98083
62370
59105
64258
86115
57314
104196
54017
113988
67522
96643
63970
118340
75586
64898
70627
65314
61474
61122
71074
60513
64994
58082
68546
57986
66050
60130
79010
61058
66626
82114
71746
59842
68514
117572
68482
54626
52001
57474
87779
105283
70146
59842
66050
103363
63490
95651
66370
95011
81666
122148
106020
105796
49954
133604
65762
64354
53409
58050
65538
97795
81538
76514
110755
56737
60322
58146
63810
63682
140453
74147
103875
76962
71170
67330
67522
67298
54753
66978
62146
156005
70915
121028
69506
123652
78595
123044
63650
98915
64834
131397
71331
103459
76867
115812
71682
117924
62242
97795
75523
147557
60162
93059
66594
126404
71138
57026
65026
55970
57666
125156
58946
61794
105443
86179
275592
53986
52610
66690
101283
53282
96003
64802
102372
79298
61826
71779
104355
60290
53697
64994
97571
54818
61058
80963
74754
66242
134308
61058
54881
62690
91203
65090
57858
167237
104388
86402
124196
64226
65890
63650
62178
63650
102179
65762
151396
71746
64802
63266
115172
62082
96291
84803
94243
68610
53634
63234
129508
71587
108451
69634
106340
74978
101475
80291
106403
65378
75970
65602
55906
53057
83107
56226
56866
82370
66594
56321
90787
60226
104899
138596
61634
127140
65794
114275
75875
103140
78978
112004
72514
157413
62626
68642
110724
49570
96131
79906
69570
58306
97347
64738
58306
73507
112804
61058
104419
55841
129668
80322
130980
56961
127748
79330
105155
64930
62594
66786
62754
71330
92067
65570
57890
89250
69890
60930
75107
126372
67394
65314
61634
57314
65474
56322
58465
96355
58306
142052
72994
131076
90659
134853
83779
136901
79970
67874
67458
60066
72194
103395
81411
101763
66019
67747
70915
100963
66338
75203
115428
85603
118851
75555
80003
67106
59970
72450
70594
67266
66850
68226
54914
73378
120708
66114
153892
67714
102531
114147
85090
42369
117476
61954
101347
61794
98563
67554
60130
55714
99523
69026
63586
56578
52193
46209
82178
44705
51042
138724
73955
71587
47554
49634
41953
48225
138373
54306
96323
61250
100579
59394
83746
44578
111364
52770
59074
47137
70659
69410
112964
52482
88994
45153
40257
69186
45313
49249
103011
39841
37761
40929
64514
41633
73314
32897
330026
68802
90467
39201
43746
126628
51586
48738
40321
35873
37985
130180
54882
51106
40482
78242
41185
70818
79747
115427
42785
105380
47362
112676
81187
67010
63586
62498
41314
111939
40130
39169
38210
56258
37473
64034
35809
41602
40577
41825
71778
108227
58626
82274
48577
33761
41921
65699
38273
63266
37953
2381898
50242
50210
43937
47137
66434
104035
83555
45346
33825
65282
80034
104803
41762
32449
81762
91907
37441
31201
32033
27969
53154
32641
100995
32417
32609
32993
150565
49249
45602
29217
32577
34049
29665
76130
90499
34721
122948
32993
29153
137413
49858
69570
37569
54978
63618
34465
55906
34977
30625
28512
58209
102244
111396
66882
98595
150436
130404
62786
135653
90755
128644
68354
144420
89923
116548
51586
114404
65378
61601
64226
175269
64354
96803
89347
116036
101219
122692
70722
101827
69538
57538
66435
105924
64930
59106
92675
114852
61761
59682
62978
135268
110884
54466
59554
223655
125252
89283
66338
152548
106308
72387
57058
79651
120996
76322
95139
78242
132164
65538
67010
62018
56737
141956
127108
66402
58082
68962
106147
66306
64354
62754
93827
60482
48161
64066
59426
94051
76194
70274
65378
109924
100771
238920
122499
86882
54721
64770
67106
395276
138533
76227
59105
66338
65634
216999
122180
111396
109539
64514
55874
69091
56642
65954
57762
230983
125348
125124
103044
74787
113444
71234
118052
226887
128196
13504
67074
70498
104643
66882
65410
150372
96483
136356
78914
128452
68578
69346
52834
92803
51842
48417
77442
84835
73090
63746
133828
55169
53986
66114
107075
53665
88899
52482
53537
64610
110084
58017
89027
52866
75586
62306
68962
70403
64482
60578
83362
67298
53762
61538
192870
55873
52834
53218
126628
62274
66338
48546
75075
55874
145189
68738
108547
59970
86307
56225
76003
76066
84547
73474
52033
60833
86499
45602
102755
62754
136740
82019
73155
60162
118724
59042
93699
54657
74690
68738
60034
63586
52769
70434
121636
64098
104420
66178
65986
51585
138212
63714
100291
71042
94403
64930
100643
74050
61282
62306
99491
72962
59841
55938
92035
49857
53570
45025
52673
49474
52481
57730
118147
63618
113540
52834
91875
52609
73218
75298
65122
67618
65282
83971
107459
82115
90147
79906
117539
14784
112132
109891
101603
101636
98019
75747
241095
123364
109027
56065
140708
176582
116035
129220
125316
118083
150213
102115
121476
98467
128356
162085
124164
149796
124388
122404
121860
139652
115524
133509
117923
132804
114371
130660
148933
138916
119844
134340
117667
135844
115363
122788
116228
132868
98051
66626
110371
45281
43009
58946
64546
70594
119268
50690
69122
39745
81667
37249
64642
39681
69250
35521
36001
37986
40578
39810
35937
35585
34625
36769
64226
71554
98051
92931
40001
83171
43074
108739
61186
103843
60418
97731
63458
58978
41441
69314
65090
54882
47425
109764
42210
171110
58466
42209
66722
42753
43425
81155
41089
34657
40993
71843
249000
37025
38753
63906
38337
39457
60386
48641
46306
99075
36418
115747
55137
98435
49473
88130
85987
69442
117283
45985
49634
53825
106563
57058
59362
84675
50401
49570
51457
77187
41697
76834
47361
69378
362539
120228
130500
96707
129060
48225
59297
87971
41377
69762
111331
54529
127172
37217
44674
46721
42689
45858
45122
41761
106884
41665
60706
48961
41761
46530
34497
60994
52194
37441
48321
74626
54882
45922
46210
69251
52385
40577
43618
34529
52578
116323
51842
55010
56641
103044
59106
66530
49282
50593
95074
45729
76962
78946
106179
65954
101187
57185
64610
72258
75170
60065
48482
89955
44513
41537
44257
79395
57378
136420
54242
48129
55426
81379
323018
69250
61730
112644
62082
123460
64066
92355
62146
106179
61890
68770
84483
58338
102915
52578
110436
49569
110756
64674
46689
47617
89987
51074
65858
53634
82979
74306
212455
99587
56354
121284
54818
208135
47649
110308
63138
117284
117924
103748
61506
110948
73539
68098
87683
62626
74050
66754
68034
102403
56322
57377
70082
118436
68962
59362
61826
122436
74019
117603
77346
77955
70530
64418
65314
121219
118692
63522
59778
121124
68802
67682
58434
55842
64866
66114
65314
60418
56258
107267
70434
74882
71106
115523
64290
59554
70178
217511
67554
60290
67682
101859
63074
58786
65506
66466
58178
97315
108355
66786
76482
75778
58721
65186
114404
78018
61826
115396
141701
67746
119044
60993
61314
56866
133700
82402
62306
69410
65410
61954
59554
59970
55330
72963
117059
66466
66242
72162
113379
66082
57794
66434
113284
66754
57409
66498
108548
67906
129412
74179
83971
75171
64194
64162
84099
68066
65602
69890
65122
67970
57761
72707
126884
68195
98851
80258
67683
67042
132132
62850
131044
79683
64066
74114
120900
73538
58050
72002
59234
60162
56034
72354
108515
59138
62658
70178
120292
64546
125476
68098
59554
70178
59010
65058
58754
99811
71842
59586
72002
69026
63010
108579
58402
65442
61762
112388
75266
59489
69090
96227
68514
112419
71970
123587
69762
62210
66082
56770
64898
62530
121603
67011
127716
70402
144805
68546
58817
68066
104675
56034
104996
55618
96323
61762
58177
69571
114851
64770
53058
130405
71010
100451
64066
58754
54562
58722
69090
107779
69634
102563
67426
126756
64162
67874
76067
63938
102595
110468
64418
132868
70722
113156
63137
101027
63906
68386
71330
55682
66018
116163
74659
112483
68034
79619
63650
90339
71362
121412
60258
101987
72547
62562
91170
105411
51521
104259
60097
112963
81378
61570
67810
75074
65186
57186
66242
61794
65058
100003
63394
102211
69187
129604
72642
86627
66274
57314
105283
73443
114084
60226
61154
66050
138052
71330
114180
61378
66594
69987
54050
62818
53186
62530
99715
63202
102467
66242
111268
70818
106371
63394
65347
61506
92579
71522
62306
59810
75426
68546
120867
66530
63970
71683
114148
62050
57762
55938
53858
61442
60417
70242
58337
63938
121348
63554
112932
70915
106020
82018
100099
65602
89315
62466
60834
103107
69154
98915
53217
61250
66114
83266
61730
110659
93187
63906
131589
70787
117796
61634
56482
63586
54817
66850
112675
58753
58081
142916
56097
110275
64002
335243
68610
57154
55650
105251
56353
134532
59682
107683
77827
68322
70050
127492
71746
133476
62882
68643
62818
85474
119556
134852
103843
78754
61537
61250
104771
60130
61858
86467
130020
53570
103555
87010
57922
63938
92067
114275
72451
71650
68610
86691
66499
79362
68034
107587
74723
103107
76802
61186
63298
87523
68610
84259
71458
64738
71427
57922
61890
58850
69890
109700
105988
68066
119683
70818
77091
117828
70178
110276
64034
65826
57634
101348
67010
114339
60322
109635
65570
129796
72259
113892
62306
97475
73986
110595
62081
109060
57889
61250
65122
85987
71971
124259
68194
99651
55490
56513
58754
138373
71747
96323
63394
65122
58050
130468
76866
66850
55169
57762
58530
60130
66978
104931
71170
93347
67042
64706
59970
98787
67554
109827
57058
59362
77283
68162
119108
63906
85538
74883
117412
70978
68706
63362
137285
63074
111523
72994
120452
69058
66178
77506
59458
64834
70818
69506
58594
71714
109763
66114
65154
68642
99555
64002
57250
62082
56674
65218
53058
107267
58786
125060
78659
81155
68962
118148
57794
96867
59746
115939
73731
66082
66754
119588
69122
129028
69442
60322
65730
58946
81026
60962
62082
51329
66274
48610
65090
100803
65538
115267
68002
98500
77122
113603
62114
121635
59298
53889
53697
58850
67042
51330
103459
101571
64610
58562
64770
55970
79842
104323
66914
94531
63202
66018
76034
113379
53506
110275
64034
56130
64866
83587
58018
82018
72035
94243
59682
57954
75747
112740
67810
58433
64802
135524
100291
67906
74115
81123
69443
70818
118404
61826
66146
90595
77731
56353
70594
57186
65282
59714
66178
110691
57889
103556
63266
53730
65442
104067
59426
96771
59970
95491
100003
70530
110148
128132
65634
59458
56098
76995
51490
64770
101155
58850
95555
65346
107780
142853
64354
132292
66722
135300
76771
119843
67746
117795
61762
60418
65634
56737
70754
106308
62882
58305
62530
58594
68514
104515
57345
113155
80899
114372
79618
114531
73474
108291
65282
58817
61826
112836
74819
94787
72002
111908
62946
58146
77090
114403
59234
128740
65730
56162
62786
54177
93571
52450
58786
67298
88547
73922
63202
73762
56386
73634
105059
64674
58050
144644
69794
67810
126084
72546
135877
64930
58210
55394
122116
70786
106596
81379
62402
56577
107075
124996
105795
53506
107459
74114
69794
64354
51361
55105
118980
81506
136100
69987
64066
69794
49474
62786
49249
69314
95011
64322
92739
64866
62210
62914
51330
52866
91491
50082
108803
63714
64930
62850
85891
72738
60226
67266
82659
110756
101155
67010
80291
72963
124323
49218
60066
80451
65922
72226
133700
59042
55618
66146
128068
113092
56610
54529
95907
66434
56482
61314
132356
75650
105284
67011
149221
69027
121028
64610
64962
72610
62562
63137
55105
59745
94371
98979
63362
59170
62242
66242
65282
51746
79266
100900
62722
58402
65346
48930
64258
92130
69570
118084
68706
68642
66402
123492
64770
95267
74338
105923
62786
98435
65826
115236
61730
68034
67714
64066
60769
93667
63202
100483
69219
108036
58945
96099
65282
102947
65826
51618
133444
77890
77154
62402
128708
70210
107907
130980
65794
102979
64898
75906
71811
60066
68130
110691
68642
88355
81571
59138
72738
65378
118532
72674
136612
146309
100835
63842
98083
51138
58882
69538
54786
70434
59106
77634
110211
53442
72994
66658
124932
69699
114500
51810
101091
63298
128324
76291
101571
66722
58914
71394
62946
65762
103491
56354
92419
67970
104900
61601
69667
58242
123460
82914
65123
74914
58786
65922
59394
66754
108100
73634
110820
66658
96483
74402
137253
69378
92803
124868
66018
103651
72834
85443
68610
72834
131364
63458
105091
64674
64418
71939
117028
76259
66562
70467
97859
53825
59906
63874
59682
75458
121028
66467
107587
66722
57505
79170
60802
63522
87011
66658
65986
63074
107300
66914
87779
71010
62882
58306
144773
73058
76643
60994
53154
76418
64386
74914
136132
70594
135012
69090
67074
68674
129092
66434
103075
63266
106115
75523
105155
63362
69154
68898
116996
65506
60353
64162
51842
67075
107587
60354
87842
103907
96195
54530
58466
67074
64834
63426
97315
53954
86146
78531
140805
68451
86882
64034
54881
62626
87202
55426
127108
82019
78818
71330
71522
64738
86691
63202
59330
60642
127012
67810
104900
71202
109603
62914
60162
60482
98723
70114
112708
51873
66082
63394
56705
72323
112963
63394
67395
65378
63618
56129
90019
51073
98787
63234
107908
61314
102435
62626
64066
66658
135364
70882
112740
115971
101667
65506
54561
62882
106276
60418
66658
77731
130788
68706
64098
65698
50978
66434
65474
65058
61314
103844
59714
93891
73058
114147
63042
63490
65314
53634
66370
131716
57890
35681
34529
30497
28545
68738
66178
71554
113828
67426
57698
61602
133349
71970
62786
90243
115747
77794
69634
52802
118499
54817
44482
70530
130564
59138
135108
60226
64162
67778
68258
58466
101731
63714
87587
75331
60834
87683
96515
58626
58881
64898
76802
130116
84675
63234
78275
67042
63074
97443
77410
115780
64674
66626
64930
68546
63554
99811
77059
116484
62146
53153
64034
101123
58722
65058
73378
110212
63266
107236
73602
94498
80770
117924
70018
108995
61378
98723
61282
95715
68642
63650
66818
60834
68354
104355
65602
129156
69986
100836
79330
65762
74691
116004
71554
74114
68610
65122
64867
60546
72483
59170
65730
59778
63938
107556
81730
108356
59394
79458
65506
115108
73314
60514
65282
103683
64482
112707
71746
117731
63074
97603
71394
72386
67810
58561
61538
119172
70818
112387
54306
92515
59906
58274
55618
56738
76450
103779
65890
59778
64386
49666
60866
95299
99011
72674
106148
66722
73954
76003
63330
74594
121380
74050
122788
68642
61026
63970
106627
74787
109507
63170
60418
65122
64354
59649
61442
61634
110659
62082
56994
57185
97123
78402
115171
61122
58370
52705
96931
64258
60066
58369
58178
98595
92098
66594
134500
65506
58306
74627
107364
53090
85475
63586
123588
74050
63810
71619
65762
79458
59361
60546
137924
71587
64930
67426
68930
60194
66883
68738
111908
66402
64098
63266
102915
57986
61026
71618
104708
104035
90403
67938
109731
65122
71970
69314
48354
60130
109220
71490
57378
61378
110531
69666
100195
74051
58498
68258
114019
67586
67746
78627
61890
57569
56417
66274
74179
77283
84387
62722
123172
67746
69571
61410
120868
66562
69123
67586
129380
73923
100803
77059
54978
74242
74850
62242
60514
73570
115460
65058
57410
53282
115779
72130
129700
72322
119171
56482
60290
65090
112932
65027
61474
69762
56674
72002
57793
67490
171557
66306
60482
132004
132100
65090
68546
71907
62114
72994
60002
70083
54562
109092
130916
75138
118628
138533
64482
133253
72802
117091
72098
153893
67970
57441
63330
113411
66242
57921
66594
99779
55553
132420
72067
112996
71618
57921
59906
95459
61698
108035
63490
116035
77859
115427
61986
130308
65026
113668
71874
154533
73090
59906
70595
91875
58338
129508
65186
137092
64034
104899
72291
91971
56450
107972
68802
128964
64418
86434
72386
115844
76930
69154
112292
90755
100643
80802
63650
72194
64770
61314
101251
68771
114275
58850
126756
62337
99395
70402
117027
62242
64738
61410
59394
61410
63842
49377
134980
75362
108164
63266
62594
120291
81890
68834
72451
82211
64226
60610
64834
57922
73122
63394
147749
91107
67842
131460
78243
77763
73378
76835
62082
60898
64802
147525
71714
78338
66242
64706
73155
97923
63618
102531
68770
60450
65954
135716
76802
77186
64802
119588
61954
108643
57378
101923
64706
66466
65762
60130
64642
150757
76866
115620
70146
65282
69859
57826
61090
55682
64802
116163
58914
58146
66370
56162
66562
111364
58081
100483
61282
55745
104675
91555
61506
123492
67554
61666
143397
77827
120036
75906
67394
71938
59522
125604
68770
134756
66018
133957
66498
114563
52577
101635
106212
65891
60066
120964
63266
101539
73027
103652
55746
60418
63010
101700
77635
64226
62274
99491
65474
531377
72514
116164
58370
64354
70338
56898
77379
112260
59522
56482
65314
121540
63234
100739
131940
102851
88995
81218
129764
57698
63138
80066
126788
71906
65346
66402
54625
73762
57090
72546
60385
68194
96099
66242
65154
80610
60418
71554
90179
64162
58594
65314
107140
61250
96483
55010
134820
76994
114755
72674
65794
70242
103363
63362
60482
66562
58977
66371
57890
65282
94115
61506
88131
60226
79363
60258
121923
90851
63138
68706
62306
67810
56866
86754
109380
70594
97475
61762
139461
63810
107747
73346
83298
72354
116772
63650
66082
64386
102755
52930
132996
71394
116484
63810
99779
65922
53505
56801
103139
65090
107844
97187
137508
60834
54242
54466
101731
66050
103011
69986
59169
67714
49633
97603
123908
70850
64738
79298
100547
71778
103651
64034
75523
75843
59106
70274
55649
61698
101091
80227
58945
68674
89891
67010
64418
61538
180357
66531
141956
73346
111139
75298
94179
63202
99588
66882
62434
72482
70274
71778
58850
64802
86755
71714
114980
75971
116579
63074
102724
78498
103523
72514
119011
61634
65538
79331
60546
67970
96611
65987
128868
74018
126980
63554
54113
63298
131940
70178
115459
71938
66594
69250
121860
62946
116899
72258
61634
64258
104547
80419
65634
65506
55970
61218
92834
53377
113028
65666
98627
96739
60834
151205
62946
89603
78403
56865
65058
93091
61506
58082
65666
103779
61601
98435
55041
118947
51521
103203
52129
91683
64610
64482
105092
135300
67042
99427
62658
148388
62210
112100
60706
88322
87363
104771
68930
53409
50657
57634
64322
50082
67266
84898
64450
105091
95459
65090
66498
85667
58178
57890
100579
50529
61858
63906
99811
62754
147013
72098
111811
70978
113507
61858
58178
99620
60386
95043
88003
107300
70146
98723
61250
94979
63842
95043
69667
87491
62690
95395
89539
68931
51329
97635
63458
51522
73571
125604
66850
94147
61314
121060
108835
60802
66018
100035
58882
91939
101859
141380
61186
61250
61954
64770
56578
164709
81634
71587
86595
159301
64898
58946
62466
86723
69890
59138
66146
62210
65730
235111
63554
107875
64482
110052
70659
108355
64610
104579
61858
69282
91075
59650
94019
136484
110851
130372
72610
83394
72162
174437
108259
69091
162661
76067
66723
71875
111684
74786
60450
124484
112868
70402
64706
64226
104292
81730
134884
67362
67650
65922
127972
71299
101219
70530
112708
65474
59074
105123
49058
138052
64834
105348
56289
60097
67042
107299
71170
105924
55458
160805
146180
120419
52066
57025
89986
128612
67362
52674
64066
64354
62338
145349
72515
107235
56546
70786
63554
118692
74978
110820
69538
108388
68290
65922
107363
55682
62050
93603
98371
83139
106179
65858
103779
62818
54273
61025
101828
59042
62498
95011
59745
64834
83203
62946
69826
95043
60834
55330
65090
129924
152964
72611
63297
61218
61410
104867
78851
64578
74786
139044
70530
112547
73442
102660
88706
88739
76418
65026
117284
64002
56866
65538
53377
65762
56994
62786
54722
74818
59842
68258
120163
64706
108579
65442
65698
72002
109827
57058
99011
65858
97411
105124
91363
65762
106340
73570
114435
65571
102883
58849
117571
81378
139396
76002
57634
70690
57666
64130
124356
65218
61186
78178
57345
67266
97635
65890
58850
66242
61282
68034
97572
61090
57410
65474
56161
81219
58754
65058
60962
63202
107876
61666
130373
79458
57377
74499
61250
70754
53730
65411
119588
72098
126692
67938
54210
72866
118180
63426
57922
65570
112644
73858
96355
64002
100260
72387
126052
67522
69026
63970
60674
64258
116003
64834
61666
60130
98787
119780
79554
71330
75202
65186
64514
126532
72610
100739
62754
94563
50593
102371
72194
120964
62882
287401
66274
60514
65826
105283
73091
104708
62626
98851
55682
117412
70242
127492
66498
117252
67330
53986
64034
49410
62146
61857
99555
58082
113924
72130
65794
98851
59458
90019
46658
98371
43777
36417
144868
84291
68898
65698
59106
111363
105955
53025
56130
64578
70434
70914
145381
64322
109796
59362
122500
65186
129636
60482
111972
72386
66082
66563
65570
67970
114436
56130
111875
66466
113027
52258
73251
69762
67330
104195
57474
111171
67970
76994
47842
88803
78723
85218
44450
48674
44833
44417
34881
41761
45825
43361
66562
215687
84771
71042
68386
95267
49409
66434
46209
48033
47266
101027
70691
49410
53186
41890
47681
47361
69794
44610
80643
49697
102659
42689
75106
65122
39394
132324
50785
108419
56034
82851
42786
134212
72098
67842
50690
46434
105635
72163
84899
47074
41953
39009
112835
65122
99428
74946
56546
48546
45953
44673
70402
45442
112451
49634
75202
41985
69827
49153
51617
70978
67106
65186
93091
59714
58690
54978
108452
65250
107267
51874
84163
49121
48642
50210
91747
73922
60514
61314
49633
52961
120675
62242
60577
47137
117571
55042
89955
42785
123332
76610
112356
69218
112611
70530
104164
51458
90274
78115
129764
59586
48450
76579
116420
62977
57378
57122
54050
52993
117796
67842
90723
69538
115876
64962
129636
62498
106179
102467
63202
66850
111716
78275
136132
73026
115012
76642
101827
56130
58914
59458
50017
62113
52898
49505
50338
63938
138149
54210
100675
83490
61282
52386
88930
59202
57762
55458
146180
80291
118851
77411
109796
65058
128964
70786
108291
62657
101059
62594
60866
62658
100836
51841
105988
110243
133412
54817
95106
90723
64642
105443
62050
91811
95907
66498
68642
95619
64674
60161
61570
98915
63362
60290
55330
53346
54402
57698
49474
153221
79939
93891
70370
110819
76675
110979
65026
70082
68098
119108
64162
120100
73635
72002
70082
149541
54593
100803
73155
116740
57250
87011
69282
119876
74114
123588
71170
58113
60994
48706
79075
123908
68739
66882
68611
78978
69314
61154
81571
105380
69570
102595
63234
65122
65122
130501
67810
85890
75426
64354
74754
98307
62914
103171
59938
63874
65314
98499
107139
114499
57986
56098
78147
113475
47778
99843
65986
61250
55554
92675
65218
56642
68130
110371
69186
157060
69474
147973
78402
66434
69698
115460
66082
88547
68130
102948
73922
58146
67682
78882
67266
65186
72706
116067
56770
129924
61762
104099
63521
124483
70050
91170
65538
99523
72355
111779
64738
95875
60225
143557
70306
163621
66338
65826
68706
66210
71491
96131
64898
118884
78530
66946
70978
120515
78498
61666
70338
120867
128868
83203
67010
58370
73538
132260
68290
129188
68162
107939
65058
93411
52866
101411
79138
72930
63234
99012
60354
136356
68738
116772
64994
99203
75106
110595
61442
126340
56546
102627
68770
115268
51234
104868
64194
100835
70082
105827
64386
68995
163525
64610
116164
67650
59586
66786
85507
109635
134212
69794
96803
62594
100323
61090
96355
101988
74819
64098
63586
104995
74530
109635
66018
60866
85026
130276
68866
112163
59585
75522
53537
60578
76611
74339
73923
57442
69763
108387
65667
54241
60802
90627
66370
96739
65795
57858
72066
116420
65186
128740
57506
121636
76194
105507
71202
114564
67330
78339
68386
121188
66466
60546
76771
66690
66402
55234
50114
98340
64098
118116
72354
62658
71394
56609
63458
91907
68770
56098
63682
102883
64994
56642
61442
72450
69090
60961
69410
121572
63554
142500
60930
120580
70370
114020
52513
68066
97635
70370
112228
71362
68642
68482
60482
64834
97027
71810
113283
58594
101827
61602
77154
63618
58817
68962
67170
112163
61026
85411
70210
80515
65250
72963
114244
65570
57570
73218
69890
74402
59266
65634
119364
74530
118276
69731
107972
64802
59906
115907
70370
117220
69634
66082
69186
59138
67842
86946
72194
103107
58978
64322
105635
94531
69282
102819
66754
132324
80195
69698
62049
103139
65506
64706
60962
60226
65218
102243
71938
60098
72226
104707
63202
108803
56961
64898
56034
112835
60833
114596
51522
100195
62242
53953
65378
61026
67618
58370
73251
58498
70786
108132
91779
97603
67746
93730
68610
68835
73666
55297
54433
52994
70498
115684
52930
84163
55170
100707
62530
125156
65314
63170
146788
132548
65602
61698
67586
60450
72610
80738
53154
104227
64770
63586
67042
103299
60481
102083
80834
77282
151973
67810
62498
104227
110627
138437
75490
115971
62754
133156
66978
114468
65698
71810
64898
111555
78019
61826
58274
119428
75107
67970
69250
65730
60322
55073
104515
98467
52417
55394
65122
126564
75490
55714
68355
58274
52642
121828
76963
64642
68739
58274
128932
113571
63874
121988
80738
71266
60866
76099
66434
55490
73187
66818
64098
64834
69570
113283
109508
62594
53698
100259
105027
56322
152709
75106
109252
60642
130148
73186
106948
59234
75650
57250
108259
74562
137188
70050
66210
66050
101923
65186
101347
64610
58370
103779
90274
64898
54210
74082
104995
56482
67682
64162
112131
53281
52770
66242
110883
70018
54786
71747
56001
70274
109411
67522
118820
65026
152677
73122
66658
70338
107139
71874
63842
69826
67011
65410
133604
66050
101539
73186
106723
65538
84451
62786
118595
64354
66210
62850
64962
70563
115076
62850
85955
56993
60706
69666
74403
96931
59074
70019
114947
55458
60578
65890
65378
58050
55938
66498
64066
69954
115588
63682
67394
68322
128516
115876
125476
75234
100452
76034
121540
68514
147973
68034
125188
80610
110500
67618
61026
61506
131012
74915
121284
99972
66306
71842
144901
57858
116707
64034
55298
54242
46145
47106
41217
38209
64642
39393
111620
119075
76706
80547
134245
87907
94915
42242
45026
43137
123172
68738
69634
104099
78370
125124
58593
123364
68706
150500
77314
78754
57665
103939
80451
67778
66818
99747
76514
135524
61313
65890
68322
55554
72258
114084
66210
62818
67202
65602
71042
110052
70018
154596
65218
60578
75170
115171
59810
114211
58594
70946
63170
63074
71939
59393
58914
56129
65762
66338
157861
77186
67138
104996
139364
74690
65154
63138
136420
71043
108292
78018
81538
68706
138404
66498
106467
66882
60002
71906
65826
68226
68482
63906
53218
66786
104195
74146
110788
65858
59298
60098
115843
79875
81571
59842
60994
70562
115171
73571
104644
60002
115524
74338
78307
71331
113955
64898
55777
65634
114148
60258
62017
69026
68258
109924
63490
130244
69058
111011
70242
66690
63714
108516
65922
65762
65986
112196
58690
77506
74498
110596
79554
116195
62658
58018
73538
58690
73475
121412
72098
116580
69986
63522
67938
49570
62210
114723
65794
90083
65058
112964
71810
67842
72610
74498
133316
78882
82562
67970
58466
65730
56322
77315
103396
68866
59906
71746
124099
71331
70498
66050
60161
69378
120772
66370
147300
65410
106660
68930
117379
108899
61634
65890
64482
65506
122916
103236
58370
84707
86947
117540
76963
69858
66402
59586
65058
68418
70371
125444
63874
130564
58850
111012
59746
92003
66466
113731
97507
61858
133220
63970
113188
63522
95587
132484
125636
64642
107235
88451
122980
74498
60514
66754
55554
74883
120644
69122
57794
61730
126436
77346
63682
68066
114884
79202
104099
76418
118819
66019
125283
94275
55457
63586
115523
75427
63874
74755
122244
65730
118308
75266
64418
69091
110180
74210
64034
61538
66978
78690
63906
72066
209447
67202
65218
67235
57025
65058
59042
77635
50754
69954
65826
74818
72162
68418
60546
66690
117220
55521
100195
68578
66754
71714
68482
72610
106436
65378
63265
64354
99075
75202
100259
56418
111843
49634
48001
62498
48353
51970
126756
109604
55937
93123
59234
59106
78754
66210
40321
38625
41153
71139
39521
42786
37185
111395
53762
101379
32865
41089
41409
41282
64674
96931
35489
95811
118692
55266
50401
88131
56225
84130
53282
77538
37217
40641
36641
36289
62466
27905
100547
52257
52770
41889
69346
62466
51234
43138
39841
39201
94883
36961
32993
62050
41025
44161
36929
54465
59138
30913
37409
54338
31265
64738
36545
84450
36353
30209
68610
101411
44353
35969
36353
36001
58210
69986
35745
57282
59426
32897
167301
66210
43362
43842
35521
36994
94307
37665
36033
36961
52673
32897
31105
35649
31329
34529
35073
69314
53282
56450
47521
39073
108931
70274
122948
66243
61282
61698
74818
31873
115652
48034
47586
305993
74882
50466
101955
51297
104292
44834
51970
38145
39169
36737
32097
36609
59586
75906
65474
114595
49025
46370
45858
45665
63522
48001
43105
41025
45826
98851
32865
42305
34817
30369
117443
35745
70882
114212
55586
73442
127204
64034
129956
46945
96771
47554
76547
38785
74978
70242
119076
53473
99683
49442
49058
46722
43074
47873
104867
74466
51810
45602
47585
51297
81250
48738
46657
51458
48097
74050
53217
58594
42273
51394
43362
69378
73794
49025
79074
52546
41057
116036
58850
54434
44002
128132
60962
105859
53410
106980
59138
97603
65827
98627
68514
91491
124227
126820
82626
46530
109860
44513
129924
60866
138724
59202
86371
48641
114852
72898
104611
77347
124964
57217
93763
52929
108963
121764
65602
67394
72483
98243
48801
109988
60770
105475
67714
56034
71874
62946
62210
89187
67170
92259
66018
86083
60962
113859
76994
61826
74883
149381
67586
140389
55746
53601
70818
48577
62114
102019
64418
53761
60161
70210
109571
44418
50722
80899
102115
66018
102659
65058
79682
60930
68386
62498
95043
75810
63362
62594
103684
64642
95811
67906
95555
60578
97379
68002
99363
62882
58114
53698
64611
100803
49473
108003
76995
117796
74531
113700
51297
137636
72963
111908
76386
116739
54817
95907
74402
71426
57506
98403
58882
112739
60930
85027
64962
64930
53057
100227
62434
93379
61442
145221
66082
111299
68163
149669
71010
107715
69123
105283
76322
72930
70978
67299
72002
100963
63522
63874
98691
108868
67106
60194
55425
106308
64514
142532
72290
105571
78211
113988
62306
75298
70082
118212
75234
62146
64834
109667
68867
106435
71331
117667
62210
72898
58050
106467
75331
68514
70243
69442
65346
113763
71426
96963
64706
58722
67106
62658
64610
105923
61858
78467
75298
115940
59810
62466
66274
121412
71234
105412
68706
64514
73474
113827
53890
99203
92035
100740
64450
103267
60738
59809
68706
97092
61730
87202
96963
71202
60097
57889
65283
82498
73059
107011
70882
105731
69954
173798
54561
134116
77058
117060
65282
94467
72098
140004
62914
97411
60546
75107
68770
75554
75298
63682
55106
104643
65346
102179
59938
125124
68738
118436
80258
71362
74083
95587
76739
68162
72098
59265
65602
102916
70851
59426
65442
93443
70690
57506
64578
103460
62434
92035
81923
62914
60706
57474
65410
107491
61474
104611
59714
61218
62626
148901
72514
116996
72194
62690
110147
51842
95971
95075
64034
144389
74947
76227
68387
97891
71810
61858
59138
100579
69762
118339
62466
105604
100483
100515
61442
94275
103427
117731
59906
49154
65794
58306
61153
94563
70690
151237
75618
108196
54434
120707
59042
51586
85571
129828
61954
96771
62210
102595
84547
62402
62370
60674
139012
73507
103620
64802
131140
78370
97219
66498
60898
64066
105603
67842
128036
63490
92707
60770
132068
69634
115236
77058
120227
67074
97443
142500
312074
97475
67490
97347
76515
185925
70466
138436
108676
109507
145413
122564
64674
136389
65570
128740
104388
107683
65122
119716
51233
56226
90467
114947
59618
123204
52930
66306
82275
122468
82915
119140
75330
111299
78723
56450
72738
58818
71554
61441
74051
59489
65922
133284
75586
73955
64611
129732
68355
70530
58785
104099
73570
60257
100227
118340
67074
102500
108259
65282
72226
69538
58498
51586
56834
69058
55650
106307
63778
111652
75202
61730
69250
95235
61474
51457
95107
76419
116483
71138
102051
66946
114372
79267
59714
72003
51650
64098
102755
71171
83650
61506
96899
104419
95043
66242
104932
72770
70851
69666
62594
58305
106659
72866
133380
62658
17217
97091
57985
96003
69090
68610
70850
119588
70723
104931
63586
60193
64995
100259
101955
63426
101731
99075
61282
58497
61090
101315
62818
94915
93763
63362
67010
120612
67298
58786
69794
65570
56930
147653
68546
116004
71170
117091
70722
103651
63074
93923
84483
135780
66562
61378
64898
79618
68066
63906
66242
136773
56034
104739
67202
93699
73346
76322
76642
68995
72067
63394
102692
95747
94435
64034
62274
67810
63906
86531
126628
71106
92963
68514
80643
73218
62946
67523
112291
75235
66018
71938
58338
63458
68866
61378
97891
65218
94851
76258
124484
109891
61441
113219
79523
114980
70530
58178
59842
100579
69474
147428
61954
60642
104259
68482
104259
175205
77635
61474
71074
102627
61826
106947
78242
124196
51618
93410
63874
57666
73858
118884
62018
58177
65474
49217
66882
50306
65730
52834
103619
52226
79554
68706
143077
73250
80611
71427
140964
72066
99683
61634
94531
65410
61858
67043
108291
71523
67746
63810
108516
65698
99747
65378
64450
67618
100035
60834
106115
65954
106564
65186
64514
50017
97732
64738
94883
103236
60674
67266
58274
63202
103651
59810
104003
62402
82882
93155
81699
61858
152357
69442
61953
61090
98371
65122
103427
97379
114372
66050
95683
152741
133444
71170
67170
68642
122084
75395
110980
75939
107427
73411
62466
69058
113539
133924
69123
109411
64994
102371
65474
145285
68963
118563
73922
71938
66818
68642
71907
71714
66658
101475
52290
65634
63074
58913
64514
132068
75778
62370
66850
90147
93987
70722
116227
103107
103459
70434
61922
60706
59170
59490
57698
69986
103811
65666
66946
56770
78947
78466
54529
71618
106052
76611
116963
57122
97187
57634
62210
73859
72258
65474
67362
62082
114884
68866
113988
70850
65026
70626
60738
63458
118596
53057
57634
64898
88515
65538
76355
74755
67682
63138
91459
60802
94115
135044
96675
123939
75619
64194
70914
110115
61122
95619
68322
95171
74306
64194
54754
56226
66562
98307
64290
62786
88355
63522
69826
57058
53697
122724
71682
125380
74083
113156
65378
60514
92995
65186
67234
151141
70658
64962
70339
60642
55106
138180
71330
115044
79107
106403
78306
63522
72258
115267
68514
72674
118979
107460
52514
60418
64514
128740
73378
71842
72034
99587
64450
54818
98083
66018
63426
78050
113923
65826
61090
68770
106820
68642
61697
66147
103908
72002
57890
111907
102564
95331
58562
124452
71267
61922
71586
60834
61890
56770
72130
114116
65442
102915
64898
101443
65154
60290
78019
125860
60577
134693
63042
58945
67330
117059
66018
59906
64770
121796
74978
65026
69699
118212
56033
59842
67138
104259
79298
60162
66402
68194
66050
76323
73603
78466
63074
102084
73250
123556
66146
54050
68003
107011
64322
57954
65507
114307
69026
106595
65698
120164
74306
119748
66306
67458
77219
60418
70946
109796
60738
64002
72930
114851
66338
66498
65922
101571
64738
63746
66626
102083
72130
113316
62306
60386
58754
103940
65954
133188
96387
81507
138500
74914
61442
96003
78914
100771
79875
111875
69826
71778
71842
135012
62562
116675
77186
62946
59362
119044
66499
64002
77443
110180
66018
68706
67746
58625
65666
145348
79843
85123
66882
82402
72130
118436
65602
105380
68835
69890
66658
101699
63842
61122
69922
62562
71330
137508
66850
65282
67074
112228
78339
126212
71042
112771
66882
58914
66626
105667
69922
133540
77763
113219
72003
64034
68290
109827
74339
110627
73826
73922
69570
136004
105635
77251
66114
69795
60962
66882
49666
64898
90275
64290
80867
70851
109860
79139
61570
73763
119204
73410
79266
66498
134341
64770
58498
111044
65378
57217
65858
104003
82371
66531
70979
60098
63010
102340
72162
56002
66050
103491
58209
115940
66626
89795
71555
61378
58114
115460
71586
84387
71874
60353
72994
112356
65730
144197
78658
121347
65666
96163
83938
60994
65538
125380
67554
148932
66755
86019
70051
114884
72674
160197
56386
59938
66786
57697
66722
97475
73602
113380
64674
60674
69955
61762
116195
96611
102532
103043
79810
98915
68322
56769
62242
125828
69762
61474
64514
57058
174950
63170
69794
75682
64386
66434
115972
67650
64962
66306
60066
69794
60898
61538
68482
83171
67234
67170
56258
67011
124036
76515
218151
64226
63330
65762
59106
73699
75842
72578
118404
65250
113636
63682
63394
63426
102403
68514
117539
61858
56194
62882
59650
77474
114275
64578
58882
63682
115012
65730
137348
61122
117091
66914
65603
65571
63426
60834
104931
65282
98755
61314
201862
66338
63522
54977
106179
84099
69475
69250
154117
67426
98467
64738
94371
95107
106627
56322
101635
64354
121444
62050
95139
58210
147941
70882
158853
70882
110884
77443
70370
66370
57922
55905
95779
99684
62626
68514
94115
60418
81027
73762
64002
57346
83779
51714
96643
60546
83587
93091
210215
54529
93826
63906
105859
60610
102083
101604
112803
65602
87714
50818
59554
55682
57953
147653
128228
64514
112580
82883
104068
72835
464495
66275
98147
50529
181094
72450
111652
73122
103203
67714
105731
64130
60577
95043
70562
64130
107683
65698
124548
64994
114564
64834
58657
76642
63362
71010
51042
