164294
32321
33442
710102
100451
35617
26145
27073
25824
38049
62786
39074
28385
31393
31041
22881
44961
34465
82818
42209
7041
27329
29761
28641
46786
37249
46690
27681
33217
60994
33441
37761
29217
25793
26273
27808
48865
86275
35649
80098
25089
26529
30817
83171
59938
39042
27392
28641
32641
81283
40673
35041
28769
28993
34498
28961
56450
88867
39649
28449
33761
41345
42817
26401
38753
47106
29601
23969
31425
46241
28353
24609
35682
25217
36257
24321
29088
92963
36033
29089
50146
51425
25601
71778
68322
91907
41249
50594
36610
42626
42401
27265
35521
23713
35201
64770
43009
95971
32385
71203
34689
29761
31009
25921
49761
50562
96099
71618
36897
33665
95267
70626
41345
29761
76002
41729
91139
34241
61634
30529
26337
29313
345771
40257
47137
32609
28033
52898
95683
31233
62850
31553
27617
47905
82626
46529
85859
33185
30913
37313
74851
48257
34561
38146
95907
31649
88771
46849
82787
40321
25953
42465
28929
25025
29697
26593
58465
30881
28065
69410
83075
35169
28001
74595
99683
41762
55650
34433
61474
43873
48866
34337
41153
38082
40769
34561
31457
265960
49793
32705
51490
40641
67490
31329
104579
72098
43777
40802
37697
40001
39201
93027
33409
30689
33121
59362
31233
58434
46689
30208
35521
37601
53186
31393
29537
27905
82499
35745
28993
38017
150341
48481
35489
104451
67394
87010
41121
84739
33601
67778
37665
61826
42689
33570
42145
158821
37185
84578
51970
50049
67458
40161
47777
34657
57025
35810
30913
39841
87331
29217
39202
103811
64450
38337
32705
40833
41729
35201
96259
33409
30177
44129
91811
36769
26049
33121
52738
34273
72386
43457
36897
39457
37345
40705
31233
33921
57569
34530
74627
33825
76034
39425
39361
26017
31361
77763
47170
94275
34721
45922
28001
71555
37986
75330
41249
110787
68642
33441
33761
74274
74306
30817
129860
33153
30976
83459
68994
42497
96131
37057
72098
33377
55905
42657
60194
34242
52130
35809
52098
40513
76546
46753
95139
54530
64866
61762
99427
41153
58914
34625
33249
50434
99619
38497
53473
36865
88387
31073
46081
30753
97763
62690
36545
87619
29249
28897
55330
94083
40833
27617
31009
31745
33057
30432
59042
102467
35169
28449
31713
30752
29344
47937
32801
85411
44385
77059
88675
41282
64770
32321
91395
55170
52546
51969
30241
80290
62817
87427
35137
80450
28800
39969
30433
47681
30689
40481
35137
54498
33377
32801
33985
123748
13889
83779
79587
74275
111268
47394
49890
38466
99555
36417
78338
36482
114532
50018
45217
43778
88515
52322
80931
43554
43905
35169
99619
38177
61602
33025
95427
43554
53218
30753
94435
40290
88419
43329
35777
39393
48577
62146
86851
33601
47906
27969
88418
32705
45953
25697
25089
31585
111876
46529
51105
26561
29665
61858
93731
37826
60129
56961
86115
42305
60450
33153
80547
28737
44737
26145
56673
30273
25281
72226
89763
38562
49922
31873
29761
34817
50370
50945
27649
105443
47649
83971
40513
88771
42337
59010
64066
93763
43842
86307
39937
67138
38209
35905
34881
33057
34145
89987
51810
47778
10368
31905
37217
31649
69090
89763
43938
33441
33249
33985
37569
28865
37793
29633
56865
79459
38241
48354
30177
93539
47074
87235
37377
50210
35041
100163
46145
59905
58178
102916
38273
63586
31937
77763
30497
40289
32769
82243
38274
52034
65346
85987
34786
72419
30465
83970
66690
265288
39585
55969
43009
34561
42337
32001
119396
95779
60994
84611
39585
73250
106307
86082
59394
95043
47874
74146
58689
50658
25505
47969
31681
55394
64450
83554
38881
41313
45889
90563
47106
112483
53633
63170
35233
51074
32097
105539
58178
93154
50562
55874
36705
96131
283433
127620
47234
40545
61314
112964
52802
36706
36513
96995
45346
35585
37217
89442
42882
58562
39009
101283
44289
66050
40065
61826
40641
37825
59426
54402
38529
36257
79938
70530
86178
45729
106819
45794
41378
116388
49314
47905
38177
91650
54050
61250
41665
87682
49217
90531
55074
76194
47745
69634
73859
101796
49378
74242
65410
86339
50946
73698
101827
124387
123172
87202
60130
118755
143141
55969
54946
58242
47042
56674
115268
46305
51298
46754
50561
50498
137188
43618
51010
86883
55426
79586
57314
48033
73442
120452
67810
118339
50882
45154
60738
54562
56162
48226
93859
100643
56226
54594
63682
116068
65314
55009
59137
41217
83075
53922
47746
55394
50945
50658
54338
100067
128196
63362
49569
46721
40386
89539
83266
114596
62594
111460
62850
47585
79555
116995
58530
69250
49569
110116
69858
56290
64930
92035
52130
116451
59682
83683
87842
115716
62178
113028
49249
48194
53698
46465
56162
38017
45089
85219
58050
87555
54849
137253
63714
88195
60642
170021
65858
79202
58049
112292
56930
79458
62562
48225
62562
45761
65538
89827
65346
58306
60130
50594
49633
49825
54882
49250
81858
86338
44193
113923
58306
107748
57986
43266
49025
41441
93155
191558
51681
43105
72738
57474
50945
48898
77602
59522
134500
67490
100195
62946
85443
60385
236167
58114
83074
74978
532337
62306
96195
62562
51746
51201
68386
110212
108323
103620
91139
135876
66754
58562
77346
53154
56674
54657
60962
117571
66338
97955
81250
87042
67106
97667
59074
56482
60386
74467
66338
56770
55234
49217
60354
99715
72131
51969
60066
53025
68642
113028
68610
80418
86659
119844
68035
52865
59618
64482
68994
52226
59650
116067
70210
116387
54242
51266
72130
124900
65347
56002
61570
48001
58626
120388
51137
43137
44898
39713
84066
90115
113412
61154
90275
60961
51554
81602
85730
96483
50242
89571
90083
60642
113731
60226
83107
60994
109699
60226
141701
66146
83171
59553
51425
70210
99075
65506
51457
50754
46722
69698
54722
58049
84642
57313
44993
54369
58402
56226
46689
55682
68930
55394
45857
45345
74947
87458
111811
61122
58593
79427
58466
59362
88354
62850
84099
74530
106371
109092
106340
84546
100483
62882
49730
62497
46114
58530
52642
69730
97603
62338
48225
55650
92515
61634
116228
93955
68162
50882
62210
62977
82658
63874
134213
54722
58689
66690
54914
58786
99427
72419
102980
50657
90306
62722
58178
61506
127844
94115
70594
59170
53154
57218
70114
100963
50562
41794
97187
66946
98275
65506
83331
59234
51010
59938
55297
61633
51841
76547
120708
64898
47522
61794
82466
94115
64162
47970
66818
59905
58241
112676
62498
64930
68962
47649
58786
56258
58145
134213
59234
73283
56321
59714
68642
57666
61506
64994
59042
60930
63106
95395
70498
59618
62242
55330
52738
106884
63490
91587
74498
120452
59233
56033
60994
55010
60834
47746
63618
178853
59938
55938
56738
56130
60322
90723
79842
89571
98723
87939
63234
111107
58977
111556
54786
84579
92227
59042
64354
60130
120644
72898
65826
50722
52705
98851
74371
143076
93411
91491
51265
68002
66946
60738
63234
121732
76834
120612
69826
92483
65698
56834
111492
67139
60002
68130
61889
62210
55938
57122
44641
68707
48386
64002
47330
62434
106179
60738
45666
65154
50593
56642
101091
57218
136196
62242
100068
64130
60130
55234
42049
62434
43746
94275
53025
40033
59650
105732
100483
93091
58210
55170
68418
55586
56322
51010
49090
46721
65346
137764
59105
54210
74435
53218
70274
104483
72130
137380
62210
47553
94018
117604
68002
58466
70210
64130
52706
91139
71650
95523
68482
111459
57153
50945
65474
81347
97476
100163
59586
82723
90755
49377
120516
73858
95395
64354
55554
81250
54977
57377
52609
60418
171429
59714
56385
64962
112611
63426
55170
56994
54306
49698
119683
63170
52130
59650
56226
98019
82787
51521
74499
52737
53794
126244
66306
82115
46434
53794
64962
126212
62050
106468
73123
130500
62786
98467
51810
46241
63650
57154
59298
50466
56962
52130
163781
45281
57634
55169
47617
51778
74082
57474
54530
115652
62241
76930
93507
54658
83843
90627
135940
72770
51073
66243
54049
54338
64898
80611
47841
68290
56834
60386
82594
46721
111459
72258
133444
67106
66274
52354
42689
94467
46241
54530
125444
68642
101987
59074
111363
66914
46434
68770
52738
51969
50881
54978
52354
56354
114467
60930
51329
52417
102179
62754
47746
66338
105571
57730
93155
72867
57729
60002
61474
58338
54146
49730
89538
71458
127108
56546
102275
51457
102307
66690
52929
67010
52610
68066
60674
66082
123812
79907
52194
57154
58209
98243
50561
56897
75682
140005
62722
52481
62786
105507
62722
53346
132196
44577
49954
67682
86819
101315
52194
46689
61250
54785
54498
48706
62082
53281
64546
117092
84642
53185
62946
116963
64482
52706
66114
63842
62658
107747
63010
84643
65986
50721
50242
89986
53986
50562
85667
97315
104419
94786
65154
112772
100484
63970
94755
69314
62530
101764
62210
82851
52194
82082
60482
50754
81475
57218
58434
49185
60258
110851
67842
58466
54658
66434
67042
58753
66018
94851
52834
42913
62722
42721
66146
93987
57026
69955
66754
66882
68962
47585
66018
55809
46818
89603
60194
58626
63842
52162
60833
71042
63746
66018
71234
53410
73507
91650
62754
57378
95299
65442
54978
97251
74018
57986
67490
123524
61889
126852
57730
55809
58690
110403
62498
110180
49793
47201
78595
92867
45762
54626
62818
70690
61026
111204
66786
92547
63362
102819
72259
101475
52738
56226
65730
51841
60162
50337
61186
46658
73410
73634
64866
44385
47138
41858
47969
55362
84771
111652
68610
55585
56066
53698
62690
51074
121668
67074
57506
66754
113891
71074
77154
56129
97251
72611
52705
112356
57602
61602
60866
126244
53282
100419
66466
48866
60642
93059
53218
90787
61378
46817
48449
69731
106276
44033
57473
49410
113604
73379
51585
53346
63010
56770
46370
68066
59714
56802
89347
53889
53282
63554
52129
56514
92643
60482
54145
62114
46242
49217
56610
62530
80515
64834
61218
51041
107619
72355
53729
63426
80162
64770
57122
55266
114852
72610
54209
63138
42401
66211
92931
86627
71330
132069
116803
72738
56993
68386
102403
56418
99875
61698
88770
54338
54690
66146
101091
52866
50529
60290
53377
47714
93027
62530
132356
65730
51490
55490
87395
62562
124324
59554
97347
52450
316586
59586
56194
51586
47489
61122
47042
86723
103491
59458
129380
61666
110532
66306
121060
57634
96643
68547
59489
60418
48002
54401
54146
48482
52225
62594
60226
103683
81762
59394
85411
72450
129252
60834
51330
59873
50913
59649
57026
62562
50113
63938
79619
49089
47778
52706
107716
85891
118404
61954
43874
60866
121667
52482
41058
51682
88451
52802
132260
58690
50306
58594
46562
66690
41857
50753
43073
58402
97571
67362
93987
56674
72291
65122
52865
55042
91491
71074
131748
49282
32417
64226
50625
47298
74498
124836
66402
94755
61569
53026
50945
47233
58690
117252
65506
119747
63298
61922
64482
94147
63234
42401
86435
105188
66786
56418
61698
103043
72610
57122
86403
61538
55650
60162
114468
65410
116995
48130
98755
65026
51778
65826
92195
69090
116036
56386
58786
62850
52674
45922
109956
70946
54305
67362
65890
51905
98851
67682
123524
66946
51938
46529
75874
58369
50210
65602
56578
59681
91427
45730
103139
67906
52034
76418
101667
60866
123428
64194
50209
66242
75138
64194
55970
92770
58626
75778
58082
82403
65346
64930
46530
47746
73570
67330
64834
81251
57378
83235
65634
64226
50914
89635
67426
136772
62658
43969
51073
39393
59170
58370
61538
49025
63874
79554
93923
117636
58722
55041
63362
123556
64834
44610
66819
89379
56962
51202
69890
56322
70146
52738
72450
60226
62978
54594
61858
113955
70754
58914
60001
115588
67522
61346
61474
109443
63906
89795
59778
110628
69186
120452
67618
57122
57826
49953
60065
76066
58818
55586
77698
136997
68578
54945
57986
52641
68482
45153
52258
134852
72674
48321
51329
68610
49570
53058
56513
61282
55522
57314
53185
66050
105443
49794
53570
63362
54530
64482
47842
118499
57090
66882
89922
62690
45761
46945
113507
63010
56738
64707
77731
56738
95843
47394
44321
63458
55714
62018
50402
75138
86435
64418
49154
50210
92227
61250
49762
85379
51041
53761
60802
79779
50657
102563
62722
49345
76707
55554
95331
57633
50881
44929
54305
77858
58914
84290
58306
53954
62690
119844
71651
84323
68994
60034
86947
74531
113827
66754
108291
48290
55586
63106
43777
58786
46850
48321
41185
64898
85954
57346
40289
83459
56450
53634
73410
54210
60898
139621
57153
53218
52450
52449
73314
100132
65538
113571
61378
56097
71587
44385
61666
49986
49441
43745
67266
45730
55746
115555
48994
107044
60418
49410
65666
112484
62946
118756
66882
65346
46082
47137
171718
91715
93475
53633
42850
77954
120067
54754
93635
59426
53474
46978
70787
72514
71970
351563
55010
55426
52834
53250
63554
45634
66018
86499
56609
55266
65954
51713
52962
81667
91138
87203
61826
95651
62114
82723
48737
104355
67618
55970
77762
58754
54818
81218
47809
85379
76867
61698
61090
93187
62178
107588
70690
132132
69474
51458
107972
48770
46146
81378
54530
56674
62594
63714
50017
43137
66722
77058
65506
48034
52418
96803
69154
64802
94051
115364
70050
117476
66754
120036
66786
53121
58818
54626
52066
50433
91523
58945
79939
70466
89858
110563
54018
62402
67938
56770
58370
47170
114723
60898
42913
65987
94275
67618
101315
52865
128452
61954
99523
60290
66051
61858
92163
59713
56802
62978
74691
68195
118916
98659
53378
66978
57954
71618
116099
66787
51490
58178
52353
80771
61794
50753
63810
48674
47202
115171
70146
58562
63842
117764
48225
105539
73443
56673
92707
66498
88227
90723
56002
53186
72035
75459
60194
89027
65442
94307
62786
48066
78531
112676
93315
123011
53633
54914
52162
42946
79171
58050
63010
54210
46082
101827
69506
58210
59746
58946
58497
83651
50402
55106
56418
126820
73090
112611
72066
53186
69218
55265
48737
98051
66690
82050
78243
54210
54402
61730
84259
63170
71298
67842
51298
66338
100611
70498
89955
64802
56546
62178
44929
105252
46434
46754
59970
63234
58114
89507
70466
98435
62786
107908
68066
53570
56801
113667
52673
90691
48258
108835
66146
65026
45441
86083
69314
102179
52514
51458
90915
64194
166022
77731
64386
98275
117508
65826
147940
72867
68418
66466
56290
69251
135876
92579
61826
89795
65442
88707
107428
60706
89827
68386
71650
62754
107684
57505
77058
80035
110084
50562
300521
65250
63234
74339
99843
55458
110276
52353
50818
62785
56034
96419
55042
53921
57058
55714
105891
63810
94563
60258
94211
50402
55842
74019
74850
60706
49410
61474
47906
60642
56034
67842
53186
50338
86979
76898
88386
62402
53346
61986
108836
46497
74979
120516
46785
52033
55362
44289
90531
59554
92738
132292
65666
183141
55682
62818
66338
61442
60482
47713
61698
85411
89187
51521
109827
65730
53282
57825
51393
120355
64994
46626
65026
61281
62242
101411
70882
58242
66243
87715
57986
41218
66146
50818
92483
48129
112899
79298
57410
56962
56162
62754
64578
69858
53122
62946
58594
59233
46242
64738
105059
63682
99683
51874
121252
77378
60226
121156
67042
66690
63810
64226
66530
95651
70306
128068
60770
57346
61250
51426
62242
52226
70818
53218
64834
54274
63234
122372
62274
55682
57698
43010
59810
74723
69762
56961
54306
50753
69730
56962
64962
43361
47617
49857
58946
78242
63554
114499
62146
52129
71875
46562
65314
59810
61314
57186
55458
55042
51906
52193
58914
111876
67042
102755
119716
69730
105604
64898
117476
115844
116900
96323
64450
120548
48961
55234
76931
119652
56353
57730
94307
85827
61602
72707
53761
64419
62946
55170
61986
93027
70594
111651
61282
63394
56130
53121
54785
100035
61794
47778
71106
56834
62722
46401
58754
56130
46657
56546
90338
84451
94659
61505
118947
90179
119492
57410
56546
63137
55106
58178
93219
61762
55649
80770
57026
59522
50721
62306
51041
47618
50818
74851
45217
55682
62626
90979
58658
47810
89923
130564
59073
46562
58658
44386
69506
49602
54082
52418
90723
77539
196166
65442
50913
59074
48001
67746
134340
54562
54850
55714
47906
66978
90691
45314
90146
63522
81379
54722
63106
46018
102468
63010
143268
63394
85154
73890
126404
51489
52034
62210
99908
59745
56802
61090
49090
68130
102755
61122
55234
59170
42945
61858
44705
79042
92003
56770
70562
59809
123140
103171
48609
50434
62881
64354
68514
51425
49602
50273
71138
58594
63490
59905
65474
51201
60737
102340
64578
93059
46657
115972
81059
115716
68194
94211
86851
117923
103651
110915
71458
137444
63201
52162
59394
84642
74307
107267
66018
61058
63170
88515
48801
56705
58561
125444
53153
67522
58594
43905
114211
65858
67426
51618
66915
86179
70146
56674
55682
56738
53570
48578
74754
95523
63618
131076
62690
64226
46817
51362
63042
65026
60898
82594
58722
46337
95907
56162
51713
71202
58210
97923
133988
66306
86050
74595
113444
68642
45122
62242
56162
49538
49121
62914
80802
72450
42850
68258
47073
48866
51874
111523
66306
50498
62306
80258
48002
118307
64738
106467
118596
71906
65570
59746
48706
67522
51746
55393
51650
57282
45025
61506
49474
58274
55458
75394
125860
62530
44417
51746
50050
68994
58466
99843
56034
76675
127876
69282
105412
117380
70915
60001
86274
97187
71778
103907
66530
131268
53474
54338
64706
51234
64546
48065
52610
55874
64770
55169
55618
44738
63938
88195
72450
50049
67235
96771
62626
127972
93219
60578
52417
82659
75843
120260
68322
98051
59010
41185
63298
46626
57794
79939
69282
88899
63202
83682
55682
63362
47553
122244
73986
63362
56226
92355
54210
51233
48642
46402
61122
50114
58978
50146
94947
101219
73442
55874
58786
49697
61794
102435
67586
51394
135013
64002
49281
72578
111780
59042
54818
62242
51745
61986
50498
67650
49857
65090
78626
59842
48994
66146
100835
50466
59618
61794
97091
59330
128388
71138
56034
74434
105188
59778
55330
74978
137637
69826
113604
63074
59746
59586
51170
68834
109251
55041
47554
61185
102307
59106
85763
61314
102659
63074
52290
57570
113412
75330
51874
64930
46881
53954
49506
64322
121412
64354
55074
57410
54370
65154
55617
61634
41217
53345
93763
66978
100355
46594
51426
61154
58274
72195
92035
55714
121508
90594
78435
54402
97283
83715
100868
62146
55937
61762
53794
57986
89379
61858
54401
60866
117379
77635
103427
65122
168677
64386
54017
50594
88643
51874
49058
76739
56226
62850
50946
106211
65506
47810
66786
101827
68003
99971
67458
57058
64258
55906
53505
57089
80195
63074
109859
57762
55650
76387
56289
54145
51297
63714
90819
48865
91011
59490
44225
62626
51361
130660
126852
55969
96675
87683
79522
46818
59457
53826
62338
105667
63394
45698
60610
41409
49409
55650
67330
52961
54114
47778
62210
118916
64258
91907
72291
55746
64418
55073
61474
45409
58914
52482
64002
47009
75586
83715
58818
58818
58626
104099
114116
62018
96963
53346
91747
59362
95555
51298
52129
49441
91747
49505
74978
65506
80323
105348
60705
56354
68578
98467
86883
58626
89091
53249
56066
100931
99395
52866
92003
61217
104547
85346
89794
50977
62178
42081
113796
40481
36353
34657
138341
77443
64514
64354
76610
42945
64930
41665
93955
79618
97891
28865
104964
63970
89315
60449
111683
363147
75426
48738
39105
68706
43553
136004
58849
70786
44833
33633
76227
95235
57410
114499
88706
69538
65570
97059
63330
109219
59618
131429
65826
149381
62178
74210
58242
45474
50498
51618
57698
126340
58113
56418
59906
120932
66786
100163
68290
92131
61794
50434
72258
116291
57633
42241
59234
52513
44577
89507
58658
51106
62274
113412
99300
110915
89347
92323
45473
54657
88706
111683
60226
53986
55618
50689
52130
52961
58146
43713
54113
124452
65826
59330
61058
119716
62434
79586
80323
380364
57378
42881
61954
208518
59234
41793
61954
44225
68450
133476
96579
62082
85571
88002
120772
66434
89986
50402
109635
61218
43778
69762
56289
97475
56354
45474
55810
55585
62850
84067
79394
52577
79586
89571
111620
53154
56450
60386
50626
72803
63298
128740
80066
125956
69026
105571
67619
45762
96931
49122
52097
67778
46145
65826
54402
51841
72514
48161
47457
62818
112388
77283
130340
66338
86498
66146
63138
58530
54562
54754
56738
62978
62786
60194
53026
64514
56418
60546
50722
62274
79843
46785
43105
94691
105059
83970
62018
118884
99779
141188
106532
56801
78914
64866
63682
57538
45345
76834
112900
62498
77858
47617
118788
73922
63874
67778
122564
58882
84579
58306
54466
64066
56130
56546
50626
60226
72963
70946
63778
61601
51873
70114
55554
64706
55330
65154
119748
91171
62306
114659
81442
105475
69666
53569
58722
86659
118052
99172
57890
122948
67618
104707
52802
55842
69858
56706
70690
106500
62530
104004
58402
43617
97475
67042
113795
92739
75075
86403
55874
54241
64898
53858
67587
56642
53858
54370
91779
88706
55297
88899
63074
73635
68546
132804
58625
60546
54594
52449
65570
51458
51842
43073
66530
56322
56289
113156
67266
92483
46977
124196
71842
60194
68802
61442
55426
47137
71074
67458
87907
68962
102371
57057
140676
60578
55425
49122
47265
61250
50370
75906
97763
66914
113508
47521
128452
67138
51745
54530
84835
63394
60642
52130
52162
72771
62306
53441
51842
49794
58914
64578
87779
71266
96995
62882
118436
62402
52929
65858
79075
66338
85315
47233
45506
78019
86819
64706
124132
61282
101668
80355
55842
69858
99843
61442
133861
74242
55458
57538
58498
105475
118724
64354
126500
106628
109316
63874
95939
59682
86946
62178
80514
49282
153060
54786
115619
82627
61314
63490
45346
52674
44065
56930
40961
52577
116131
55586
42274
50530
41505
61282
102947
50049
47041
44930
109955
83650
134981
65602
110468
72162
49154
63906
105091
73571
70466
113443
72770
90979
68675
56226
59490
65282
63362
48129
71810
113284
59809
55458
61506
57570
60162
53826
58626
51490
89571
55586
56770
59746
53282
47137
50338
61602
51938
77890
56993
66018
118691
87075
52929
53186
61153
94883
50273
55490
90211
106339
112771
57122
55778
52257
62082
44353
60290
119204
68866
93955
61858
148324
64482
46625
65986
57314
62402
63266
64642
88195
59074
44481
64322
186214
54178
57698
62562
119684
64930
62978
59426
114243
96835
58530
54658
55330
131108
76258
87363
61410
72419
63394
117412
64770
53410
55490
100131
74210
108548
84770
90883
52257
89923
79747
138885
66883
99683
53730
54594
78562
89571
52961
88547
59682
54690
59714
67586
103939
85251
79170
59042
72322
67010
50081
58786
64834
62146
133444
64194
92322
69602
94499
64322
55010
59842
130500
61314
49281
54050
41410
72611
56706
67394
53921
48866
41953
59362
118148
56450
54466
46497
57346
57986
47937
65890
98595
69219
57825
68642
94307
60098
105859
64066
52321
65698
63010
94019
85923
56770
116804
51586
45217
52065
50338
84930
204838
69858
51458
64674
109507
64098
45378
47362
119780
62082
53122
65506
61698
59586
127683
61218
63682
97923
45729
167077
76323
58402
60866
54370
47841
54401
58690
50530
64738
84643
56034
54850
55106
85186
55586
107523
97603
50018
106563
61954
51969
52354
49921
62818
79426
50914
129700
112995
51873
55938
72642
126916
57121
52898
63298
75266
89219
85890
53153
108067
60962
74402
75138
68066
55970
47457
49122
102468
108355
102595
69250
60514
62114
84322
53249
90051
68514
57025
55682
107908
62434
45026
173189
58882
67650
91907
47201
98531
71618
45538
64034
49889
100963
45025
51938
63170
60034
68578
65282
76579
135172
59042
55425
61378
79747
70562
100163
69122
89219
66978
91491
76387
90595
64770
80323
63810
87811
52674
50882
62306
129476
80451
65730
48609
59074
93347
67906
45250
67586
47937
50465
57058
63106
82819
92835
68482
122916
59234
56770
64194
90083
49730
55106
61346
113987
55650
71042
53026
53570
101411
98403
123524
81667
52418
71970
63714
68259
52545
96131
56193
60866
50434
61858
117763
66210
43586
89827
46914
50722
59426
50498
48642
121252
69602
59554
52609
66242
61442
46081
59746
59874
77347
56513
88579
63522
137732
62050
74914
66786
128516
48289
60482
54433
88963
70114
66690
63714
97123
90435
70402
116228
65186
95171
62114
123492
71042
124996
99043
72034
64642
87427
60386
66882
66594
53346
64450
63746
57666
51458
70818
87363
63938
87651
59394
83491
77315
69187
62722
111076
64578
64674
57730
51969
67682
123716
66211
47169
64642
122852
56066
43553
62882
79330
75970
49345
65538
54721
46882
110436
73762
85699
69698
56194
107427
57954
47170
65186
57793
63266
65602
53602
97443
67138
204070
67874
59330
67522
84739
68770
108676
63234
54561
63426
93187
53186
46817
60738
48866
55778
119748
73538
62722
77187
119076
62210
80355
60962
80131
63394
108547
49633
45825
81282
64258
104291
66914
55202
53057
55842
64994
44577
65506
54786
52705
53377
67586
55682
57665
54337
74979
131812
64482
113156
67682
115299
74050
56578
71042
107492
67586
49666
69634
100675
76674
97347
60482
54145
63042
135588
65282
123556
68930
83522
80867
56002
62562
49474
67554
45794
68322
85027
55010
49153
74211
55329
67395
43489
50338
54178
107203
85314
112196
97187
55169
118148
61666
47585
93603
79043
47618
53665
90435
114020
87074
51970
54370
71875
54498
54274
65730
54210
62626
49825
62818
84003
49826
147525
56706
55746
57730
51906
49729
48161
71491
123812
61602
56194
72675
101091
57154
57858
66722
43425
68642
49697
91587
137124
65858
47105
65410
97699
71042
56642
69026
54658
64546
53410
65922
92163
61474
65762
55170
56994
74915
56481
109796
66498
128996
79714
123300
65122
109220
61570
56002
55426
55682
109251
63042
62370
60162
54274
51841
47073
52226
49826
75811
118275
54850
108132
46081
83107
60065
159077
46337
75394
60642
119684
59618
55266
56706
41633
49057
133892
65826
84450
88771
53698
54210
121507
95651
45794
122436
78115
120836
56257
52258
46145
50593
61858
84611
84195
76931
64930
130980
67874
54690
72546
120003
57506
42369
62402
116644
58593
49889
56642
48834
81506
149861
56577
85827
63330
69218
72962
57154
59778
44705
74914
104132
57377
54081
57026
103139
64898
57794
58882
41217
57026
39841
54082
46690
64322
42498
58338
82627
67522
48962
58114
45345
66691
132996
56801
111395
52001
50593
56674
49954
51874
97027
80450
57506
79106
145540
97731
87107
114052
53665
47233
66530
57282
130404
100931
70082
115619
66370
82467
56706
110979
59522
44385
56066
51649
50209
45921
60226
87907
62658
52386
128900
95555
57122
47713
61474
121092
54722
116483
57058
51329
57314
119940
50721
42754
94147
118532
51266
39522
63362
80482
54017
81667
57186
41730
49921
50785
58306
144581
88067
68610
55522
92931
77922
58658
112068
85507
118628
102467
59554
52610
48322
53921
59650
60226
58306
52034
48930
87811
91875
164101
57826
51329
50850
48673
68899
113635
52770
41410
58786
39746
58754
76098
53058
46146
56833
42338
47458
53730
66115
51906
87619
107203
56418
48706
59842
116804
58178
42977
58145
46913
91203
125764
57602
80707
48513
120644
68066
54434
48065
119620
71714
54242
64674
64130
65858
124196
63714
113892
59234
108420
46497
40545
48802
117636
59938
104515
66850
95779
52994
45313
104803
114756
53889
47233
76803
58658
87587
56642
61378
57954
57538
66210
60706
62882
48290
73667
128612
67522
83523
72162
101411
51009
54722
72899
56162
54561
57761
62018
135812
67650
64450
95427
65698
51553
54946
114276
71266
57570
68163
116068
57186
54658
100484
110403
58210
48674
56066
46082
63458
71010
61890
87331
46817
73187
61378
43073
76610
80419
67138
104676
64130
61474
58114
50817
63042
54817
62530
55426
84610
69666
145573
78754
2248967
70211
40258
103363
60898
39329
95267
64322
52674
37057
114883
67746
63170
78882
102147
56130
92707
69251
37857
38018
59362
74434
53154
85283
40769
92291
45794
45922
50850
85923
44673
52129
47490
45057
41825
38658
43905
38530
76899
59138
36929
66434
40385
79106
51393
99587
43713
80578
41409
93571
47009
55554
56322
59298
62722
63778
46658
52962
48418
44705
53730
124164
80515
105987
61666
109603
93379
89315
124580
50529
44513
115587
47010
90274
55138
95427
49506
98723
46370
113571
47682
39810
40769
65122
41985
158757
36321
109347
50466
32385
35649
67490
35041
28833
66850
41921
77058
50818
83938
56642
99107
51938
30241
43649
42433
37313
45602
35169
36449
45058
107939
30561
104035
34305
104483
53377
99811
82690
117540
36001
89315
39073
66594
120739
46433
32225
37793
57890
36833
55458
32737
61186
86915
93155
31905
91043
38369
32641
27809
29409
32609
32481
36961
57506
67043
89507
35297
36545
33697
29761
59906
82979
41057
59554
37762
40834
31937
25345
40705
42881
33025
27137
75618
52994
39426
66338
34817
54625
39777
255560
43746
63490
71618
43393
49505
35137
85475
27713
42178
53313
86754
36353
69411
33633
28609
27072
28449
38081
33665
37569
106244
60930
73731
88131
43842
90083
115844
52706
113796
56578
50178
67011
98404
40129
38978
40129
36513
44225
128196
57826
68706
39041
114500
69571
60546
33249
80770
26624
27553
33665
119044
52610
51873
78210
87395
38145
88483
41794
47009
30753
29536
59746
82595
37217
48257
33953
26849
28833
116868
59298
101603
41665
59074
37410
100675
43010
70882
31041
26113
68162
88963
38433
78499
35521
24992
64962
94627
34529
83650
34849
99203
44609
53314
32161
96259
40897
92131
42529
113955
38017
59970
37761
31425
76451
89123
36257
33697
38113
94563
32449
32321
33409
50402
72578
108067
40930
32897
37250
31553
35233
83907
43905
66050
44929
56258
93379
90914
59009
37505
35266
34721
42626
118724
46818
100451
31969
111075
47777
60002
42722
98371
56001
49089
38017
38881
61730
102179
45154
92675
44545
36961
100292
82563
44257
42849
114147
204294
76034
45729
42945
78754
99523
50657
44770
46177
70531
44001
39681
38178
93827
50498
93059
38913
42593
48386
82531
48097
40289
39586
75971
82370
501008
41986
70530
42049
45857
35969
36417
133669
73667
45218
81954
79010
105155
60674
37985
43137
40130
49730
50177
46946
117572
89315
58786
88643
56066
51265
52865
115204
61186
58466
64834
57442
46786
108228
92579
67778
76514
49249
45793
64866
99459
52162
61730
56194
87874
67714
77922
53954
52162
54466
54210
50434
43042
55233
103267
58754
77571
83843
76003
90979
60162
96836
59170
50529
59202
37281
52289
57474
56770
46561
49121
46754
56706
52098
48706
41793
58529
61090
111715
58625
75107
67426
106755
64002
102691
56961
88163
58370
81731
80067
50881
80962
96995
64962
111460
85923
58626
90402
56930
114500
66530
112163
62786
49346
67650
115620
73667
67042
46786
99843
48738
36738
61602
61698
62274
66722
61442
49474
49538
101379
80962
125092
11905
73570
65922
73699
45697
57410
63202
45569
60194
134020
58082
53218
61794
63202
99587
89795
52482
97987
64066
108900
67043
124164
64994
189317
59906
83107
63042
54305
70498
45890
100323
50017
100804
63106
93571
59234
92163
61890
54786
93187
72034
45730
56546
341451
55106
120388
152741
115971
54082
55586
62018
86659
60162
53569
65122
104995
64610
113156
64322
102947
64002
113380
47841
59490
57090
119364
61314
48578
88259
59746
52673
86691
79138
85826
112292
55298
70307
62082
70338
62594
47009
63714
115748
63362
108611
64482
121668
62626
114083
95331
79234
104612
87619
55810
58593
44641
76067
96355
59745
168613
73858
48130
55490
116100
60674
53986
64642
119299
61218
66146
52481
52930
73570
101283
50945
49890
91235
140420
96387
61858
66851
92611
55362
52930
81378
59714
54209
51585
49825
85667
48482
56194
56641
43938
46689
119811
68834
104324
63458
58242
64706
54434
56257
47777
57345
51329
48001
71650
63458
92643
75970
124100
56866
51682
61826
52226
74786
55362
67138
46305
53473
44129
49474
89443
58145
115331
72931
53794
67810
51106
56034
58530
57282
47201
57761
68963
50817
104995
59937
46722
66114
48289
52609
51810
111204
57986
58434
53346
67490
66690
105572
70242
122115
65250
66434
71586
123812
53153
43234
53890
50721
102307
585203
52706
52066
85922
99075
103331
63330
132036
69474
63586
55617
53218
66658
96451
79490
69219
55874
81635
57474
65122
56481
66594
52514
65826
84131
59297
55170
59810
103107
50497
44289
64610
103779
59649
126756
62850
55490
62498
99395
85090
81506
142436
54274
56130
73954
113923
53057
104547
64418
53122
59010
50785
68482
54529
53377
244680
66786
55233
57505
102147
59714
84163
56481
92963
59042
46178
55297
52577
66402
48577
59842
58657
96963
54850
93186
63522
128164
61122
116420
90307
81378
62465
96323
63682
87650
89731
65346
100291
66626
115331
63554
105347
62306
95138
58754
105508
64866
53953
62498
129444
59554
52417
64066
54209
65282
48898
64770
58466
52065
47937
55298
61602
69314
102371
62498
62018
59810
63298
56961
116324
88291
63874
116484
94403
59777
55618
101987
63074
84291
63202
56546
59682
103363
92835
50722
129124
70946
116451
58082
106340
66114
115524
55266
104644
60738
56930
56642
88867
61538
45858
70466
105315
82690
50657
69314
56962
88227
57410
52066
55650
63650
120580
79458
59458
55458
90435
91107
57889
92483
62305
43522
56769
100420
57186
46017
48066
57442
59393
43202
63234
44737
60930
58370
67458
109220
58946
55458
56162
98851
47170
51618
53729
87971
58817
52482
70530
56610
54498
53249
59170
59362
65315
82786
91331
74307
119268
72546
68899
58018
47394
68514
61442
55105
60418
64258
55937
54626
53633
68610
51362
171045
85635
63106
57346
63874
100963
63778
127236
56418
99972
53186
55682
53602
56546
65506
97379
91235
58754
57601
61538
113219
64066
90754
68866
88803
53730
49473
47553
101539
57250
64450
59522
51425
95171
68130
48225
67202
94563
64674
101795
56514
102275
62370
91683
63362
55906
60450
55329
70370
113604
48033
85955
74403
139236
65858
47522
69730
51073
58562
55170
129124
59969
52161
55554
104259
62754
55650
62146
82499
57282
101379
65922
83075
64482
56514
59042
55298
55649
51458
67619
56706
56450
57634
99907
96451
44482
92738
62210
94403
102755
133829
53058
49314
71490
110147
63106
53665
56802
103395
47809
91139
50498
104675
65826
53953
90307
95747
61026
103076
70531
89506
68642
45794
57985
92963
65314
120516
54722
100291
56994
55426
62082
90243
52257
48322
64546
93091
63938
84322
61090
49250
55105
56098
50914
55522
56386
110788
61986
54849
52738
57185
52097
44449
65890
57314
64674
122660
95747
73154
149125
62530
93475
63906
108579
62690
124196
57506
103555
69859
107044
63618
55202
68962
63874
63938
52546
100899
77026
47042
66882
58530
51458
68962
55649
64610
83843
98723
111204
48546
46018
56897
120707
68642
57057
83651
97380
56002
103235
56993
101923
55297
103235
61666
46818
62113
54561
65922
81283
54306
120420
69762
91011
89411
74338
141700
63362
55393
62466
59810
57858
57890
51970
100387
62498
58850
62433
55937
56002
52930
68802
48737
51778
47234
61601
106691
54562
90947
45121
54690
56418
105027
64738
47681
68738
110660
57666
55202
56898
99748
51138
122948
65378
104835
60738
112515
63842
67170
65218
57410
69442
122564
63874
143397
50210
95203
60386
85507
82786
115715
66978
80867
53505
102499
65346
119908
57026
89347
62242
61602
63234
64162
61666
43361
64834
57762
60994
51970
47105
55426
66786
96771
58370
81827
57058
136901
54690
62946
58050
116868
69378
59970
62690
54018
59586
55106
64322
56514
72034
47425
53282
69186
60098
64066
61346
115172
62690
89410
54114
109315
62338
139236
66434
99555
91042
114404
62978
63010
49602
45761
100804
63938
60994
54337
58242
56482
60354
142148
60706
97411
70210
56194
58562
132196
58050
53954
50273
51138
63234
43681
74882
98275
63170
47394
66754
48002
66498
119268
63522
60258
64482
56225
64162
97987
71395
116228
58881
63746
64130
54977
62370
149508
62306
52737
65186
74626
157573
110179
110916
71778
63074
63810
41762
67650
92931
66594
59362
76194
57762
110948
57602
52514
92931
62786
49442
61089
71938
58402
51457
65794
103012
61538
45474
92386
47042
89250
76771
110371
64866
55010
48257
54082
71234
65570
88675
52962
68931
46305
112644
46849
121508
58882
122756
61090
51682
38690
41538
68834
114371
55937
51010
33921
94499
33889
32289
35681
105027
74243
38593
86755
72130
114659
38497
37889
35361
95587
54273
44162
35233
39105
29889
31841
38529
34657
67267
99523
33217
57794
38050
33953
40354
114692
46561
57570
37505
90083
39201
85283
44994
87011
48578
48161
37569
35777
68515
117796
35841
35073
59234
109220
75394
33281
103235
51138
89347
47521
43073
36705
46306
70178
99075
73315
36193
35681
52066
33057
94723
36929
48994
48066
100227
38465
85987
49058
53666
114275
62530
102403
79939
89315
47745
54849
58274
48897
113188
103299
54370
114211
74210
102595
53345
60610
60610
106083
12288
44866
59585
53634
56385
173317
53729
45601
53730
56898
57506
100099
55298
120452
106115
111588
65858
130212
66691
86114
51009
47874
54594
58146
53057
83043
53346
87426
61538
44833
70179
52322
64642
88962
48513
106148
58594
52193
55842
47265
58753
119651
61922
53986
74114
114884
55010
47329
58338
51681
61921
54914
76802
57538
66082
100548
67106
89539
52898
97123
69890
122115
66402
64578
93027
56098
99107
74402
54241
66210
51650
68834
146053
55553
80483
65698
107555
95235
64130
108676
85346
109283
63874
56609
63458
42434
59394
48545
88386
72066
86243
54465
56066
62722
55009
53282
51042
61858
79170
67650
47905
65922
53730
92323
52066
53825
58114
55713
118500
116547
55553
51970
66530
62818
84770
64834
75042
46722
111555
55714
42913
68994
59106
51746
64258
49473
52450
62754
51842
62434
56353
82082
106563
65858
44449
85059
54369
85603
59042
117124
75170
62402
51521
47649
189542
62530
110820
70338
98531
112035
100355
63810
59202
74306
132740
61666
132196
63746
97955
47617
41217
66242
93411
57986
52322
78050
121124
55810
78019
46849
90467
78850
52738
63394
47266
58817
51458
60833
46977
62914
52098
70338
124228
76419
99939
50465
45377
50689
78754
68514
55522
55138
52833
58338
99363
66722
284233
61858
98083
53697
119076
66306
128996
60674
53666
48737
96419
59586
50689
62497
191814
63330
85955
71106
67618
67362
60866
52449
55329
68066
45026
66947
114180
59522
86178
75394
74242
96707
66370
88290
62434
55905
49026
54978
47169
51361
63010
128644
64386
115427
68066
49890
66562
121828
68962
101699
62626
86818
56034
72418
55554
84930
61698
54562
49474
56706
63266
79459
74274
92611
55681
47522
59330
65378
65442
96483
58306
53762
74498
102403
97475
77251
57890
50593
64002
44577
62818
50945
52450
118756
111588
99683
105731
106851
53794
96739
61826
137189
97827
56162
90723
49666
229255
116356
96451
59906
51521
69090
120836
52962
45825
52161
51489
60386
45986
61922
50466
55810
56642
73698
56610
65474
103459
65986
98563
57986
78467
53250
40738
71074
56770
94819
58530
47490
53826
54178
74658
57057
62466
91331
62562
115331
58306
45729
62754
52641
58242
43970
63138
103875
59234
55554
54882
74658
62082
54978
78274
86498
66787
53634
55266
131396
87011
60034
89475
62594
80994
62818
49601
62818
93987
76611
91010
93923
136996
75907
102275
67267
177637
61154
51490
59522
50882
55201
131269
48833
53346
47298
52097
61314
53537
60834
52737
75330
77506
95427
68130
118244
63170
86307
59458
51777
78531
91811
54753
130692
62658
121379
69090
62690
53121
54305
64098
51970
69987
59714
56226
43233
53537
113860
69474
58050
69282
66530
46977
104995
68483
60610
51073
55842
59522
53890
57633
50658
72994
44418
42337
78691
56898
65378
52418
61506
111907
102915
111459
59074
40769
57537
115395
56994
51458
63970
112420
66114
86563
124228
152197
47842
45569
76227
118852
60514
56834
91363
115652
65858
64226
67010
55394
62050
64354
69123
117060
65570
81346
48001
56354
54114
96803
84931
58433
72738
57218
61794
41474
60770
57441
68834
55138
55074
51618
58337
136932
62146
59522
63074
52706
50562
100932
68258
98979
50402
56802
51617
61282
65410
57537
56290
99331
61858
44929
70594
117284
65442
91683
48161
56706
62946
56610
83458
56353
59426
55521
70018
56834
63106
55586
52994
61346
65858
62498
68354
114052
67522
126820
62882
50082
70050
106435
64610
55201
59586
56097
58562
52802
62594
71202
51778
49762
66882
51298
67234
123139
51778
46434
60993
94883
75106
106948
51266
54882
62178
64738
58338
50530
62498
89602
75298
128740
68866
87907
58498
56513
61249
76739
58241
61154
59298
111043
64770
61442
58210
89411
75586
90883
74051
78434
114820
69154
96835
57985
43969
59522
51362
71106
103331
97443
62082
138981
67938
50754
53793
50242
66914
65506
60290
47266
56193
47329
52673
44257
62274
59458
92611
113668
101027
62498
112611
62242
60898
66914
116292
61666
87395
66274
136389
75522
129380
99172
105059
143620
68962
117508
62018
79203
54977
84611
54593
43362
49825
49761
47361
118435
52898
127684
87267
84067
80771
115876
64226
50082
51169
115075
63906
55682
63170
80803
61538
71171
60738
45217
68450
118564
69954
93763
75010
116740
53889
49729
55234
42337
89571
86435
46465
86403
80162
107908
58754
113987
60002
55810
62050
55554
77346
116099
66978
88579
83491
52129
114947
67074
108804
72898
57538
68578
54113
65282
51297
63426
59938
49282
107779
65090
120356
82754
60610
124772
67298
43682
105476
88387
64002
108067
62562
91395
62146
52386
69794
90211
52642
81219
48641
88803
95171
90435
83491
63202
117540
51457
57473
77122
47905
53825
85218
55554
49121
57057
62210
92739
44162
85251
48834
48961
47234
83618
89315
44706
42818
47937
55522
77923
47970
66722
128900
49345
46433
75650
56258
62146
51170
53153
115332
52257
252424
69602
59650
68834
88835
56898
62082
55362
55010
54914
117764
61666
55489
98243
88099
62850
103235
112836
65059
57314
63778
55489
92227
61090
63938
59170
110275
70562
99235
53346
92163
74083
67554
63778
113188
66402
87618
276968
53665
58210
98851
92323
95747
113827
62050
93346
54146
62114
57154
46114
62242
55138
71746
65090
93507
66498
102467
63074
129860
63490
47330
61762
104483
53346
42881
59874
57890
66210
56065
91779
64930
48161
64482
51394
69122
127876
52930
110083
69250
116836
57730
66114
59810
64770
52769
75651
63170
84802
62818
55746
53282
119779
73219
48481
64706
58402
54658
41025
52033
122596
54306
114755
69410
97699
44513
54594
80002
47745
49889
121700
53505
68515
55970
89634
92419
91491
88898
61250
43106
50626
116483
48065
43649
51041
69090
53186
82723
53762
65730
51329
54082
66786
80771
108579
64482
109732
88131
84867
64738
97539
72450
139653
66466
84930
62850
80163
53697
50370
53537
50753
50434
53537
57666
43874
57442
472687
67747
53570
62114
129668
53761
126148
66786
97955
53474
52449
105444
114179
59426
46593
59170
116644
71490
66658
63938
52673
94083
60002
65058
50369
59586
109924
67202
52930
55714
97379
70338
103139
67298
121892
65218
56866
60226
93155
66594
49570
66499
138533
65442
210182
93475
58082
116548
68994
113444
57537
43041
96611
60546
59617
64290
54786
119204
72610
67170
59042
44417
66882
49378
56289
82786
46657
72227
49761
116035
65922
54882
123396
66978
125316
60226
105731
62562
56610
61442
72994
59137
87683
51585
92003
57601
101795
62786
61890
58849
125540
58786
52418
84995
56194
102851
65602
125508
64738
100131
51841
92771
60322
55042
55714
63746
95107
46050
85090
66147
102307
62978
112228
58594
101795
49345
84354
55522
54305
51490
63778
106820
57794
48769
92163
59682
49698
66850
101187
61954
49889
61698
56161
47137
109155
79426
60322
67939
69506
124836
50434
103011
63970
101891
57122
103620
76962
60098
118916
63746
100163
53250
96291
63170
65666
54082
137636
56865
48898
60194
44961
55490
81251
53122
51617
91491
88130
62497
50882
62306
93955
61922
88931
53729
55202
52418
51426
60194
90339
54882
106051
67522
116900
51906
100387
62466
123524
63714
105059
66722
57154
61698
94019
73827
66338
65602
60130
65378
133476
103747
54306
76226
48962
91427
49954
45889
65346
103011
64162
102819
57761
45314
68066
84035
54914
102691
51969
52545
92834
86499
63074
130756
56226
50530
68290
90275
53058
56994
62178
56577
52450
130852
58370
57826
56257
57826
63746
44993
49921
74371
89219
65282
110979
69058
60450
70626
56994
63810
56162
63394
48610
61730
101155
65154
58434
58946
94499
95619
64738
97539
62946
60194
56418
139556
59169
111140
74370
97731
61122
50881
69570
271657
65634
58690
88930
95235
48993
91139
62914
48033
66434
42017
80802
59201
163909
57218
100579
62850
126084
70115
76834
64066
65442
62338
49346
68546
60834
85378
61602
111235
62274
104547
76386
62338
64450
63970
66018
61986
94051
116484
64194
135685
63746
55682
59330
121508
63106
76707
115907
72226
52801
66370
66082
61569
117444
62210
62530
58018
53090
91555
90562
48897
54626
95299
126916
51490
43042
62626
53282
68643
56961
97923
58402
93283
66594
52802
105763
53666
43169
66242
80322
43841
82914
63650
86626
42625
92067
65154
33601
64354
41505
92899
51713
48993
65442
60674
67779
99555
87139
118532
66178
91555
62178
81954
59745
122884
62978
112803
63234
98851
55778
67266
65538
55617
68643
50498
59586
52066
67010
54050
65730
97923
75138
98948
62850
51969
62466
108867
117828
71522
54113
63810
94787
63202
53378
75394
114276
62146
46658
57634
49985
79331
58850
77314
62786
82499
79170
102659
67266
114628
53314
87555
63202
83330
77378
128676
67810
52802
73506
57346
63201
48354
55650
64930
62113
52514
49441
51298
51457
52706
46401
42401
57858
118435
69955
62914
53026
107556
69859
103107
73602
52386
55554
100324
98979
51330
58209
52130
66722
102531
58242
42369
70818
111204
12672
96995
54498
54338
77251
166629
56194
119076
16001
53346
60610
84547
61442
57345
75778
80323
98627
63330
112131
117796
115620
69570
85026
64002
109316
54689
81954
59874
47490
134532
100067
122084
63874
89059
87363
82083
47873
57090
81634
59074
142020
65634
121284
60002
49633
51041
83778
61186
53377
51746
43073
71842
56770
67266
97507
64258
104964
60162
43842
57282
54914
48290
143716
65762
47330
60642
88834
68258
58562
67330
50402
54050
108644
63298
49409
69634
51202
64098
46017
89283
49953
97667
72770
70562
39553
302601
67298
96067
48386
112676
67267
44354
90563
64162
68610
44321
39969
34401
38113
66242
112419
45314
71234
51842
85443
61954
48546
37057
87266
54658
58242
40545
92483
91267
50977
76899
45505
47041
44738
65538
39906
100643
52481
41441
37441
116644
39489
71490
80163
43489
69602
41505
84515
52322
45185
46338
42050
51010
47170
43489
55394
62466
66594
37666
78850
49666
349931
71139
98915
56417
115203
49762
88899
64514
104996
47137
56898
43393
52610
43906
86659
54561
91363
88323
42465
40066
66466
77762
41250
100451
59937
59330
39329
61282
38849
95011
39394
61794
87843
71587
59714
86338
39330
76483
27840
61538
57058
116003
40577
74370
53314
85731
48482
96963
69890
46337
64322
55682
97699
44129
31553
32897
97827
32321
33921
32161
46434
29985
110628
53122
64386
49026
81602
46433
69794
112132
86882
39873
43201
71234
99811
51874
67138
37857
35585
50625
74818
39937
78595
88035
111331
61346
89026
44257
41281
71906
110147
55298
81058
56930
85155
73474
89058
60130
52385
80162
45922
73122
91074
125892
86787
50850
38466
71458
44705
119204
109348
59394
61986
91938
57666
59714
56290
85058
61666
112931
45794
37377
53857
42753
40129
45954
47681
57858
52929
75363
92355
71683
75234
46433
30241
56993
96515
49602
108835
51490
50369
68386
53986
103011
55649
84130
50242
45793
43714
41729
163845
70722
67394
60706
65410
52513
85954
76195
73603
66082
107395
56610
55426
57250
54818
57922
51074
58113
46593
60034
57282
53346
52450
48161
53410
63426
100707
60994
62562
61890
108835
69762
57666
81730
78498
62018
94083
63458
53474
59458
53922
62082
45761
232807
103971
66722
118404
66850
115427
94147
59106
112387
62434
59298
74402
125764
65154
44898
53665
65250
54818
56066
66146
65858
95171
52418
50145
54977
88675
62626
60001
52865
88514
141253
48514
43457
70370
112548
65186
49378
61410
59266
61986
48834
51586
55681
68290
96643
47969
78626
53634
72899
53089
57826
69922
114788
50689
119812
59074
112516
59970
63842
71651
66370
63234
52354
64642
62914
60066
76002
53377
42370
47394
51746
62498
57634
51681
133540
68962
56770
56481
55394
53026
43809
59042
83683
66978
57250
62082
76098
85411
45826
42753
62850
84035
54210
42274
63522
123652
82019
107972
83874
156837
122019
72450
56162
63650
55138
62274
55458
59234
44226
63042
74499
61826
96259
65634
64546
102564
60226
116516
72770
60066
70210
66946
53025
63618
52226
67138
63650
63202
86659
72450
111172
52578
49666
90531
114404
60481
62434
62722
83363
64770
125444
80771
58338
108035
106820
58370
67939
45634
53473
129092
51873
42625
63426
74531
61858
74562
62370
41825
61762
54850
58914
114532
72227
138724
66690
62274
64546
85891
93378
64098
55394
81891
56610
58466
88355
60226
70722
67106
51938
59425
52226
63777
115428
66786
62114
86403
64066
68067
66690
93443
68386
93635
47393
121156
59074
64290
97123
55810
59586
63842
56481
56770
66114
113412
89411
62786
55106
58626
55842
54946
52161
62114
52001
72546
89859
65922
89730
86243
81571
57378
55458
79427
101571
136773
56450
57282
109187
95139
59490
89667
56898
80707
68482
92163
60098
51554
73122
49761
63874
55330
50306
111972
67906
55938
61218
42369
65282
145829
65026
61858
58465
41057
64226
90179
66882
77762
63426
57986
56801
66146
63330
63233
67074
52226
67202
51362
101379
93795
58850
133508
134789
42401
71170
58242
68323
55906
71714
59873
70403
55714
64802
69538
69186
49474
66274
57410
62370
107747
66370
134052
63073
92707
59266
49249
60289
55970
66018
57601
54785
50466
64738
139428
94339
50754
55042
69667
47489
65698
55042
63394
106852
59458
50786
62690
50594
67106
45153
65314
44065
72546
44129
63394
44002
68546
52386
56194
47586
53409
92995
123012
53985
146085
62594
126372
66914
65410
62114
43553
72003
60194
60642
48258
62754
56706
99683
127940
86275
67842
49762
72002
98243
72163
57122
65282
137541
57570
103716
69186
56225
64642
61442
52962
47041
173989
60866
67650
93475
56930
87202
58593
45281
64258
43394
98915
54401
124068
88003
93219
55554
85890
86051
115843
67682
54082
54370
85986
72003
90083
62466
41665
63394
128740
47714
47298
63010
50561
119716
99555
59682
114339
189958
52289
52417
73730
57282
66914
46658
62818
87490
54529
45473
62594
40577
61250
45858
55426
90370
70210
105924
65058
705270
92355
62434
47969
71074
158053
96163
87779
120292
99459
118083
82659
45665
71587
37249
79907
113796
46017
62658
42337
38465
65634
98307
43585
33377
41730
86307
121155
70274
54945
41761
58178
35521
79491
37794
32865
33441
31713
34466
30305
32705
90691
37282
27169
37121
28865
31713
33057
39681
99779
85379
100260
58241
64706
43073
95171
38690
68706
38625
62722
39329
98307
68162
100548
38913
51617
53666
55650
73507
108451
37985
57442
59138
101379
40642
64674
36130
56386
56002
33569
41825
33473
32545
32801
95107
37313
112164
44929
63458
33473
34465
35649
84963
38626
111588
39970
55010
31233
39810
73091
55170
29441
96419
28289
67650
29633
120676
51682
90723
45186
92195
45601
61698
35137
65890
40001
56481
61922
38913
52194
47137
56705
51041
37953
91363
38945
160933
40001
67330
82338
37601
32993
44673
47778
25761
56866
36673
34049
334571
48450
36417
59938
58209
68898
37857
59138
40609
67714
60642
60642
34913
85987
48290
34209
56098
34146
57410
47938
80835
48738
67906
65730
45857
37826
45890
40193
43777
56994
107715
37570
69922
31649
52482
34657
87234
42017
54082
46082
56417
47329
64066
74019
63042
76770
134788
71683
66946
72546
135269
70914
61282
68066
58082
50945
45409
62818
49122
95747
77571
53313
96995
130180
117635
61986
128484
69250
59170
61058
64162
85251
66626
121028
68386
57282
62114
57986
70050
50433
87779
58626
49826
62946
114820
184805
110819
52033
121572
99875
65154
126084
60738
55681
157317
114179
50370
57474
68930
62402
123876
175942
75586
64258
93219
49249
250855
75234
260200
76994
68002
60770
54402
138724
124004
72482
93795
81603
110500
71266
58978
96803
59778
54914
63234
112324
59970
75426
91491
59682
83907
54114
77794
218791
140932
116132
53089
148613
132388
91331
208230
52513
63842
115972
65698
52609
59970
54113
59874
50913
333482
67075
302217
112164
66882
60674
61282
273769
177286
79906
103075
58082
54178
64962
120964
53058
108419
294633
53282
65538
57282
243944
110819
46497
109795
51938
56482
63138
57218
78690
201318
72579
61890
94947
57762
53057
381356
94435
62466
55842
312618
134212
72514
59362
66530
89763
59490
118948
66722
66786
113475
63138
60642
57090
75682
126564
68546
56226
67522
83715
100419
59490
252968
155237
124836
66626
98211
52994
114212
124900
113348
243335
131588
111268
51106
95235
63586
56161
58274
53154
62594
51618
146629
125636
102787
86466
67010
57314
147812
122084
251336
74690
64418
265289
84834
65730
184422
53282
56705
63042
187718
80067
61634
258888
60482
61218
252584
59650
53922
96387
59170
51874
63266
85379
115716
665269
69410
89859
50658
66339
157125
122020
80706
121764
286793
107875
79778
77443
71747
65858
63714
131236
67330
96003
60066
133924
61218
52482
62754
54689
75746
56993
63042
52449
59650
113252
67683
41505
65986
55586
63650
50850
63746
52545
66242
56098
49825
51266
61058
110180
85698
56866
63170
68994
96323
61314
58210
66402
108803
72835
38977
47521
68162
334475
64930
39969
104292
92642
50338
78531
50625
50498
44833
66946
68162
98851
48034
73378
40449
53025
47809
67843
66370
42689
652693
48738
76162
41793
105795
52674
94947
48642
89507
51745
87811
52738
67298
53505
46977
63586
53570
107683
71555
61346
40898
97795
56834
102403
44130
93346
55074
87587
43649
62594
37121
84354
51329
117668
50050
74851
52258
77090
44321
42273
45473
64898
39842
101027
56930
38433
35265
29569
34081
32769
32545
93251
53985
63586
49185
41281
51137
52354
90851
96707
44609
113027
73410
103747
80419
73986
53410
43713
67682
42210
104899
59329
33505
32545
73890
33953
90819
27425
26433
33729
46785
57986
98723
60450
50913
54562
98659
41058
93923
40801
35105
41762
52129
37089
49058
28929
30208
33057
30529
27681
28257
32705
27680
46017
38177
33761
69250
39329
51233
71171
58722
78019
70978
62242
41025
57890
37057
56066
44385
56962
35970
49793
40418
88226
38657
42945
35745
34209
36289
36513
54497
29568
58050
77251
39521
71714
37153
30977
88771
42561
39202
34401
50466
26913
30849
41634
94147
44482
72738
44738
82946
45762
87363
44257
59618
34433
102531
64738
106851
36129
31745
27489
28865
26081
31873
35809
59426
45186
51746
45250
95587
45281
44866
44321
66306
56673
35713
302153
66210
63458
36353
90659
35169
64962
34849
31041
30113
96323
46114
37697
34689
92291
40962
109028
9440
78114
41025
60514
35713
37281
33986
88834
55650
106179
61250
54914
28481
91843
46018
85123
69859
69475
57890
90339
56673
53058
53954
43969
73411
105507
56385
49185
249608
56449
100835
62786
100227
54338
105059
62018
60738
53025
73411
51457
74050
66146
82562
45474
44609
63746
55809
99363
88259
61634
59393
64930
99491
63074
127876
59330
45090
62786
69922
59714
47041
57090
37665
73538
60546
56386
58178
68770
101635
92067
63234
95875
57506
68610
65922
51906
53089
139076
51650
56674
65602
107939
51618
98884
62274
77507
62402
68098
51330
45057
62722
53186
106339
83747
70946
66562
102019
68578
106947
65763
49026
59074
54978
60898
56802
56450
84738
53506
113412
58370
51682
61570
92643
92131
92195
48641
71810
56354
55938
65410
124100
57890
50465
64002
49794
61602
56386
69314
144004
55938
52674
55330
51682
62114
49922
58562
44258
69218
88675
61826
54465
67714
102403
74434
90082
63842
88643
54402
104771
53986
91587
61922
51010
65890
57218
65154
55522
54146
55106
71170
55937
54593
44225
58626
61250
66146
81890
53314
48546
68770
95107
90083
59618
55778
65506
96195
61730
73059
60482
82018
62722
127716
59426
90978
58946
56193
61954
47457
58402
71426
55170
61634
97539
70146
91619
98595
91875
62114
121444
96899
63170
49538
72547
58241
58434
114531
64002
55266
59650
52801
62402
60770
51170
55362
62914
61826
65314
49249
65858
58658
66882
65763
70434
114084
65826
110404
63906
43169
68290
60322
56098
44865
64642
90499
59458
42977
59586
74402
52450
41185
61474
83843
76546
66978
46242
67330
113092
93795
70946
54114
148164
52577
52770
62370
161221
55042
64322
62178
62530
66882
99779
50529
60578
69699
52546
69474
52578
59970
109155
67106
112035
210119
115811
66755
86019
68962
76866
69218
47841
51650
102979
59970
69378
66146
62530
62177
48162
66914
132229
56577
59042
57922
87043
62242
51777
85762
63906
92963
62274
82210
66818
56578
55650
50050
64258
64610
67458
46018
58689
113571
53442
42914
57218
86339
101379
92483
62242
52898
57986
41825
66658
96387
49217
48450
65314
101059
62466
334411
62626
108003
65090
47297
67842
62658
77411
113859
58850
90851
57538
54434
53442
44002
60418
49793
78242
101828
62721
45025
58018
135908
76898
49698
72066
57537
59778
53250
67042
111075
54465
77411
49058
54242
63682
57410
63650
85059
52002
42754
73442
142661
52738
50690
47970
108292
69666
54690
68994
78307
54561
51682
62018
102147
65602
51681
65826
57953
52609
51938
59778
107075
60354
84226
66978
92483
57090
86499
62050
50978
46113
68738
56770
124068
94755
64290
51714
65186
47009
109604
58114
61730
57218
124580
65730
53122
64930
45762
68066
88995
67971
114084
106019
59265
51394
61698
45506
95555
69026
62082
58946
60002
52225
45089
95011
58018
49473
55265
47521
64290
55394
60898
55202
69698
79650
48418
96451
103523
56802
123812
84066
80002
119204
110755
102115
60386
83266
68930
116355
60450
43074
56353
90467
81667
59714
112932
63810
89027
65986
133925
56610
43234
61282
51330
58786
41921
62530
105283
70179
136900
66754
95715
59618
101188
62530
51394
62370
52577
63714
42145
100803
96931
59778
61730
50786
40962
53057
38881
61634
56226
63202
126084
62241
51457
52898
43457
51234
47009
58722
72578
63426
47553
57378
82403
72962
50914
95683
83043
79138
72194
117380
65506
59394
55394
124452
66562
51394
57602
128324
53282
47298
61761
49922
59138
49410
63170
58306
52226
53570
49537
55425
63042
83011
66402
120452
58082
124484
51425
41569
57986
116963
58018
42882
57442
90626
62626
104675
60577
63810
64994
125988
64802
50753
54082
111395
58242
45378
60577
45633
63042
102851
64290
102724
65474
47425
58338
55778
63586
101987
63874
73315
94819
61730
53825
58498
115459
63426
51169
60322
71746
50817
111236
60161
42977
53569
53378
61538
44769
63778
51073
61634
41410
63618
98691
51042
108612
107491
110947
81026
69986
63234
61666
81315
63394
80258
57986
46178
55041
59714
55586
53761
84707
93123
96323
56833
65858
57858
53281
56162
59906
53666
72354
91619
92195
59202
52290
67106
88962
66146
86466
65794
81443
58338
61954
64450
97891
64546
58529
49538
120452
127332
52194
55298
50721
62594
42497
68354
45953
65122
86659
46338
52482
62786
51618
54658
52193
63682
88739
67618
126660
65282
76803
53602
54913
63874
53985
55522
47041
54145
48353
67394
48097
62050
115364
60034
78371
90915
95075
60578
92803
62978
121860
61634
56066
61186
51810
60386
157413
68419
100804
60130
80611
57986
54210
60898
50529
54754
62946
59714
122148
69794
60130
53698
44738
50114
50594
55586
57378
88451
53473
56034
43777
61250
72450
46017
46145
86947
81251
61346
111811
62210
115843
69250
63970
48386
46882
68642
100003
133284
61986
98947
49089
83267
64226
101091
90115
88674
61474
55970
62018
65826
64770
54081
54625
98147
69123
52961
81763
57378
81282
62914
56577
65538
52258
57186
92707
58594
51746
68546
84963
56417
49986
62530
50817
56961
124676
61602
50402
62914
87426
65154
102851
61378
62338
53666
55266
61954
51618
62914
59266
54242
52706
64866
51041
55874
102532
63266
53985
55170
103299
56993
150821
69922
60930
68258
44129
60194
117636
66146
56257
64098
77826
71714
58210
69858
111588
54977
101059
69570
98435
61378
46466
68099
52257
62210
85474
55074
55649
59074
41985
62402
44129
72706
87490
65218
110275
54562
84834
61922
55138
58466
42657
60322
74467
68898
64578
65026
115940
54818
52834
61698
78435
63522
54114
151845
122244
54850
84194
58978
51458
84835
129540
61890
108324
62722
85379
49025
46817
57505
96771
50850
90818
83779
84867
62434
47905
53217
108291
58370
49921
91715
110052
53506
120868
66594
104131
64738
59074
72450
86179
62498
97347
72642
103331
63618
56065
57090
125764
61506
46465
62306
52449
48866
50562
59361
49377
49025
48225
48449
127940
50146
91778
75171
93571
63682
84931
45762
105539
61378
46562
47714
45313
70882
115427
68355
94307
56322
65026
62210
59361
51682
42017
56257
44001
48738
51042
55618
49602
75010
78434
44321
120580
50562
46593
67682
90115
95298
86851
66722
44065
97635
101571
64898
86530
81699
62498
125636
92515
85955
75522
47682
57282
67810
127396
64674
89667
56866
107460
80355
44865
47713
98019
91363
62306
43905
58242
74979
52066
52194
54082
92547
52258
88643
94915
90691
67810
92483
89731
90243
59490
126436
58626
112611
65410
46850
59426
118180
46881
91747
60770
50082
91778
86531
88707
82979
115459
66242
56034
52930
77250
67042
91203
59458
108739
61058
58594
63522
52898
57569
41889
48898
109091
68450
92611
71874
65186
65826
53890
70466
51905
58434
42529
93763
84322
61154
113347
62402
45441
74082
87842
60482
51202
53313
46785
56482
84771
62721
85763
52225
57889
72962
59330
65858
92323
91874
89155
48481
188358
91810
53058
69250
75490
60994
110243
55042
78690
62562
84259
74274
55970
59682
56322
82115
47970
54914
61826
114308
67618
53346
62210
120324
71458
108195
63266
46145
56866
100963
66018
63202
121476
53921
50114
51074
67042
44257
58369
87491
58658
94915
60545
116964
61442
87106
58594
65314
60802
117540
64290
43105
49793
49698
60226
45825
56898
88355
70434
125059
61474
160165
68642
94723
56290
135140
63938
70626
130372
55394
55426
51106
65443
105444
64578
53793
57250
98051
63970
61954
52322
51586
62946
192742
63106
60098
78499
113092
111332
56641
83619
46338
108035
65410
86723
63746
78019
49121
43330
61858
112740
71938
56098
68418
113572
67107
49537
115587
172549
71458
145829
73026
104611
68962
67074
50241
49313
59074
52097
66274
54721
65506
46818
51810
44129
59202
90883
60322
102723
64194
57378
64899
52514
67906
53569
63202
54594
96835
59361
56706
59234
102627
62786
130788
63586
85891
63490
110467
67138
64290
63106
53378
99875
57537
100739
63522
92451
65634
92290
53634
92803
54977
99875
52321
54465
47330
91458
69730
115396
53826
108547
59682
55426
54722
85635
62498
56770
107235
63682
99939
66082
106019
62370
54849
68675
68610
63778
115619
65442
117955
54818
48162
91907
58818
45441
92835
66306
99876
62306
55746
53986
50114
68002
94499
49409
55426
58754
50146
53922
52322
60097
125828
64770
52194
70658
56033
112835
99492
62594
99715
45922
93059
66306
53506
66626
96867
65218
102627
48769
107268
64610
101379
61602
111875
47329
104771
62818
103683
62242
54465
55810
101731
62594
104739
64066
45090
69251
48482
63138
45633
62338
45409
64322
98883
59970
110532
94499
62178
58401
58306
51746
98275
86147
54177
51681
56578
50402
58210
92131
68802
47073
70882
132868
121124
59362
126724
97955
49985
87235
62978
91811
67746
132452
69378
53282
67874
88962
61570
52033
94627
61602
87299
58690
100291
65507
56578
69506
129284
62818
60898
61634
47938
56194
88386
67298
55522
55298
96995
62594
57346
70818
58434
53538
56834
62018
52450
57505
110563
61602
45122
59938
52481
65858
44258
54594
92867
89827
125412
56993
46273
63906
71394
71043
53153
53985
57186
63554
114243
123204
75842
59522
105443
65762
43649
55457
57090
58658
101891
57890
92226
58306
102723
64354
55233
53538
51650
57761
51906
57986
121315
60386
59298
90371
111396
65250
108419
67810
47169
68098
47745
54946
43522
101379
66882
77667
51490
122788
56897
56322
63426
52098
56354
110563
66434
121572
64418
55585
93123
70050
126468
78978
95459
62722
66018
61058
45857
68642
88323
61282
55298
64866
51554
55362
94019
60482
82435
54914
116099
63138
129828
57506
57378
70114
50722
62370
53665
67011
56066
92707
71202
138596
57154
100611
62050
113124
48994
51938
59970
77347
67490
57314
63778
55810
49601
53858
132292
73282
107171
73122
51585
69026
60738
66562
66914
63042
124292
59106
86723
50338
61474
77058
95267
65250
46689
51266
55874
49570
51425
69986
47394
55106
79107
56642
52833
54786
62402
121508
62306
51905
52130
70274
57890
53474
149092
102340
67490
54689
55458
80675
57186
54498
63138
56162
54945
50913
62018
