1947580
818105
887676
1223431
925629
701334
1034464
825625
796857
1178564
871451
964478
1158692
1061857
1015552
1329769
831994
1668596
1040160
953246
1319657
947742
959678
2266439
1128387
1327530
963166
1312873
1037793
1849914
1076801
1426605
1062593
1703413
1165828
1440045
1066562
1728853
1106914
1360650
1021312
1714805
1105635
1522991
1228838
1791351
1327785
1519727
1088002
1628595
1316361
1538640
1052769
1345354
1295848
1478062
1029024
1290312
1032384
1382059
1322697
1577650
1028096
1387979
1055969
1310249
1083362
1320393
1324073
1575217
1113058
1390219
1051841
1392588
1301576
1558193
1027872
1477166
1054368
1419020
1090882
1655539
1253639
1475694
1200742
1468174
1232487
1502831
1120803
1426860
1068705
1407660
1350602
1495471
1106691
1399660
1060449
1386091
1327625
1610450
1109538
1358602
1027712
1286472
1073474
1338569
1020448
1675892
1200070
1418284
1077921
1344746
1016640
1341546
940669
1328137
1321962
1501550
1046657
1298793
1003616
1711702
1144995
1505327
1076386
1337418
1255879
1540464
1017888
1344842
970718
1079458
1009280
1302856
1017152
1296361
1325450
1574993
1064865
1378763
1030432
1296969
980222
1756503
1240135
1535056
1131875
1554704
1170148
1566705
1229958
1685332
1058497
1708405
1158340
1497391
1114595
1586193
1182149
1461262
1028864
1360779
1292040
1548816
1118627
1292553
1077121
1298696
1027904
1300296
1032384
1376267
1305289
1523663
977150
1329097
966814
1317097
956477
1246695
839003
950653
652661
859387
643156
819737
1262855
1013376
687509
915708
757240
954845
756055
1707637
1175781
1520143
1094274
1371339
1163813
1365418
989246
1326250
1038368
1282824
990047
1298665
1160772
2034911
1110051
1387723
1082306
1333322
1368235
1451277
1066497
1292328
1074978
1345833
1002399
1307080
978782
2157059
1193893
1355050
992798
1406476
1045825
1280264
950941
1740342
1200582
1366891
1273000
1540656
1001791
1317449
1034912
1325737
966942
1318409
968286
1313737
980543
1294953
1321321
1481294
966398
1359050
1038273
1288233
1227974
1683668
1156996
1530576
1135588
1546032
1152004
1369547
1278631
1425644
1012703
1319081
999743
1311689
1020703
1271720
974302
1288328
1304072
1510351
971006
1342346
1155876
1282024
972222
1341833
1046817
1303752
1008223
1326697
1031905
1825657
1253063
1120579
1664404
1318473
754647
941278
1244199
1208934
1193957
1408812
944989
1280328
886812
1043712
994399
971902
847098
1702197
1061569
1305353
1019872
1307785
1289192
1471118
961342
1290760
1063041
1329193
969503
1302953
1034560
1299336
979007
1269704
1006272
1287944
954814
2082913
1218054
1449134
1020319
1300520
1032961
1273320
1034144
1317865
1289288
1453805
1021504
1324233
976958
1305609
1027680
1746390
1165988
1340650
1087362
1373547
1288456
1513456
993407
1348906
978847
1319785
1033600
1749622
1162308
1453805
1029760
1717718
1126884
1350538
948894
1341002
1311945
1448237
1081890
1313417
1039104
1327914
1116003
1331081
1000191
1278408
990431
1819000
1222022
1349834
1039904
1354762
1046816
1277991
1048897
1292520
1386763
1510031
950782
1310089
1033056
1345802
1005216
1312617
1013184
1324777
963134
1320746
1019008
1278759
1047649
1277448
991167
1800696
1179237
1337930
1001215
1284136
980159
1745911
1063265
1357130
1035904
1299209
1371947
1394508
1038657
1339114
1023872
1439629
997791
1829177
1287272
1503982
1202214
1482926
1261607
1505551
1269032
1463789
1041152
1336554
1059745
1361771
1278599
1607826
983966
1392876
1090754
1361515
1031008
1310441
1015967
1346282
1046848
1419596
1034913
1720918
1190117
1506735
1136611
1515536
1191045
1384331
1163556
1595698
1005471
1344042
1078657
1449101
992543
1355242
1301384
1521360
1053889
1391596
967390
1354154
1053345
1325130
1037312
1389547
1309128
1514159
1014047
1110114
879451
1216614
1140068
1849786
1177893
1426253
1025760
2112001
1154180
1384651
1012607
2083617
1092354
1341993
1085666
2111809
1145540
1444397
1129123
1335433
984446
2084097
1235591
1517551
1125763
1554288
1127523
1487215
1118851
1301320
1270023
1633075
993215
1570961
1294120
1537008
1064353
1417004
1055425
1317993
1010815
1343146
1075233
1328458
1057664
1699765
1330889
1421005
1181701
1534448
987231
1346890
1105410
1351626
1126243
1309416
1026400
1721494
1056065
1155876
1060289
637268
1148100
1334537
1070722
728471
815705
895388
1325865
1212902
1175973
846139
1214086
636820
1733046
1370186
1547729
1194181
1442125
1092642
1482926
2198852
381228
1317737
1300104
841690
1369451
867611
1263335
1213862
1451501
1203813
1159236
851578
1320649
979678
1394668
785945
1294504
853499
1266055
624147
1080161
1329866
296521
1042721
1173989
1336458
1547568
1193958
1503151
1092258
1372330
1023424
1297064
1141283
1313961
1135107
1300745
1100931
1318217
1075521
1313736
1317193
1488046
1075746
1297065
1255975
1607826
1025696
1310057
1052769
1642995
1294248
1478542
1161284
1320169
1061601
1340170
1299529
1556624
1149699
1527984
1007327
1277896
1088769
1550864
1326697
1451437
1057921
1302089
1172165
1672052
1254023
1563664
1236359
1485070
1353386
1486062
1296905
1490318
1289960
1487855
1153572
1379115
780152
982623
1309385
1248519
1202438
1462797
1186885
1393291
1029185
1341130
1320361
1519119
1204261
1429900
1230215
1521871
1073378
1393803
1041504
1355082
1197573
1616627
1073185
1332938
1084674
1339529
1226726
1580625
1076833
1299432
1228838
1377099
1064545
1340906
1035872
1297128
1113123
1325033
1340297
1551537
1135236
1357195
1057057
1308585
1257351
1583729
1111011
1304520
1209958
1310473
978431
1304873
1238983
1594321
1093730
1293960
1062657
1368395
1059841
1397899
1034304
1415660
1209957
1636659
1120195
1433613
1093314
1602162
1010591
1436557
1090498
1499247
1299496
1493550
1261959
1529232
1102210
1341866
1100770
1663156
1067297
1490830
1082882
1724022
1042592
1405611
1077569
1505583
1289864
1468558
1120515
1314121
976319
1082466
721847
861019
1552528
1294025
1868155
1062529
1418668
1114274
1518607
1219622
1496654
1264936
1479630
1118883
1662707
1090786
1427276
1098370
1361770
1117603
1379755
1066945
1611314
1075457
1375819
1112675
1357642
1096322
1331529
1105859
1639667
1154660
1431244
1074497
1380715
1099362
1422349
1060353
1307976
1333642
1516272
1083874
1358794
1076802
1692501
1122819
1459661
1092386
1390827
1088642
1335721
1057569
1291529
1102563
1344874
1130563
1315785
1130083
1697365
1294312
1393548
1286344
1575569
1089474
1295177
1158116
1370251
1073089
1368394
1017536
1313385
1249671
1495119
1073890
1332970
1227494
1580529
1012544
1305545
1087586
1309032
1089730
1381099
1001279
1315689
1085634
1346346
980638
1328426
1248359
1544656
1114595
1325513
1112290
1312457
1095266
1320233
1104227
1300361
1077218
1360810
1016255
1718229
1264551
1424364
1113955
1315113
1186405
1356010
1318985
1458926
1080001
1296969
1079490
1288680
1092514
1340202
1072481
1357739
998271
1306185
1072353
1337802
1142563
1304232
1274760
1457677
1126819
1390347
1056960
1329066
1220774
1552208
1088418
1303913
1078594
1365291
1217126
1610002
1130307
1495406
1135171
1307977
1077282
1306249
1224006
1242343
1154468
1407979
1066081
1359370
1107715
1396140
1014720
1370475
1085346
1718166
1242599
1430925
1195685
1538032
1159396
1335753
1035200
1308361
1176933
1495311
1071809
1401868
1185861
1303688
1130531
1365259
1092643
1351370
1233351
1321450
1295497
1468398
1080258
1302249
1123587
1647764
1213382
1432140
1130179
1421036
1144548
1299720
1134915
1702837
1250215
1545552
1204774
1364778
1256775
1576081
1173828
1427021
619188
1403052
1084290
1337002
1074114
1393580
1034880
1285032
1260296
1443821
1078817
1360842
1056417
1325097
1269416
1483566
1130755
1395275
1174213
1314537
1086530
1288712
1275368
1462381
1062273
1306952
1083906
1296552
1074434
1294376
1124515
1329577
1267656
1555633
996927
1381835
1241863
1463245
1109410
1427853
1009280
1326378
1144900
1675764
1086433
1340266
1086753
1577137
1099618
1338442
1081698
1527407
1062817
1334345
1110274
1367467
1061185
1307337
1097378
1303784
1125891
1370826
1153924
1587537
1183333
1313864
1119203
1357099
1185253
1311273
1066977
1627507
1212102
1412556
1108035
1370507
1169284
1547633
1097762
1374315
1068577
1383339
1066305
1450733
1080481
1300329
1120099
1379083
1061537
1323721
1296584
1553776
1081985
1540720
1103138
1365770
1137220
1527503
1088770
1379755
1040160
1354474
1107810
1343977
1140611
1406828
1100066
1298729
1136836
1774327
1242407
1508303
1163428
1468718
1141188
1398092
1142467
1553457
1056897
1387948
1034432
1352266
1110979
1541520
1064769
1323049
1192741
1302313
1137571
1336105
1145283
1305384
1320521
1491438
1111842
1378731
1083842
1371850
1054433
1324393
1076513
1338953
979550
1461709
1114051
1315625
1267048
1601970
1061665
1402731
1063969
1651187
1076385
1377323
1083106
1648788
1105731
1387148
1089186
1376907
1002591
1318953
1152228
1537712
1096386
1405515
1067297
1383147
1049088
1328234
1189029
1470958
1330505
1723862
1348554
1431309
1144388
1391083
1328105
1521839
1221926
1575473
1135236
1458221
1273576
1644499
1104611
1435405
1089570
1502543
1057281
1341002
1110467
1326922
1139587
1594034
1089026
1331306
1127427
1331209
1088802
1502991
1105890
1425196
1087393
1561393
1315433
1450733
1078561
1668756
1217958
1509519
1034977
1072705
1326793
2193924
962110
1297097
862587
1234951
706966
1659316
852571
995519
1434988
1452685
819385
979647
737719
1553456
847258
899644
688181
1050433
890716
956158
1112227
1310793
968894
1306761
1085090
1917788
788025
1425292
1002687
1131556
743799
984767
1264679
1436365
927837
1343145
1092578
1559921
1004031
1364811
1372971
1489839
1036096
1443757
1179269
1631603
1183013
1363434
1082178
1631666
1083010
1443629
1046848
1636787
1199846
1465229
1079266
1490351
1265191
1497998
1273383
1494287
1114083
1648339
1076385
1396460
1120994
1518736
1036768
1337801
1046273
1891387
1092834
1392364
1054305
1548656
1080130
1370795
1105443
1485262
1134275
1637875
1072482
1462189
1110595
1617618
1089538
1432845
1139780
1478798
1081825
1364203
1087074
1352746
1049728
1660564
1101282
1538320
1110659
1568753
1173349
1187941
886011
1686261
1270567
1269127
903036
1264264
942781
1231206
1044673
2103298
1113411
1194309
973215
2860666
1414700
1447565
1090498
1359275
1170437
1349802
2707156
367532
1149763
1593905
1113283
1287784
1141476
1394348
1785944
1756727
898076
1010848
718903
995007
714391
1015360
1159236
1179268
759671
1230662
688821
1525360
1139683
1470158
1261927
1542128
1133571
1584753
1178821
1710678
1291048
1739254
1239623
1709142
1289064
1718325
1123715
1746039
1233158
1344842
1226534
1652724
1270375
1574417
1273319
1744790
1236519
1706421
1204549
1410796
1276072
1789848
1102082
1737078
1986429
1286856
1570097
929085
1190949
1051168
1392076
1261351
1309481
1073057
1140612
1254663
1730262
1289704
1436972
1260231
1407372
1268264
1331369
1135108
1565233
1124131
1359755
1073282
1509519
1137891
1418956
1106530
1602226
1105635
1459917
1196069
1510383
1123747
1422828
1088642
1571825
1130563
1408716
1066465
1263112
957598
1044001
751831
984926
938525
1438733
1054657
1341450
1181573
1332522
1064706
1289192
1251495
1620338
1102435
1549200
1091714
1645139
1081154
1442541
1096482
1659028
1199206
1348938
1046976
1566385
1087266
1434221
1063201
1653780
1062849
1365259
1089346
1586034
1080290
1423276
1050273
1512655
1152132
1311465
1125251
1382123
1056769
1586546
1467405
1487727
1146180
1294504
1136099
1355594
1343913
1531503
1078626
1298408
1114595
1298121
1129827
1308713
1091938
1361738
1060097
1665364
1293480
1419980
1115107
1405836
1233511
1612306
1109699
1308392
1192133
1310152
1059393
1350250
1102434
1662899
1195173
1405003
1129891
1310345
1306089
1586258
1081377
1353482
1062433
1383371
1141252
1700821
1269735
1325769
1063874
1283912
1097346
1386123
1255751
1621683
1010528
1370155
1231270
1451469
1080897
1405612
1074274
1331274
1333033
1482286
1027232
1398987
1120195
1515087
1207941
1333001
1285768
1666900
1069762
1476686
1154436
1668052
1074882
1518863
1246919
1489487
1258471
1425133
1115555
1537136
1268359
1417005
1178789
1619218
1156100
1325385
1074529
1300904
1096194
1299113
1116227
1493166
1147524
1385579
1059521
1503759
1261319
1495054
1124867
1428396
1171621
1557553
1158916
1406924
1071649
1398763
1105346
1357226
1042113
1320810
1075970
1388939
1037024
1696149
1352938
1438765
1109411
1571665
1273415
1435244
1051329
1492719
1160484
1617010
1086178
1314569
1108547
1505071
1092962
1364139
1114115
1305769
1081697
1515151
1259847
1399788
1066753
1642515
1269543
1474094
1158756
1611538
1028928
1318345
1068770
1293096
991710
1667860
1195750
1514095
1322473
1517327
1098882
1634547
1250055
1414668
1272104
1675316
1102338
1374218
1202885
1323785
1057472
1290280
846618
1306504
931453
1237735
1112035
1293576
1193253
1245703
886076
1734998
1230374
1529936
1041792
1420684
1132931
1520592
1111139
1372107
1071842
1549937
1111107
1345898
1078658
1475630
1136772
1414604
1150372
1330090
1164516
1346090
1124931
1332553
1106083
1507343
1129347
1431148
1215462
1349770
1142179
1558385
1062913
1291656
1162948
1538480
1114051
1509007
1077090
1484622
1316649
1468653
1267495
1457070
1312201
1480878
1151780
1649268
1143460
1420844
1059361
1405900
1101506
1431213
1126403
1632243
1163524
1419564
1075937
1358858
1350026
1608818
1102338
1380747
1277640
1756502
1518095
1114339
1519119
1078178
1289288
1176868
1170405
1009567
1177156
844570
1485551
778456
2005278
909116
1022528
713910
983775
1340169
1170917
678581
812761
1360171
1196837
847099
896764
755928
1053729
852922
1027936
957662
1289800
1410476
1546832
975934
1423660
993759
2343113
1172037
1597489
1256903
1438988
1203013
1359754
1259239
1676308
1118659
1410636
1076450
1469645
1309705
1772952
1107075
1426828
1281448
1655476
1038848
1361674
1172548
1482478
1055617
1354282
1258888
1554801
1061793
1419309
1118242
1378347
1275975
1524176
1090818
1434093
1058945
1329802
1043232
1427852
1293160
1504975
1088962
1406188
998719
1313545
1324841
1462829
1026464
1393420
1086786
1387147
1324777
1558928
1124899
1327818
1182917
1369546
1314857
1587857
1114819
1306889
1075361
1388300
1052577
1304873
1081569
1389707
974815
1301257
998272
1324265
1305736
1538416
1067746
1350602
967743
1661876
1130404
1424844
1010751
1669268
1262151
1532592
1091522
1318729
988158
1355690
1101763
1377291
1067074
1652563
1214726
1463885
1082690
1392652
1313352
1534832
990431
1344522
1066465
1733430
1353034
1519216
983839
1666195
1240071
1528335
1198373
1443629
1167877
1539472
1076929
1439757
1107202
1676980
1190725
1510223
1368074
1460045
1122851
1309161
981727
1656052
1158116
1391243
1001215
1718422
1213478
1363178
1070337
1651891
1425964
1458125
1282248
1477166
1304073
1486734
1290216
1527855
1159268
1663988
1083745
1361323
1162917
1374027
1002879
1320009
1113986
1434093
1329353
1585234
1180773
1377451
1105186
1314312
1127043
1325801
1085825
1307689
1073474
1320393
1289928
1494511
1050752
1431757
1067138
1383211
1056961
1387179
1058336
1312329
1042721
1694996
1302441
1428108
1059457
1388235
1042784
1569553
1092834
1684116
1248615
1386475
1284040
1550704
1101090
1348970
1049312
1328329
1005695
1339594
1057185
1325065
991839
1428524
1146340
1288808
1076129
1337482
1318409
1668564
1035201
1366187
1045857
1356394
1054592
1299977
1113731
1309737
1340009
1596433
1108802
1380075
1109827
1619667
1181604
1436364
1123427
1338986
1482927
1316649
751767
939485
1168069
1164164
869403
1049313
877436
1075362
771448
1202918
993054
1417324
1020928
1725398
1194118
1473422
1178181
1370027
1273448
1520335
1064834
1343018
1164164
1651507
1215398
1479790
1225190
1441293
1056545
1450861
1287560
1539376
1045057
1356874
1042912
1390636
1306664
1537264
1069537
1408588
1314185
1494958
1061921
1324937
1069089
1350634
1715734
1026080
1370923
1041473
979294
788377
913405
661205
874267
669109
1491566
1124451
2083713
1600210
1636659
1374507
1705653
1212518
1291177
980222
1388267
1183205
1766615
1252455
1364779
914525
1162852
1340714
1357802
820282
972543
1257703
1224102
756504
927260
797336
1388139
981470
1069345
1774455
972799
653492
1215398
1067457
1682708
1273320
1374667
1037216
1643795
1274919
1412204
1335178
1553489
1104194
1401356
1085442
1064578
914077
1691957
1050048
1293000
743575
1097954
979359
921308
1058273
1221318
864155
1064417
1262567
1322217
675701
1041888
783384
1040032
1315081
1933660
1073922
1117603
943358
1330954
1031456
1667796
1256680
1422796
971454
1665844
1264199
1581041
1287816
1580017
1202789
1435629
1109411
1700181
1113699
1419948
1236007
1589585
1086274
1344938
1095138
1411084
1032416
1477422
1130947
1413196
1225063
1624018
1057249
1441324
1033728
1551312
1366922
1411020
1133828
1688660
1083105
1451117
1186309
1499662
1294824
1489134
1112611
1530096
1321577
1507151
1071649
1344266
1101154
1345706
1122082
1677013
1081218
1413868
1129507
1456366
1098658
1350122
1202661
1542320
1091394
1424941
1085249
1654195
1063457
1333449
1097955
1313993
1084930
1358378
1136899
1309769
1210822
1328233
1078689
1304393
944861
1668916
1275208
1466158
1231335
1600242
992863
1313865
1053537
1331306
982207
1375275
1046209
1331657
995839
1392300
1296968
1522864
971774
1401932
1018687
1402412
1022207
1703733
1225990
1454734
1285384
1490222
1053537
1509999
957918
1347754
965982
1390444
1019360
1318121
1028992
1296265
1051905
1696725
1132356
1382347
1021983
1677108
1118819
1382731
1096066
1686644
1238438
1455821
1293576
1546832
1057248
1384395
1019232
1369835
1313673
1520655
1055745
1363083
1055073
1697685
1138307
1664884
1258536
1440652
1012864
1358410
1298472
1504879
1077665
1344170
1154148
1427788
1024735
1319561
1041088
1300776
1026368
1373739
1095490
1521808
743575
1628179
1047489
1609234
1263912
1459053
1269255
1554897
1038049
1437741
996447
1354987
1053953
1712533
1211173
1394860
1098626
1339114
1290440
1506735
985535
1409996
1051361
1394764
1024799
1415084
951198
1315753
1315337
1469390
1020480
1322377
1058913
1363946
1063489
1371850
1044289
1313449
1012383
1316009
965310
1648244
1183813
1384044
1065025
1390156
1306121
1471149
1008447
1418893
1013888
1430861
991967
1394892
1012896
1342762
1007871
1704789
1366954
1526544
1204038
1464941
1190373
1627411
1077409
1432076
1070658
1402411
951614
1348778
1307561
1582994
1064321
1413740
957022
1353482
1054465
1315849
1103586
1311273
1308937
1544080
1006879
1326057
1117251
1417548
1054241
1387467
1087425
1312073
956094
1713110
1097154
1369579
1163300
1354090
1320553
1459629
1070817
1297993
1085794
1296680
966271
1671668
1213798
1364202
1040321
1684116
1188197
1601618
1214150
1355082
1349322
1554032
1069793
1469261
990015
1300553
1351338
1547856
1067265
1336521
1131523
1399851
994655
1297577
1038784
1391691
1047041
1664628
1279143
1354666
1072033
1669396
1102371
1604146
1278344
1593842
1108131
1378187
1302217
1619186
1012992
1424332
1072834
1369067
1029920
1297096
1067681
1669460
1293032
1480334
1086658
1298888
1302216
1606322
1008703
1311113
978591
1189829
777081
981055
1296489
1072833
809497
927389
785368
1149988
966526
1276456
1055361
1711990
1121411
1443501
986207
2128482
1056321
1383787
1040161
2058560
1067681
1354250
1012096
2158371
1180197
1370699
1009599
2063872
1125219
1348170
996863
1332233
1302824
1546448
971966
1370218
1005631
1383435
1088546
1319657
1284103
1478958
1062561
1319177
1032704
1321065
1300840
1593554
1021984
1324457
1000127
1310089
1309609
1472206
1063233
1292329
1061537
1301544
949022
1301161
1309673
1425932
1028704
1304424
1004735
1291688
1026240
2093025
1148004
1458189
990783
2332648
1182884
1400012
1162980
1989470
1171268
1618418
1273000
1495663
1267943
1644371
1076514
1367627
1116323
1394380
1078881
1293961
1048705
1292200
1033280
1210310
916636
1037600
683638
960766
1117731
1345449
1345066
1474958
1086370
1340681
1040576
1391564
1350794
1514863
1078721
1324682
1025376
1338250
1041153
1282248
976414
1392876
1322825
1514384
1041568
1330953
1007487
1392971
1295177
1515279
1072449
1431340
1124515
1602770
1098306
1346378
1193189
1364651
1063521
1428237
1037568
1408203
1029056
1308617
1082690
1786168
1095426
1684789
1095938
1384427
1072513
1436716
1015712
1312233
1199077
1391979
1086818
1641651
1119971
1358763
1063457
1306313
1073985
1363979
1013920
1297128
969119
1308489
1291497
1475854
1044224
1356011
969406
1361770
969790
1371627
1076257
1692341
1256616
1392683
1062145
1711797
1223142
1471118
1113954
1365354
973086
1290824
1314921
1509487
994847
1327273
994655
1420557
1120387
1310888
1087874
1368427
1328265
1511215
1152452
1332969
1201830
1344426
1029920
1658323
1392524
1427341
1213254
1630739
1019807
1349226
1119363
1385451
994239
1327690
993151
1316777
1080897
1387083
1058465
1340042
1013439
1346602
1308713
1618899
1022624
1328778
1067009
1309896
1089826
1375083
1105570
1309256
1329066
1478414
1042977
1315881
1124355
1301513
1065953
1380363
1310505
1516304
1026240
1449005
1038624
1313417
1060321
1395179
1310377
1627923
1036289
1354026
1060513
1300425
1011903
1394411
977727
1356138
1294920
1532496
1029792
1432780
1037312
1329834
1021120
1353770
1094178
1712565
1256040
1490254
1269608
1569456
1087458
1355722
1076866
1704053
1254023
1565648
1236007
1407308
1180965
1526031
1191333
1434028
1258151
1462702
1036961
1370602
1070177
1329769
1295945
1559504
1093314
1392459
1102274
1293320
1013472
1318890
1062274
1342666
1355626
1552112
1119522
1381899
1022720
1672244
1272136
1473134
1199302
1371403
1284808
1541840
1156196
1627795
1308104
1758518
1265832
1631731
1052449
1125091
689622
1435629
1263143
1108546
839482
1021599
1267111
2091713
1095298
1315369
1138180
1382571
1070145
3152354
1302441
250504
224167
1645843
2320744
1772983
1109282
1326186
1106563
1721173
1350762
1399659
983775
1026976
1170404
1576625
821722
1481742
1027168
1624818
771096
1215814
1233095
1740214
1075521
1395276
1085346
1411532
1099458
1328202
1151940
1560209
1120259
1358795
1220582
1489262
1087010
1458541
1313257
1454254
1306120
1588530
1062273
1353386
1092610
1410540
1260775
1617874
1087777
1423820
1141316
1560433
1117186
1415212
1085538
1383755
1111235
1464685
1093954
1528144
1018368
1336585
1076130
1657076
1103427
1356842
1120035
1608210
1284520
1499919
1305577
1551217
1302376
1446349
1082273
1380875
1136067
1583154
1141859
1362475
1080482
1360075
1124099
1350954
1119459
1365162
1049505
1681364
1094882
1369067
1103874
1374955
1028512
1648019
1101730
1395947
1074690
1509711
1077249
1384075
1147396
1326665
1125155
1401291
1061633
1409740
1184517
1644627
1158468
1334889
1129156
1359786
1143780
1400780
1107043
1504239
1121731
1420493
1087106
1556752
1044961
1486766
1309865
1445261
1070306
1315241
1058209
1342346
1290825
1500559
1065281
1350346
1163812
1318601
1089858
1338346
987967
1328650
1039553
1696341
1097058
1521615
1201989
1483822
1099618
1444653
1169604
1539471
1153091
1435661
1054625
1483822
1013791
1680212
1233286
1544688
1138307
1488974
1213638
1472750
1204101
1450189
1075361
1294408
1044832
1659667
1155332
1345482
1286632
1495151
1054529
1359435
1111843
1425645
985727
1729973
1240359
1386507
1165284
1336649
955838
1134755
768536
1021439
1154052
1391147
1366890
1123651
776088
1242311
914844
1336617
1126819
1362859
1070722
1289064
1298633
1596018
1066849
1380907
1110115
1540048
1065057
1203750
967358
1612082
765016
1376075
1010175
1575729
1117123
1543056
1370667
1321578
1494894
1607698
1141796
1313385
1109794
1337961
1012736
1355562
993439
1288808
1291688
1477454
1018048
1359626
1012191
1322281
971934
2108834
1265767
1342890
991615
2089537
1117891
1461422
1107715
1372618
1296392
1483918
1002815
1330505
1117731
1336234
1037504
2130722
1145252
1416492
1009631
1350154
998751
1370411
961022
1773943
1217669
1371690
1076610
1331178
1288296
1520463
1027040
1336650
1030464
1330089
1053537
1775767
1222086
1396043
1161156
2102593
1167685
1392715
1300360
1533904
1025408
1308137
967518
1385099
1021600
1353130
1007327
1335017
950941
1290792
1366699
1290600
868315
753432
756888
874523
1052928
846586
1327273
1465069
984991
1316937
1064994
1333321
985951
2071584
1059585
1383916
1064226
1736662
1094914
1443021
976830
1306280
983967
1393067
1315593
1439981
1046560
1407115
1324201
1434029
1069729
1349930
977406
1322217
1213862
1392651
980766
1278728
1294632
1556880
1007999
1398955
971038
1342633
1330058
1476270
1092898
1418476
1006623
1316425
1020544
2081985
1184325
1377003
1081729
1303305
1319273
1472462
1102850
1400427
1065346
1305705
1337450
1460685
1042817
1324106
1035841
1328233
956286
1312425
972702
1349898
966622
2105089
1148515
1174372
946398
1262984
1289032
1604977
996607
1347146
1010047
1295560
983967
1316105
1295560
1461453
1056481
1387947
1000575
1311433
965854
1714838
1170308
1463758
979742
1702581
1189477
1598162
1208966
1401932
1274919
1544944
1083713
1347434
1046401
1384139
1313641
1526159
990527
1355178
856123
820217
576914
676213
730647
1465134
1324361
1543376
1335498
1623986
1112771
1402539
1337449
1500943
1016319
1368714
1081058
1354698
1045120
1371979
1065217
1302216
956670
1317865
1312265
1539280
982270
1346154
1055681
1396108
1018112
1686740
1269159
1604337
1153220
1608690
1210214
1588114
1142435
1596593
1103778
1505903
1116610
1390123
1328169
1598418
982014
1335401
1129827
1672756
1175716
1405260
1026432
1703253
1210502
1502030
1110211
1400300
1269128
1520463
1112771
1462350
1020928
1440205
1267560
1541264
1097538
1319369
1090690
1307433
1263048
1619411
1101571
1435437
1018208
1346410
970302
1392651
1311465
1524783
1000671
1631827
1112451
1510959
1144068
1385643
1107298
1396523
1232454
1524208
1108131
1491214
1098146
1333513
1010719
1306057
1113474
1310281
1099330
1302761
1056769
1317609
1091778
1427245
1075713
1533455
1270664
1479918
1083009
1399787
990367
1444845
1020864
1333897
1309225
1504335
1003743
1333513
1073697
1379339
1042560
1366218
1287176
1528784
976990
1425485
1077026
1432332
1004063
1346634
1028544
1338922
1027392
1660628
1267335
1475534
953758
1676437
1271944
1517328
1175012
1375851
1270855
1543281
1102339
1449837
1004319
1351306
1275175
1570609
1107554
1426829
1094242
1403180
1010464
1315273
1065089
1707093
1249607
1393867
1161476
1582577
1088226
1328905
1057601
1359115
1020192
1329065
1330569
1516431
989887
1299593
1088994
1341609
1057281
1336969
1320265
1547664
1028256
1311593
1049760
1301929
995679
1324425
1040481
1352074
1009631
1715317
1223142
1530224
1173285
1430092
1198885
1558224
1000799
1380683
1027712
1459885
1027552
1343018
1304905
1598609
1065409
1421996
1051809
1540976
1031392
1716949
1055649
381804
1076417
1524175
827514
1456461
1202790
290761
756663
954622
613492
806745
1236838
1260967
750104
1080385
954237
1041696
1900411
1241511
1191813
1376459
1171268
1316649
1112291
1305929
1145124
2232645
1273768
1452269
1126211
1144420
855867
1383947
1395659
982207
651732
866875
651444
1582001
1031936
1359563
1084130
1427788
1098370
1370698
1265127
1741974
1096802
1385707
1121027
1362474
1099554
1372651
1066658
1648531
619027
1486735
1325449
1444045
1086114
1380075
1238471
1666260
1080738
1331274
1087810
1419084
1080866
1574417
1115938
1415788
1084482
1419053
1066082
1527599
1095298
1426669
1054368
1535280
1102435
1411564
1195973
1458894
1334282
1591698
1188613
1156484
1084737
1279656
1264136
1607186
788953
1442861
1000575
1674004
1173157
1685813
1153892
1655507
1256935
1408716
1122691
1461102
1201381
1455757
1019904
1301608
883516
1615826
1060321
1613234
874492
1074049
1185157
1226662
1054304
1030208
1331946
1132163
944445
769560
691733
1276327
784664
971646
1005567
1061729
720599
932093
1013567
1127107
983423
1278792
1147716
1326057
1088322
1316329
1101026
1329066
1226214
1313833
1301065
1519632
1106498
1519183
1225447
1548464
1098274
1316233
1081090
1523696
1140036
1326121
1112099
1509135
1116322
1314985
1159524
1499887
1325449
1483118
1410412
1453934
1125603
1338090
1232166
1526127
1075425
1397900
1144867
1342058
1131299
1321834
1101186
1514735
1068290
1327561
1096642
1341418
1082722
1625779
1086146
1470446
1332105
1472110
1296104
1480686
1202662
1463053
1172132
1537840
1096450
1325129
1148900
1452109
1333961
1384555
1276391
1477006
1349834
1765495
1283015
1432396
1155428
1456494
1185477
1523919
1232742
1639315
1083650
1437517
1114371
1633203
1318889
1422700
1291144
1451310
1304457
1502351
1322825
1473710
1315241
1457837
1327305
1457742
1284008
1464333
1272135
1498606
1299976
1504814
1281384
1539856
1273864
1676468
1097282
1383819
1117442
1381643
1088642
1346730
1115491
1374219
1044160
1701205
1063361
1446285
1113730
1359178
1051009
1637555
1061377
1371083
1079010
1672308
1079202
1343818
1034368
1551728
1093186
1449933
1093986
1339978
1086498
1348778
1158020
1452494
1067362
1661108
1074722
1404844
1068705
1500911
1097122
1403787
1074145
1514351
1152452
1411404
1129699
1326377
1117379
1336170
1100994
1531152
1027584
1348970
1072546
1422636
1106178
1611890
1125539
1406476
1118691
1382923
1350442
1589746
1149924
1730454
1286984
1471949
1313929
1458062
1128675
1395532
1080290
1629298
1150020
1329066
1101602
1433964
1294824
1483214
1255047
1717013
1156324
1408652
1138595
1409644
1128835
1643987
1146179
1401772
1228518
1531248
1150116
1376523
1072289
1479022
1249990
1450093
1161508
1639539
1035136
1328777
1095522
1417420
1384875
1200037
756535
1002751
675573
1016352
1256296
1756886
1130660
1459054
1025856
1518191
1323753
1517424
1079266
1357834
1086241
1364074
1113442
1667059
1007392
1389740
1081505
1528432
1142531
1566992
1099843
1395340
1046272
1581745
1083521
1372267
1060449
1535920
1076129
1354730
1064385
1521487
1028800
1402156
1076705
1474062
1310985
1568305
1286824
1502543
1092194
1557584
1126147
1459918
1095842
1479278
1286472
1490478
1119363
1568721
1099619
1362283
1093218
1440877
1123587
1348682
1286728
1561201
1086754
1472686
1083810
1557904
1087394
1433133
1080289
1372042
1076097
1693141
1085666
1436429
1084993
1357354
1099458
1363050
1072385
1546736
1078562
1355850
1125859
1338730
1059009
1533648
1078945
1410124
1118755
1251207
1017919
1502574
1207109
1017919
719478
1594482
892540
1421132
1086274
1287528
977055
1059809
1093090
1347530
900828
1269096
1055777
1533903
1032288
1688597
1052129
1545712
1028352
1466414
1037248
1355914
1082658
1336202
1081282
1565681
1091650
1489263
1268775
1498414
1294248
1480014
1085602
1509743
1265096
1397516
1127971
1440941
1115139
1574673
1024768
1427437
1114690
1352810
1067138
1556720
1069026
1392043
1090818
1530672
1100099
1435437
1024800
1389867
1082274
1495791
1083746
1357995
1147012
1335018
1151812
1508270
1128163
1501198
1109314
1463566
1336810
1444269
1150628
1666420
1077378
1421036
1123491
1441420
1301257
1497006
1084001
1336330
1322217
1504655
1275656
1461454
1094594
1688981
1109154
1461358
1076321
1408907
1050977
1551409
1101347
1390155
1065697
1599601
1041888
1330633
1113219
1439309
1094146
1372458
1028960
1614131
1110498
1435661
1012960
1450477
1068258
1631058
1104419
1354218
1063841
1583473
1074273
1355627
1061377
1324393
1054625
1531792
1073217
1324521
1149475
1410859
1091778
1628339
1069281
1425036
1142852
1441965
1306953
1463790
1190341
1486607
1113987
1678516
1090498
1373387
1134339
1536944
1114018
1342506
1080033
1530640
1079426
1348394
1101314
1546032
1094114
1439373
1073377
1648339
1108642
1457582
1086786
1661523
1066817
1481743
1095170
1436109
1062529
1584306
1081153
1547408
1053857
1439213
1045664
1666388
1074017
1426125
1049472
1473774
1047073
1556688
1070946
1329161
1042304
1354154
1178149
1526480
1106754
1443245
1098979
1412812
1272616
1645331
1075554
1380811
1075426
1652980
1086018
1467213
1082017
1513231
1311945
1465069
1093954
1650291
1068642
1400620
1084866
1502735
1079905
1413676
1123235
1616563
1104546
1362122
1249095
1518832
1144356
1368747
1157892
1608690
1135043
1412684
1075746
1521968
1147588
1398123
1051905
1521455
1108515
1416428
1103331
1462925
1326441
1509326
1120002
1351626
1152484
1527503
1128707
1342505
1168933
1524111
1152004
1390827
1082497
1517263
1090082
1357258
1152580
1329066
1089186
1326953
1030720
1628563
1105795
1315304
1050945
1537392
1080290
1354666
1076482
1545553
1179557
1373323
1042241
1553840
1114690
1468654
1037888
1378026
1155588
1506575
1205637
1690388
1296200
1508335
1321225
1451789
1359882
1440621
1136291
1327497
1134596
1645619
1094530
1324617
1104099
1519599
1116451
1424716
1103747
1639123
1089089
1423181
1086882
1554032
1323465
1523087
1282280
1509007
1069441
1699317
1029984
1401548
1104290
1369355
1040480
1550224
1113539
1421964
1082594
1478574
1037217
1346954
1147427
1339850
1285672
1509711
1120003
1492719
1100674
1512879
1154244
1422509
1084034
1639667
1100162
1382411
1133316
1558576
1040896
1636563
1089506
1427597
1069762
1628403
1081122
1349130
1059361
1573009
1085793
1418828
1045729
1539952
1058113
1464942
1067425
1187172
722486
892380
1066497
1256231
906236
1076962
926076
1212710
1075585
1522063
1017312
1702741
1020704
1478926
1320330
1449613
1169444
1412300
1048832
1771416
1188453
1565744
967550
1249575
697206
953054
1038016
1753431
1302409
1448013
1174117
1399755
1137219
1319529
1133475
1373163
1282472
1473038
1112066
1368587
1039905
1602546
1084258
1245063
894812
1090210
1131235
1864250
677557
881243
655060
922781
922716
1039393
924669
962878
772536
1041728
1305961
1372971
971102
1272712
1212486
1323529
1350826
1572721
1059201
1416396
1090114
1345290
1098147
1455917
1069025
1667347
1118146
1452621
1082946
1496846
1295208
1556689
1223206
1539983
1085378
1440396
1087233
1465486
1066945
1357610
1053185
1645939
1082113
1431949
1094722
1518224
1047041
1573201
1077473
1221222
678869
1376107
959165
1540144
823129
1017856
1173445
1452557
1029280
1276008
1099362
1414156
1122019
1664084
1092834
1417100
1090146
1528015
1309577
1430764
1122979
1309736
1069922
1284072
1249799
1559057
1085410
1340105
1091394
1307817
1164196
1317097
1159780
1609234
1038817
1382763
1157540
1502511
1121443
1284872
1125027
1523631
1310089
1364810
1215334
1368363
1093634
1292424
1325065
1490094
1143460
1379755
1108610
1555441
1375691
1502030
1256839
1405100
1126659
1648115
1102883
1309001
1090882
1496942
1093762
1554033
1290536
1549040
1262440
1491502
1157092
1550801
1126051
1546128
1102915
1349130
1265384
1624882
1098626
1336361
1092930
1406700
1035233
1391019
1047681
1289064
1110242
1610578
1093602
1407276
1101058
1370314
1089537
1512047
1076481
1299752
1227430
1591634
1103394
1527600
1248167
1527472
1273927
1463149
1102466
1334890
1140963
1552080
1112930
1317161
1125635
1686357
1043233
1384075
1136323
1597489
1092386
1310153
1109667
1317353
1295145
1625938
1076609
1928060
1239334
1678004
1059137
1302344
1042785
1335210
1034689
1392491
1012096
1298792
1314633
1502767
973310
1397419
987423
1276904
1042880
1267943
1010591
1302889
960286
1323433
991839
1328937
998495
1824537
1062081
1352746
1354698
1506638
948606
1324649
962910
1328041
1014463
1830681
1080418
1459085
1003679
1415340
1411884
1428109
996127
1384363
989791
1365450
989695
1864346
1129539
1795991
1152035
1367403
1079649
1283656
1362954
1453197
1019935
1287400
1042017
1382635
1374858
1392587
1064417
1370283
1376395
1384587
1045440
1299657
1044097
1338378
1006592
1327562
1001151
1421388
1421132
1405324
985055
1388556
1028928
1266279
986974
1831225
1119971
1444268
984895
1970462
1081954
1424621
962014
1277543
980511
1282216
1446573
1409804
1007967
1307176
1058401
1523791
1082306
1333385
1435276
1484750
1068417
1292200
1035521
1276296
1043233
1796248
1075042
1331882
1002175
1325129
1015007
1335081
1378571
1430221
1087522
1351594
1396396
1416684
980126
1294632
1018752
1302408
993150
1835609
1039616
1355147
1042849
1358602
1306729
1371978
1071233
1348841
986335
1344234
1018464
1357738
1290920
1441804
1016544
1376811
1312233
1481039
976222
1311561
961822
1328841
991551
1772823
1132995
1634483
1117123
1526224
1073825
1362378
946430
1288104
1317737
1462766
1011584
1318857
1298792
1505519
1046561
1306472
973534
1352970
1303401
1521839
1122979
1423788
970687
1309385
1027552
1740406
1204294
1568273
1206662
1405196
1142723
1301481
1109539
1298248
1290088
1671316
1070178
1352490
1105090
1302889
1126627
1349258
1304840
1565201
1113187
1294216
1308521
1475406
1021344
1642739
1107394
1296456
1130979
1281160
1156964
1294537
1129667
1295976
994847
1360266
1291816
1511087
1070337
1310024
1040384
1283304
1012704
1409932
1038752
1344202
1270535
1524240
1069825
1326761
1131427
1419116
1062721
1389227
1077474
1384267
1002783
1381515
1059777
1328233
1272519
1662420
1002847
1381035
991967
1306120
1117730
1357546
1083074
1306985
1111523
1293928
1057409
1300713
1292296
1642579
1175429
1293001
1083937
1299336
1150084
1296296
1082946
1332234
1038177
1396395
1037632
1320137
1274727
1520111
975262
1317257
1128771
1318217
1136451
1667796
1227110
1514319
1179845
1455949
1097378
1308009
1255399
1560337
1007903
1305545
1068545
1376395
1295624
1493966
1072705
1186980
741976
1127651
668341
1620146
923965
1611954
1600113
1437004
952190
1092450
857499
990239
828761
1174309
930493
1246246
809401
1112643
1301000
1366987
1094594
1389259
1115907
1312232
1066465
1353706
1092002
1342538
1309801
1500559
950269
1427756
786136
987391
978462
1245287
807929
1091746
856571
1635091
1198118
1412716
1006623
1420908
1088098
1582449
1099554
1376587
1121091
1429485
1133859
1381675
1184260
1654324
797241
1470349
1109346
1678004
1278151
1380779
1036673
1335242
1219142
1747830
1181093
1371499
1049280
1327530
1073889
1340393
1319049
1621490
1099074
1337129
1110595
1396556
1040576
1712757
1285032
1459277
1112483
1667828
1279144
1461709
1102242
1384651
1230310
1632627
1109282
1352586
1066689
1416524
1062081
1422476
1248935
1494895
1034432
1384171
1060321
1356202
1105603
1391372
1261831
1511087
1035296
1429036
1060481
1372811
1056097
1355114
1212326
1489902
1028832
1398763
1084673
1401515
966014
1289960
1396459
1253799
838234
1142052
829434
1523856
1196677
1461454
1179141
1578385
996383
1354635
1100002
1682452
1109571
1369098
1165861
1611026
1117059
1396619
1079778
1668467
1105218
1401580
1216966
1596401
1156388
1394027
1126531
1404620
1170084
1684085
1301736
1428620
1147908
1673332
1101378
1439469
1307305
1444077
1105506
1713877
1099618
1402316
1059809
1689781
1171844
1494606
1077057
1590609
1362058
1455853
1067778
1521776
1337002
1483694
1278344
1493902
1095330
1643251
1180837
1426221
1142020
1470734
967358
1163588
1034784
1311977
1000447
1730102
1078370
1332266
1100131
1556208
1106915
1481134
1353482
1461197
1147043
1334441
1131619
1543152
1115938
1357482
1067746
1509135
1037696
1336009
1073569
1448845
1305801
1512303
1185412
1607346
1106339
1506703
1156164
1462765
1298120
1459982
1111650
1589202
1294568
1435213
1174468
1357098
1195301
1556273
755960
1038304
783737
1043744
546897
905340
1256007
1292552
882811
1168869
808921
1114979
916669
1089057
1033280
1390411
1212422
1470414
1041600
1755863
1108834
1707157
1329834
1467566
1367690
1596594
1182597
1408844
1101730
1112323
718870
1559857
698582
855578
606867
792217
692822
968799
839450
1054849
1119970
1821880
1115811
1326057
1073153
1388299
1047136
1367563
1078913
1329385
1333226
1546224
1071617
1366987
1103330
1407468
1257415
1652436
1063905
1417100
1115970
1472622
1024800
1392907
1084962
1479918
1284552
1460365
1082306
1296808
1093090
1486734
1097474
1311657
1134211
1367274
1180613
1624850
1129668
1380555
1150692
1446701
1109667
1353738
1123043
1381739
1203558
1614130
1107010
1387371
1136547
1509455
1113538
1427436
1273064
1590546
1080386
1369707
1100642
1503407
1147396
1350122
1139043
1402603
1173796
1365803
1261608
1564560
1148836
1356490
1126083
1376459
1084642
1618771
1125059
1439180
1204581
1650708
1159749
1405900
1169572
1470829
1235718
1477646
1327337
1466894
1269479
1495311
1121762
1658099
1077122
1485038
1314281
1457837
1203270
1499343
1269960
1437293
1333738
1488718
1272424
1456653
1270247
1478318
1148324
1521007
1092194
1418124
1093282
1397643
1133635
1326505
1100002
1355082
1138947
1689844
1097698
1417868
1140643
1505519
1078689
1415212
1078722
1531151
1095714
1427309
1040737
1523727
1094370
1372491
1050145
1682708
1065409
1440173
1096098
1359114
1061185
1654707
1015712
1497102
1115426
1396779
1084738
1453166
1214213
1649812
1097122
1570065
1080098
1428556
1013247
1349449
1135587
1440972
1060897
1588754
1073121
1429261
1070465
1601362
1037984
1354730
1085442
1327337
1103266
1308233
1252711
1609938
1009055
1389579
1111042
1477518
939933
799961
787705
1376747
1213990
1161797
619667
1645235
985439
1109507
861946
1694644
1157668
1312297
1008352
1274280
1134115
1521167
1122691
1330473
1096674
1561873
1147683
1355595
1097122
1692404
1138115
1337930
1123747
1557680
1123363
1414732
1103394
1338377
1136579
1403020
1066049
1316329
1129635
1655604
1123970
1392364
1089474
1583537
1204966
1339177
1104482
1405356
1095298
1324041
1058336
1608274
1131267
1404107
1116675
1411692
1105986
1335177
1089986
1373610
1271848
1679508
1078274
1368778
1100034
1356747
1224582
1588113
1088322
1415436
1100034
1430028
1076834
1783575
1074977
1487502
1095938
1608946
1069569
1348298
1051745
1570833
1102466
1421740
1141732
1542288
1066337
1376331
1095042
1386059
1102947
1601778
1030464
1336554
1083266
1504975
1073730
1313609
1117987
1480750
1085762
1427948
1133283
1359691
1121347
1375914
1197029
1368107
1144580
1364490
1070817
1350954
1077538
1408236
1238087
1630739
1084513
1336809
1166468
1620499
1076673
1440140
1083906
1606866
1128739
1404812
1114083
1424908
1109379
1562416
1422188
1465389
1145316
1301128
1114947
1313449
1255687
1517967
1160228
1347370
1170468
1341993
1171268
1353738
1086370
1625458
1109218
1334314
1101474
1403787
1064033
1334442
1076225
1427821
1156836
1544336
1078241
1407340
1053856
1557904
1097826
1357707
1051681
1644948
1070177
1515119
1249703
1459246
1105507
1554256
1065409
1422413
1081345
1684405
1097090
1505999
1118051
1352234
1113891
1388716
1084066
1368683
1182789
1644787
1103426
1463821
1102338
1447341
1098658
1462541
1311721
1633875
1078274
1415948
1077186
1341833
1071265
1557969
1091874
1401547
1037312
1437005
1140932
1546800
1093442
1481262
1060193
1453805
1305512
1457069
1268743
1452269
1096962
1614579
1100450
1377835
1064674
1589425
1071809
1404364
1206182
1313577
1093442
1316776
1251943
1688500
1030880
1343562
1098658
1926204
1352458
1459405
1326697
1442669
1316297
1453774
1296104
1433869
1138212
1602482
1136803
1330538
1105282
1603282
1167844
1350250
1089281
1626706
1130339
1332394
1184261
1453069
1324969
1425996
1144900
1365290
1127395
1278568
1288840
1602738
1090754
1385451
1090434
1318505
1151972
1384139
1022272
1297193
1282280
1521647
1129667
1316297
1221862
1557873
1101474
1320713
1065537
1311785
1047168
1357291
1302408
1603249
1077569
1316201
1063809
1318505
1093218
1690325
1266791
1529808
1187301
1488879
1134627
1352458
1241511
1621203
1109154
1732630
1124611
1389996
1156964
1349706
1314664
1578897
1137731
1299080
1345706
1464910
1202341
1299337
1135844
1376138
1069762
1353066
1290504
1585009
1138755
1357738
1137763
1307881
1099074
1563409
1240359
1427724
1141155
1477422
1137027
1308041
1270279
1291464
905532
1031200
918204
1345162
1334313
1458254
1107362
1755031
1084706
1420460
1080673
1569201
1096226
1509806
1055328
1670708
1091842
1465486
1127267
1470894
1263367
1486798
1286760
1443405
1123555
1624946
1075265
1319913
1109763
1461197
1064993
1635922
1084770
1423692
1103875
1578385
1071810
1393035
1121283
1642451
1071265
1357162
1085665
1507694
1290952
1473454
1142916
1689525
1082786
1396236
1091106
1493518
1288808
1463885
1273735
1464782
1191813
1351722
1129987
1341770
1234630
1615858
1084322
1415052
1077922
1629651
1134659
1478253
1142820
1391948
1304905
1673588
1126243
1386220
1115107
1621394
1153027
1405739
1087042
1423724
1120098
1328233
1145699
1352714
1033856
1648115
797592
1039969
651637
943165
714966
1604402
1061889
1815192
1345098
1263048
1260743
975774
807545
1168613
904188
1152676
896060
1214693
1059937
1496719
948158
1360522
1127075
1326601
1066753
1513167
1084194
1336138
1083298
1331017
1052801
1617970
1140612
1335914
1065153
1583313
1069313
1423788
1090498
1494318
1084514
1329673
1125315
1508591
1123267
1412236
1114402
1481358
1188581
1481838
1254343
1444781
1113282
1745846
1089218
1364298
1085986
1567280
1059233
1421452
1085250
1463566
1286504
1467853
1250726
1671060
1146371
1393963
1111043
1622323
1138627
1401740
1110146
1587569
1141572
1366186
1315337
1428972
1319689
1381707
872731
1120003
1211270
1224294
907164
987039
1072033
1859993
1138179
1313609
1848698
1403052
1294697
1442509
1084866
2831672
1315176
1495182
1153828
2531950
1301896
1468526
1183205
1448461
1104418
1238663
1106434
1004991
955262
1269640
943773
1066274
1312777
1377771
724982
839738
1168740
1700052
1126307
1339082
1094690
1345642
1197061
1690485
1094914
1342762
1106978
1542256
1042112
1403212
1094050
1411724
1161988
1524399
1128195
1330217
1118627
1523632
1114787
1331881
1108002
1515791
1122050
1340170
1163524
1446701
1299176
1619219
1136707
1515471
1077153
1495119
1099618
1427212
1118114
1375147
1197221
1720821
1122883
1448237
1072865
1558321
1061857
1358858
1106178
1460846
1136323
1555952
1085346
1435565
1108194
1642323
1072257
1466061
1095714
1540496
1292616
1498191
1347658
1472046
1234566
1497582
1253223
1285608
1092322
1664404
1309161
1457870
1282184
1467053
1301352
1415404
1284680
1465006
1106659
1676629
1118690
1394571
1318153
1666643
1118659
1434637
1145124
1557104
1078401
1374059
1117699
1595890
1105218
1582993
1282119
1452013
1108610
1345770
1122499
1559473
1075681
1454765
1081442
1539696
1114851
1408716
1084738
1438797
1107651
1341866
1279624
1559057
1083713
1433485
1088642
1586577
1095138
1460845
1079041
1515024
1309033
1473582
1271815
1535312
1107747
1546224
1108579
1410700
1072482
1640627
1050081
1335273
1311305
1455597
1273224
1485358
1299016
1468878
1328841
1470893
1323209
1593105
1153380
1513871
1107618
1426604
1064801
1389803
1085345
1644724
1113026
1339434
1115107
1341066
1214278
1517007
1144260
1416364
1093314
1318440
1094050
1343402
1298921
1481038
1070529
1378891
1091810
1515183
1134755
1320041
1082658
1520079
1099010
1320873
1071809
1527023
1074913
1570417
1289864
1495086
1250599
1474414
1319657
1438797
1142467
1413452
1168356
1632787
1091650
1391883
1087650
1578417
1078561
1552336
1120642
1370858
1233959
1561200
1115427
1363786
1143139
1574385
1047584
1355786
1121250
1583569
1099394
1404172
1050497
1659156
1189957
1346505
1088674
1438349
1054976
1430925
1096098
1555505
1089442
1447757
1056545
1643283
1104706
1426732
1067073
1578865
1086242
1410444
1133795
1332170
1063073
1546672
903484
971550
1161700
1002335
1616338
956798
1096994
1114819
1535056
1043488
1398699
1118147
1334121
1121443
1442669
1084097
1539760
1125443
1431916
1079777
1482414
1090690
1495919
1143555
1332233
1041953
1643699
1073633
1395051
1319978
1498255
1077377
1378827
1074338
1406955
1070562
1317897
1051361
1318857
1273832
1495279
1140035
1379691
1002528
1320521
1066529
1405676
997311
1683732
1203173
1428141
1267271
1656403
1105090
1358122
1062529
1466413
1058977
1356138
1053344
1521103
1282984
1606354
1090658
1416716
1080610
1416172
1079617
1724309
1167268
1635731
1269352
1392043
1062593
1664948
1163653
1537136
1228134
1593105
1232935
1490638
1109347
1601490
1275464
1472718
1306856
1533616
1025952
1419244
1071554
1352330
880251
958205
991422
1632883
1090274
1082274
1258887
1238662
1066914
1441389
1297672
1617490
1030080
1351338
1051232
1320649
1026592
1661364
1259240
1445133
1156324
1679221
1161540
1485102
1171621
1574801
1146468
1397515
1308841
1606930
1086690
1402603
1109507
1391979
1165444
1303368
1291368
1627155
1128707
1366282
1088098
1316265
1097314
1404332
1101570
1302184
1072161
1665652
1244935
1417868
1348362
1595858
1143203
1411212
1070017
1323209
1008063
1647507
1181957
1473934
1237222
1448717
1127524
1319369
1086786
1310984
1032480
1367946
1275912
1518447
1031200
1406636
1082690
1384619
1300328
1484110
1183012
1326537
1004640
1354794
1270311
1618355
1081473
1354442
1042816
1376010
985951
1370890
1311336
1616595
1013247
1423180
1323401
1624947
1105123
1374218
1088418
1370699
1075266
1353578
1065121
1404876
974942
1299912
1068450
1674900
1231206
1345258
1096258
1672244
1207909
1461613
1025023
1314921
1266567
1479854
1080386
1340714
1144740
1522767
1157892
1331305
1093474
1354539
1062273
1297192
1047457
1305513
1061953
1308905
1298248
1515279
1002207
1331625
1047584
1355178
1016096
1409804
1040577
1361322
1038400
1307209
1311688
1517359
1042497
1410091
1050433
1363146
1041152
1320617
890620
1176452
1294952
1183493
884700
848026
1079842
1396971
1100930
1301032
1092482
1349642
1373835
1321353
1003711
1289192
1336874
1513519
1099458
1328713
1269319
1454189
999199
1128963
781368
1762711
842843
1133379
1176677
1465741
741751
1229543
834490
853146
742455
1071745
842299
1089250
1279080
1131011
983071
1261575
1118915
1364298
1104962
1314953
1354666
1566257
1093826
1387116
1062017
1314729
1098434
1650131
1281256
1474413
1104002
1651539
1226534
1401612
1203717
1545296
1156036
1334282
1124547
1467022
1064129
1329514
1045889
1657907
1379371
1485166
1212742
1472014
1266759
1729942
1172741
1487662
1100770
1343146
1288584
1492335
1076257
1316009
1120259
1383371
1133347
1684436
1260743
1485870
1238790
1518959
1264168
1479918
1190789
1560785
1062177
1359562
1081505
1429484
1112259
1310761
1091746
1391979
1326729
1619539
1037473
1329161
1088546
1379883
1105186
1308457
1090274
1292680
1043168
1645939
1433836
1490094
1094210
1661044
1254503
1441901
1008480
1681172
1169316
1466126
1172644
1583313
1154724
1523055
1073666
1415628
1014176
1674196
1222182
1498159
1279592
1621106
986014
1351082
1280904
1501615
1090114
1403084
1092386
1356650
1063681
1500079
1126339
1358218
1284232
1543408
1073857
1468749
1097954
1399531
943517
1718933
1243111
1519535
1115779
1456302
1189605
1555313
962398
1421932
1073729
1688340
1211301
1684596
1279079
1621491
1095010
1411947
1056033
1425132
1082177
1450318
1012447
1358571
1286472
1630931
1084418
1404331
1075649
1411083
1054625
1380459
1294728
1642963
1377867
1606609
1090338
982015
661877
880795
708118
1701877
1209317
941533
1271719
730454
960222
1031520
1362763
1039840
1359851
1294952
1663540
1083489
1416172
1116771
1736630
1304680
1540176
1072034
1363467
1316393
1604722
1140804
1345578
1138883
1357834
896635
1008607
1285064
1709621
760248
868379
685334
1105762
1404428
983390
722551
876891
1533359
1672180
1133956
1550641
1188357
1411980
1163108
1587986
1281608
1469997
1064033
1319593
1157188
1510255
1126499
1328714
1112322
1546928
1146084
1353482
1120131
1632211
1136963
1337322
1106178
1521423
1128804
1326057
1096962
1343786
1049632
1415852
835258
1379626
1082114
1203205
1067041
1211814
895292
1187461
990399
1697428
1292488
1398347
994111
1208294
1039713
1433388
1059809
1299721
1024640
1662900
1075906
1359754
1079234
1550832
1079330
1429356
1020031
1369034
1126467
1398124
1072770
1489519
1062433
1985598
1005375
1118723
734743
912572
1121538
1273863
880571
1261831
874428
1169348
1033600
1324170
1202021
1559824
1101827
1384811
1041344
1646995
1100898
1560272
1038240
1579314
1073474
1351210
1069442
1652307
1081250
1426412
1043040
1542351
1101570
1424044
1093538
1482798
1281736
1475918
1125091
1362315
1092258
1567889
1087586
1470733
1104162
1321865
1108547
1326794
1039936
1624755
1110690
1387083
1101634
1319401
1151780
1628115
1102882
1452173
1097634
1496495
1280679
1506094
1127747
1432012
1104034
1702421
1079649
1364778
1059329
1569265
1105283
1459757
1033344
1703189
1098370
1431821
1110946
1366090
1104515
1433196
1070337
1652404
1092546
1355754
1104514
1296008
841338
850042
801849
1251015
1316233
1137892
777113
1063745
781176
1551729
1073537
1597873
954973
1493230
1239719
1469709
1304169
1527759
1125763
1575409
1099202
1382155
1037504
1680916
1116099
1423020
1110403
1383627
1085250
1414316
1115299
1378251
1130819
1677780
1085730
1444493
1117507
1353866
1110659
1391307
1095586
1611506
1229799
1494223
1294056
1500015
1266887
1499407
1122402
1526607
1289128
1464366
1109218
1390347
1137251
1688980
1090402
1327273
1094146
1346057
1136996
1341834
1105986
1377387
904124
1368715
944509
2136706
1305672
1645651
1122947
1333065
1122915
1316969
1168196
1468109
1347690
1445869
1146531
1391660
1154564
1613810
1114563
1515215
1192773
1318729
1149700
1328233
1111235
1417132
1127907
1524879
1131683
1419436
1135555
1437261
1107010
1512591
1136387
1407467
1046465
1548176
1131395
1420236
1197797
1519248
1019168
1425004
1105890
1338602
1065409
1326026
1274856
1376843
1116451
1076481
1133603
1374667
1603378
1544752
1122147
1341610
1110370
1680405
1069729
1407244
1091842
1426828
1050944
1519631
1084994
1333002
1097378
1529679
1091745
1482222
1058625
1619122
1111810
1400652
1104866
1309609
1129923
1346826
1122307
1323945
1112739
1423468
1069730
1633075
1141987
1427724
1096930
1503439
1065697
1353514
1148580
1335689
1121795
1517199
1054912
1309993
1015488
1297193
1089474
1347626
1253191
1621875
1080961
1341930
1062817
1540656
1065185
1411532
1113699
1398444
1086658
1375307
1040321
1649172
1053920
1454029
1082402
1527664
1067745
1455917
1095330
1577329
1080225
1422636
1013824
1321769
1113858
1330249
1086274
1519503
1108099
1509263
1196165
1660435
1099746
1630163
1075329
1431149
1051392
1410732
1153379
1583154
1081570
1448141
1249350
1405835
1285864
1501678
1272424
1584337
1057536
1378187
1107362
1566256
1091522
1379499
1081953
1608882
1098082
1438028
1014848
1437965
1089474
1658707
1086306
1453037
1071905
1533328
1088897
1494895
1089314
1409580
1072450
1437261
1051777
1421484
1080065
1358058
1058913
1674516
1037504
1427820
1100066
1450957
1026496
1369130
1073538
1547440
993567
1374763
1087266
1501519
1302696
1499886
1214149
1495630
1077889
1329162
1122787
1567217
1103266
1484014
1074337
1325801
1115586
1323658
1140067
1317929
1063425
1528304
1156868
1316457
1123811
1484238
1321065
1441932
1149123
1626354
1099010
1418092
1115587
1343882
1157924
1314409
1192293
1329993
1174149
1649075
1127715
1484398
1112642
1490863
1151396
1426317
1118307
1508847
1150371
1422572
1120515
1402539
1072673
1632082
1306665
1430988
1149604
1627923
1302184
1512143
1253383
1531504
1098466
1336521
1207461
1184484
848570
2283975
934493
1233382
805625
1298633
856315
1115907
935901
1249959
1256903
1722389
1157892
1366410
1085954
1457325
1079618
1547216
1100450
1364298
1083457
1353226
1142052
1635059
1026944
1317833
1049440
1520815
1100706
1340234
1089794
1607346
1058913
1460141
1142979
1578257
1103810
1454509
1058144
1544176
1107363
1398347
1101698
1433517
1034977
1539567
1104450
1351114
1138596
1402923
1061281
1354762
1137635
1343977
1179268
1635922
1119363
1398476
1317161
1522415
1136131
1399340
1120707
1407531
1352554
1439885
1081570
1563633
1096834
1356874
1150148
1538320
1089122
1421324
1153795
1424301
1053568
1281223
912284
1449773
953150
1264200
1035392
1558929
1288360
1486286
1134595
1617971
1063713
1435405
1118627
1371947
1160868
1328361
1124643
1571697
1064353
1317929
1029376
1527760
1105891
1344650
1105667
1508335
1028960
1445997
1211685
1429932
1186916
1312457
1091682
1514255
1095074
1349706
1061889
1539504
1082305
1317481
1079522
1667444
1040864
1434989
1086978
1432493
1096163
1350410
1083937
1370891
1125123
1670260
1098562
1364299
1095234
1409036
1008383
1594898
1361194
1486478
1145924
1483439
1074209
1352330
1120898
1766774
1085602
1366091
1132483
1550576
1104450
1437837
1065281
1586769
1062433
1458126
1090273
1537135
1110467
1429101
1051041
1537967
1052193
1439693
1168901
1352682
1290696
1512015
1133443
1588466
1077889
1461486
1052097
1575025
1092226
1455565
1053217
1472814
1102210
1372939
1111331
1341737
1060065
1534992
1083522
1439789
1069537
1493070
1100163
1427948
1101762
1331690
1092802
1620498
1091810
1339401
1114274
1449677
1104706
1830872
1292776
1510255
1000159
1525327
1028192
1145956
714743
1525231
812185
1075713
1128387
2420491
1316905
1510383
1157700
1628050
2562287
1662388
1089026
1364490
1109923
1311528
2091457
1576529
1244294
1303849
1134019
1529520
1100226
1784055
974623
1085602
917693
1266663
695510
994591
709366
910940
686069
945053
1107683
1505263
1251111
1641107
1111523
1405803
1099587
1472781
1387371
1393516
1135587
1321641
1115234
1546449
1101154
1435117
1051424
1521552
1141251
1401900
1089794
1349034
1102595
1359082
1069761
1587121
1187013
1406092
1079490
1407180
1060064
1512751
1092386
1341994
1021440
1659155
1097026
1365194
1070689
1553776
1077409
1365963
1062273
1565041
1082753
1427277
1041857
1575537
1228934
1457613
1092514
1358058
1148772
1671668
1112834
1335145
1051713
1567313
1056576
1448109
1111714
1423981
1125507
1414188
1194245
1541392
1095074
1503375
1099554
1367946
1103458
1384363
1108002
1455917
1241607
1637395
1098658
1464942
1105123
1514960
1283080
1474798
1083874
1593521
1097634
1462765
1082786
1355434
1085953
1374923
1119682
1874746
1035968
1206502
1108930
1436493
869755
1178916
886299
1555825
1201541
1565617
1121187
1656788
1204197
1481454
1060897
1678900
1109378
1473230
1089218
1608754
1068449
1405163
1110915
1457165
1279783
1461133
1303112
1447405
1144291
1551985
1130595
1407948
1191045
1329802
1367755
1441549
1151684
1528687
1077666
1415020
1115267
1326890
1182981
1554064
1122147
1360427
1159940
1437324
1069729
1406124
1118531
1317481
1212262
1620722
1119362
1388011
1047905
1514735
1126883
1413324
1063745
1528912
1049248
1331530
1074113
1544528
1092962
1414988
1013280
1397868
1070753
1536431
1083874
1372363
1142563
1518415
1101347
1352778
1060993
1567857
1074722
1363562
882299
1715253
1317449
313385
924413
1050176
834298
840986
1465326
1005503
905660
1127939
1251463
1222598
735319
949918
747447
995423
706742
1124163
865339
1303944
1253479
1417004
1099139
1373003
1020096
1296873
1132547
685301
1078113
1316873
1072289
1341226
1271656
1626482
1015616
1384683
1034400
1364522
1290504
1638291
1107202
1334282
1225574
1530447
1078913
1331017
1106115
1318313
1091426
1668692
1219078
1416972
1138532
1360970
1218982
1614002
1105186
1306728
1138564
1299752
1107874
1362507
1056800
1314089
1083329
1371338
1300329
1568849
1109282
1328362
1098530
1303144
1063329
1312072
1062689
1320361
1089922
1326473
984638
1332745
1274503
1571089
994655
1627603
1243655
1474094
1232326
1526703
1106435
1343465
1070850
1333577
1071489
1294440
1011263
1690580
1229862
1557840
1261767
1629779
1102690
1385419
1249606
1504655
1088162
1415692
1024799
1325641
1057473
1774999
1281128
1437260
1082434
1345418
1077986
1299017
1252999
1459150
1105346
1315112
1118275
1362442
1072642
1302345
1086945
1359338
1137635
1573617
1080354
1367371
1096194
1357866
1043136
1341770
1065889
1673236
1299560
1397131
1106147
1364522
1188389
1573425
1123299
1297160
1099907
1549616
1170916
1535120
1289448
1537295
1114211
1284968
1206854
1471885
1163237
1300328
1113891
1385323
1005247
1286824
1324041
1559440
1149987
1402252
1096258
1374795
1038976
1319081
1250503
1589170
1092354
1304937
1122562
1337449
1272071
1630930
1094722
1325961
1095618
1337609
1055009
1340874
1064705
1501999
1359019
1208966
1108610
1364010
1378955
1616402
1119331
1361098
1089154
1556976
1275271
1508271
1245031
1460653
1139523
1721397
1073665
1344266
1123619
1326473
1150948
1602834
1105314
1364266
1118691
1350825
1019488
1296968
1293161
1477166
1134340
1389484
1149924
1331530
1102882
1364427
1111106
1311113
1060961
1316009
1138020
1489871
1119010
1380843
1056449
1364266
1020256
1303944
1120611
1539759
1259143
1507503
1258055
1534416
1271815
1495406
1255239
1502222
1335882
1470765
1168196
1296424
1142276
1621682
1118370
1561297
1122275
1527407
1273479
1498191
1243942
1443341
1164228
1638515
1080162
1329609
1092162
1525199
1278376
1513359
1184453
1477742
1150788
1675156
1085441
1336650
1088802
1318729
1162948
1308713
1293288
1633522
1075841
1309384
1224230
1521552
1102562
1469134
1035425
1544432
1256231
1532944
1280295
1434413
1233030
1690709
1068193
1403148
1078146
1338762
1242215
1544016
1028544
1374955
1078178
1528559
1071585
1298249
1123586
1307017
1386763
1534288
1103138
1307304
1111778
1658227
1282344
1486062
1178693
1572208
993567
1320521
1153764
1359306
1282152
1490286
1088993
1556688
1250247
1475278
1219462
1463886
1203654
1671348
1121379
1521647
1103298
1331082
1115075
1338601
1202310
1534064
1121315
1344810
1118179
1336394
1145380
1608754
1162628
1428557
1098850
1665780
1085153
1333354
1147172
1699861
1066337
1307945
1107138
1621330
906652
1771831
927869
951902
734007
2042912
1018496
1124994
909501
1247687
1116258
1579569
1086465
1434029
1101634
1479182
1305672
1492302
1274407
1517647
1281640
1493071
1309353
1460749
1112867
1538224
1091009
1339786
1130851
1363306
1117858
1644083
1097058
1465901
1051488
1421516
1065793
1587633
1104802
1498478
1111330
1513327
1268679
1486062
1086209
1515727
1325802
1445933
1098531
1548016
1093058
1433517
1060257
1402571
1063745
1521807
1117859
1409868
1075489
1515439
1028032
1443020
1067745
1523567
1119363
1386059
1087170
1444525
1204197
1460077
1316745
1458925
1141923
1465357
1097954
1519119
1098339
1445197
1317289
1473262
1309864
1473326
1158916
1469934
1314088
1488430
1333769
1472078
1139587
1648147
1083394
1217798
895132
1058304
738167
1569265
795065
1285160
828473
1135523
1108418
1636659
1105219
1430892
1049920
1526479
1112066
1342858
1061857
1521007
1089026
1331625
1157892
1547600
1247302
1453805
1143907
1322409
1137123
1543152
1120034
1379786
1129699
1514511
1178084
1404555
1166949
1389611
1068641
1329193
1054337
1656275
1107330
1333929
1089634
1348074
1089281
1482830
1257191
1325481
787640
1518000
1164196
1493871
980702
1800920
1210886
2047135
1149796
1451693
1045856
1408268
1068769
1328137
1133539
1300328
1621330
1493486
1235878
1494639
1135843
1413772
1256711
1686516
1111043
1441997
1124770
1422924
862650
923421
891131
2308936
851962
1044192
705270
868443
1035584
1783416
1062753
1336682
1085442
1552113
1111010
1711797
1278024
1456013
1098242
1655828
1138947
1335530
1119939
1453709
1254023
1377067
1331657
1667187
1133252
1654995
1105026
1325609
1164644
1533263
1140515
1408652
1154500
1463757
1311273
1462574
1314569
1452973
1292648
1443021
1106755
1529487
1110531
1425196
1048992
1613202
1066401
1407691
1102818
1428780
1094690
1329609
1153060
1332265
1245574
1515535
1075009
1327050
1123939
1396363
1122019
1326537
1162276
1710325
1114946
1370635
1153348
1475886
1297128
1466125
1301800
1444332
1350090
1565297
1086817
1680308
1092546
1430124
1045569
1440717
1048097
1405836
1078497
1665780
1086370
1350026
1125635
1449581
1337546
1444556
1121155
1680468
1169125
1371434
1056801
1525295
1131395
1380939
1055968
1565264
1101346
1433772
1120514
1325353
1096738
1350442
1170629
1613106
1042304
1408267
1156836
1532303
1077377
1681076
1041056
1483694
1068033
1629395
1095394
1498991
1098946
1577905
1081058
1511439
1046496
1745974
1087042
1432684
1076545
1479374
1090882
1365643
1114531
1462318
1041313
1632051
1081697
1421324
1102146
1322857
1159620
1457805
1132292
1508847
1094402
1423020
1090114
1467150
1294280
1513039
1106723
1346890
1103714
1606898
1107234
1485646
1103586
1606226
1067554
1420300
1070337
1520431
1097538
1317225
1087938
1641971
1088545
1317833
1118274
1618866
1109090
1391564
1101986
1514927
1142148
1427052
1079010
1598514
1129347
1419212
1116643
1493038
1065825
1327497
1087938
1334313
1142564
1340585
1078786
1343850
1195941
1582833
1113219
1434861
1065665
1594321
1097794
1394155
1096290
1316745
1126371
1389963
1105602
1413772
1240199
1636914
1063329
1496974
1262983
1453134
1254663
1456557
1263879
1589809
1151972
1409132
1120163
1654163
1095394
1439468
1072226
1542416
1102818
1619667
1132963
1421004
1083138
1619794
1148291
1336138
1121923
1412652
1103138
1328138
1134468
1346090
1044705
1618611
1114019
1420204
997855
1373578
973182
1628595
1326377
1429292
1173541
1324681
1144803
1325738
1110722
1533648
1106242
1371755
1074849
1497198
1035392
1331657
1226566
1343082
1049825
1553968
1099587
1406508
1087586
1590034
982527
1414572
1081217
1349834
1099746
1334922
1118275
1408492
1059073
1530864
1150724
1410668
1054337
1543376
1097922
1360618
1108834
1478830
1058017
1396139
1206789
1425068
1133411
1330986
1104610
1346218
1071746
1675476
1142819
1339338
1131779
1470445
1203141
1434509
1144931
1318249
1111491
1564369
1128739
1397100
1112002
1527856
1225286
1447501
1125923
1349866
1140964
1333930
1087234
1370730
1105954
1621170
1198630
1364907
1033024
1693108
933149
1201989
868443
1218853
938942
1258759
1474253
1318857
710262
1027296
819065
1180644
1335593
1588690
1077218
1337577
1000895
1334217
1011551
1314729
1001567
1333225
956862
1348490
1265608
1607218
1100386
1389963
1075137
1388779
1024576
1340586
1166820
1609586
1034208
1338122
1235046
1464878
937469
1011648
750519
1415276
1070657
1018848
1198789
1270887
898651
1242439
1028128
1466285
1329417
1453901
1138211
1565041
1097954
1361322
1137156
1544559
1085634
1360971
1043872
1304168
1166052
1597649
1051937
1317801
1130499
1301768
1250695
1355818
1010079
1365002
1307817
1618258
1049504
1332777
1093218
1382667
1008351
1310633
1105474
1660435
1300457
1418988
1061377
1350026
1289736
1561137
1102274
1394667
1144835
1351594
1078209
1376843
1069185
1436013
1149188
1527119
1100099
1449069
1072865
1569009
1187429
1514959
1355754
1498671
1309832
1465389
1176964
1298952
1226310
1613810
1122179
1305225
1130723
1360682
1169796
1516559
1104738
1372074
1093378
1423948
1347305
1453837
653524
1004959
924829
1190341
855643
1004799
795576
1716629
1177669
1443404
1291496
1487951
981726
1309065
1014912
1340298
1340105
1571153
964094
1265735
1123651
1315049
1214566
1303656
1341610
1605490
1031712
1325769
1351978
1516303
1068258
1293512
1132739
1680564
1146211
1511791
1147395
1331401
1309288
1596689
1079234
1310601
1005567
1361994
1012479
1343210
1038369
2137955
1081889
1594066
1201509
1549456
1195493
1570960
1073121
1552944
1215269
1213477
1165508
1464718
1144100
1454061
1093282
1436237
1087138
1371947
1280935
1565392
1003039
1391947
1099298
1304904
1217926
1310793
1120962
1386347
1335241
1496942
1100066
1457197
1125891
1368395
1055776
1327305
1042881
1371627
1298248
1577329
1086978
1318665
1089922
1382091
1001600
1699157
1294984
1361226
1138595
1327274
1141155
1345546
1292648
1644403
1065281
1673140
1264167
1439885
919004
1628626
1015903
1458349
795705
1274663
1275368
1822776
1210630
1445741
1357386
1505615
999391
1347273
1083842
1352265
1082050
1309609
1108098
1501935
1077377
1350474
1349994
1558033
1092898
1372938
1103843
1676276
1255463
1603665
1219142
1623058
1260711
1480078
1046817
1331113
1084738
1349514
1284328
1560881
1106786
1397611
1014496
1316041
1026464
1308968
1088546
1375083
1113091
1364330
1341322
1574673
1031168
1380970
998623
1294696
1055233
1311017
1072962
1335850
994751
1707029
1143204
1548240
1119011
1396043
1295336
1540687
990526
1524528
1061857
1376330
1071586
1717909
1185797
1450957
1045985
1421261
994815
1384235
1291848
1512367
1071809
1363754
1157124
1665940
1258439
1614483
1210565
1452749
1324873
1610386
1109250
1318985
1117315
1333577
1332906
1506702
1087714
1357738
1360170
1501646
1136707
1344490
1067809
1403851
987774
1361386
1322473
1484878
976574
1340553
1028608
1387851
1022528
1712501
1209094
1744982
1330922
1487182
1345898
1261799
827674
1238374
775704
1097154
839834
1171652
1159172
1445933
1126979
1728470
1302217
1476430
1172292
1445869
1638995
1603154
1203941
1441165
1179844
1415436
1134371
1446637
1096418
1089890
966622
1232614
1165669
1658547
1204998
945982
772664
1040320
1156676
1234406
916605
1150916
724887
1212005
1295337
1404332
1159332
1328713
1145668
1651251
1037600
1307688
1143716
1490990
1105346
1343498
1097154
1295496
1345450
1582257
1125059
1385035
1053249
1376299
1067329
1311913
1067713
1350986
1276808
1639699
1115202
1411532
1238502
1506415
1145315
1441260
1271432
1706357
1058881
1320169
1128099
1333289
1275079
1590737
1093218
1372138
1121346
1460494
1059201
1312329
1064865
1328361
1128323
1610834
1085345
1560080
983742
1076194
639252
832186
863579
1019295
742967
1032896
929181
1333962
1097666
1733366
958045
1389803
1355114
1500910
1106466
1557712
1281576
1463310
1100035
1517680
1353322
1501967
1113347
1575377
1088994
1334633
1160452
1531727
1073730
1447661
1098530
1361834
1071425
1533136
1092706
1399436
1194949
1631155
1068993
1504591
1317769
1462477
1296648
1549776
1101730
1335466
1154244
1543471
1078594
1473677
1123267
1405516
1079362
1381675
1054080
1733494
1123395
1401452
1050209
1597137
1108802
1413867
1103010
1358762
1220582
1630547
1089793
1381867
1095138
1622386
1077889
1428877
1054912
1387147
1086434
1523183
1071265
1463694
1082754
1322953
1105090
1359050
1116963
1397579
1188837
1571856
1144931
1366666
1103938
1586418
1090018
1331305
1105347
1499631
1099234
1363434
1113411
1425804
1138884
1373898
1035360
1638131
1127171
1320873
1100866
1365546
1310568
1435596
1370827
1528079
1223430
1635443
1113507
1417580
1140612
1455726
1334377
1516752
1187429
1589489
1084674
1305160
1118051
1293320
1293096
1601650
1128515
1392587
1098370
1407724
1094882
1539951
1213766
1396299
1092066
1338666
1076097
1631763
1111651
1413324
1106051
1511151
1118978
1414060
1134275
1318537
1194373
1643635
1104610
1412556
1114114
1358954
1132867
1441485
1093890
1455789
1076993
1559280
1148643
1424909
1086626
1610066
1127203
1399948
1098595
1524655
1118467
1434669
1103778
1549584
1112002
1442093
1123715
1477774
1247975
1470605
1349578
1469454
1145059
1484622
1090210
1328841
1130787
1535056
1071937
1397803
1098018
1397291
1080929
1643987
1032640
1324137
1101091
1548944
1137635
1380107
1080353
1345578
1094754
1634546
1142180
1350282
1105891
1507151
1119363
1413324
1132835
1444941
1315113
1482350
1215878
1407852
1158404
1321193
1146051
1414988
1250311
1570993
1144740
1351946
1136804
1471277
1321257
1456141
1289352
1509711
1232838
1555441
1080578
1391052
1097410
1337194
1062113
1633619
1036864
1326825
1133987
1604914
1121699
1421868
1066881
1521103
1102434
1333865
1075650
1521135
1143396
1333737
1116514
1542736
1127875
1329033
1084866
1619058
1103874
1520719
1116514
1476973
1322057
1455309
1284456
1457165
1083362
1319369
1106530
1518639
1121827
1321193
1077250
1536688
1118691
1384779
1099682
1510991
1111202
1339050
1076578
1612946
1084258
1326089
1120450
1335338
1095234
1550480
1266119
1450381
1124419
1397675
1162468
1657940
1144804
1367211
1124003
1503855
1106531
1085793
940989
1122435
825625
1045281
977950
1481870
1186725
1837273
1218598
1712725
1102146
2557296
1330217
2466157
1273224
1532911
1784375
1618354
1214053
1388555
1145188
2360074
1290728
1185413
938653
1217190
1186917
1397483
769400
961438
1224326
631124
720502
1229382
1049376
1175972
1520431
1113570
1476174
1064097
1339561
1009664
1359787
1117442
1427340
1295752
1654420
1089281
1345834
1171652
1566960
1064449
1358698
1085858
1565904
1087426
1454477
1046976
1532880
1117507
1619218
1038336
1552432
1073889
1454701
1072642
1640371
1078881
1449549
1083234
1452877
1117251
1362570
1114147
1579761
1090786
1392876
1097378
1668628
1064897
1424492
1077697
1450285
1078049
1543728
1088129
1378634
1091138
1437965
1277320
1626322
1103842
1525487
1017984
1374155
1119490
1356138
1068961
1568273
1090402
1460781
1107234
1372906
1214310
1674772
1065025
1361674
1079201
1563536
890939
1080674
1026880
1343881
699670
1060513
1240326
1652564
993055
1542160
836186
1201285
691574
1485006
990239
1222662
891740
1245575
1122403
1691092
1088386
1445805
1126435
1342697
1111811
1364171
1092034
1371883
1071201
1548240
1104163
1420364
1105347
1445516
1070881
1553168
1107842
1463693
1048032
1578289
1100546
1351786
1048033
1649107
1103202
1466605
1111618
1326793
1100834
1346634
1145283
1322569
1150404
1433293
1226374
1625394
1094146
1322825
1121187
1508559
1128291
1397995
1071265
1401579
1107394
1524559
1135267
1343242
1150403
1521583
1150436
1343881
1064449
1540144
1052289
1362474
1069601
1542320
1086081
1327017
1040384
1627602
1035552
1322185
1092002
1423725
1081537
1355562
1149220
1556144
1102946
1357066
1054785
1653747
1099363
1433325
1095522
1450317
1053793
1552337
1109634
1448909
1053857
1568305
1071842
1455661
1077953
1536208
1098978
1443405
1046016
1653075
1093154
1360074
1046720
1652915
1095938
1433676
1112131
1485582
1285192
1482702
1268167
1490286
1289896
1455853
1283400
1443757
1284264
1465902
1100994
1335721
1145860
1642771
1072641
1458477
1355850
1477261
1187077
1474381
1118370
1335241
1120771
1651891
1117763
1485390
1331081
1511567
1320233
1421068
1152260
1371786
1249479
1717430
1052192
1353226
1219749
1458989
1079458
1381419
1111650
1377355
1189925
1309897
1138724
1307721
1389835
1482030
1141219
1308553
1118339
1325865
1340745
1461069
1130979
1323433
1091970
1288168
1257703
1502447
1088930
1206502
1005152
1450125
1098178
1411339
1038528
1355882
1074465
1356618
1087361
1325161
1328586
1475214
1017663
1382123
1094178
1401323
1277191
1680692
1049280
1334249
1041121
1734038
1291240
1552401
1319977
1433836
1357290
1335530
873467
1245927
759128
1711798
1013983
1520207
1389483
1528080
1143140
1453102
2168003
1655507
1087042
1370538
1021952
1314249
2147010
1472398
1201765
1319977
1166980
1389227
1149188
1389515
1133315
1307112
846106
1076673
1095074
1038624
667797
894268
589715
1685557
824090
1030144
1175397
1405195
1157668
1752278
1113090
1317097
1123011
1425548
1071553
1330921
1080514
1561776
1089794
1419660
1057089
1534128
1119555
1355242
1094466
1379339
1050529
1720854
1104034
1401676
1082114
1606386
1073889
1488430
1144867
1666772
1287592
1546288
1293736
1456813
1099458
1469454
1285863
1480046
1258279
1477422
1329385
1447789
1136323
1631186
1125187
1350474
1150500
1454669
1324745
1476078
1292712
1457262
1329673
1454861
1190501
1590193
1096738
1421068
1156291
1437996
1068769
1515375
1095394
1343305
1155204
1447245
1113251
1470190
1251143
1478126
1410508
1452173
1240007
1667060
1075042
1390923
1103074
1320713
1104738
1338057
1287144
1416140
1117890
1489422
1283464
1523663
1099266
1413292
1213925
1569457
1007199
1454573
1088770
1502287
1321193
1512719
1279240
1498319
1090305
1698229
1112546
1427084
1078658
1609137
1078978
1350378
1076257
1659796
1114051
1418284
1057825
1554513
1174917
1482574
1021023
1453261
945789
1290472
910780
1444781
1098914
1256295
1207174
1317385
1155107
1558704
1076385
1438669
1070210
1488590
1342377
1487982
1144612
1637395
1137380
1327529
1173796
1487086
1086050
1329961
1103266
1367435
1151620
1629459
1103746
1412652
1106402
1397964
1071905
1539407
1076065
1333577
1096258
1426700
1058977
1537519
1094626
1351754
1032832
1532880
1108003
1363050
1051521
1513615
1040704
1431597
1114019
1501710
1297576
1453613
1087073
1674484
1081857
1399820
1132963
1485518
1087778
1337129
1127875
1363786
1199494
1655731
1059489
1314184
1065089
1689684
1085794
1340842
1037601
1678836
1091457
1422796
1042784
1545296
1088098
1443084
1106051
1441900
1054305
1643987
1070849
1484238
1081762
1556048
902236
1283912
1187525
1410187
979647
1029184
927805
1051969
917469
1235110
1252071
1699157
1038017
1375531
1058945
1540079
1137091
1446253
1114658
1449452
989822
1330218
1155203
1515055
1101154
1356874
1141667
1505295
1317513
1476941
1279464
1526832
1104514
1667380
1081250
1437804
1215590
1574225
1106499
1358922
1118594
1380075
1085825
1622226
1076450
1401515
1097346
1500462
1079682
1417388
1082850
1632019
1117411
1378635
1080545
1406251
1181701
1550704
1129219
1506031
1042209
1526959
1251142
1511055
1101794
1349898
1102146
1535407
1017888
1435020
1107234
1348330
1134819
1530032
1330025
1433869
1298185
1480366
1217158
1458637
1265383
1477006
1129379
1670900
1088801
1439629
1112547
1670484
1309737
1482158
1271016
1447756
1156932
1460558
1130179
1634323
1097698
1316297
1077090
1436909
1195461
1419180
1181445
1526448
1071393
1341322
1067873
1546704
1093890
1375755
1049185
1562289
1011648
1406796
1065345
1547888
1057281
1327817
1080354
1507438
1072801
1322857
1110563
1474478
1179429
1423660
1121923
1326473
1147364
1356938
1119171
1314921
1154532
1369034
1091042
1554064
1124195
1400619
1075713
1325642
1155908
1629107
1150596
1416652
1089090
1495598
1301960
1427533
1161252
1720310
1229574
1411596
1114211
1320777
1124931
1636530
1184228
1428044
1082626
1558513
1131011
1330057
1105731
1688052
1067201
1339881
1098242
1488046
1108834
1420301
1089729
1589458
1124866
1367723
1059809
1644979
1122147
1305449
1126755
1348106
1074337
1592497
1122147
1417420
1072225
1522895
1068033
1384842
1012415
1440301
1139555
1612274
1098787
1323145
1124835
1347178
1106338
1318089
1093058
1594737
1086338
1350346
1098594
1422252
1269799
1630099
1061441
1324873
1079617
1513839
1078145
1421836
1015520
1431372
1089250
1583825
1003071
1450701
1123266
1651411
1305192
1520975
1062433
1388619
1116930
1609874
1111907
1518447
1048097
1367050
1047553
1687444
1048896
1440780
1099426
1395724
1036192
1619570
1096994
1389035
1096226
1374603
1080705
1381835
1073377
1617811
1103682
1368586
1080449
1426252
1090370
1322569
1054496
1636371
1097826
1334122
1071233
1721909
1098178
1447757
1066209
1391659
1074945
1335689
1137219
1416876
1081121
1525680
1134947
1339497
1131619
1328457
1126051
1524911
1138307
1330217
1129411
1548784
1254439
1545360
1261575
1646931
1086498
1367658
1114627
1399211
640180
1605522
1286440
1617842
1270952
1455693
1116643
1335113
1092642
1565873
1072481
1367563
1110466
1558416
1097731
1464942
1180293
1581841
1105154
1479182
1294952
1485230
1111587
1630611
1131587
1422316
1064961
1546032
1061121
1351850
1066753
1542223
1070465
1338922
1039009
1517999
1105314
1348426
1052321
1690740
1078113
1410060
1116995
1399723
1097922
1393867
1091201
1489198
1070114
1414796
1084962
1355178
1101154
1371370
1082626
1661715
1076481
1350730
1044192
1641458
1034176
1408076
1065025
1553520
1050017
1426028
1127555
1434188
1077666
1320937
1070113
1335017
1179972
1620627
1099842
1316073
1142948
1416460
1058625
1332329
1136484
1339977
1062849
1549424
1084098
1467470
1263399
1687156
1113090
1354826
1149764
1344522
1085249
1353770
1087233
1344554
1161284
1600113
1099586
1481614
1333610
1387499
1276072
1525519
1108643
1390188
1141091
1415979
1153028
1339081
1100738
1584465
1276680
1238406
799065
951741
907292
793529
730391
1147460
1331785
1102339
720406
1190340
858747
1064065
992895
1337194
1020160
1285768
948029
1284680
971070
1265895
968606
1348650
1386251
1466893
1004511
1384427
967134
1354058
935453
1388843
1064289
1302857
986430
1324105
1020479
1329961
1048001
1334826
1443340
1442189
1006847
1439692
820346
1399691
1254055
1059457
1401899
1247398
973182
1346569
1047553
2259238
1131811
1359786
1060897
1802776
1174852
1521583
1141763
1371178
1031808
2615506
1320201
1576625
1031104
2089153
881627
1149476
755639
924316
617331
1283976
1079938
1357098
1022624
1349834
1016799
1312873
1051841
2786199
1253639
1424716
1034592
1375563
1029056
1287336
1028448
1316329
1878906
1615346
1194053
1397067
939133
1051041
704182
1610002
964926
1098083
609171
1675988
903708
964862
614579
1639827
1704117
1521327
1221350
1514063
1301256
1580881
1082082
1399627
985279
1359466
1001503
1346889
1102370
1397548
1050593
1311528
1117315
1317353
1056449
1292872
1275240
1486702
1081346
1391659
1026976
1039424
662229
958910
1137380
717366
895036
1320745
1396107
1028384
1335881
1032095
1307816
1050913
1377835
1317225
1552977
1083362
1390699
1085442
1335977
1330985
1600017
1094242
1315337
1064033
1294952
1073826
1319209
1276424
1472462
1068193
1384587
1016288
1305801
1278376
1649555
1090401
1328425
1089697
1386475
993214
1352970
1017024
1462925
1047104
1444589
1071297
1346825
1295112
1638386
1033312
1397420
1047585
1329065
1175268
1267304
871611
1134500
789753
1560753
982430
1752598
1284840
1762134
975742
1341642
1063841
1348329
1273576
1512910
1035200
1440973
1059489
1409611
1036992
1290408
1093314
1318793
1123107
1309641
1138115
1313833
1319145
1563056
1100514
1399627
1019552
1401163
1051361
1329545
991742
1359338
1298632
1485902
1040352
1334377
1089058
1345514
1076321
1683381
1239558
1470125
1079041
1354602
1079553
1345418
1247079
1551152
990399
1557072
1036512
838874
536881
778552
558769
1887003
985375
1509775
1261799
1280808
1042272
1390955
1293384
1555504
1061377
1335017
1068705
1400907
1074402
1381035
1048256
1405580
967934
1342890
1030751
1402283
1287592
1610994
979839
1351082
1079202
1315049
1060640
1641555
1241254
1374602
1118659
1696500
1236519
1497487
1039680
1664659
1298632
1458221
1246278
1619059
1087106
1372074
1305832
1507790
1001759
1426028
1070722
1336874
1083266
1324681
1032128
1337226
1311241
1589137
1046945
1366731
1112770
1309288
1098114
1305832
1068833
1298472
980158
1318825
1028096
1354122
1304104
1550672
1070465
1392971
1085793
1646291
1239814
1459277
1174053
1523695
1074497
1433164
1174885
1370699
983614
1680404
1201125
1383563
1093250
