3379080
465326
930045
84323
1850361
535600
169957
196358
150500
1392683
518640
375211
385164
1367498
522672
482831
2088128
555986
583506
568370
2226373
651092
1975133
2347336
925244
697077
2489996
584786
225255
217703
162981
692822
2325160
841114
726774
2272358
645556
48066
2359177
833242
2333704
2143074
634932
219335
2236229
758839
2306728
697941
368907
2253638
632467
2234469
2112449
617459
335050
2217348
704886
2267590
1589457
532561
237895
369675
61602
104579
130020
67074
2964412
671380
326538
204199
72386
83939
3030878
843578
47778
2570863
590419
209542
176518
2308167
836730
2283366
2152258
651060
408204
2234117
757719
2317032
657908
395564
2293319
644820
2220485
2068864
599155
263016
2230789
685877
84386
2293479
617459
341675
2717012
2062719
756728
2434379
2185028
633716
208678
2385449
714678
358123
2274983
618003
106531
2289574
637428
2720948
732534
242119
2622288
2510093
678677
40161
2506190
641843
344395
2205316
591154
107139
2405258
665140
355435
2261350
2152867
642867
327626
2219525
602643
94467
2395401
671797
490895
2393034
666965
59297
2316040
728439
224647
2325928
597907
287433
2203300
674869
2350504
2200196
668884
572594
2239365
625235
2250501
818169
2275046
2172483
645300
418925
2249414
634867
249320
2381417
782264
265160
2333128
764248
2326344
647572
100451
2303911
626291
2287751
2581679
670485
289641
2899322
673461
207302
2244422
716407
2223653
632051
123236
2271335
593331
83907
2506413
746711
368972
2480205
704950
277416
2503309
2346472
783896
230855
2644401
642612
183174
68322
2354281
766200
2297575
799352
2266054
637172
2648338
2091105
694805
2487308
679317
699990
2211108
628467
2333576
812217
70722
2446892
594483
268904
41569
2307431
810745
166789
2292039
737271
3192995
729654
450894
2457323
732054
307018
2573904
804953
2541903
749367
170789
2301159
687701
2370121
632403
250120
2416778
711094
420525
2375273
663348
167845
2284263
706422
2284614
771576
2438123
682165
374571
2346600
636724
39681
2527374
720598
246760
2631633
628851
230791
95395
2519054
676341
435278
2304263
767863
2256358
685333
2356073
637651
201830
2435083
833626
46306
2263974
628851
37474
2288614
631060
51458
2350056
641460
298889
2561615
671348
473934
2321191
619795
240648
2247046
655572
60386
2260326
624595
353899
2445739
654292
308425
71778
2404650
613171
218534
2335048
667668
222950
2261798
588146
106787
2279622
816889
2307687
632915
45058
2379402
691605
528912
2240869
674292
2280071
2172131
664148
222119
2228901
723127
107908
2329448
618419
2249638
655380
265033
2163235
619251
452174
2329512
636308
39361
2213764
592946
112547
2280775
664500
245672
2379177
618420
371403
2354889
746743
135172
2503949
676917
300906
2525198
838202
48801
2331272
774936
2303463
728726
2308071
658869
217127
2409418
720055
112164
2343081
619987
335883
2241349
702613
2217444
627987
2552431
2561935
638836
245479
2408906
797304
2357672
683925
40417
2567151
675445
198695
39425
2395370
659028
294889
2364329
705974
156388
2209828
669685
2274598
690869
251048
2261382
665620
2254214
2129058
651604
292777
2581487
800921
40801
2617713
660244
279401
112388
2353896
679797
39745
2411978
592594
666165
2275750
831737
56098
2353320
613075
87171
2283271
631219
402092
2385290
628723
202342
2364841
657556
274281
2345032
655508
125796
2424171
699862
425453
2192164
623507
154565
2176995
696502
2521070
754039
562705
2417482
704758
214374
2364073
2120609
713718
268552
2401098
668308
349323
2222597
696821
2567760
2027102
747575
345547
2458220
630164
2548046
2049760
693205
646451
2316231
802616
2360681
680725
308298
185574
1908603
476047
134596
1823065
1875738
504848
219846
454510
1841913
508175
162533
1886298
827961
2743157
641076
360203
2298215
683733
2276839
2548046
705782
250856
2526606
631539
314954
2573391
781016
208423
2618769
688021
194534
2470348
831706
2327720
676117
2250118
667476
43393
2329928
622004
181606
2304807
685622
289865
2221732
620371
94627
2267558
649236
239719
2313640
587282
275400
2236645
692469
1821304
508367
237927
149637
1832920
494799
305353
1789239
504816
2230213
1717653
778104
2045471
583506
257672
90147
2943771
731063
235239
561106
2048192
823513
2060256
646964
231815
2371689
612755
242216
2047135
573681
44066
2167747
582161
183110
2002430
596402
180838
2418539
1908859
596530
347914
2551727
807289
107843
2309191
776984
2461964
720790
241863
80835
2225125
654997
172390
2414155
715894
657557
2207108
710358
2292167
623667
336011
2708244
704949
39585
2619281
647924
181254
89507
2317576
624499
208999
2613201
762167
225095
2469548
640883
362123
2531854
810745
202822
2277894
712150
104292
2306792
744215
2502029
721974
318122
2584464
778072
218663
2558607
643284
450350
2532206
730550
195846
2657714
689045
212326
2546063
719094
163173
2448011
613683
349611
2317128
693013
2564303
2575087
714742
334635
2379402
611091
2293287
812121
96227
2408778
742967
2333288
2141346
609011
244072
2247173
633267
42529
2513582
745495
237447
2436363
672661
219111
2436811
763064
380396
2248485
677493
2311080
2174211
704725
451118
2531342
706038
217287
2648146
677269
234983
2583471
2532654
670965
344650
2226693
722358
84962
2313511
837082
2413099
654741
210086
132740
2300999
669525
2175427
812057
2301447
673749
94274
2261221
683125
2191267
2087936
583890
118116
2223973
660020
2017951
586642
152357
2196355
584658
255944
65026
2077152
625971
1934108
875227
2305671
673301
106179
2098817
571121
273736
34689
2264486
813561
2304871
703477
2253637
734615
143333
2232901
627059
48289
2319592
586226
231463
2277286
834841
2343656
595506
352299
2346856
673652
145924
2217477
643219
2180643
664853
40033
2504525
750775
201703
2390250
779768
2524526
600467
266632
2571631
762935
368587
2278662
758072
2457195
675573
206055
2399786
596434
329482
2734516
469934
338762
2102721
598034
278153
87203
2634898
812313
101731
2694835
655508
333547
291593
2380361
641043
213031
2353608
642868
301769
2284838
674517
249768
2243974
589362
192358
2267878
663349
2252101
589395
196998
2292454
725910
150692
2279910
623411
202374
2337416
656596
312041
2228133
592338
96131
2223396
663380
2253509
2601776
712182
306601
2558799
589330
181445
46562
2372649
657973
195462
2583024
764567
151173
2297735
779832
2459372
623476
241159
127044
2283814
627764
96547
2443339
602931
295561
2354633
670101
2686419
698773
334698
187430
180325
30177
1977789
460910
439886
233063
53410
1839193
487183
452686
58018
132004
1843033
1447020
683765
493327
2339080
824730
2401322
587219
613715
2341768
680181
493295
2175908
565361
2367689
703446
196358
2318055
657045
393260
2262310
645652
513168
2935291
717942
252264
602546
2523982
686421
301034
187430
1947132
745431
1992541
593618
229095
108388
2276710
509712
142597
239336
198374
1844984
475054
294281
346987
214599
1595729
463278
229159
255080
1419788
629332
370955
2420363
757400
168965
202150
2202116
710006
114084
2194563
671925
149989
2184419
631668
130916
2164963
591026
84323
2556239
820346
173893
2343880
851323
2385290
704469
140516
2299750
623987
240104
80483
2256806
688917
247784
2175332
618195
76866
2622993
765079
147204
2376906
788248
2414954
684245
337802
2362089
631028
149317
2528110
735638
204518
2249830
752727
2455692
668629
195846
138180
2376233
633747
53282
2350505
671925
304426
2572879
752023
173509
2619857
847130
156517
2341608
662772
108707
2371882
662869
305417
2221861
588755
2209284
654612
149573
2368137
617171
454286
2320679
638996
192869
2172867
620435
71971
2175043
652276
2545135
2471820
700182
351371
2433643
632627
364556
2422827
733015
348362
2228869
628532
121156
2367625
695349
362667
2277991
631092
2235269
685174
2186020
812377
2287078
669333
2196067
620179
399405
2556175
823418
2512878
675829
239784
2289510
2217284
783384
2365896
683605
325610
2325864
623699
108611
2330536
622739
252199
2285734
628627
77506
2314440
666868
253480
2290598
628403
54018
2262950
625396
97571
2285607
634196
209575
2195779
657237
2220356
2114753
657301
218663
54818
2317960
660180
218087
2572656
768664
280456
2533230
597394
680404
1919483
687349
40129
1617234
582866
145124
73314
133508
2616817
692853
187270
100419
2291687
657844
219911
2225316
665556
98371
2220772
588755
226439
40001
2224069
658804
167205
2243525
636852
289929
2155810
668085
2565040
2077120
768855
2463404
2142306
670004
386732
2245893
624147
145477
2348841
692725
333738
2224101
622963
80386
2303496
755255
2205284
784217
2317095
689622
271912
2305287
2242853
662772
92483
2243366
772024
2263366
677685
41474
2244005
599890
126468
2341544
691317
458063
2367497
589267
2278342
2127233
607859
247496
2079776
604946
273065
2278663
785144
2274662
677493
42977
2191459
626195
2214180
664052
2307912
2093889
647636
207430
2566383
2604240
712502
242727
2605296
641236
254696
2480108
872603
2226373
679285
106307
2354889
702422
264488
2234052
677813
291977
2358953
707157
133220
2352073
624372
215879
203814
2607536
731318
174278
2584911
596050
193510
41441
2148866
516080
345195
127332
1577648
441294
259304
1482797
452622
1996382
519632
55681
1881274
571282
119396
2831095
833882
414445
2477068
853243
2394442
2148034
672437
387244
2337224
636499
139876
2341352
676437
337674
2278758
599731
80226
2359945
625524
312522
2337480
628883
313226
2282471
667157
169125
2388105
588275
158021
2293351
595315
179749
2373866
2567855
720534
358635
2329128
627092
199302
61122
2287174
767416
435950
2179300
622452
78946
2271366
650612
229479
2774966
2099937
804952
2423274
2117442
637364
276168
2812631
705494
624595
2531918
662229
182822
88258
2395914
655989
353419
2400554
672053
242599
2304807
626995
199334
2281766
664693
2263142
845370
2334312
680309
2230373
646708
40321
2332040
626323
39617
2319879
772280
1924699
578162
502351
2008158
643028
319786
2336136
608082
630004
2287558
778168
2332456
2137954
593490
355947
2534926
834937
46690
2484556
762200
211783
2257413
758776
2622416
2151843
631156
241608
2317831
652468
2734420
770040
213479
2321064
732471
2433451
2072064
590034
280041
196390
2276103
669173
391820
2260741
627187
2127073
650548
2167202
2013599
837817
2327560
2091905
795225
2199492
637332
2237541
659221
2257926
625363
211974
2235333
613491
155108
2243173
627156
2259302
2151394
586194
220743
87203
2229893
827066
2305735
2042687
665140
269320
2211396
762456
2322535
678869
2227428
2089216
653332
365516
2132834
598579
318537
2208708
654452
2275110
2563759
721974
278953
2521006
629715
192326
2234533
658996
126948
2360425
591443
205094
2286022
634676
184966
2298727
625875
192006
2240421
672149
2190180
2037502
621555
253832
2577007
2086369
747416
144933
2254246
680853
2269414
724566
2446028
2032126
653205
281288
2250629
781528
2342760
686741
301641
2230532
605331
2370761
673557
264521
2257158
790008
2333928
2044991
588114
186309
2208228
638516
83426
2333064
704661
309065
2587472
735415
174085
2334024
776600
2500205
719926
238695
222054
2312776
618451
323242
2301415
701398
169637
2552431
722294
392428
2592784
638836
129636
179173
2333544
785176
2291206
689109
2486189
624275
330058
2551599
782744
84323
2473100
625459
375243
2551087
2486509
673461
250024
2480492
676181
231111
2368009
605747
383948
2262566
681237
2247653
2031646
663413
346443
2196004
632595
118243
2620849
734582
275721
2431979
638579
331338
2342440
628691
668437
2603600
751959
202278
2391786
729654
2459404
642228
202726
45217
2265510
674580
2584943
734935
274408
2470220
739510
185414
2261061
599602
114084
2580815
845850
319145
2574383
648628
523888
2261734
681717
111204
2380362
671861
190630
2358249
2193700
776824
41825
2273574
724918
83426
2302183
597554
614483
2532718
774424
2501518
2180995
630804
246183
221543
2262182
618419
2334728
2161026
593426
241639
103971
2372873
708278
411245
2335848
625683
613874
2571727
810969
2539854
660405
329514
2266309
679285
104579
2234949
649460
2298823
2145538
623956
225063
2191427
2210788
765047
2267910
2130178
591922
263880
2404587
644436
280553
2271718
622132
2143650
859002
2349544
2129441
677364
158181
2284135
626579
115684
2266502
687925
191974
2191235
574450
370988
2258374
626547
61410
2010462
564529
1955260
1950332
523024
324746
2175107
2558255
808025
2368425
673173
228103
2330727
620147
420941
2601936
721590
2362121
2600304
788280
255112
2484076
711766
2357897
635156
135044
2660242
758456
205478
2448011
663157
277608
2575087
704758
189477
2630673
794744
2437323
2149891
481615
241672
178662
124932
1857817
461230
111140
225543
142085
1898747
536209
150820
170597
1761526
728343
1734742
512336
73410
1610866
411660
324074
295785
2337352
536592
213382
133508
84738
1807064
451150
255880
119140
1876890
627027
2244453
725206
2484844
818105
2285927
634291
97987
2734900
679412
217543
101443
2334760
639091
265896
2311687
680021
137444
2512749
752407
280168
2513069
680437
259208
68482
2507597
716982
138276
2506605
690070
183238
2260741
626131
2568303
775736
293289
2650386
638388
213287
154981
2504365
819417
122020
2265925
633940
174245
2206756
637748
104291
2664786
692245
277385
2271910
782264
2377993
719511
2496909
662100
268680
2735125
2098529
849146
145092
2534702
638452
215239
2235524
631123
42018
2305415
713142
294985
2379753
668949
187398
2218597
647380
39329
2209125
638420
1900603
509488
419693
2324103
630260
265160
1796535
467758
119395
1866586
495504
130373
170182
1772918
464974
186886
1770358
465774
167141
2592016
745207
305737
206310
2368617
735991
291304
2531022
783353
2724852
2058784
490607
225127
242375
195078
2924794
556401
244104
184805
77698
239111
140388
79074
108259
108739
2381769
606290
245383
128804
548433
2697363
865307
390284
2708467
675988
324618
2552398
2758997
750264
280905
42818
2774005
792344
342378
2342920
688693
528880
2589008
764215
570610
2302567
732566
298377
168198
153668
33441
2271622
813241
2413386
663413
188326
1714933
437102
1802519
578290
352203
1815480
463918
250183
208871
138020
1589009
381484
218343
144293
172997
1549648
414092
502991
1688532
2006654
582802
234280
228967
1881914
514735
2743892
2153154
710645
1980829
589010
2289351
664949
353899
2411595
615955
205447
2228389
628531
2204644
2137634
611474
353995
2289383
659156
228519
2619793
771032
304073
2688531
689045
198438
201606
2259878
623283
238599
1921531
473871
51425
270249
1492910
727159
2373802
567473
385356
170661
1675668
496975
281769
2422315
685269
172134
234759
2262982
1963869
646644
235687
206374
2264134
746935
2329191
701909
2527182
2097472
735255
264488
2178147
799129
2104257
914492
2345193
621523
298409
2284166
884155
2286502
659732
84515
2275814
653300
139684
2143074
601650
141093
2158947
673141
2175364
586834
138437
2658482
845882
154532
2357864
601618
212135
2206276
634835
83395
2182275
595026
121860
2145634
656405
2135586
790424
2233637
679701
228199
2619888
713622
259880
2355592
643796
186981
99203
2153219
629523
145637
2168835
647476
133284
2128002
594546
36673
2111905
639924
165061
2190563
621843
84675
2968412
715062
198502
2320648
682613
71426
2424011
674356
219847
2167491
584594
144292
2251750
655509
2204516
797689
2205444
660020
119587
2222821
636372
52258
2245509
635444
226023
2223141
799833
2259365
682485
2132353
2092992
641972
2146338
2018974
676565
2152514
588466
262472
2938715
752439
169157
2288487
609266
164197
175173
2250405
656500
2139170
635092
3050622
621236
207335
142340
282344
96867
70402
2394250
580017
590994
1654867
477199
157956
149220
280777
133701
1785207
750935
1951004
654292
74786
2124225
634836
2197188
658772
64802
2324008
594355
175782
2096673
629235
2316424
2178467
697589
100579
2157698
685877
332618
2526062
827546
2484396
714070
229607
47810
2582448
675445
242119
2386378
650708
215046
2406090
683957
416428
2421578
674965
113668
2538703
728759
142244
2443083
709045
132228
2477068
700854
159653
2356328
654356
2468140
2230021
626932
316778
2290918
690965
138501
2407402
642868
369643
2402826
788088
2288742
641716
148388
2269414
683829
2504557
2606192
731478
547761
2535470
637907
407308
2451819
691669
336043
2451467
661492
46081
2468556
674484
259496
2261798
648724
46753
2495181
692757
161765
2361993
676756
2247781
2609968
660436
239463
2440491
698165
295881
2410346
651253
2456203
2197475
653364
249640
2437035
699286
142757
2497517
645940
363563
2296039
692150
38081
2291335
654356
100003
2326600
650548
343818
2125666
779224
44322
2195012
735319
2506637
633716
365932
215239
2269830
683509
39010
2290662
717686
2373513
687349
321642
2347720
664052
183621
2456843
707766
308585
2541486
670804
237768
2281191
776792
2440523
690294
398060
2258406
686293
2332904
2223589
637843
380907
2413930
715190
147972
2361001
686805
49601
2517774
675413
228903
2318663
680565
231143
2379177
646484
185030
2432587
667700
300553
2240165
633716
2244709
2197060
637844
252904
2375337
829145
2492364
2157442
701941
255016
94019
2231749
742551
171205
2372137
747479
2398378
644788
239815
2401866
678965
147876
2227493
638964
2448588
2610640
693398
244551
2454828
693942
186693
2350569
697206
2433227
2190084
715670
126531
2422091
733815
296393
2505421
645619
226535
2257413
654741
47106
2420427
640692
146181
2419019
698678
2471852
2539215
693750
399628
2473933
699797
209735
2488109
679669
189061
2318215
694901
2417643
668724
167717
2305543
675060
87395
2351912
712310
282120
2456204
633203
243400
2457932
671189
222631
2275654
644371
35233
2202372
570642
302953
160357
223655
61538
110147
143204
1388971
522224
217446
161989
1798424
595570
192710
242503
1919323
446893
421069
1618386
735510
1732021
541105
2177731
849050
2370473
603090
331467
2289382
708566
2037887
584626
240680
58178
2503341
707862
419181
2347176
626676
234279
2276166
680757
41665
2299687
654836
252135
2217604
707414
2217573
2166627
659957
2638898
2052768
706422
195718
41409
2328072
665589
191878
56833
2272710
741655
2188100
2077632
674517
277385
2129762
680277
234279
2199108
690773
92291
2160003
608339
30880
2204836
659956
165733
2104897
624755
107780
2212133
663348
2105985
615571
113252
2565743
715830
193062
2608592
626835
247400
2376841
805785
123748
2432331
641588
215463
2303207
682485
113379
2373225
633907
228775
2704532
817018
95907
2531438
629555
281417
85410
2244581
787864
2291910
631155
2323559
2363593
671029
384780
2329383
667765
330762
2245189
665492
109379
2240581
691349
2221540
2029342
661397
373452
2308967
594642
612883
2506701
782488
326122
2538190
621939
345642
2264998
630228
91395
2456140
655796
289897
2297767
666613
142084
2269638
589298
2313351
656532
250312
2757077
743095
97123
2602640
681621
432270
2379785
772984
2306920
687221
39874
2371273
622067
313834
2317224
683093
2321800
2562895
718134
262184
2624049
640852
201190
84835
2357225
674613
132772
2386602
593970
301770
2179364
669877
100035
2341128
626803
201926
2279590
674292
60834
2240261
627828
152005
2552559
812249
268040
2484013
592146
434381
2723380
810169
2549775
2085760
671861
173830
2156418
2059648
664821
375532
2233637
645076
36353
2379050
723062
262280
2287430
667733
344683
2567151
744631
220103
2545230
601170
198086
41889
2335528
664500
143748
2741589
775128
259336
2528077
631731
228935
302601
2294055
641715
40418
2233221
665685
2168323
2090849
624532
170181
2121346
632244
182918
2327592
768663
136869
2342377
636372
328554
2505454
806232
2499629
634675
321002
2272134
658548
140452
2262022
622579
41570
2305383
662005
230247
2174659
620915
119075
2240997
633172
140005
2267014
588370
91267
2449964
818969
314186
2235845
749271
2419403
705622
437677
2254181
612595
192838
2288167
668501
2696851
715414
253287
2567087
701110
216934
99203
2334152
629299
478127
2462092
673461
221063
2241861
627987
35425
2339049
683029
226055
2369321
818714
43809
2317351
702390
218279
2206660
671765
91299
2287750
661076
566642
2214660
622803
99235
2300807
815065
2340809
2021758
633588
219591
2227269
753207
2522702
2363529
2027807
647827
98499
2252741
623667
224615
2296935
622451
60802
2261318
632276
103683
2266630
636595
238440
2749301
740631
2400458
694453
87235
2309607
622387
2269542
822970
2277702
597555
296074
2420907
716086
334250
2284806
628883
2238693
2587791
742359
273865
2417738
686389
217286
2490797
580882
378924
2303975
675029
2523790
628083
266888
263176
2243173
629396
122244
2810263
753655
310346
2441163
629459
309034
2247653
757432
90627
2431371
670100
227335
2210148
582290
195270
2244549
667988
2310055
594995
217863
2364617
665269
187686
2322951
623379
305353
2312327
673364
99715
2180836
579442
100771
2297767
621715
206374
2187652
625363
2581103
2582127
661652
322410
2432587
724438
2609872
777560
258984
2478796
827930
45953
2534894
653524
286057
201702
1729877
483983
762903
2294790
579762
301162
1850297
1812888
474095
1060704
2665266
737526
233351
149189
127172
177542
155173
3002013
511472
243080
159237
260424
1884410
560017
229768
2071776
578930
81187
144900
2558222
580050
353099
61602
1972349
508720
193830
261704
34145
2196451
561265
255272
229607
2019551
526737
330346
2016606
724150
620979
2493389
657140
250248
159045
1786903
559729
252456
1628370
637235
190374
198694
1772215
474671
1091713
2389001
502352
190918
250600
273864
34145
2711443
847002
255432
2413739
648660
311594
2287078
683669
336042
2243845
684021
1975421
1662099
636820
397644
164421
1750934
563506
1999518
2432459
570449
111876
209734
1616754
641684
2415883
667157
169926
177285
2139009
524625
82498
42209
2153346
824281
1884922
504912
212006
2266214
705749
216551
2608241
641651
152453
2373289
2147938
596626
223943
41569
2387402
688373
102339
2432075
643635
244551
2274022
686037
2241317
647796
2283078
2605808
667861
236903
2491149
2202116
598258
362123
2409034
734839
368427
2390441
673492
126340
2581039
706165
234471
2534414
643316
335306
2169827
827322
2233573
760471
2504014
782680
189734
2382922
702773
2404298
678996
368299
2272806
704661
136453
2207268
811129
2176419
757367
2499085
688758
263176
2420171
2195908
792857
102915
2539886
678773
243431
2485037
692693
2433771
2540079
713046
240071
2328808
663060
45218
2419467
746807
2454956
641364
251687
38337
2246213
704438
44609
2345224
660277
104291
2495597
711030
172581
2494221
690197
165253
2506765
689301
196102
2325511
635796
2355336
2034015
668277
178917
2387209
686453
48738
2449580
658516
45761
2432971
705334
746103
2114977
671636
2095009
646132
2249190
753656
299210
2254757
696182
136421
2430699
716758
344395
2524654
675540
230791
47777
2224036
798649
2206372
820729
2164707
762487
2186787
799225
2229221
769944
2528238
755191
43522
41634
2293927
791993
2457964
724055
252552
92643
2324008
641171
122756
2386378
722391
220999
2304455
717302
298185
2348520
697046
2457356
2556111
715766
184901
2519341
670708
171173
2418314
703157
125412
2410538
735959
2380169
676661
2323015
727447
2507149
705078
404781
2283910
673493
51617
2519758
681365
228007
2341832
656468
2457228
2252261
692821
144068
2485548
699349
116131
2494893
646771
153541
2532974
691830
144260
2509453
645780
2060895
1949404
726295
361995
344811
2303303
684693
2289319
2178659
689013
273672
2279078
674133
102147
2387689
683253
237063
2311144
658645
405453
2297767
736951
2528110
2579216
634772
348619
2247205
661173
97027
2450412
696597
356363
2360937
655444
97091
2488429
693910
157125
2391625
641779
39489
2271334
693269
172261
2425067
650164
111587
2485452
693525
445838
2164610
778328
44705
2210692
840410
2217540
756919
2483469
771544
354539
2271366
665460
86594
2360969
698517
2423370
2266246
678453
275145
97507
2357448
645780
91715
2412138
700437
188517
2290566
821402
50209
2558831
704246
375020
40897
2252165
739670
2380553
2229316
642548
245576
82723
2426091
702230
162149
396205
2641585
653524
104740
91747
2529390
682997
216231
2399626
650804
518992
2303111
719894
2407819
2259557
641588
262088
2482028
662869
58114
89027
2335688
673013
81378
2434283
637396
257064
2305831
738263
295914
2538286
726102
133796
2552527
699157
177125
2380745
659445
154981
2471660
692310
187686
2414122
2206788
710646
342763
2325064
795576
2555887
678741
215367
199462
2346280
700533
172774
2389033
691094
45121
2386922
677653
100451
2463500
2188068
602002
334315
40481
2327208
673301
72642
2291878
662932
45794
2429771
696886
352043
2269670
670773
2396714
2184900
602643
259400
530257
2220868
675573
641460
2355720
787128
2449132
730806
276745
41953
2403242
662133
222375
45793
2285703
692277
2443563
638004
310346
2526542
676949
379884
2409611
645332
267784
2299239
672789
2270790
641396
152965
2317543
774488
2408618
639252
219270
34593
2301031
705814
2259622
2380649
661556
235367
2464300
2049087
633652
200614
2240325
634099
2309960
2027006
722454
153860
2318535
699253
2337000
660532
2134274
1796759
455950
459822
156517
117028
1606161
814809
2371753
652404
298505
2514445
675701
262472
2313352
681685
145925
2456843
663829
346635
3139297
822105
245607
173189
176037
135972
231047
190374
2654162
743703
289673
2459404
654964
414476
2250245
683509
220071
1739733
510192
254407
2077888
1351465
404556
202374
134884
235815
231335
1470445
465775
445614
1496815
777368
2406378
840058
2209860
776088
2199971
886491
2589392
644083
87971
1830392
467950
191078
333930
1631730
541009
212390
140772
155364
2638834
700918
660052
2451276
787448
46946
2566127
680117
332042
2420843
680468
208518
2404458
725430
297961
2493580
624467
225191
74594
2403658
702517
2495117
2570479
788280
426701
2413195
673205
98819
2571728
833594
224455
2515374
671541
260680
2417419
674133
352811
2387146
631603
159301
2337000
777720
52706
2642642
682869
242568
2430635
713462
209030
2389769
631220
141669
2353193
717142
230183
2447788
631315
358059
2296998
717494
2321704
642228
259624
2378570
687605
204039
2364489
803320
2441868
799128
143685
2454987
674805
2298023
2128610
633587
165350
2318567
775384
2360104
763319
2277798
2289735
685525
196199
2452396
690133
260200
2262726
699669
2332360
688470
80067
2408138
724887
206374
2423370
688789
244648
2336904
646740
255176
2354089
682741
177253
2272454
626067
2588496
806937
160101
2509741
617267
212583
1980477
565361
250280
2570511
2035903
678517
268488
164614
110051
135524
128388
2345641
684629
544529
2318823
819481
2230309
715158
2252325
834106
39521
2561359
710582
227527
246152
2488909
675189
190053
2206436
649620
2583440
2386985
687542
2416778
2218533
688565
208455
2511502
683317
204327
2330760
634356
267592
2274566
741687
2247397
634388
40129
2214949
662516
2233125
2115585
631219
263624
2250342
636692
2450891
2699731
794521
168773
2430891
705590
157349
2348777
655477
247720
2206212
722615
2202531
797784
2398314
807544
241064
2295111
666453
83522
2274246
715446
2279302
704406
208134
2417515
741655
2340040
2163202
707701
268584
2231333
639636
130308
2369865
817593
241800
2219685
637300
2320967
829593
141060
2466764
646452
161413
2347176
718934
2536686
650484
242567
2397961
809721
2542446
2051456
685654
404909
2315752
721719
192454
2347656
702358
49602
2431627
625491
197575
87107
2446859
770776
174693
2368105
771096
2514925
811321
241767
2553935
645876
105443
2328104
734679
2501358
2074336
663092
144677
131716
2292103
658932
41698
2564175
655444
303913
2265734
2081184
879995
2252741
632020
207206
2193667
669076
3035837
2344392
637908
264456
2390890
630163
221831
3047934
793721
194214
2502990
597650
108004
187173
2259525
669748
92099
2333352
799896
2230693
2072704
593938
204838
2293447
626099
126947
2148290
634995
125828
2214916
806168
2166787
585650
106884
2311816
643796
256648
129956
2277350
609491
108931
2236997
625971
115683
2184995
632627
307849
2131777
635603
102339
2096064
603314
235143
2152515
681621
49793
2230852
620947
248072
2731604
821241
272520
2380841
604018
236647
35841
2212804
642515
191238
46113
2150018
651732
98371
2070240
476622
255496
121188
204199
1744022
429550
452334
241543
1449773
833434
1573040
428269
210918
28673
2685203
740151
351370
156356
213415
83395
2792598
645684
213415
269544
2341480
724119
214087
2322311
730902
226119
2258214
695349
332266
2277094
755255
212679
2392426
685845
305514
2267621
637043
37409
2396074
769496
2448108
2088576
679605
131556
320554
1595313
427021
343370
423310
1912955
830681
2620401
516560
369899
229351
1971805
567346
337098
167654
1506447
399788
2514861
836986
215303
2524430
731446
311753
2560879
727767
199590
2529646
618067
222983
2250661
689237
2196163
631092
175013
2556942
800248
229927
2418538
632948
236583
2407626
676725
397933
2317063
624755
78466
2607856
770808
2521869
648564
258472
2289574
661813
412684
2245829
646484
103587
2197732
660020
336298
2173539
582738
108771
2256614
635508
2055807
569522
87682
2355016
613011
236455
112932
2290407
722167
295913
2238277
827065
2370729
642292
189510
2328743
695830
40193
2346441
579282
237960
40417
2371465
662837
235463
2258053
587666
222406
42786
2148706
612595
133636
2200419
574770
583474
2188644
870971
2205731
684053
346923
2293831
692757
302729
2233669
611123
2152258
644084
167749
2178979
580530
143076
2140226
651892
2145827
2726772
746775
319818
2315559
637267
191141
2326984
714294
2153987
2108097
675637
240616
2179652
756087
136356
2187171
655156
100323
2162371
602291
188710
2184003
631636
97923
2115457
606899
223591
2625137
696310
198982
2501581
814809
64738
2279399
639380
97763
2173667
618579
139013
2180067
624339
650580
2598192
712438
224455
2375977
640852
210086
2209636
580466
230728
2263174
658837
45889
2192067
629171
71906
2344296
643668
374347
2227749
622931
44482
2370313
620212
208167
123844
2227236
787608
2223780
664660
2270982
2046847
623891
131076
2243525
620467
200743
50753
2271494
664596
253735
3269221
757847
217574
2336040
711830
2085664
601523
183174
2131330
518160
774904
1750454
730006
2502765
643956
1715317
445710
104579
1586353
400972
152228
1283367
349739
366059
2573263
621812
229319
179429
242823
141509
2129537
2601104
682741
252296
196038
2313127
641555
190054
284360
2293255
643188
2325735
632564
217511
116868
2256966
671700
153316
2173187
623283
2940730
765591
669076
2364745
634868
200614
2253317
838202
2240645
596307
276616
2205604
667348
2161635
2126529
681909
231815
2984860
2037823
749367
196902
2382953
601138
180998
2161762
650004
226791
202598
2219940
595698
203686
2135330
663444
99523
2177444
614707
120196
2173538
651668
59138
2264133
624307
205351
2937626
732439
182054
38177
2447499
615091
218567
2961788
2013022
668148
234248
2341512
2042783
616531
195174
2235589
639604
193766
2163234
590066
191238
88483
2662802
761399
171910
2806679
528881
57665
2076544
496463
219879
183782
138532
2497037
640083
368939
2597232
643924
2318216
721783
269225
2261989
669269
179557
2252070
596211
408685
2269926
671861
330346
2253254
633907
393708
2288390
664981
106307
2200675
625011
2196483
2067104
605843
297161
2567919
2050463
714806
195942
2296743
758199
2430059
655253
253352
2199588
858618
2276390
666356
108228
2448300
716342
236647
2578224
663444
155492
2610641
2112033
618483
273768
2207716
671509
101283
2238629
598099
327818
2285766
670484
192902
2290502
623828
202918
2219876
628339
50402
2277542
599634
267080
313162
2317543
673077
2281990
2137122
616115
281832
2480140
775352
2558927
2231172
585522
403084
51777
2248197
723126
185125
2460204
2137634
778520
190598
2365576
670357
2368265
671701
190629
2350665
651732
361707
2328328
694837
1993693
890588
1750646
1818360
577106
269576
206374
1766550
809145
2079936
561970
32994
2002973
547921
192262
183238
1876986
707190
2414507
610482
292969
223303
2363944
732022
314698
2593648
601298
335467
128324
214438
2053280
493519
568721
177381
1697173
638388
246280
2311783
603379
144325
241031
2248646
718102
238311
2081728
797113
2004829
603282
2049727
1903002
534064
273353
167397
2292711
650740
225127
298153
2409483
821658
92643
2253349
822362
2215332
834426
2249926
762296
2549518
791289
297994
267848
2477228
634323
266664
2264741
688565
40514
2483949
666260
301225
2470508
683285
2472908
2169090
702550
146277
40737
2469132
643475
329610
2379177
684373
116772
2406538
655444
201638
2349033
687733
229607
2316616
716470
2503053
694037
284105
2457355
676885
260840
2329608
712182
106627
2301351
693685
2415274
722454
254951
2430763
2252486
639251
381675
2432875
639988
390988
2385450
699894
159397
2349192
721239
2270086
679765
2372745
774776
145732
2543630
671957
398989
99395
2279078
632819
75266
2249958
744951
55810
2642897
653812
296457
2473420
2399754
676373
393932
2613905
828473
1796887
504560
281544
447918
1992061
643188
266472
59458
1908315
576850
133924
1922075
670837
2076991
787416
1975549
596658
144613
2078208
648948
2109633
590003
216423
151589
57858
2333384
667636
142469
2681170
714518
2525134
683509
141892
2527950
2299559
628083
340427
2261606
695349
46306
2478476
648724
147556
2485805
690645
140933
2313256
641236
38817
2417675
669493
276328
2260966
644372
2259078
686389
2350089
659732
126692
2471916
777783
125443
2522733
802809
2496461
673972
273992
216967
2360137
643956
164165
2394218
779416
105571
2457708
847451
2514125
720886
256040
2298086
738871
2324712
728823
2336552
2198628
722006
250632
2427851
726262
84066
2492525
692533
285545
2469612
657877
151429
2365257
700470
2464620
2168675
699701
134244
41985
2463724
632595
266152
2358089
687573
154277
2265734
644084
114723
2405098
703414
158885
2417771
636660
241160
2551246
805624
239495
2254149
698678
2316263
724534
114084
2393034
798168
2444267
2185603
601234
223655
2415530
2536142
661429
230247
2426539
710326
216230
2592239
627860
222727
2185188
689525
2182787
594994
2262694
2103809
584370
254408
46690
2258597
671092
113732
2471372
691445
185478
2543471
667925
264745
2370761
644020
646132
2361545
834586
2462603
627187
261289
140804
2568399
643059
194630
2379529
2141954
784344
128580
2197220
605491
210183
2355048
643764
203494
2352552
2519470
757239
2302759
640756
142788
2460012
668149
269128
128964
2390665
684726
145445
2362409
717975
2556527
775736
213062
2326920
738455
2610768
723254
201223
2412203
2552815
628691
314377
2238213
2564335
697685
2414922
2201028
667604
270376
2325095
839482
2472397
2046591
678901
253992
73443
2328232
628627
136036
2275974
783992
2340552
636243
246439
2436620
2112289
606611
237351
2340296
678645
2281574
2144674
656180
273096
2380137
690677
2477612
2014878
627572
173445
235431
2310407
670965
75586
2339656
745847
2335848
625555
2427051
1919419
603571
211654
42497
2129058
743927
2377193
580562
561585
2091072
1476909
529264
284969
132740
122468
2021310
499984
233960
185862
45441
2244325
699094
224198
2231045
606130
622579
2522126
586610
234279
2334152
791928
2455788
2053599
759128
49281
2434603
616147
39521
2443851
737623
339467
2478668
678165
247143
2298567
637491
42337
2391017
672565
234279
2410059
639700
388332
2412202
806585
2465964
2179011
735190
154501
2405738
653429
57410
2497965
678549
442957
2293575
640276
38434
2327239
675413
2509645
741559
135396
2306247
836858
2401898
630580
158693
135332
1792343
496592
2560335
1709397
613555
356779
229127
58914
1982717
479055
257255
276968
1571825
859611
2406987
2252870
672852
353162
143268
2424715
1261991
2495277
692502
257128
2506381
692501
250247
3349479
952413
337994
227559
247112
175782
137380
160037
245479
168582
203239
251431
245512
239272
882811
3806518
791033
215687
167237
449806
763800
2530638
663733
217159
214726
2332392
735063
1861914
543377
404012
116356
116323
1764183
466222
253032
253320
1980317
520688
339882
311401
1737557
501072
194438
96099
1970557
529616
515088
1977437
679541
2331272
2166659
596658
233671
210087
2190116
702709
368652
2239076
805497
2300359
688661
2451980
775928
289865
2537326
747319
207878
2494573
2178755
671541
288905
2387562
681557
343179
2293094
737207
2398121
722807
348138
2257254
771192
2311496
696085
272072
2299975
819417
2256454
745527
2229125
758135
2265766
800153
2564719
755063
295369
2436491
702614
2356201
679413
36897
2401066
672277
372587
2312007
703350
2502509
639508
360683
2429611
683285
379691
2390762
793208
114499
2307495
711894
2398538
2146210
696245
116003
2399754
678453
262120
2358121
679733
2289382
650740
2378761
2268134
591058
276744
2452716
724023
47617
2507533
675637
178949
2253637
714102
2405418
706134
172389
2419402
676053
227527
2333064
634772
2354632
700662
143557
2643121
648980
360779
2316295
668341
2247814
641107
40994
2254565
603986
237448
2487885
680757
236455
128708
2442315
702582
144836
2281798
774903
2383690
696758
140037
2396842
662997
196486
2501677
2132386
630835
387468
2360232
698134
122596
2442891
649556
175717
2360137
678516
2358376
2586960
701173
291945
2417067
666804
165093
2354056
725143
154821
2331944
685653
52929
2522893
690325
197958
43009
2354664
664884
47297
2475852
703286
134884
2354057
636724
144356
2400969
697749
149828
2507277
625780
347435
2287270
688629
2242053
2563695
697622
463151
2487181
694998
203303
2359337
715222
2428906
2195235
721591
89795
2496045
657141
305226
2526734
684021
181510
2376649
638963
254952
2409322
680021
180869
2296839
638163
318058
2320904
690645
193413
2508557
640915
378092
2340168
713046
40801
2405386
624819
266760
2272870
675797
2364233
2239365
664308
281544
2428010
797816
40417
2217860
751415
2180035
763512
2277990
909788
2456907
639539
243176
159365
2320263
721495
47041
2338216
754871
312778
2541999
688981
360683
2271462
656276
52833
2495373
682325
250504
2320167
647124
41602
2452364
673461
212742
2454220
786328
2515565
2027582
621875
154149
305385
2338568
767256
2315400
2157443
639155
424045
2409898
717366
568754
2453676
682869
242664
2385257
639059
267464
2451276
682869
365547
2327368
698037
2408362
738327
200295
2298951
680053
93539
2299078
722966
352683
2459852
804249
2429547
717430
304617
2370601
765111
150213
2323880
710134
2537774
758296
289737
2452364
788345
130724
2294151
725975
1831960
574130
2149730
597618
367755
1738325
824890
1687860
471119
405613
1936764
699254
2028414
588755
2551214
2050559
687701
254536
2241029
798872
2243909
742135
2276134
719638
2304807
691733
2392746
677717
259528
2203748
592563
377036
2271974
657396
260552
2224773
587058
413420
2456364
669012
243271
42817
2294758
613299
324746
2387049
857275
2117729
468334
61538
219815
2699443
555058
2131170
509968
562257
280425
1738838
553809
320586
234055
2435147
690133
229543
190182
2309543
570514
253192
176998
375787
2264101
536657
197094
224359
1772150
515856
170885
2928634
630099
158629
326026
2479052
670452
284649
2188291
628883
136388
2197347
677493
2136674
630612
3010429
790808
165413
2373609
705398
107012
2368425
743895
2219429
706390
2413611
2155907
613619
257576
152581
2225957
911805
2233637
596562
255624
2273382
632660
2117537
2730132
702902
299145
211142
208359
2456044
633395
32962
2243717
628691
229703
2179011
651540
2207332
699413
2174147
616499
90979
2667698
689238
188102
176934
2517933
636660
332363
2682258
745943
117411
2480460
624819
264168
2247301
632755
265960
2278790
595154
137348
2199204
643668
198598
2236357
598034
165061
2302183
667957
273033
2386601
818361
2241573
2175811
584338
267528
2306919
831450
2407658
586066
313257
2331528
654997
173125
2328743
591058
181926
2443371
2193091
665812
346634
1922779
826105
2354441
680981
146533
2426058
674644
247304
2544558
2561934
705622
222855
2306919
645812
2379785
2058847
778744
79714
2320104
786648
2310055
2025983
685077
76258
2173955
644276
36769
2360009
670549
260424
2204996
772984
2288679
671828
2317416
621331
246440
113956
2311239
811129
2352680
635891
238376
2456396
670389
208519
2319015
629748
428941
2385129
660212
129252
2503918
769335
126947
2568207
718199
211686
2449451
707446
275657
2303527
667093
2586832
2070272
807545
164933
2267462
692693
103779
2492332
841530
100771
2392394
623028
97379
2439692
812985
2343208
2090561
628947
262056
2354697
641652
2531662
2047487
746551
400076
2259686
813305
2493165
755703
412173
2674098
699862
233896
2373258
605682
173797
2171331
631252
2513165
2405739
649140
330090
270601
209574
2618673
674101
193286
2524301
2504557
677237
174470
2370505
681365
38625
2374473
603027
171621
42977
2541326
682453
2227301
2074464
613651
224455
2365225
2058336
831226
2310792
2173379
647476
237896
2529518
694454
413773
2304103
809337
2303783
722103
2491693
685909
236135
2569295
2454892
847578
440749
2489196
639123
365099
2262182
695445
2374217
631059
220422
78211
2284039
659860
296009
2360681
637939
133476
2335400
671893
358891
2384969
620691
210791
2246661
687509
2262533
2140322
635315
250887
2680626
2510766
698741
326698
2468460
634324
215431
2449132
700182
161733
2489164
628563
245704
2304518
663637
2245893
2150402
643220
204102
48834
2265029
660724
347019
2327559
711798
2300710
653844
199494
2251429
712022
2263078
2128929
672405
272360
2546799
2448044
722167
238120
2484781
653748
2285799
707254
478446
2244357
620723
2520142
763128
203367
2559471
679541
318570
2563439
736407
223591
2620465
755255
349706
2658737
827994
117444
2463468
635604
370508
2241318
812409
2395274
672596
159429
2428074
673429
170822
2240741
627156
2243141
2160099
590258
249927
2525838
2586128
654836
391116
2447276
683733
378507
2490380
764567
160261
2547983
676725
315306
2287590
598418
497327
2219173
821050
2437771
632276
248264
94051
2461612
700885
113892
2222916
678100
2226532
852730
2327431
693621
386732
2296839
715062
2551855
757271
243367
2305063
800601
2243557
754231
2573968
786168
134660
2559471
2177251
635539
430765
2507725
782904
46050
2332456
770008
2235429
672565
2496621
678421
129060
2355048
2038591
662900
229896
2221989
705718
2359625
673653
2240645
811513
97859
2386250
663220
250888
2531150
702166
118627
2301286
739094
2479820
640980
393836
2409418
835673
55618
2515085
617875
219719
2457900
837370
2358217
2179363
672469
318986
2379369
780952
2367624
2037887
627571
49698
2345000
643860
46882
2196739
603218
140324
2551534
791577
2380970
2157347
532080
9438819
2773526
654036
269417
281129
275272
130980
106915
2077696
488848
169957
431309
2677554
652628
403853
157669
761144
2184995
530352
182054
305193
2705428
595666
293737
161797
131908
177350
130852
2650577
692725
245896
187141
97539
2088000
520721
310186
1901723
494095
255528
2580848
594354
244072
148197
485455
121380
64290
1878906
457326
206502
104003
68962
1773046
407853
184965
129668
100451
1477518
431533
334506
1628786
357163
298697
58626
424397
1578064
400812
152133
172453
506319
1721557
469902
216007
221991
69698
1663827
560402
627892
1959772
664148
1759255
615443
292009
2511054
693493
308874
2405290
737303
2438603
2141186
691509
128963
2248197
2108225
647348
435598
2398250
702229
169317
2375657
793208
2411979
684309
381579
2357736
699861
38785
2398794
743831
55202
2437611
696214
2446251
2184323
693205
154244
2438572
2157698
649364
255048
2237477
656628
2400106
687157
297193
2292518
779032
2479436
2049407
709846
364523
2389514
683317
77954
2374281
663828
89891
2483244
682133
258792
2335048
692310
137669
2483084
720534
236743
2355560
657557
38306
2387945
716982
345514
2402762
676404
463054
2261605
825913
2261637
773016
2420619
643667
245287
127812
168901
2304006
687798
217159
2591408
786104
149925
2805335
685365
227815
2461068
685589
250376
2322375
639412
40033
2292871
731318
2238309
645908
58498
2380969
681877
290089
2309928
635540
243912
2170307
688949
2220229
2171970
633044
272105
47298
2258662
822298
2298695
684981
189957
2191043
628787
43489
2383178
824345
150021
2338760
641171
2276582
2112129
590450
150053
226087
2449132
689493
108899
2237029
639508
2270086
687989
290665
2241157
812729
2232133
690837
36257
2332360
623763
241128
2253221
681333
256199
2167299
623379
95907
2276230
675348
207335
2499597
594290
251784
2223781
666932
2297543
634004
242503
2271782
682485
202278
2236293
799160
2277606
675733
2257190
696054
158085
2540654
718774
191045
2444683
686326
160837
2460044
709526
197062
2393738
672116
269928
2266854
679733
2624176
738871
296681
2323528
787001
2631729
748503
243559
2511214
671829
275369
2217093
687157
2345384
685813
163909
2206564
655060
2292327
666165
251656
2224421
632500
2452684
2581584
579506
337962
76419
2256069
729015
200774
2372682
643220
2314919
2524174
702997
47649
2389833
660565
38913
2299719
697558
2484493
670292
295625
2447756
724118
55298
2407403
754648
102243
2510126
635443
206279
2285158
633203
109796
2244965
593491
100931
2259429
658964
40545
2233541
589491
79778
2201251
649556
35713
2216836
570994
164517
2281447
830714
2372361
648148
231784
2326823
784953
2514926
2193796
635924
269096
2211780
643795
2541582
777880
201927
2510765
597555
231335
2473004
666420
188645
2340425
632499
93667
2233188
811897
2222852
643476
36609
2262150
625172
2267014
2055487
822105
48866
2460396
716758
206246
2475916
695478
185861
2328456
648980
43169
2407850
695861
84899
2412619
641492
149349
2575376
676245
243816
2419594
640084
225927
2318535
794584
2499437
679541
417229
2328552
683573
2357577
2754773
695670
334570
2462860
629811
269416
2232580
692981
2394281
2288807
658100
389388
2627633
680853
309257
2380585
689141
219623
44961
2348936
762200
2390089
690133
349835
2402666
639284
248391
2451020
673364
392812
2378153
765847
2400298
686806
266120
2263718
656341
2416138
2133633
658388
43937
2466252
722646
162789
2586287
627443
355339
2554286
732759
177350
2323015
789017
2498061
679669
328778
2459275
639283
265033
2354729
811065
113475
2394762
642740
329067
2440491
660020
258376
2305287
2143810
633811
77347
2340424
626227
2623057
2523118
668725
412204
2240805
724438
2566639
2447883
734327
2356585
630740
40993
2293543
693909
2210276
2164130
663989
306634
2336328
627731
258216
2327719
676213
2269254
787832
57890
2376010
775992
2409834
786648
180326
2604912
669781
273641
2301895
2049919
663892
167717
2242341
634195
2605137
2395914
684917
2374441
679509
392012
2336584
642867
200518
2237220
671412
2549486
2618353
846394
216518
2369673
784505
2427499
2059104
633588
309257
2231652
670485
2316263
2303974
689269
121924
2230116
641876
43617
2252293
819513
2244294
592082
74274
2441131
711926
212391
2373705
2153762
658133
214727
2186883
669525
99587
2366280
698422
340235
2430603
627635
266376
2513869
822650
2480876
2015422
660116
243912
2396106
645972
245543
2247270
683829
107747
2519374
899228
43746
2531278
672853
202566
2457548
2382761
771512
168837
2581839
682229
607731
1968764
568369
168165
2429579
588690
211047
140836
2604144
743223
290633
167237
1829337
515376
221191
1715381
544848
247752
1745046
484975
159749
213287
256584
135716
2480268
591858
587250
2309191
726423
273448
2340712
811449
2425195
640020
229255
2304103
755351
2461707
641268
190630
123012
2275046
713014
95683
2381001
622931
112708
2392169
705142
163333
2567055
645972
2412522
691029
132933
2411019
708694
300329
2332424
698134
2373001
2203587
635764
418733
2247269
643380
43233
2300231
672693
238631
2362409
665172
191622
2457003
678421
244936
2312679
657012
2498797
2222373
596819
425325
2361033
2205188
657813
346059
2163458
799161
51938
2504333
700022
226791
2391561
708246
44642
2481836
632563
334570
2445004
700566
103107
2481229
664757
136612
2314695
698581
46209
2499469
643540
248104
2373577
671637
286377
2212036
643667
2311367
1654867
462510
445869
1888122
492751
487855
193958
1817464
499311
326410
76994
89123
2282950
645556
167717
82018
2401514
758168
2441771
691926
335818
2292326
658004
97475
2519662
691893
139396
2464491
635667
179109
2356041
702390
146052
2386985
636083
214727
2260614
707382
2371593
720311
2363849
688085
262280
2384169
657556
99779
2353481
673653
2376042
759768
148325
2460556
744535
287816
2416746
684277
166085
2527886
678837
259944
2327720
645204
148324
2389545
683381
180005
2254438
2544622
699925
410860
2500237
666228
171142
2478316
683797
358667
2301511
687285
2437611
2177475
694421
111715
2557294
706518
166021
2451532
647124
2365129
827641
2287942
642452
94627
2389546
659060
262312
2436651
628627
279113
2514989
725687
207846
2527182
647380
451950
2521454
930364
2466668
2134210
652052
208614
46465
1735061
416813
327082
1449004
819194
1746358
501808
158245
1842584
544849
57250
2193732
584530
285385
279304
2300327
636596
289608
277865
2443563
595602
196198
1681843
1440908
691829
350667
2558511
710422
376939
2218692
660693
104835
2243781
899388
2190979
619731
278025
2215684
625491
2269254
2135938
624244
249512
2212164
583602
332106
2197796
832346
2288455
635796
373324
2241029
779960
2183747
630163
2194019
2621809
685525
311402
2660626
697494
264296
2458443
617171
361579
2259846
756535
2257669
780344
117092
2354760
684693
92131
2411403
629683
201926
2263205
809369
2350472
640180
327274
2321831
672981
40289
2268453
657428
2723284
2117954
751319
231911
2529166
684373
234407
2232997
764408
2466476
771672
332906
2252550
629492
2429387
2194052
639540
317834
2239333
666357
2520845
2071872
841818
515632
2125698
755416
1785495
485007
236776
163621
94178
216839
54370
1649971
754487
198950
82850
1776374
446382
8945076
2320455
696629
183302
2490573
843610
207366
2311303
709430
165285
2500589
768024
2573391
1035648
2191332
1983581
548401
198022
150341
2084032
464334
323850
47298
62818
1756918
1048032
1577553
523536
500400
1629426
625011
237224
148068
176678
178342
74530
1842329
1735798
458063
204998
190565
225127
1587473
506736
46178
1657011
572114
430222
1847289
488303
190981
110308
1606769
408109
264808
363179
253512
1384043
430573
286953
2251621
615635
396044
2074944
607827
2540462
2338440
593170
334858
2196932
2587440
710678
346954
205126
2217668
741718
2492397
685525
413868
2490925
662452
72066
2572399
795640
365259
2556367
645140
213159
2516013
2059007
692918
304937
2534094
729014
167494
2589487
626867
215015
2409930
2103264
596595
332970
2540591
730486
288393
2526158
597554
233480
2228229
636948
199142
2254949
637204
2621073
2543694
626195
447022
2247109
733207
333194
2460523
790041
2397674
2072672
672757
255816
54626
2370377
647764
139237
2412810
646420
233543
48001
2351272
677813
2510797
2035262
831002
57538
2307367
733590
2345320
689942
337291
2246438
634291
2547374
791896
2442187
2532046
707798
334698
2276102
765527
2459723
640532
210694
280937
2318503
678677
47137
2675378
745847
321290
229095
139877
2133346
1493646
662644
238088
2597552
633332
303625
454926
2364137
712406
271816
2367433
676821
81411
2472716
717014
208294
2285734
646324
134884
2449771
698101
435117
4007196
773880
327594
285737
200454
177862
236199
178309
158309
114628
162725
134372
187302
163589
70946
2688434
678741
155109
1765943
497519
276232
2106081
624499
257928
81890
1425676
741559
2520046
878363
264840
2679442
671765
311594
2448843
2570767
659732
220807
2520910
697430
193926
2487212
708758
106051
2222597
871963
116036
2349896
786424
2591407
718966
244807
204262
2316167
643124
216071
2276294
689909
2378345
2518381
710614
110947
2346888
663924
45858
2364361
688949
2398762
2162530
675893
362987
2343561
648212
232711
2332327
689269
48834
2436043
654036
316297
2256294
702806
2397482
2262853
690741
166469
2434539
2209956
659060
334538
2275398
653140
2350120
2203651
684694
141701
2503629
2144802
611091
365483
2287398
705078
2304327
644659
2323272
2183363
626227
348427
2246949
651252
44929
2068544
587858
38434
2390058
707478
152388
2406538
707125
47201
2416106
698069
47106
2482636
592434
486703
1465805
631668
238343
1539951
403853
258024
363563
2555054
611571
236935
485327
1919867
432845
495984
92675
1655059
528400
207046
1681075
676917
2047455
607346
2235748
2306311
634388
271401
2392682
2620401
709462
289032
2366344
659060
154117
2516462
697141
155493
2169474
600338
169957
2419850
635956
256488
2119873
588498
233928
2148258
706934
2296903
590930
194822
2345160
698294
2329736
633268
208551
2410282
694741
104291
2452171
2157570
669717
358763
2152994
655989
100995
2326311
701621
101219
2432939
630100
361676
2247366
681461
2178659
2586479
706166
277065
2308423
664180
2416522
2211460
691286
150084
2485837
2204196
635539
230023
2389929
684181
365931
2257958
657364
2504621
2452172
682709
2337447
2163074
595026
277321
2295398
2030911
639188
228136
2258117
678773
2289158
2519917
627219
183365
2248326
780824
364043
2300839
854842
2252902
778872
2575887
777720
148004
2453740
723286
340875
2446507
826138
2338632
643508
2313960
2199204
600978
220039
97667
2337672
814201
2234853
648692
83459
2352456
671093
267368
2382250
729751
179462
2257061
675284
42274
2353705
707701
189830
2499053
814073
107587
2476140
634515
241928
2208644
637652
2331656
632883
247176
2221637
720150
2580176
673045
2597232
822073
174661
2616016
637300
356971
2384169
694102
228711
2418283
723638
170853
2229476
789849
2402442
680437
162213
73090
2342184
680821
117891
2340584
686645
164485
2435531
710678
169413
2374889
635571
253320
2220996
721014
2290918
645620
2290854
717014
200838
2315111
633875
2277574
2058815
692373
299817
2299622
713526
2337703
2170851
709206
162597
2341896
677909
2392937
682869
2352169
2176323
683829
226951
77026
2399754
622963
117667
2299783
688501
313770
2325064
720439
2312328
771928
2329192
632116
181637
2448459
709238
197382
2255653
664980
45761
2329223
790233
2283718
648340
2283110
683221
219463
2359752
2173667
634259
289929
2528398
809433
64930
2658769
819961
135652
2550510
636148
269224
2343400
2454156
664341
103523
2373449
703926
2382889
2262790
704598
164869
2230789
662388
189286
2448587
705621
198822
2504621
638196
267688
2498605
748343
2379625
2224709
678165
350986
2313671
2167523
642067
251176
2369161
778904
2481836
683253
272552
144612
2300743
637300
210631
2328744
779512
2308263
642548
2252965
2377001
683829
108995
2573295
780440
239304
2459628
2609969
730871
153061
2483916
650836
209351
2359368
689717
2500941
2189380
641588
259848
2403178
885595
2228389
822490
2222212
757911
2170179
810265
2186276
761367
2554863
817337
2536590
633460
47105
2374985
683765
196934
2238149
729686
2457836
681429
359083
2417355
667636
181381
2535854
712342
170373
2425643
700694
100291
2478348
713014
264360
2393930
654964
239080
2384393
677941
140996
2378633
674805
124835
2536974
710486
232072
2446571
666293
58946
2502029
703029
143972
2430923
650900
239079
2464428
719702
308617
2258053
840058
2200740
875515
2179523
793337
2472012
783161
216518
2450380
683797
314314
2477900
709589
283624
2247429
787992
2238757
796281
2216069
762647
2239269
899612
2264102
753559
1945084
863643
1862457
777656
1911035
792889
1831512
581586
90787
1736885
465230
380780
215047
1788055
758039
2281830
659636
236071
694261
2386697
681173
151813
2661714
693973
365195
2293318
2598576
714966
179461
2444108
689686
164101
2561711
691061
238567
2304007
647188
89123
2444171
726742
197510
2387753
657876
246952
2334824
673493
72674
2363337
768119
2928730
732150
325898
269000
2640657
616819
436173
198726
2281511
1495406
651156
1573776
463854
177574
1529455
469295
160645
119620
101731
1533007
419277
160549
1346313
382156
181093
1639634
430413
146724
162085
247367
1720021
446958
167717
104163
1662227
514192
194822
119908
1537263
453998
144197
1643218
539441
263337
232007
1884506
1747542
822137
2313896
687701
2397610
2614896
657268
354859
2344105
684661
159205
2474092
629491
340939
2265478
692405
2409770
2195684
690646
101796
2278534
2197027
672788
391980
2174627
653172
161029
2438443
678196
171173
2344040
656596
2468300
2187875
689973
64738
2465483
723062
357803
2304871
652628
2405802
2222276
653653
90275
2285638
2199619
638964
357355
2198435
685461
175045
2522829
659412
155365
2477420
686965
104067
2496492
2195011
648756
416845
2243045
651284
2491693
2211204
622675
235911
2394826
2210628
692789
89346
2412651
694485
2374665
2212900
691445
220775
2478508
661333
153605
2352296
691798
119939
2485613
640436
271272
2269126
764792
2236357
640628
220007
2429674
2270662
678900
89443
2333544
706358
2393929
2147714
700374
105059
2490925
708150
247175
2518893
753047
161957
2405450
665748
103363
2665810
726838
378348
2642865
654548
326154
163077
2448235
699478
155941
2233445
440429
285608
600562
1860665
803577
112964
2505933
811481
359819
2694803
775479
342059
2800279
806425
324010
2243653
890171
2393354
661749
257608
2485197
2057503
1180612
2362984
743415
257000
2560559
640468
322986
2747636
2669810
574514
277832
181766
498927
1691380
481358
246343
70722
108580
99459
2262341
578706
159461
148292
137284
81251
55842
132772
2415434
829466
1600689
400908
244775
195302
1507855
536433
272808
93443
2455596
797081
228135
2879257
724630
199015
2417675
659925
246919
2306855
683509
2287974
697845
210375
2383594
688949
2405130
2149923
703318
183718
2200547
664116
213159
2390441
728374
118339
2268870
717334
2185411
647220
361995
1910395
565394
188902
73987
2545966
708246
402604
2366665
647156
116067
2397066
657013
91491
2361960
632724
248520
88354
2405738
632755
220711
2359337
640692
231783
2239621
691669
2289670
2070848
638772
121636
2247077
598482
118020
2355912
792217
114691
2326184
653332
147685
2481964
683061
405900
2252261
650836
2457708
2231588
675893
328042
2249253
772055
2329672
689877
359915
2454156
689461
45857
2405770
637044
143748
2535342
681909
339019
2401418
712790
239687
2323303
681973
2195075
759991
2365193
682741
261544
2239845
649844
2535342
2586639
662645
314026
2359369
704341
2310119
763863
2306695
680789
2251494
2017855
795929
180198
2273158
643860
212871
2217380
642515
106275
2369385
612947
260168
2219557
672596
2625425
710806
216262
2309479
828441
2254373
841754
2251429
742327
2266597
756119
2236036
798680
2557007
2392362
696341
2460300
2290183
704214
2282311
765975
2528494
674196
267304
2338984
637364
224199
2366921
696245
2323047
2155714
641203
240455
2351528
2132577
797529
2301063
642004
41602
2365961
679861
287593
2339080
639860
258632
2262661
701078
2171043
687573
2433035
2171139
675381
261736
2347400
699669
52642
2383594
654612
2214564
677749
249159
2358217
2152098
708246
138468
2244038
662548
135204
2326279
688181
2374761
2282438
826970
325738
2416010
688149
138469
2452267
706550
2376009
596146
120164
2133122
625299
2511789
708117
314090
2608241
695670
366956
142085
2322312
637715
2354536
2222596
600434
188166
235175
2284998
761207
2468715
641556
373644
2397354
689077
104323
2307687
659189
101443
2530158
688629
210631
89218
2527982
695926
394189
2462188
698901
106020
2363177
667189
97315
2453740
673941
253511
2213924
783384
2216036
811801
2508717
642387
264136
309450
2312263
749943
2490893
652180
350699
2340648
696501
154117
2282694
659668
2315719
2571823
663284
236551
2357192
748375
54690
2454635
697845
50882
2509037
727831
331467
2465420
642132
373004
2261285
694038
2352809
2465548
702134
2356328
2169859
693302
167397
2513293
2173347
666837
255752
2311623
651956
2384425
2057279
625779
358123
2029982
494991
329898
175814
1520975
441550
4906487
1805304
430606
101571
281416
1653683
470510
190086
1846457
542641
327722
2159714
554545
202758
133956
59906
1958748
600146
199846
141925
2362313
637780
253544
2453324
827770
2223524
759671
2232100
811801
2277670
762839
2262470
721046
2545678
631027
244936
132549
2377705
757527
334378
2432171
629684
252360
2335400
681653
191718
2245925
677396
2385737
2162914
665397
157925
2238885
698774
156101
2476780
2234949
647700
256680
2481516
671445
478031
2427883
694261
376492
2304935
649300
2418698
2479404
659125
49825
2425419
694581
365771
2477452
631219
285929
2394538
687541
173285
2407818
682325
222406
2272838
737079
2427050
2163459
676949
249640
2322151
2189924
694102
144005
2342120
658356
126308
2488205
694070
153988
2399658
651476
2316392
823162
54498
2507213
642932
231015
2223364
649524
88611
2489933
778776
240872
2471596
798008
205606
2514413
608018
225127
2567791
1892506
450766
511440
2389162
630835
224743
150629
2472013
736406
432301
2481516
704630
2464267
2073824
699701
312521
2293414
662997
162565
2595376
726070
367467
2667090
641332
245256
2411530
2087777
608083
213991
2366217
692309
373932
2455147
644052
258024
2343528
682229
370284
2291143
767479
2380841
722934
362443
2267142
676565
41633
2354152
700597
149124
2449132
726199
157957
2384873
697878
2447436
2165507
675669
224487
2365001
638611
167813
2420970
686389
81506
2313319
631475
197478
2373097
682837
31713
2420459
716150
222855
2350313
691446
98531
2458540
643828
262824
2264709
685494
2457195
2146082
691830
88035
2264326
653492
134276
2309479
893372
2228644
761335
2495917
676309
206183
187558
2282758
723863
2441099
2224196
634516
243591
171589
2212356
680757
429037
2346280
648820
2358760
700565
239911
2383177
646900
122531
2418219
699317
95683
2527789
656564
141156
2393930
696342
49058
2476269
642292
238471
2416747
690614
243303
2307527
644468
39745
2384169
677237
392908
2270502
641236
73442
2421162
697525
147140
2386186
645012
129380
2434411
689621
169637
2632529
699029
140612
2414122
716118
2468556
2522670
700181
2382313
2238533
694645
284361
2418442
655508
148708
2405418
687861
91747
2447723
624947
393900
2256165
678741
2354312
2236357
633620
235688
2385834
2176035
669172
270441
2352872
687381
191686
2435115
687126
167173
2472556
636916
248040
2307175
698326
2556079
2199619
634292
248391
39169
2420138
643476
206470
2331080
671892
167461
2304359
643604
90754
2284646
633235
110724
2377961
633523
216807
2383978
682357
2356489
688181
95779
2431211
714678
420877
2299847
769656
2367561
681077
2320647
674389
327210
43137
2496460
676277
250280
2434539
646100
238183
2419562
688149
213671
2249285
667157
2429419
2158211
657332
227015
2333768
687989
44161
2456235
641460
343658
2255205
682805
45890
2505518
683189
206791
2323079
724886
41665
2510318
670165
235463
114307
2375625
671956
223143
2406218
645332
235720
2290375
636372
79906
2377225
645428
326314
2299750
699894
2447787
2144130
692469
142468
2458860
2199811
676661
391180
2392905
656500
119588
2468428
721430
248808
2519182
686773
147236
2387209
692565
2336648
650004
41921
2410826
722262
193317
2260646
678581
42273
2410539
671925
240935
2450539
2231717
663637
251784
2505742
788088
2242117
800793
2257862
801977
2350953
790776
2225316
735991
2564591
750743
204167
2460780
644884
303657
2259942
703669
2331560
641620
344458
2302727
744247
2472620
651284
327914
2298470
680597
122276
2320999
636340
2326471
782520
120995
2544431
630196
262152
2365449
2003933
713558
116292
2349608
705238
105827
2443275
631732
243111
2433579
2417706
758871
124900
2534734
737687
140932
2483981
2190308
641140
399244
2294822
643156
38593
2386601
678453
256712
2334760
660724
151493
2472236
693525
137316
2338440
647348
95491
2402858
750135
2411787
638580
381420
2353928
698646
57153
2413418
654580
49890
2439307
676085
297449
2351721
654613
84163
2498573
711638
220647
2555470
637012
332682
2428171
689814
99331
2419914
663925
2457612
2046591
633076
244008
2276390
687029
2273478
633523
90114
2365033
636020
2551791
2033215
807672
283433
2472492
775608
2318760
1745782
433998
10362015
1880762
470895
236711
211239
118244
1837785
611283
347243
2240613
866682
48258
2635825
635539
408301
2720372
2168067
608115
161157
164421
2488589
707606
111779
40257
1971452
532561
301641
195206
162117
1973789
552721
495471
97571
1312168
1562384
1594609
501039
241256
39969
2792406
539345
248648
218630
166277
72386
119779
2314535
558641
227847
105987
110467
96419
94307
1564561
474735
350794
461006
1628690
540656
234855
146085
127684
1606769
421549
193318
139429
250568
1504847
469838
184774
424173
1464173
537040
143492
1709460
692085
2089472
1716693
563089
189382
155205
1989949
550993
109347
2452652
615987
204006
2315335
2136834
646484
230247
2555790
2519981
831194
2319783
681333
41761
2481325
680372
234151
92739
2360584
698837
2420266
2187268
652404
168901
2530030
684277
145540
2419562
652596
99779
2524302
742583
158149
194470
2337992
642036
77891
2364297
698390
111715
2478925
2169219
661876
249224
2270886
795096
2618896
2053248
624884
299049
140740
2358089
731382
92835
2401610
644851
226150
2400682
682805
158149
2254214
653684
2440811
830233
165765
2421098
668916
2442315
2178499
637459
258632
2360009
2160034
636756
273609
2492973
739863
164229
2088352
485295
605234
1998846
793816
1929595
561809
189830
1851993
1694004
539857
198598
286153
2255717
569938
196678
2082080
567505
1917018
650260
89379
2444907
793464
116772
2528526
670485
203110
70466
2258853
753687
2366153
689845
279561
71778
2329864
772824
2429259
701974
267816
2387177
676693
220295
2397418
681845
231719
2219781
796665
2288166
748535
135972
2361385
654388
232615
93731
2481932
743671
269961
2451148
626260
103363
2233925
653940
98819
2404074
708310
185030
2316871
720887
2417290
2143746
636563
245287
2300550
2084960
729526
152101
2199939
652564
142372
2254277
635219
103235
2513518
763064
154916
2347785
658676
243431
201415
2424266
636084
216998
2251269
636948
106179
2444972
712278
442478
2292391
715222
2316903
648500
2288615
675637
219431
2387081
639092
290153
2564399
872859
2452779
877659
2119969
590386
238919
176550
125636
64482
1781079
430669
697078
1619378
827289
1926267
563953
202022
1915771
1764279
569778
2630257
2035071
854938
375499
2325640
804888
2299079
674965
2482668
2038687
597075
353323
252647
2300198
804601
2402666
637171
89667
2291750
623027
2367337
790681
344811
2486573
681845
282377
2290246
771191
2338984
681493
243880
2214820
644404
2237285
2066656
628051
236104
2505997
2082304
756535
84515
2323591
730742
2436907
596690
158981
157189
2507309
659124
317225
2231589
636275
2194755
2099776
588051
332330
2260550
630292
169861
2301703
622419
42594
2300391
619283
217927
63234
2250213
620723
399308
2328039
776728
2212932
2021278
652276
211655
2173795
598771
80482
2188676
656660
59298
2233701
599602
106787
2219748
687029
2277382
2082624
646324
196486
89443
2283366
819161
2376489
2022110
656180
298377
2420970
666325
231047
2382473
627412
397388
2343592
678133
214246
2265990
709462
227527
2185059
664052
86114
2213252
626004
38402
2159811
634004
65026
2149346
613747
2801366
769879
1840472
511056
201575
1905018
505615
329834
501295
2418474
703382
2469228
686197
451757
2504077
725206
2320263
2110177
620435
173093
2249446
664308
44418
2282279
624083
213158
2298983
2879097
772760
132580
2566703
673237
206343
168933
2364360
635284
396396
2307495
672564
2268806
2149506
642612
258952
137797
2241829
614419
204966
2328839
766648
155973
2253606
593426
81187
2263910
677941
199718
2222340
642388
108420
2254150
698101
2216868
777944
2326312
753559
2309703
579538
281065
2870200
861690
141764
2540590
597746
187653
276392
2341672
653076
203687
2194692
629619
38625
2310535
670581
2764661
724278
211463
2535502
673205
212519
2323527
2133122
666037
405068
2547470
744919
99075
2417323
664565
416845
2251141
593234
135588
2247461
657716
2232709
2060768
619027
164326
2480908
783256
377067
2508397
676437
349899
2332583
800537
2336871
781656
2299271
635188
228040
2255430
672629
2319079
590738
235591
2569583
2079552
793784
97091
2278438
775672
2347945
800569
2526957
701941
214214
115523
2477933
637044
272617
2245797
829273
2360777
641524
85219
2275014
722135
248264
2584144
755255
2564847
661268
230055
2329064
644275
254472
2235173
675253
2562287
766296
224007
2329191
806073
2297191
734742
2324039
756311
2448267
642964
236967
2295366
683509
2373321
2065663
678805
195814
37089
2245573
618067
120420
2267782
656148
36353
2623344
717206
319530
2396426
833178
48834
2287334
631667
114660
2551407
811513
2469164
2119329
660500
206182
127396
2533806
622835
263240
2375401
2667026
691221
392268
2294662
823738
2486604
2110721
635187
239143
2375497
636435
351018
2367912
694453
225671
2573231
773816
176389
2305063
800217
2326567
672501
2433098
695926
372075
2172547
592978
134212
2201283
627988
110948
2433323
613331
529200
2565935
806681
39394
2277414
750199
2228260
771319
2457580
667604
393676
2616593
746711
202502
2507726
596146
197126
2403882
641044
252616
2293894
792888
2319943
682292
2557935
674357
351819
337771
1703124
1377322
484559
492335
147108
147365
584946
1908443
885884
1649138
496368
444046
1850873
512015
389356
88002
2003742
615123
51458
2566479
713334
356459
2466028
843289
2532461
2243493
641012
283113
111331
2337288
692246
2339880
795384
2258085
807705
2242373
764151
2484749
694837
272041
2299783
2246885
752119
127844
2427467
673940
169509
2531726
702518
294729
2436363
755224
2357992
2151970
670101
341770
2227396
708310
364779
2305382
693973
2339048
2540878
637108
2497101
2196835
672117
123108
73698
2443275
675285
287593
2278470
638612
2261318
2471596
657524
2524238
2186659
704149
222119
2261126
691445
185382
2532270
674901
380236
2303750
727926
2427723
677877
201894
2432747
729334
229479
2547630
810265
138468
2452588
678389
276264
2215717
663828
2384361
2154530
598642
335914
2324968
739799
103747
2612432
628627
220839
258120
2347400
760376
2299366
643028
343339
2339816
744310
2439851
2232260
704982
164837
2371593
644916
134596
2390058
683445
240935
2393545
640147
245704
2288486
682389
2349768
2494220
732278
45249
2402506
674037
2437963
2162146
662292
154565
38913
2345512
695030
187526
2309992
634771
153221
2378057
742071
240423
2413418
772984
2365481
681141
2467276
674357
124612
2365160
708886
105316
2324007
658868
45922
2456684
675733
403084
2352584
765368
2492301
2399658
688085
2437259
2023583
622707
166597
326634
2315463
749719
2309639
646868
112451
2232101
833530
2529230
744023
300778
2437739
731606
87939
2447243
652404
333674
2294503
700278
2406474
2295687
662164
245768
43490
2210820
672181
472431
2368488
748503
2348681
647796
38785
2403466
692853
206631
2406282
639412
333802
2352937
697717
121476
2486989
659092
592338
2514733
821178
42369
2606160
633299
377163
159973
2284007
751223
2343529
660469
230759
2358665
690933
237703
2367625
681429
739543
2254117
695285
146340
2389001
667253
789944
2207204
822937
2407818
858298
2395114
826938
1943067
474895
308521
251463
2348936
466382
602802
261800
2060735
592146
1781334
652820
1921083
507568
641780
2626609
660724
223207
2468204
681077
379148
107876
2393098
691061
384748
2262213
1329961
2556303
699477
342154
2513101
676501
203622
3835510
838746
178565
255432
203142
133124
167686
99971
280361
222951
255976
159685
145476
153669
95107
2715155
745975
389932
240328
1895034
473135
689206
255208
2436683
657877
304682
267560
1745654
641812
241031
1634643
404269
73538
211687
1484846
481487
1558159
690934
2330568
684405
2177571
2034206
543792
265832
504847
2164931
763768
2291238
695829
2293734
2195972
662005
319945
2434763
772760
455886
2508685
696725
275176
2301863
663572
2366089
2188259
652052
111491
115555
2467595
675604
241799
2247589
649172
2514125
2181987
657620
224967
2322823
709430
108932
2400553
599635
2316359
2197667
594130
242376
115652
2395753
679253
368396
2352104
667221
189990
2407498
717366
115748
2381289
813753
111971
2581039
708918
244263
79811
2319687
648756
87266
2370441
722646
228519
2256357
640948
119107
2251301
727062
2307911
2280198
640148
247368
2330279
2368457
781496
137668
2499532
655604
331595
2454635
700854
163621
2494189
657685
138212
2543086
690933
100387
2379689
677013
164933
2270181
732598
2460459
2222500
679925
256424
2339528
2199555
694837
146404
2242117
664149
139396
2550478
566577
215142
177829
134917
2602448
471022
197831
524336
1944412
475502
356331
241928
179206
1845753
510640
291689
2486509
705814
624531
2477101
606707
349323
150148
2221893
733526
2074560
546193
114307
2447435
734038
398924
2389321
752503
2419659
692821
341834
2300231
853082
1693332
739895
193670
2396778
662196
303017
2547022
567569
193350
195398
1969757
470447
219303
1682772
525232
347562
63234
129636
1583217
722007
2096352
649460
285448
2251493
611699
473903
1727509
841914
1620753
412044
254407
1505167
700598
1676243
512943
198438
84259
1864441
506576
283209
1889595
495920
246248
109923
1990525
746007
1921243
516720
1908730
566290
238055
234119
2510189
913500
2481196
707542
243687
2376745
612819
375948
2283878
670805
2321383
2142274
641395
197479
2361417
631636
216999
2569327
737047
235719
2560495
658132
335050
2459115
817977
445646
2552622
733238
192550
2540783
765847
208167
2288838
778936
2571312
678005
210246
2370728
592370
232071
2587759
2597360
647188
441230
2339112
793497
2392906
640084
93763
2258342
668533
2257509
640916
201222
2433610
679605
194790
2323399
641108
236680
2227556
670004
2232805
785496
2277798
655316
100804
2397770
587378
358027
2571887
2617553
685173
281576
2472236
676053
213863
2289575
592947
2494348
682517
55937
2350473
634356
259112
2204420
819257
2259942
648628
2279430
678837
137988
2288871
642419
87747
2429739
666580
191750
2206212
634164
2319144
703061
246887
2254149
673461
2238245
2168099
626355
225639
2207908
721526
2287750
2112705
674772
308201
2336648
628883
313162
2400649
829978
2277734
644308
2273094
662516
2303047
669685
228327
97667
2359496
639252
246503
2380265
601747
144325
2271686
820633
2391529
646772
234151
2331432
675989
144036
2586607
709014
296777
2487501
668277
348459
2214180
632404
2541614
2532174
648980
420941
89571
2340200
682965
228391
2276134
623539
291849
2199363
644052
42433
2533005
738775
314794
2620241
683797
355019
2273574
632020
2258789
2144738
590898
199302
97091
2348264
676341
262088
2349672
635732
296201
2211940
673109
2311047
631124
248775
2337895
2124257
636147
360619
2259845
716406
2268422
676693
403341
1815351
827129
1645939
600595
130212
2320296
676020
2017855
587314
103011
2019166
545073
2309223
1805816
523632
240647
217862
1885690
805785
2230213
595506
220263
221095
171589
2452300
629555
236712
2293319
667732
185125
2254405
774488
2353801
686453
240583
2362025
635412
219239
2349128
657717
210823
2511182
629235
225703
2336360
673461
169925
2244037
788472
2401578
673333
268649
2345768
819097
2413162
765047
2359849
629491
361963
2379689
722134
176357
2263109
636403
172261
2544718
821081
320650
2483468
734198
130404
2480781
648180
230311
2281318
2203364
811001
2343016
647636
322570
2259430
800920
2275462
633076
87779
2230501
670837
2559759
764760
227751
2597904
689654
341387
2526350
819161
191142
2675282
680053
194726
2206244
636531
139556
2304743
686261
2211140
623379
2542030
788728
301162
2245893
681333
2238533
768823
2254502
725430
2479501
807641
325226
2469324
639763
278728
2292967
679605
2175555
626356
57346
2262437
695446
377068
2281958
608467
153669
2236421
676629
2661681
708566
322090
2644145
846586
52610
2497229
641908
357963
2606128
788985
139973
2546702
768919
322666
2382729
771415
2283142
644308
2330343
2662194
650868
289353
2289862
635092
198790
2432043
2060799
669045
241543
2320871
631123
214855
2177442
636692
50305
2273414
604562
287913
2271110
640212
192614
2314247
619988
232711
2223140
734294
2289830
823322
2222116
672117
205606
2274694
651924
2701043
2090912
