371629
120100
109476
117637
108836
108804
107940
109892
116484
107620
107652
108227
107460
115396
108932
106819
107811
107428
116420
108740
106307
106884
107011
115236
107908
107876
107843
106884
137764
107972
106595
106660
107779
129733
107140
106339
107076
106884
108163
108707
104388
106852
108196
111844
117380
111236
107460
107684
107108
117348
106852
106820
105411
106627
114563
106660
106884
107011
108324
114660
107076
106212
106852
106851
125060
110019
106084
107108
106180
106852
106787
107236
106340
105060
106436
114084
106852
105892
105380
107268
111428
106244
104868
105540
106340
127653
106468
106180
107204
105347
107332
106531
105667
106115
106147
106116
114468
105284
107076
108004
106148
115588
106819
104868
105636
107268
113316
105891
109092
106340
107396
116036
106659
106211
105603
106595
104995
107492
105507
106595
105827
105155
116036
105252
106340
106980
105060
112324
105764
107587
106244
106372
110404
106436
106371
106724
104355
106468
107204
104067
104836
105252
104708
113540
105123
106435
110051
105315
113731
105988
104420
105700
106852
114020
106692
105188
104740
105220
105732
107396
105956
105155
106211
105443
113444
105155
106819
106019
104771
114500
107139
106500
105155
106084
114180
110916
105315
106788
106244
127493
106755
109284
104324
105027
106595
107747
105795
105699
107619
104611
113732
105956
105540
106051
105603
111204
105475
106724
105220
106532
104804
109443
106884
106692
106148
106115
105668
106628
107588
105924
108324
113924
105891
105475
105700
106852
114052
106691
106596
105476
106596
131076
106435
104803
106883
107076
103972
109060
104100
106244
106020
105668
116484
105636
106436
106084
108260
114052
107364
105764
106180
105828
123716
107652
106724
108772
105892
105955
107427
105604
105860
106020
105828
114724
111108
105316
107395
110020
113700
105860
106372
105764
106724
113668
104995
107395
105123
105540
124549
106372
105892
106435
105635
105955
105475
105667
106372
105667
105091
112708
104579
105539
104643
105252
111460
105764
105828
106148
107076
124260
108387
109508
105156
107556
105827
108228
105892
107428
105892
107972
116484
107172
106564
106244
107236
113764
106116
106532
107492
106947
114116
106724
106692
105539
104899
132612
106339
105475
106595
106403
107108
109892
108740
106436
105956
105476
114947
105796
104932
105892
106212
113540
105476
105347
105539
106211
130916
105220
106852
106116
105028
106756
108579
104291
106436
104067
106083
114755
106916
106340
106308
105668
114148
106052
105316
106084
107108
122340
106308
104900
106020
106148
106340
107268
108003
106179
106148
105604
114660
110499
106531
106084
105571
113572
106851
106083
104259
107107
125252
109284
107172
106244
106340
105476
106436
107684
106180
107332
106756
116676
107492
106596
106436
106468
113348
105252
106436
106500
106052
125316
105796
109220
105316
105412
126020
106820
106724
106660
108036
106563
108099
106788
104996
105348
106339
115332
105188
106564
105380
106820
112324
106019
105891
104260
106564
122148
105412
105284
105796
105988
105284
107780
106723
105027
104899
106788
114564
107523
105475
105764
106148
115652
106563
106339
105955
104067
127908
108068
105668
107556
105508
106596
105956
104932
105412
104675
105731
115140
106019
106211
106532
104324
114852
106339
105603
106820
105507
122532
105539
105027
104548
105316
105252
105411
104451
106051
106243
106084
111908
106660
105636
104932
107076
112771
105636
105763
105251
106787
106851
109379
105060
106339
105667
106116
106148
106564
105572
106180
104868
113220
107044
106372
105987
105092
114371
105156
105604
105956
106660
136549
108676
105988
106084
107523
135972
106788
107268
107011
105411
106435
107715
104355
106307
103907
105188
114884
105891
106147
106339
104995
114372
105956
105667
105219
105028
119908
106756
106532
108228
106372
110724
106852
106468
106116
105092
106372
113732
105156
106884
106596
106756
114180
105476
106979
105859
106788
123012
106788
105732
105924
105636
106212
108804
105252
106244
106148
105411
111972
108804
106467
107331
104835
114276
105412
105219
106692
105731
122404
108996
105252
106180
105828
105412
107748
107011
105603
105507
106851
116484
107395
105635
105827
106755
115108
105860
106020
107012
106212
126853
104163
104227
107395
104260
105412
107236
106116
107012
106884
108036
115044
106147
106147
106051
104740
114948
105764
105796
107492
105124
112388
107236
105924
106404
105028
106916
106115
106019
106755
106052
106660
115364
105412
105636
105508
105764
115300
107075
105603
104995
106179
115812
106148
105828
105092
106148
105124
108099
106723
106371
107331
106147
114788
106563
106980
104900
105860
114276
105988
105636
105444
104900
123205
105956
105092
105796
105476
107268
108548
106276
104964
106628
106212
115524
110820
105924
104804
105764
115428
105219
105507
105732
105796
133189
106563
107332
106435
104451
106531
106947
106243
106595
106947
106947
113348
105956
105476
104836
105316
114180
106692
104644
110500
107107
115268
106211
107524
107364
105379
106755
109380
109092
105667
105636
106148
106052
105828
106436
106372
106148
114212
106852
105891
104643
105828
114756
107076
105028
104963
105987
123076
108004
105444
106020
104932
106308
108068
104548
106084
105124
105956
114724
105956
105700
105220
104772
114148
106660
106852
105508
105892
106084
108292
105188
106340
105156
106916
110948
107747
105731
105891
105507
116196
106276
107524
105444
105636
115236
106596
106788
107268
106628
106244
107300
106148
104356
104516
105251
111364
107524
106404
105859
105571
112996
107139
105092
105635
105859
116292
106596
107236
105444
108164
123876
107684
104771
104867
107267
106756
107908
107492
106884
108740
106147
113604
105860
107012
107332
106116
114180
105924
104932
104324
105636
112452
107523
104963
106596
106244
105956
108484
104547
106307
106276
105763
108932
106595
106308
107364
106147
115876
105636
109732
105860
105956
114083
105539
105123
105988
105124
107908
108420
106275
105924
104516
107043
115172
105476
105540
104836
107620
113668
107172
105892
107844
104740
113764
106180
105540
105123
104771
106467
108164
106500
107396
106628
104515
108739
105475
106211
105891
105988
115108
105700
105348
106116
105860
112323
105764
106339
105219
106947
126917
106723
106659
105571
105732
106308
107940
105060
105860
106148
105091
114980
106020
106852
107748
105252
112644
105604
105443
105827
108260
124069
108035
109700
106276
106948
105124
107011
105251
107332
106020
106436
107908
105636
106308
104804
105860
115684
105539
106883
106275
105475
114052
108068
105508
109732
105028
106948
107108
105444
104739
105347
105764
110596
105764
107204
107172
106852
115140
109316
104291
104483
105636
114532
105987
104675
105443
106019
105315
107843
106404
104868
104771
105955
114084
106531
107011
106980
105988
114820
105924
104068
105667
104931
113956
111107
106083
106723
104291
105539
107908
105860
107012
107044
106660
108643
105764
105956
105668
104996
114020
106372
106980
107780
106020
112228
105764
106276
106468
106627
108003
111140
106435
108036
106083
107459
118372
107300
106308
108260
108388
115492
106115
107268
104804
108228
114084
106947
105604
108612
106756
114372
106179
108036
104324
105795
132484
107491
105155
105891
106947
104931
108451
104195
108771
105507
104515
107876
105892
104644
105348
105092
107779
105188
105700
105380
105412
114404
106884
105028
106308
106372
114276
107620
105028
105764
105860
126885
105219
107235
105635
105891
106947
108387
105924
107460
105955
107492
114052
106564
106564
106468
106948
113092
106468
106084
105316
106564
128581
106915
104836
105284
106980
104900
106307
106435
105539
105059
105284
114180
105316
105988
104868
105732
113092
104420
106212
105284
106884
130660
105636
107044
106244
105540
106404
108932
105764
104707
105475
105540
108548
106819
105251
105539
105443
113828
105955
106467
107844
107300
113540
105699
105059
109571
105347
105283
108804
105060
106596
105924
105700
108995
105092
105476
105572
104836
114148
106564
105028
105540
105252
114916
106244
107460
105060
105219
123588
105380
105956
106436
105092
106852
105347
106435
107203
105091
104451
115076
105764
107236
106148
105540
115620
105635
105411
105188
106467
120484
108644
106628
104740
106116
105028
109059
105348
106596
106628
107044
115076
106116
106564
108068
113060
114948
107012
105476
106116
109316
128324
106052
106212
105476
106404
104740
108867
105635
106819
106916
105732
114948
107236
105827
104835
105923
113571
104708
105316
104580
105732
125509
110276
105827
104995
106819
129540
105604
106852
107300
107812
108036
112516
104611
107012
105380
105187
110116
104995
105571
105315
107267
114948
106212
105220
106148
105380
129733
107140
105859
107396
107972
105092
108356
104996
106308
106756
107204
114116
107556
105667
105443
107044
113796
105795
106371
105827
106692
127781
105187
107396
106915
106563
106851
109284
105892
106468
106724
105508
115460
107140
105892
105476
106500
115204
105123
106755
106531
105123
128868
106436
108932
105860
106756
106756
109635
105283
106723
105571
105379
111076
107044
104932
107620
105988
114820
106404
106404
106436
105764
129285
107652
108420
106596
106596
106596
109700
107044
106020
105764
106468
114692
107972
106371
108035
106531
115044
106147
107331
108996
106980
114788
107716
106756
105572
105988
124036
107556
106307
106627
106115
106275
106692
105572
107204
107204
106116
114084
106788
104996
106436
105412
115588
107268
105827
105539
105604
135845
106660
106948
105124
105924
107364
106340
106372
107556
106884
106532
116708
106243
104931
105987
105635
113316
106243
106723
106883
104387
122596
107940
104835
105603
105924
105860
107331
105347
105475
104676
105668
114820
104708
109508
105828
104740
113956
106180
105572
106212
105988
121380
106020
105892
105860
105924
107556
107747
106820
105636
105987
106179
113156
106084
106340
104483
105891
114244
106212
104324
105892
105859
123460
110532
108868
108292
106852
133701
114756
107331
107012
107715
106019
110468
106532
107588
106404
107556
115876
106148
107748
107012
105924
115332
105123
106083
106308
105923
124741
105252
105700
106052
105732
105732
107715
106500
104963
108291
106243
113220
105924
106500
106308
106404
115236
106852
106084
105763
105059
123781
107908
106916
105988
106884
105220
109188
104452
107876
106052
105508
113796
105508
107396
105156
105348
113764
105220
105540
110212
104260
138533
106148
105860
106084
106212
105892
108612
105700
106436
106660
104324
114468
105796
106724
105188
106468
113476
106596
106020
105476
108676
130821
107844
106275
105091
106243
105667
108164
106084
105860
105188
106244
115108
106211
108804
106276
107012
114372
106308
106564
105540
109092
114020
106980
105796
105412
105828
114500
105796
105188
106660
105764
106244
108996
107780
104291
105444
105795
106596
107268
105028
105924
105540
114852
105892
106052
105636
107812
112772
105604
104516
107396
106436
119300
105732
107172
105732
105156
107460
108004
105188
106116
106467
106115
113732
106596
107812
107395
105443
112100
106244
105156
105892
106468
130309
106371
104963
105699
107683
105443
107299
104579
105955
105059
105731
114148
108932
106340
106276
106500
114756
106147
106019
105315
105859
122404
106564
106180
106180
106564
105540
110052
106724
106148
106276
106404
113508
104355
105988
106691
105923
115428
104804
105156
108484
106627
114500
109892
105732
105508
106788
110180
107011
107588
108388
105860
105668
108835
105187
106307
105059
105860
115908
106148
106148
107076
105860
114276
105539
105444
106436
106244
164838
108228
105508
105412
108292
104612
108099
106468
105636
106116
108804
113411
106980
105636
106020
106596
113188
106083
106819
105923
105475
135652
112387
105476
106820
106628
105540
108484
105828
105700
106628
106020
115332
106436
105955
107043
105635
112740
105955
111204
107940
106628
116452
107203
106979
105987
105636
104387
106948
106340
105252
106276
106884
106596
105188
103716
106724
104835
114564
104771
106307
106596
105828
113668
106243
106147
105635
107236
105540
110052
105764
107716
106563
105444
106116
107235
105059
105539
107620
116612
106659
108196
107523
106307
114276
107300
106020
106020
106276
114372
106852
106852
105860
106692
106852
109156
104803
107011
106179
107331
113059
106404
106500
106180
109092
113732
106404
105892
105796
106116
116484
108739
107684
105732
106116
124036
106819
105795
106723
106340
106596
105700
105892
107908
106276
106020
112580
106372
106052
105892
105988
112548
109188
104740
107043
105955
106244
107843
105796
106244
105732
105283
106276
105348
107108
106180
104739
114372
106980
105188
105444
106179
114660
107460
108388
105764
106499
122724
109892
105892
110340
107940
106180
109412
105476
107300
106467
107331
116644
107524
105284
106180
108324
114500
106020
107012
105988
105923
114916
108868
106980
108452
106211
106147
108196
106564
105636
106724
105636
106180
104900
104547
105891
106403
114692
106979
105507
106563
105923
115204
106180
105828
106051
104579
105507
109188
105636
107556
106884
105252
107363
105411
106435
105476
105636
115428
105732
107940
106916
107363
113796
105028
105316
105411
107395
104035
108548
105508
105380
105796
107011
113828
105604
105188
106020
106852
114084
107139
104547
106212
104804
114564
105987
107459
106499
104867
106019
107812
105604
106180
106404
105924
114532
105891
105347
106532
106692
114820
104643
106115
107075
106467
113796
111876
108068
105955
107492
108132
106403
106595
106340
105380
107459
106308
107140
107491
107172
106116
116388
105155
108196
106276
107044
116100
106468
105796
106532
105284
113412
106788
106148
108836
105220
107076
108228
106020
106532
105476
104580
106084
105156
105828
105028
105380
114564
105028
105092
105859
105316
114820
108644
105668
105827
105475
105955
107939
105219
106596
106020
107908
105956
106116
105188
107172
104420
113572
104515
105795
104420
105412
115012
104963
105603
105475
105763
106691
107972
106212
107076
108644
105284
108291
105315
106276
105700
105092
114404
107171
107140
106468
106244
113892
108580
106692
106244
105028
125284
107140
105796
106948
106115
106563
107203
106819
107268
106820
106180
116932
105700
105988
104900
106180
115652
105764
106500
107684
105668
113828
106532
109156
106531
108483
130212
108388
107044
105348
105764
106084
106916
105731
106468
106500
105508
114084
105603
106915
106275
106531
116836
106468
104964
104740
104291
105091
107908
106435
106371
106979
106275
107491
107748
105379
106883
106083
114340
106980
106596
105860
105636
116100
110116
106563
106884
106308
115460
107108
106916
107140
107684
111716
106147
105539
107172
106436
126660
106052
104260
106052
105156
107300
107844
106435
106883
105476
106084
114692
106116
107460
105124
105540
114980
110948
104548
105924
105156
128708
104676
105572
105028
106724
106500
108771
107044
105636
105731
106948
114276
109092
105252
106436
105284
113828
109636
105987
106147
106179
112996
107108
105635
111780
108099
133925
106628
105796
106820
105508
109988
106180
108260
106308
106180
105860
114788
106595
105987
105123
105283
113028
105699
106147
106627
106116
123589
104579
111204
105252
106115
105667
107139
105027
105316
106148
106820
113988
107267
105955
106692
105892
114884
106500
104996
105732
107268
129637
106371
106916
106276
106884
105635
107108
105476
105860
107172
105604
112804
107044
107652
107012
107172
115044
107332
106116
104836
105668
129028
107684
105316
105636
105956
107524
107524
104740
106468
107108
110980
113572
106596
110340
106020
105572
115172
105988
105764
106500
104612
114276
104803
105059
105635
107683
106851
107364
110884
109220
105572
107524
109668
107012
105892
107716
105572
114692
106020
105604
105828
105476
116644
105892
104644
105508
104515
128100
105828
105603
106243
105443
104963
108484
106724
105412
105156
106244
115428
105508
104228
105316
105892
114340
107012
105668
104964
105476
115300
106564
104484
106724
106276
105892
109571
105955
107363
105796
106724
114051
107331
105475
107492
105476
113572
105924
105572
106244
106372
115044
107396
106212
106563
105827
105667
107683
105380
105764
105700
105572
112228
106051
106052
106180
106052
115428
106275
104483
106371
104899
124004
107011
105699
106308
106116
106532
108324
106372
106724
104580
108260
115204
105540
106244
105443
104899
115556
111683
106820
107780
104419
113636
109251
105475
105539
112868
129093
106564
106659
106691
106436
105571
106883
105475
105539
105571
105347
115556
106852
108676
106660
105412
114436
106403
106307
105411
106692
114852
106596
106372
106116
105924
106212
109060
104772
104963
105859
106851
110468
106116
106691
105859
106691
114116
106788
105412
105955
105379
113604
106243
106339
106755
105411
107140
107683
105507
104739
105891
105347
106148
105827
105476
107332
106916
116580
105860
105604
106787
105955
112996
105539
106051
106723
106148
107844
109124
105763
106435
106371
105891
108356
106084
105988
106468
106500
114340
107780
106980
105092
106980
114820
106659
106947
105027
105828
106244
108196
106468
109028
106916
105828
107588
105220
105476
108451
104899
115524
115108
106468
105668
106788
116100
106628
105988
105891
106627
127012
106436
105860
106691
104899
106371
109155
106435
109251
104899
105219
112228
105124
106692
106404
105796
112484
106756
106468
106404
106052
113252
107748
106180
105892
107204
106724
107716
106084
106212
105251
106659
113827
107940
105860
108164
105860
111236
111012
107684
106372
104964
113892
107012
105380
106659
105508
105060
107108
105892
105924
104963
105251
114532
105380
105731
106595
107108
115076
105796
106243
105059
105507
134596
105476
105796
106212
106884
106404
107844
106979
107171
107556
107076
115204
107780
105795
107427
106627
117892
106756
106532
108227
108772
113188
105539
106499
106051
105603
126884
109540
108580
105892
106212
106308
108932
105892
105540
107012
107268
114788
107556
110852
105604
105667
113700
105892
105508
106019
105379
114532
105732
104356
106692
105540
105284
108004
107684
105315
107908
106852
113284
106468
105476
105988
105700
115652
105924
106628
107428
106020
113444
106500
105412
105956
106692
105956
106339
105411
104420
105572
104899
115108
105316
106340
106212
105892
114243
108803
105763
105027
106436
124677
107907
107332
107684
106243
105859
108644
105700
106276
105860
105860
114724
106916
105220
105188
108484
115908
105380
107300
105316
105828
153669
106148
106307
106532
106116
105988
108932
105732
115716
107779
105604
107716
106340
107043
105091
107972
116196
108515
105316
106436
106435
112931
105987
104899
105251
106115
113668
105828
112356
107620
107236
107268
106884
105156
104835
104867
106403
109796
105348
106980
106468
106468
112100
105636
105764
104484
105636
112932
106212
104004
107428
106820
131621
107204
106020
105732
106788
105699
107012
107428
105892
104548
105060
114308
104548
105124
104996
104548
114564
106596
105540
109316
106468
132069
105091
105859
106083
107043
105955
109732
106116
106723
104676
105316
114532
104804
104868
104867
105123
112580
105379
105283
105443
106820
125861
106755
109092
107011
106756
105284
109156
105892
108900
105572
105796
114116
109540
106052
106052
109411
113060
104579
106724
103396
106884
114244
108804
108355
107268
104484
128164
106148
108932
105699
106563
106051
109540
107236
107076
106084
107172
114468
104900
105796
105124
104772
114532
105859
106243
107491
105091
128069
109860
105155
105252
105668
105252
108708
106564
106596
106468
105700
116324
105668
105796
105636
106884
114020
109892
105572
105028
105444
131620
106980
105508
105956
105476
105412
108356
106244
105860
105860
108579
113252
107171
105444
106052
106660
113860
105476
106212
105988
105988
124996
107076
106884
106276
106276
106468
106852
105924
106340
107076
107748
114276
105411
106083
106403
105860
115044
106052
106500
106372
106116
124548
107300
104676
107076
105604
106212
108259
106820
105636
107876
106660
106436
109220
107332
107812
107075
114372
104707
105411
105860
106180
115268
105507
107428
106180
106148
107908
107812
105316
104932
105731
107011
108196
106500
104484
106724
105475
115396
106084
106180
106724
108292
112196
107267
106051
106179
105027
105347
107332
104707
105059
105539
107556
107172
105284
106404
106244
106404
114884
107076
104579
106371
106115
114404
105092
106020
105604
104772
105092
108291
104196
105732
106371
105635
107140
105955
105796
104228
104772
114788
105764
105572
106020
105252
114980
108899
104707
106756
104804
122948
106116
105700
105700
104867
105572
107556
105444
108068
107108
105956
114371
106884
104164
106116
104868
115492
110468
106115
105636
105508
112964
105188
106180
105859
106019
109955
108836
105732
105444
106468
105316
108260
104612
108132
106019
105347
114212
106180
105156
106116
106212
114180
106532
105252
105508
105956
107555
106691
106819
104931
106052
104899
104419
105251
106628
106340
105348
115204
105923
105859
106595
106691
116356
106052
105060
106052
106852
107684
107588
104644
106724
104708
105859
105795
105284
105924
106020
104035
114276
105636
105220
105412
107012
114788
107108
105668
104964
105155
105155
108676
104804
105956
106020
105796
107779
105316
106404
105956
107268
113924
106436
106436
106244
105891
113060
105604
106340
106852
107460
105380
106467
105635
107459
104163
104611
110148
105572
106083
105251
105955
114884
105988
106468
106724
108708
116100
105283
105923
105475
105603
114211
107459
105636
106435
106787
105188
108100
108388
106660
106212
106756
109155
106084
106468
106084
107428
114660
111300
105444
106884
106436
116132
107076
104772
106276
105284
125060
106084
105220
105796
104227
105315
106340
105604
105156
107172
105892
114596
105860
105380
106532
106532
116100
109603
105796
106500
105284
122212
104196
109092
105987
106947
108099
108484
105828
105699
107363
107620
116164
107076
105091
107012
106980
114820
107108
106020
108484
104675
113924
105667
106211
104548
106596
122021
107011
105347
105412
106980
104868
105796
105700
105508
105380
106500
113892
106660
105891
106147
105731
113764
107364
106308
108676
105732
115556
107172
106404
106692
106308
123333
106595
105891
107556
104996
106756
105987
105220
104708
108516
104579
113923
106020
106244
106276
105251
112131
105508
106052
106180
106884
128165
106019
105987
107555
105443
105795
107652
106596
107428
105507
105571
114564
104835
105347
105283
105667
113956
106820
105092
108292
105444
114340
107524
105540
107268
106179
106307
110308
106884
105060
106148
106372
116004
107491
105347
106307
106211
113860
105188
108036
105155
106499
111652
105731
107556
106436
108260
105540
110212
108164
106276
105860
107844
108420
105860
108387
106851
105251
115876
107364
105988
105508
107172
113764
110692
109476
106563
105795
126085
105668
105635
105956
108996
107427
107076
108836
106628
107267
105924
110820
105796
109379
105699
105891
113156
106724
105604
105604
105636
113124
106403
105027
105155
105443
105571
106916
104740
104996
108356
104900
107204
104836
107108
105252
105892
117156
105700
105444
105700
106308
113924
106084
105924
105155
105763
105220
108260
105476
107876
104548
106980
116452
105124
107716
105572
106212
114532
111524
105444
107812
106308
114724
106820
107204
105668
104739
105891
108068
105380
106532
105956
105859
106851
106435
104419
105796
104835
114500
105636
105156
105795
106147
113956
104228
105316
106724
104388
107748
109252
103875
105892
106659
106532
106244
104612
107491
106116
105316
114564
105860
106947
105635
110243
115940
107491
105508
106244
107204
114052
105956
106500
108260
104899
122916
105731
105668
105700
105731
105347
107076
105923
104643
106212
104772
114724
106020
106116
104804
106244
113732
105252
106212
105028
107780
124100
106947
107363
105700
106371
107907
109731
107300
106020
105316
106180
114276
106148
106628
106884
104900
114628
107747
105603
106019
104547
134149
106340
104548
106468
104196
106404
108228
105956
106532
105668
105380
114500
111492
103684
105988
105444
115012
110276
105539
105507
106467
113604
105699
105795
104740
107780
105059
109251
105924
105924
105988
106724
115332
105508
105539
106723
105411
113988
107236
106948
109060
109827
113860
107267
106148
106724
106244
117605
108772
108099
105091
105827
105091
108740
106948
107012
106532
107331
107235
106339
105796
106308
107588
114788
105059
105795
105955
105059
113700
106499
106340
105892
105284
106116
108644
107363
105859
108707
105699
107140
107428
107460
106244
106244
114980
106244
106532
105220
106340
113252
107268
106180
107236
106884
132357
106788
107588
106020
107108
105540
106820
104804
105604
106180
105988
115076
107491
106851
106307
106627
114916
105188
104996
106244
105764
113124
107331
106147
106211
106115
105220
107268
107428
105796
107396
105508
114404
106244
106435
106788
106083
114020
112964
104420
107427
105859
114275
110980
105379
106051
108356
131141
108548
104548
105636
105572
105700
110212
106436
106244
107716
104996
115876
105700
105284
105700
105988
117988
106563
105187
107268
105636
113860
108100
108324
106020
106148
106660
107396
105475
105892
108132
105956
113987
105700
105380
104868
104483
113092
105187
106147
106435
105091
132037
107012
106148
107556
106212
106500
109219
105443
106371
105955
106307
115172
105476
106404
106340
105604
113828
106532
106372
106948
106436
115908
106468
105380
106340
106627
106019
106724
104900
106340
107012
105475
114372
106340
106724
107940
106532
115364
106084
105892
107972
106723
114500
108004
106244
106084
105827
106851
108067
106084
105316
105796
104931
109508
105188
106756
105476
108548
114276
106788
105892
106372
108003
113412
108964
107236
106340
105348
130116
105220
104164
105667
107107
105347
108003
105219
106275
105731
106115
115684
104292
105796
105476
104708
114628
105764
105988
106692
106532
129573
108612
106244
108996
105700
106852
107300
105667
104963
105795
107908
113540
106563
106019
106403
105955
112612
106020
104836
104996
106019
141669
106051
106212
105860
104900
106020
105380
105380
105604
107684
105252
109155
106404
106340
107844
105860
112899
108068
107780
105220
106692
114564
107651
105059
107171
106883
107331
109188
106564
106308
105924
106340
108484
108612
105732
107332
107780
115300
105764
105508
107236
104292
112964
106307
106307
113252
106787
115684
106180
105571
105700
105508
105508
108932
108964
106723
108131
105315
106116
105028
105060
105380
106692
114980
105700
105444
105828
104548
113348
105924
105540
106084
106660
105412
108515
105731
104643
105763
106051
105220
105379
106147
106979
105027
112356
105507
104643
104612
106532
113540
106468
104932
104355
105348
105892
107940
106627
106115
106275
105059
108100
106340
105892
105444
106692
115140
107460
106532
105988
105508
113732
105092
105476
105156
106084
105924
108547
105059
107619
107235
107107
107331
105764
106564
107300
106692
117572
107268
106564
106340
106564
115236
108387
107620
105124
106531
129700
105988
108324
110308
110051
106276
110756
107108
105444
105572
107940
110916
106371
106020
106276
105348
358476
240201
121540
112260
107492
106820
107364
109540
106916
110052
106243
107107
115108
108963
111395
105379
107011
115332
103908
105924
107076
107460
114500
107492
106372
108388
107748
108836
108324
106628
106660
108420
106211
106275
109220
106883
106659
105827
113667
106180
104996
106884
107428
116932
108100
106788
106596
106084
128196
107300
104644
104836
105380
105668
106180
107716
107684
106212
105380
111972
107076
105828
110276
105411
114372
105892
107236
104804
105764
130661
105507
106499
105795
105603
106179
108260
107268
105924
107044
106275
114660
105924
107172
114436
106468
114628
106851
105859
107331
106275
115460
107460
106180
106020
106020
115876
106723
105987
104963
106403
105699
109636
104355
106020
105796
106500
106116
104932
105092
105731
106979
113380
111332
106884
104932
104740
115300
107524
103716
106468
106308
134309
109668
107044
106116
105252
106340
109027
105604
107492
105316
106532
114148
108676
105412
106564
106884
114148
107555
106243
105283
107875
113380
107684
108036
107364
106212
105732
109059
105059
105892
106660
106116
108484
106340
105348
107556
105220
114564
106755
105219
105315
105763
115652
106435
104899
105764
105220
105988
109668
105956
106692
106020
107908
107012
106851
106179
105795
105123
115492
104516
106276
107620
106052
114724
105828
105924
108676
109444
130853
106211
106404
106436
106212
106276
108612
107044
105924
105124
107267
106436
105284
107652
106340
105732
112580
105795
105187
106435
105507
111075
105444
106820
105380
106468
125060
104867
111940
108004
105860
104868
107332
106916
104324
107812
105188
115460
107747
105731
105763
105603
114916
106467
106884
105092
106788
113508
105860
105924
106276
106788
107044
108547
105859
105571
105604
105956
106756
105827
103395
106115
107267
114148
107716
105604
105444
106212
115492
105315
105635
105668
107140
128069
107652
106116
105572
105636
107556
108996
105732
106724
104548
107555
110531
106180
107076
106948
105924
114020
106212
106660
105155
104931
124868
106852
107140
105028
111876
106724
108740
106307
124260
105923
113444
105859
108644
106115
105987
113955
106692
105476
104900
106788
114788
107267
105891
109348
104676
136581
105668
106563
106148
105892
105540
107043
105507
105635
106883
105123
113540
105987
105987
106339
106275
114051
107524
105764
106467
105763
125764
111620
104867
105635
108195
106148
108964
104899
104739
105316
106852
104899
105475
107108
105668
107012
112580
107139
105379
106340
105188
113476
106148
105028
105508
105828
118852
106628
105476
105604
105956
105700
107012
106147
105987
106756
106180
113891
106404
108003
106467
104803
115428
106564
107844
105444
107012
127428
105380
105604
106340
106692
105764
108580
107940
106339
106820
106628
112452
106724
104740
105668
106820
113572
105699
107012
108068
107172
112611
105028
105476
105796
103908
125925
106243
105027
105507
105539
106659
108003
105539
106563
105763
106083
114244
106084
104932
106724
105444
111395
105636
106532
106148
105636
126340
106435
105731
105731
106723
107107
106532
106308
106116
105444
106723
114020
106500
104932
104419
107811
112580
106468
106275
107364
106179
126789
107716
105156
106307
104835
105444
108675
104963
105731
104387
104739
115716
104963
104899
105796
105347
115172
106915
106371
105603
106308
113860
106691
107427
106084
107363
106532
106500
105987
105475
106275
106404
106115
105795
106627
105956
106051
115556
106116
107012
105444
108036
113508
109380
106691
106563
106212
125860
106531
106851
107267
108260
107492
110531
107011
106404
106148
106339
107524
106468
106468
106404
107524
117156
106595
106500
105444
106372
110755
106180
104100
106404
105412
105252
108068
104516
106212
107076
105924
106563
107587
106916
106980
105636
115300
105892
106276
107556
104964
113827
106884
107428
106308
106404
124421
113604
105251
106531
107075
106531
107204
105860
106724
106980
105124
115268
106148
105988
106212
105316
114084
105828
106436
105636
104228
114884
105796
105860
104804
105988
104516
108003
105699
105347
105411
105379
113924
106468
105284
106148
106052
114756
105283
105476
105860
105380
111363
106660
105380
109539
105987
106627
108644
107652
108484
107268
105188
108004
105156
107108
107332
110340
111332
106499
107460
106243
106148
113188
105795
105763
105891
105635
111268
107075
105411
105475
106147
104835
104868
106404
106116
107716
106499
108516
107012
105924
107428
105284
115172
106404
105604
106948
105732
111748
107107
105635
107107
107427
125988
111076
105571
106243
106147
105155
109891
105124
106404
112836
105604
113156
107363
106179
106403
104291
115076
106276
108324
106148
107012
125797
106756
107556
107556
106692
107172
109956
105955
106211
106787
107267
114500
105668
106788
106788
106276
111620
105124
106084
105924
107076
112292
105668
105604
105700
103876
105636
107428
107780
107683
107140
105795
114020
104740
105668
103908
105828
114052
105539
106435
106051
105444
116868
105540
106948
106436
105923
128005
105988
106628
106947
105475
106787
105315
106211
105571
106083
106083
115332
105476
106276
106692
105187
112260
105283
105635
106627
106115
125860
106499
106851
106595
105891
106275
105892
107012
153413
108836
106275
107716
106180
107748
106340
105796
109636
106244
106468
106276
106052
114052
105188
106180
105380
105508
113924
106660
105860
106116
107619
106403
107459
106691
105348
107332
105860
107587
106244
106660
105988
106916
115140
104676
105060
105508
105732
113828
104964
105092
105764
107363
104963
108963
105539
106403
105284
106212
114596
108708
105188
107172
105219
114884
109284
106884
107748
106404
114084
106148
106276
106852
105124
123108
109732
105667
106724
104547
105987
109635
106596
106499
106723
106435
113891
106724
106148
104740
107108
111811
106276
106404
105476
105412
115972
106083
108035
106595
107300
107108
109124
104900
108452
107012
106020
107779
107235
106820
106051
107876
113604
105700
105188
105412
106116
112932
106308
107108
107108
105636
125765
107907
106115
106211
105155
110851
107364
106563
106051
106435
109251
116452
105220
108836
106307
105347
111299
105924
105604
105603
105059
115236
105188
107139
105443
106435
106371
107683
107204
105508
106692
107620
105732
106468
104900
105988
105540
113316
105380
105060
107108
104772
115268
105380
106692
104740
105283
125892
105316
106052
104964
104676
104420
106564
107940
106980
106884
106084
108100
105508
106180
106596
106084
113188
107779
107107
107171
104900
112036
106116
106212
107172
107428
128997
105603
106468
115620
107427
105891
109764
105699
108068
108644
111076
109092
107844
108132
107523
109444
116772
107780
107492
108259
106564
113668
107812
108804
108003
108132
116036
107268
107171
107140
114436
143493
109604
109764
108035
106915
110116
110468
109124
108964
107812
107012
106724
107684
107043
106755
106596
115588
107204
108323
106884
106628
118596
111460
107651
111012
108292
114340
107780
106468
110116
107140
133317
109060
106564
108003
107268
109252
107044
108132
106340
107748
106915
108612
110051
107236
108867
107491
116356
108772
106660
114436
111588
116708
113988
109475
109924
108387
116996
109700
105956
108260
107555
115588
107428
107171
106659
106372
114084
106916
106852
106052
106564
126821
105251
106851
105187
108611
106755
108516
107236
107588
106371
106595
113796
106532
105475
105827
105891
115044
107236
106148
105828
105220
131173
105443
106788
105700
105668
105764
107747
106788
105764
109732
104516
111972
109667
106276
106084
106244
113700
106564
106596
107588
109156
111172
106660
105251
105988
105092
108676
106564
106563
108067
106051
105700
108452
106051
106019
104451
106148
113092
105027
104612
105220
105700
111748
107172
106084
106532
106723
106403
106276
105892
106180
106308
107204
107172
104643
105731
104740
107428
107140
105188
106116
104644
105956
114212
105731
106563
105731
105731
113988
105347
105955
106147
106244
126789
110147
106211
105795
105347
107812
108132
104580
107524
105668
105796
113988
105091
106147
105188
105988
114340
106660
105764
106660
106212
132069
107780
105732
105252
106052
105156
105860
104964
104996
106084
107332
112611
106756
105443
105923
106275
112132
105220
106052
105892
106500
135204
105860
106628
104420
106020
105540
108931
104804
107332
106308
104964
114468
106147
106755
106659
108195
113892
108324
105668
107108
106852
114372
106116
107044
104964
106180
106532
108452
105060
105188
106948
106596
107588
106595
105700
106468
106180
114244
106148
106020
103972
105252
114564
106436
106116
106756
106020
111204
105732
106628
103844
106820
107108
107075
105379
107139
106052
111300
113284
108164
106660
108612
106211
111779
106084
104132
107620
106660
113540
108867
105731
106115
105827
104515
106659
106147
104995
107203
105475
114756
106660
105028
106372
106020
114692
105411
105219
104548
105348
112100
105636
105764
105764
105092
106500
106788
104867
105379
105635
105571
113156
104355
105091
105347
104804
114276
105252
105060
105380
105988
110275
105731
105667
105699
105091
105827
108868
105124
105284
104740
105284
113028
106340
104836
107396
105572
111428
106116
105092
104292
105444
123172
105700
105316
106596
105859
107172
106531
104899
106212
107428
106980
108996
106947
105379
106595
105891
113988
106116
106500
104964
105700
113668
105092
105476
106532
105411
105091
108611
107492
105668
107651
105411
106307
105347
106244
106724
106852
113508
106276
104259
106435
107011
112387
107972
106596
107236
105380
121252
106308
104836
105220
104420
106084
105860
105828
105411
106371
106211
114052
106659
107364
106820
107364
110500
105220
106564
105731
106339
107267
108068
105091
105699
106436
105636
107844
104964
106852
105732
106244
115012
105827
106467
107139
106628
114532
107299
104131
105667
106372
134565
104387
106084
108259
105603
106723
105636
107172
106532
107428
106884
114852
106243
107268
108452
106244
114500
105636
108292
104996
104484
115908
110244
110244
106564
106852
139013
110500
107395
104740
106692
106692
106819
108835
106148
106852
106819
109988
110436
106276
106756
108100
112900
106500
107556
105283
105347
124900
105028
106884
107204
105700
105956
105380
105860
107396
105316
107300
113476
107428
106276
105060
106468
113892
111812
106595
106724
105699
114084
107012
106275
104835
106820
106755
108452
106212
104964
104836
105252
106244
106948
104484
106884
106052
113988
107108
107652
106436
105700
114372
106180
106916
105668
105220
106787
108004
106916
106628
105796
106756
104868
107044
104580
105796
104835
114116
105956
105252
105220
105668
114660
105187
106339
107844
106564
104323
108516
105123
105316
105443
106595
110659
108516
105348
107140
106340
116004
105924
107908
105892
105796
114020
106148
105956
105380
106884
113956
108644
106340
106532
107364
106307
108100
105412
104740
105956
107139
105315
105571
107427
106788
105188
114116
106180
106148
105443
106276
115172
108164
105987
106211
106756
105027
107684
106980
106116
105892
107172
107363
107267
108452
106595
105187
110916
104707
104867
106979
105091
114532
105027
106691
106467
106915
123716
106883
106116
104995
105859
105571
108964
105763
106659
105667
106532
115268
105923
105603
105796
107139
112068
106244
105795
106052
106116
110691
106596
105892
106627
105571
105604
106148
106788
107460
105316
104228
114180
105764
107204
105411
104547
112835
106500
106788
106820
106340
115716
105668
106404
105603
106467
128260
104996
106084
106468
107012
104900
106724
106052
105251
104835
105700
113668
105892
106308
106500
105124
114532
106659
105891
107075
105027
124836
104259
107491
107619
108547
105988
108164
105348
107044
106276
105412
113796
106148
106084
111172
107300
113411
106788
106596
108132
104835
130757
106820
106148
106948
105700
105380
108484
106212
105668
106148
106980
105732
105732
105668
106500
105156
113732
105732
105828
106180
106724
114500
105924
106116
105956
105636
105284
108324
107812
107332
105956
106724
106980
105667
104708
104899
105859
113380
106915
107364
105700
105156
113508
107747
105411
104931
105827
106723
107908
106852
107204
106979
107172
107107
106755
105635
105443
104803
113988
108740
106244
105124
105828
114340
108548
108452
106659
106211
133092
106436
105732
106116
105891
107747
107811
104195
106756
105476
105636
114660
109892
105667
106115
106563
112708
106147
106659
105731
107363
112228
105347
106083
106979
106980
106564
109380
107780
106916
107364
104996
105316
107620
106276
107012
107460
115300
109508
106403
106531
106243
114372
106820
106500
107940
106948
106372
109091
106979
106532
105540
104931
107043
105988
107107
106211
106083
115140
107332
105668
107396
105187
115044
104579
108035
104739
105859
126948
105412
107012
106564
106276
105699
105828
106244
106724
106884
106564
115140
107011
106819
113828
106403
114980
106980
106628
105892
105924
114692
106340
106948
106564
105252
105636
108388
106020
106276
105956
105732
106691
106051
107332
105859
106052
113508
107587
106244
105540
105892
114948
105348
105860
106884
105987
127076
105988
104836
106436
106084
106052
108388
107459
104035
105891
106979
113508
104995
104995
105443
105859
113636
105923
105251
106820
105764
114243
104612
105060
106180
106276
105924
106052
105348
106500
106916
106692
116164
105540
106180
106372
107651
113892
106596
105412
105636
105412
124868
105156
105348
105668
106212
105988
107427
106660
105572
107588
106372
106212
107620
106276
108100
106180
115876
104899
106211
106532
106724
114084
107076
105828
107620
109188
127556
109092
106403
106819
105571
106436
108227
107427
106564
106660
107236
114724
107300
106467
105187
105667
115812
105924
105028
105924
104900
113732
106756
105668
105572
105604
107044
108036
106276
106788
106851
106788
107492
106660
105124
105188
105155
114404
107779
105987
107716
106820
113700
105508
106244
106852
107108
123012
105892
106756
105636
104612
107780
106660
105699
105987
106051
107651
114084
105316
106980
107332
106180
114596
107011
107044
107012
107236
133636
106180
106724
107076
109252
105348
108612
107011
106883
107555
107620
112708
105444
106180
105828
106148
113572
107139
105508
105508
105284
134053
105348
106276
106020
104708
106276
107204
107428
109060
105156
109891
107267
106436
105059
107076
105444
112292
107684
105156
105796
105891
115044
105764
104451
105891
105091
129093
107171
105284
105316
104803
105603
105539
106083
105443
105956
106468
114276
105219
106148
105603
106019
112356
106180
105604
106052
106147
132900
105476
106211
108003
107011
106211
108196
106308
106307
105795
106467
115492
106948
106788
105860
106884
115396
107556
105796
107204
105444
123940
107556
106436
106468
106084
107236
107908
106244
107140
105668
105988
113059
106884
107332
105700
105636
115236
106947
107588
105540
106308
115876
109860
106243
109156
105187
105668
107108
106020
107460
106532
104676
107396
105636
106116
106148
106724
115043
107396
107396
105828
106084
115972
103876
105060
105636
105668
116068
106436
105540
107620
104740
107460
109027
106019
106627
105891
108355
107172
107588
106436
107044
107108
113796
107587
106211
105251
107427
115300
105828
106596
105764
107236
105860
107972
106148
106372
105508
106468
105124
108964
109092
106212
106276
112740
105732
108420
107172
105475
114724
105828
108164
105316
107172
131973
106467
106404
106180
106468
106916
108580
106148
107876
105572
105988
114244
106404
106052
108644
105220
115108
106948
106820
105507
106723
115332
105731
105347
106659
104867
105732
107683
105955
105187
105155
105091
113764
107684
105892
106755
107907
113220
108068
107972
106819
106115
130372
108803
107396
106212
107204
105251
108963
107012
104548
104324
107364
107267
108356
104804
106404
106116
114564
105699
105923
105411
106179
113956
104868
106788
104964
107236
132517
108579
107396
105764
105508
107556
107843
106532
106564
106148
106564
116100
105604
104420
106628
105668
114852
105347
106467
106467
105283
130692
104932
107300
106532
106724
106660
107940
106564
106276
105795
105891
113060
104612
105412
105764
104804
113540
105443
105315
105475
106179
115716
105028
106916
106788
106756
107140
108548
107012
105988
106500
105604
115620
106595
106243
106980
106627
113284
108452
107524
105636
107140
113220
109828
106596
106212
106084
106052
108387
105699
106563
106564
105892
107652
106628
106692
105348
107140
113092
111908
106179
106596
106596
116420
105892
106404
106756
105923
114724
105091
104419
104579
105635
125604
106500
104356
106596
105668
105380
106660
105060
106820
104964
106756
115012
107043
105667
106755
105892
114916
106788
108771
106915
105891
125668
105956
106980
107204
106500
107844
107108
105988
106147
105892
105540
114308
106276
105860
104676
107140
114180
107172
104836
103972
107204
125444
106724
104900
105860
104996
106180
107172
106692
106340
106948
106052
114532
108515
105763
107843
105859
114276
105732
106275
105731
106083
129444
106980
106020
106724
105892
105540
107011
105763
105731
105156
105571
114180
108003
107396
106595
105603
113252
106980
106499
106499
107364
113348
105412
108580
107332
106532
123780
107235
106307
108803
106372
105571
107812
106372
106116
107204
105892
113988
107332
105379
105763
107043
114308
105316
104484
106372
106468
126277
106787
106147
106211
107492
105924
108004
106852
107396
105604
106948
114788
109059
106211
106019
107011
114819
107172
105796
105284
105956
130373
105380
105988
105892
106148
107044
107651
106563
104675
105891
105892
113348
107204
107267
107811
106084
114500
106724
107588
107716
106820
112932
106116
105892
106244
104996
106756
107748
104772
105028
106212
105956
107972
105059
106628
107523
106147
113764
106116
105700
106628
106756
117252
106404
106596
106500
107620
126277
105795
106756
107236
105571
108260
108260
106212
108291
106724
106660
109156
105124
107012
107684
105956
114180
107556
106020
105348
105443
114340
105892
106788
105124
106436
107236
107652
106404
106691
105315
106211
108772
105412
106436
106020
106116
113060
107044
107556
107108
105828
113860
106691
106147
106659
106499
131236
106692
105220
107172
105988
105540
106436
106404
106180
108996
105635
113028
107300
106820
106596
105988
114980
108644
105476
105828
106820
125444
110436
106020
106212
106276
105924
108579
106435
105891
105635
107619
114147
106436
105668
106052
105764
113380
106340
106692
105156
107780
126693
105923
106852
104228
105892
105379
106275
106628
105828
108196
106244
115204
106596
107460
106884
105540
110436
105699
106788
105348
107300
114980
106083
106916
106500
107844
123813
106371
105860
105444
104708
105540
105348
105668
106052
106404
106116
115748
104804
108420
105636
106660
113572
106211
105187
105668
106660
126373
109412
106596
106276
107172
105444
108515
103971
106403
106019
105539
116132
106084
105732
107396
105380
114692
105796
106660
107332
106084
129669
105699
109155
105507
105443
106275
109443
106692
106980
105604
106372
114852
107684
106852
105668
105604
113956
110276
106339
106788
106276
115076
106308
105635
105636
105508
105700
105796
106276
107940
105700
105988
116548
106019
105091
105092
104932
115908
106756
105284
106660
105476
114852
105539
106019
106083
105763
106115
108836
106372
107556
108132
107907
107748
106019
104579
106115
105827
114596
106788
106051
106595
106756
113796
106148
106916
105412
107044
125221
106179
107267
107395
107172
105892
106596
106275
106564
107780
107684
114436
108964
105699
106211
106532
113220
106979
106403
105539
106147
115780
105763
106019
105508
106116
106980
106852
106276
104868
105828
105860
113604
104483
105700
109475
106916
112708
106788
107107
106276
105540
112708
105892
107876
107108
106756
123685
108804
106468
105412
107491
105091
108611
106532
105924
105412
106756
114564
105699
106339
106851
106083
114948
108388
106372
107620
105476
129380
107331
106307
106051
105795
106531
106244
106692
108644
105284
106372
115172
105156
107203
107587
109828
115428
108100
106532
108803
106019
114980
107588
105380
105636
106692
125093
107683
105859
107363
105251
108227
107620
106820
104675
106659
106211
113668
112324
106179
106564
106564
114276
105284
105956
106084
108452
113124
106275
104515
105699
106787
107075
107363
106499
107012
104996
106532
114180
107556
107139
105603
106243
114404
106468
105923
105475
109060
114116
106436
107524
107012
106564
106212
107204
106308
106148
105092
105540
108163
106628
106180
107076
105444
113892
105379
104803
109027
106179
112388
105955
107620
106372
107139
106564
107364
105156
106019
104579
106051
114948
105539
106435
105507
107139
114052
106564
107300
105540
106916
111908
106084
107172
104995
108260
132292
106148
106979
107140
104100
106436
106276
108548
106851
105795
105667
114819
106436
106308
107395
105507
112771
108388
106500
106820
106948
127525
108100
104804
106628
106308
106883
106564
105188
107012
104996
105796
113636
106148
106308
106468
107044
113220
105699
104867
104996
105220
116676
108548
107428
104996
106980
108099
108804
105764
105988
107748
103236
109508
104515
106019
106179
106947
114340
106467
106339
105827
105763
113060
106692
105252
106212
107460
108772
108196
106467
105443
106595
104963
108164
105955
106627
105411
107108
115300
113892
106276
106212
105796
114116
106020
106403
104483
106820
123109
106596
106948
105860
104932
105603
107908
104611
106403
106852
106532
116164
108612
106468
106180
105572
113380
107460
105604
106852
107716
116324
106340
105092
107588
108292
105476
108260
106564
104964
109540
105635
113700
106500
104804
107332
105284
115300
106628
105988
106052
106980
113060
105764
107588
106531
106372
105860
108356
105060
106916
105028
108900
113636
107427
106147
106019
104612
114564
108836
105476
106723
105891
115748
106467
106659
107108
106596
106212
110948
105219
108644
106724
105732
108323
106468
107331
107203
106660
113988
106180
106756
106148
106244
114116
106820
105635
107747
105764
128804
106500
107011
105316
106500
106308
106724
107396
106115
106531
108036
113316
105412
106084
106788
106724
114340
106980
106244
105956
105764
130405
108355
105796
106500
103940
122820
106788
105956
104900
106276
106180
108707
107524
104484
107716
105060
113796
105764
106116
106020
105380
113828
107428
105668
103940
106148
124804
105860
106980
107300
105508
107524
107619
106404
107076
105668
106756
114404
106851
105764
105604
106372
113348
106692
106500
106596
106180
134469
105348
109059
105348
112132
106020
107075
107428
105732
105700
104964
114276
105828
106692
106308
106212
112036
106436
107524
105764
106884
113316
106371
104451
105411
107844
104323
108387
106307
106499
106147
104547
107620
106468
105315
107364
107331
113924
106148
107172
106052
106308
116004
107684
105796
106276
106820
123909
108675
107716
106724
107876
107908
108388
108580
107076
105699
104835
110980
106820
106403
105507
104484
114628
105732
106180
105827
104419
114372
107139
106659
105956
105508
105060
108196
106275
106052
106372
104932
105827
106276
105892
106884
106532
114115
106820
106660
105156
106979
112644
105860
107940
104996
105988
106436
106947
107012
107236
105924
107428
107524
106115
106595
105731
107619
114532
107652
105827
107651
105603
114244
105604
105828
106564
106595
105987
107044
104580
105924
106564
104867
110628
105987
106852
105635
105283
113540
108515
106499
106372
104835
112580
107108
105764
104676
106820
123941
105380
107268
105604
104900
106244
106947
105731
106979
104163
105763
114372
108164
105060
104708
105955
114308
106596
107908
106083
105923
115332
109316
105860
106212
106724
107556
109475
106595
106019
106979
106115
115364
106084
106628
106180
107171
114980
106308
106660
105796
106756
113764
106660
105668
106884
106468
105956
107268
106724
105252
105987
106436
107492
106371
106563
106883
106339
111332
106628
105988
107012
106692
113700
107876
105379
107620
106116
131877
107876
105603
106307
106980
107108
108931
106116
105156
106980
105124
114436
105091
107908
106980
106180
115972
105764
106628
106756
106212
137061
107203
105988
107620
106403
105571
109252
105540
105988
104900
107044
114596
109379
105860
106084
105892
114724
113603
105699
107012
105668
114852
106884
105572
106275
107299
106851
108740
106531
107907
106212
108164
108899
105091
106659
106819
105283
115940
106820
106723
106115
105699
112388
106083
106307
105860
107427
114212
107876
106500
107172
105476
107364
109155
106915
106980
105987
107268
107332
107812
106564
106724
105156
114884
105571
107171
105572
106564
112452
105028
107396
106948
107332
134980
106084
107331
105443
106659
107971
107428
106244
108068
105604
106212
115492
109988
106627
106179
107364
114276
106116
107780
105347
106627
134596
107107
105603
106659
105635
108196
107012
106436
107684
104772
107204
107587
106212
107204
105732
106500
111108
106852
106563
106403
107204
113540
106692
105060
106340
105604
105860
107140
105667
106436
105540
105060
106724
105028
105572
109412
105188
115844
107844
106148
107012
105860
113860
106467
105988
105859
105987
137317
105955
108036
106692
107684
104868
107716
105987
106180
108228
105700
115716
106596
105828
106500
105828
114564
106820
105252
106756
104900
112612
105539
107043
105059
107011
106531
106468
110372
105604
106628
106852
107779
106724
105412
106340
104868
112388
107683
104291
107203
106403
112324
105667
107108
105411
107427
105508
107396
106915
105507
107235
106819
109700
106276
106468
106980
105604
113604
106980
107619
107236
107780
114468
106083
106019
105891
105763
131524
107620
107619
105059
106019
106531
111076
105572
111012
106692
106756
115812
107140
105892
109316
108291
115748
106596
105796
106980
110180
115460
106596
106916
106244
107236
133701
107908
106884
106180
105572
107684
106596
106084
106212
105604
105316
113700
106115
106307
105635
106179
114948
106275
106147
105795
105860
115492
105539
107652
106628
104900
107396
107172
107108
104900
106308
106723
112836
109635
106563
107172
105444
114532
106979
105763
107172
106596
115332
105059
106019
106628
106276
105796
107140
107076
105252
107428
106436
106404
107044
105540
107844
105828
115588
106884
106308
106148
108740
114052
107555
107171
108291
106563
123140
106979
106020
107076
107524
105892
107332
106532
106339
105796
108643
113572
105092
106180
106244
107332
113604
107172
104580
105572
105636
124772
105220
105604
107044
104740
109124
105156
105444
105764
106020
109540
108132
107587
105380
106212
106371
114820
105508
105732
105796
106596
114564
104867
106147
104643
104899
129125
105764
106564
105731
106147
108068
107108
106276
104900
106468
104836
115044
111811
105731
106883
104899
114660
106340
108740
107299
107044
135237
107267
105475
106020
105860
106660
107300
105572
105636
107044
106404
117156
105827
106915
106403
105347
113732
105987
106819
106019
106724
131493
109060
107172
105988
105284
106916
109923
108612
108612
107043
106115
114148
106820
105860
107844
106852
113891
112228
107267
108419
105667
114916
105955
104643
106147
105667
125508
107108
106340
105732
105220
106212
109124
106116
106116
106788
107012
114628
105476
106532
105636
106980
113860
106307
104867
106179
105092
114660
107716
105796
107076
105572
106020
109059
106820
106916
104708
106756
108836
104772
105508
108100
106180
114340
106820
106788
107076
105828
115204
105636
106180
106372
107172
131045
104900
105892
106628
105060
106756
109444
104291
107427
107011
106692
115524
107396
106724
106628
106820
114340
105219
106563
106244
105796
111620
107556
107396
106692
105444
106532
108100
107364
105956
106660
105828
115108
105892
106212
106308
106756
115556
107203
106947
106403
107396
122372
106532
107268
106756
105636
106948
108196
106179
104803
104547
106051
115236
105059
106596
106212
107716
115524
105379
105795
106467
105827
115684
109731
106020
107940
106052
132805
106500
105988
107396
106980
105764
107747
107108
106052
106052
106404
114116
106659
105796
106212
105700
113956
105988
108260
105444
106660
113124
107396
105284
105028
105572
107396
108484
106884
106211
105604
105892
108035
104419
106820
105124
105508
115492
107684
105636
105316
104932
114532
106691
106243
106884
105827
105827
108484
105476
105060
107108
105828
106660
105092
106436
106372
105892
114532
107012
107460
108995
104867
115268
107748
107107
105251
106435
133092
105636
106980
105572
106788
107524
109188
105764
105860
107332
107268
113636
106660
105828
106468
105988
113508
113828
105219
107139
105188
112771
105892
110020
106724
106628
106564
109092
109700
107204
106499
106691
107491
106595
106883
106563
106691
113124
106051
107235
103555
107364
111940
106627
106723
106723
104516
106340
108388
107588
105603
106723
105476
106532
106596
106084
104964
107076
114052
105732
104932
107908
106308
113348
109252
105507
108228
105636
129381
108227
106372
106339
105859
107651
107428
107300
104964
107684
107076
111619
106692
106244
106980
106148
112996
106436
105763
105091
105316
129477
105380
106148
106436
106340
105124
110660
105731
106211
106435
106051
113028
108900
104644
106308
106788
113860
105860
106531
105604
106883
113572
105412
107524
104932
106084
128357
107203
104707
105923
106180
106788
105444
106980
107044
105956
105923
114084
109476
110564
106308
105348
114436
107236
106276
105700
105763
113156
105732
107523
106467
107171
104579
109540
105732
107108
105604
106724
109124
105540
107876
107684
105828
115684
105123
105476
106564
106660
114052
105700
108420
105892
106276
128133
106212
105764
105316
106212
107140
109348
106244
105604
107780
106180
115044
106531
105028
105988
106243
115140
107139
106083
105956
105892
114979
105764
106340
106404
105348
105732
107108
105348
106884
106148
105732
115204
112708
106531
104483
106500
115652
106307
105699
106595
107012
131460
106179
107972
106019
106435
106339
108388
106019
105892
105860
105796
108835
106244
106276
106116
104643
114052
106468
105860
106244
107459
114148
107556
106372
109060
106852
116900
105828
106756
107524
107652
107588
107364
106467
106211
105603
105699
111268
105987
106115
108036
105892
115972
106084
107204
105923
106052
113444
112227
106404
105412
107172
105892
109699
106756
106020
105028
106436
105316
105636
106692
104995
108388
116004
106564
107428
105380
106660
115364
113188
105956
105924
106052
131109
106724
106212
105124
106659
107204
108932
105987
105220
106308
106404
113188
107011
106659
106436
105028
114436
105283
107043
105411
106947
132452
106372
105092
106628
107556
105796
108196
105604
107108
106148
104164
114500
105476
107076
107140
105316
111108
108259
106180
107523
106019
131428
105892
106563
106499
106275
106403
108420
105956
107012
105891
106340
109668
105091
106243
105156
104931
113348
109156
107716
104900
106052
112996
105699
106019
107204
106691
133124
106852
107268
107012
105667
106596
108324
106147
107523
106275
109060
111812
105123
108996
105668
106180
115492
105604
104292
106564
107428
109956
106340
107683
106116
107395
106819
108324
107396
105188
105700
107012
113220
106500
108740
105828
108068
113508
106627
106595
104931
105571
111940
105060
106436
105763
105731
106755
109796
107652
106052
107300
105412
110563
104516
106884
106244
105796
114468
107044
106468
104643
105283
113924
107108
105988
105763
108516
106276
107268
107812
106563
106020
105764
107044
129189
107396
113636
106724
107460
107779
105667
136772
108324
106051
105667
106467
124164
107076
107907
105987
106755
104771
108580
105859
104708
105668
106308
114692
105987
105796
105924
106436
115076
106852
105988
105348
105540
133317
106852
105668
107076
105924
105028
108515
105603
105763
105539
106243
114020
109476
105828
105348
105860
115012
105380
106884
106468
104484
109668
110980
107716
105508
107140
106020
107780
106084
107203
107235
106179
106467
107012
106404
107076
106244
114884
107619
106819
104451
106116
114148
104068
107172
106372
105156
104964
107748
106595
105316
106180
106852
107908
105187
106084
105092
107043
112964
108931
107972
105028
106052
113284
109444
106084
107556
105476
105380
108899
106627
105507
106019
105859
107012
108356
105604
105508
106308
113508
105892
105987
104771
105347
114500
104515
105283
105347
106275
117668
106052
106148
106340
105636
107076
108516
105444
106884
107076
107940
114468
104707
106532
106243
104355
113892
104900
105155
104900
107652
117316
107332
106692
106884
105252
107844
105540
108451
105539
106403
106948
106532
106467
106467
106211
105795
113572
111811
104899
107171
105187
113572
107524
106084
106340
107556
121924
110148
107492
105860
106244
104772
107364
106244
106756
105828
105156
115268
106340
106468
107012
106083
114500
106116
106500
106212
105252
123524
107460
106755
110723
105667
106275
106563
106051
107299
108420
105763
116164
105444
105540
106403
105731
111492
105572
110628
106372
106404
115844
106276
105988
106884
106596
122308
106883
105475
105635
105603
107203
105604
107364
105572
106148
106020
114692
106852
105476
107268
105700
112804
106755
107075
105987
105571
132740
106692
105412
105444
107108
106980
106467
108899
108836
105572
104996
113636
106212
104932
104996
105380
114660
105188
106115
108387
105763
127332
108580
105699
108547
108035
106404
109284
104804
105348
106276
106628
113444
107012
104740
105860
105636
113860
108804
105891
105571
105155
113252
106948
105859
105763
106660
107524
109636
105988
105412
106628
105732
106915
107588
105316
105124
105859
114436
105955
105731
106467
106915
113636
106788
105508
105732
105092
106020
108099
107331
108963
106244
106115
108100
106660
105700
106084
105700
115396
104932
105188
106788
105156
114884
106500
106212
105060
107044
115844
104612
107459
105539
106371
105411
108931
105284
106148
108068
106500
109187
106948
107075
108195
105763
115204
105572
106116
106724
106148
113156
105892
105252
105828
105636
136645
105988
105348
106340
107108
106180
108836
105092
105348
106020
106179
113476
105476
104067
106179
106660
114436
106116
104836
105124
106116
123812
104708
106692
106084
105284
105028
109123
104739
106980
105251
106308
115076
105060
105348
104740
105732
114180
112228
104260
105956
105892
126116
113860
106596
106276
104996
105828
108068
104964
105476
105444
104932
114179
106020
107396
108868
107716
112740
105923
107012
104964
105828
115460
106403
105732
106148
105444
126213
105187
107331
106308
110756
105827
107459
107011
106403
106500
105731
114980
106564
106212
106980
106820
115460
106308
106276
105156
107043
112772
105827
107043
105891
105443
106211
107171
106019
105699
106852
106948
108995
106660
105860
106788
106372
113220
106084
106564
106788
107716
114660
105956
106436
106020
107556
132357
105859
104707
105667
105315
106755
106499
106883
104099
104451
105187
112291
107716
106595
105603
104931
112772
105219
106436
104900
105988
124068
105380
106276
106788
106212
104708
106660
104900
105508
107332
107556
115108
106276
107556
105700
106820
113668
106596
105732
106468
108835
112740
106659
105347
110051
106947
123844
105668
106180
105668
105508
106084
108676
105988
106179
105347
104899
113572
106851
105187
105155
106947
115428
106212
106500
106052
106788
115972
107364
104772
105252
106916
107460
107396
105924
107236
107076
105924
112068
105924
106212
106020
106564
112772
105348
105700
105572
105796
124293
107012
107204
105060
107299
106947
107651
106980
107940
107652
105604
112516
105380
105156
104868
106052
112100
106436
106564
105444
104420
128837
106115
105315
107076
105604
107588
109316
105827
107203
104899
106947
113380
105092
105860
106372
107651
115908
105795
106308
106596
106436
111587
105444
105956
104996
106372
106052
105956
105508
106532
104547
107812
106883
106051
106883
106468
104995
113956
105316
107492
106980
104932
115172
106147
107395
105859
106595
133700
106244
106148
107748
106148
106084
107780
112452
104963
105283
106980
113732
106500
105315
108227
106179
113572
105636
107524
105732
104580
125028
104772
106244
106564
105924
105316
107940
105155
105475
105155
105123
113988
110084
105956
105508
107844
114084
107492
105795
106243
108931
114307
106372
106819
105635
105283
104163
112900
106020
105444
105828
106180
107140
105444
106276
105220
105860
114532
106787
106851
105891
105571
113700
106276
105380
104452
104900
105860
107044
108324
105444
106244
105124
108195
105123
105956
105827
105732
113252
105987
109155
105636
108516
116613
106916
106948
104996
107332
113796
105252
106980
107939
105251
106595
109188
106276
104644
107716
105988
113763
105892
107236
106020
105220
114148
105892
106820
109796
106148
115204
106147
107971
105251
106339
105923
107620
107236
107268
105828
106180
107555
107300
105956
105956
107748
115300
105252
106276
105092
107556
113668
107492
106371
106627
106788
130788
108035
106691
108484
106340
106180
108868
107908
107011
106915
106788
108804
105956
107812
105636
106628
112804
105860
105892
105572
111364
113956
105699
106339
105379
107236
106596
109124
107364
107684
106084
106596
106436
106628
106468
107043
106211
113092
107267
105091
106244
106980
112868
111460
106051
106019
106851
129860
109604
105252
106275
106051
106339
108452
107300
105988
107460
105380
107523
105188
105411
107363
105603
113956
110276
106436
106788
105860
112740
108867
105060
106148
106916
128420
105476
105731
106243
107267
105188
108804
106691
104867
104451
105955
113508
107812
106627
105443
106595
114628
106916
107524
106340
106084
113380
107011
106147
105059
106595
106403
109956
106596
105732
106532
106692
116260
109668
105539
105219
106084
113956
109764
106755
106084
106244
115012
106948
104900
106500
106276
123364
108836
106148
107876
106628
106436
105923
105635
106211
106724
106692
115204
106884
107236
107556
105476
115012
106884
110180
104835
105283
132420
106339
108388
105764
108740
104740
108644
110691
106564
105668
105604
108932
106884
107268
106851
107011
116420
106212
105988
105444
108196
111172
105508
106532
104708
106148
129861
107236
107140
106404
106852
104580
108803
107267
107076
107460
106308
114404
105475
106339
105923
108195
114660
106404
106884
107108
106788
115876
106179
106628
105348
106372
108580
106564
106371
105059
108036
110051
105764
105092
102916
106500
104900
109283
105732
105284
104516
105540
115236
105924
105348
107235
106243
128676
106148
106019
107459
106755
105603
108324
106404
105764
105572
104964
112772
108387
104963
105603
105731
115524
106084
106628
104676
107460
111908
106532
106468
105060
105540
104419
107587
106628
105956
104932
106147
114340
107204
108068
107556
106564
114660
107044
108004
111204
108580
114500
108483
107524
107140
105028
124932
106756
106788
106052
106404
107300
108067
106627
107716
104964
106244
115524
105348
107684
108324
106531
116260
106436
106500
106084
105636
115780
105444
107588
105572
104996
106724
109092
107331
106019
105987
106116
114500
106948
106147
108323
105667
113828
106148
105604
106916
106020
114564
105220
105859
105828
105540
106532
107588
108515
107107
106083
106500
107812
109636
106948
107331
106723
113572
106851
106371
105955
106212
113764
106916
104708
105956
105476
134053
108548
104292
107044
105700
106468
107747
105540
104612
106212
105572
114628
106051
107588
104707
106371
114788
106884
106180
107428
105187
115012
104995
106307
106051
106275
106084
108003
106019
106883
105123
105508
106756
108867
105923
106051
109636
113860
106371
108419
105635
107139
113764
106020
105156
105988
106724
134469
108260
105124
104836
106148
106052
104996
107332
105188
105572
105828
115108
106851
106052
105860
106596
113572
111012
104996
105924
107300
126373
107076
106052
106948
106307
107236
106308
106244
106244
107108
105924
114212
106436
106628
106468
105060
112740
105988
105124
106532
105923
126756
106148
106500
105188
106819
105059
108548
105604
105764
104899
105444
114244
106564
106660
104900
105636
114116
105796
104772
105348
104900
128804
105987
106243
107075
105923
106147
108324
108803
106180
107844
105027
107204
106180
108324
106467
106403
115300
105508
106660
106148
104996
113156
107171
105347
104643
105988
123877
107235
106244
106084
105924
106116
106564
111811
106659
106243
106211
115364
106180
108868
105412
105956
114404
106596
107876
106756
107844
126501
105828
106500
106116
104868
106148
109380
106083
105475
105795
107075
115108
106916
106531
106531
105059
113635
105636
105668
105252
107172
115492
107428
106596
105476
105412
106116
106755
107107
105411
107299
105763
107140
106819
105635
105668
107364
113764
106212
105124
106500
106564
112868
109028
105251
106852
107268
128676
106084
109475
106884
105220
106564
106884
105923
107683
105380
106404
115204
105636
106020
105732
108612
115588
107875
104675
105507
105732
116068
107204
105668
106212
107299
134404
107299
105731
105891
107619
106851
108739
105124
106084
105860
105668
115556
105571
106756
106276
106723
117156
110884
105028
105348
105796
112868
105124
110755
106404
106884
106180
107268
106948
107268
105796
106596
105796
106628
106468
106020
106020
114307
107012
105859
106340
105348
113636
104707
105924
106052
105956
106563
107747
106084
106851
105827
106787
105348
106500
105508
105539
106083
115140
106244
107267
105827
105411
114436
106788
106339
105827
105572
124741
107652
105988
106948
106019
105764
106756
105604
106596
106148
105540
117284
105028
106724
107428
105988
113732
106308
108388
106179
106692
116740
108803
105956
106308
105956
107844
108548
104100
106468
105156
107140
106276
107364
106276
106596
106147
116164
108228
107556
106308
107556
111940
106372
105700
107556
108260
106884
108675
106051
106756
104995
106307
107492
104932
106148
105700
107108
113220
107107
106723
107363
108195
113955
108196
107364
106436
107684
121220
109732
105188
105444
104836
109220
106564
105540
106691
105763
107299
114084
107235
105796
107428
106308
114436
109060
104387
105476
106500
140997
105700
105347
105603
104643
106596
107012
105059
106212
105700
104420
114884
106532
105859
106116
107620
114436
107843
106115
106691
105827
128100
109443
107075
106019
105956
106308
108964
105540
105092
105476
106276
108324
106052
108132
104931
106435
113540
106180
104708
106660
106276
111620
105476
105348
106564
105028
123172
107331
106275
105571
105635
105795
108068
105188
106564
105028
106596
115108
108100
106147
105987
106339
113668
106948
106020
107396
106628
117028
105924
106212
105668
105892
106020
107492
106052
106404
104836
105924
114148
104707
105091
106371
106019
112931
107332
105316
105252
106788
113924
106435
107300
106052
106660
106532
108099
107044
106980
107812
106340
108899
105828
106628
105731
106180
114276
107844
107076
105444
108356
113028
108643
108995
108035
105763
134404
107588
105379
105987
106756
106180
108452
105828
106020
105924
104932
113540
109891
105828
105764
104932
112259
108068
106052
104356
106084
114116
105732
106212
105284
105732
122404
106244
105316
107012
106020
107108
108004
107555
105667
106532
106916
115236
106916
106308
107940
105860
115204
107780
106340
106371
107299
134373
108355
105571
108516
106212
105828
105987
106083
105059
106243
104515
114724
107779
106500
105732
105796
114116
106628
105572
106788
105316
115716
107523
105731
106276
105956
127973
105892
104164
106276
104932
106244
107364
104676
105700
106340
105924
114596
106436
106788
105379
107299
114724
105859
105924
106628
104772
126309
107364
106372
106564
106052
107428
108227
109860
105412
105956
105252
106340
107108
106212
106436
105540
115908
106052
105444
107332
105700
113156
106404
109219
105284
107012
125124
106595
105411
106308
107908
105603
109060
105283
109891
106147
106947
113828
106243
106371
105667
105699
115364
107940
104996
108132
106339
114660
106052
105859
106180
106436
104836
107620
105668
106819
106147
106628
105764
107204
105956
105668
106500
108164
107140
105220
106308
106852
113124
107940
105540
107076
105988
130821
107428
106084
106532
106372
107299
106947
105700
104580
106852
106468
113860
105988
107844
106019
106403
117316
106499
107300
105604
105092
114916
107139
105252
106372
106436
107172
109668
106756
105156
105508
105220
106340
107076
106916
105956
107492
114948
106692
106308
106596
106052
115076
106180
106788
105092
106244
139493
106019
