146149
43873
34945
33345
33986
33569
33474
33281
33601
33345
33409
33345
32769
33377
44226
33857
33474
33889
33153
33569
31873
31457
31169
31233
31297
30913
31937
31745
31265
31553
31265
31521
31233
33217
31169
31457
31105
31105
31873
32033
32481
31457
31553
30849
31521
39937
31233
31841
30209
31297
31137
31681
31777
31105
31393
31425
31553
31105
31361
31105
31041
31073
33153
30945
30817
33665
30785
31585
31809
31393
31425
31137
30465
31521
30625
30529
30753
31105
33089
30370
31169
30945
31361
30882
31041
30977
30689
31361
31553
31489
31585
31553
30977
31105
39970
31426
30401
30625
31169
31297
31457
34401
31425
31713
31169
30881
31073
31425
31553
31361
39362
32033
31617
30785
30625
30849
31169
30273
30721
30881
30850
31521
31073
31521
30849
30881
52674
31009
38945
31745
31233
30945
30818
30561
30881
30945
30529
30625
30753
30721
31457
30657
30657
31362
31137
31073
30561
30625
31169
30497
31041
31009
38177
30465
30209
30561
30113
30753
30401
37281
31233
30753
30145
30945
30529
30049
29985
30945
31073
31041
30721
30369
30209
30081
30721
30721
38498
31202
30913
30209
31009
30369
30145
30337
29953
30177
30593
30689
30113
30401
30305
30465
30401
30337
29281
30369
31137
30337
30881
31073
31073
32993
30529
30913
30241
30113
30369
30305
30465
39041
30497
30977
30497
30017
30337
30145
30849
30945
30625
30049
30433
30433
30305
30625
30305
30785
31073
30753
30369
30369
30049
30753
30817
30433
31265
31329
30978
31297
30913
30625
30433
30721
31585
32290
30497
30721
31009
30625
31457
30529
30977
30881
31010
30913
32610
30785
31329
32961
30561
39233
31009
30849
30625
30465
30433
30497
31233
30305
30593
30049
30017
30657
30753
30049
30785
30402
31297
30593
30561
30625
30593
30081
30625
30177
29953
30497
30082
30273
29889
29697
30401
30593
30529
32546
29793
30497
30401
31073
30049
30241
30081
32801
31169
30369
30305
30753
30753
30529
30113
38433
30433
30785
31009
30465
30721
30465
31073
30945
31169
30913
30529
30593
30657
30497
30978
30657
38882
30401
30497
30529
30530
29953
30497
30497
30337
30913
31041
30593
30113
30657
30241
30433
30561
38849
30561
30305
29985
30273
30113
30273
30753
30689
30817
30754
30241
31137
30721
30273
30529
30657
39745
30818
30529
29985
30465
30817
30305
30113
30657
29825
30337
30049
30529
30337
30977
31201
29985
38817
30625
30241
30625
30081
30497
30177
30113
29889
30081
30593
30369
30337
30401
30241
30177
29825
38561
30177
30881
30145
30177
30369
30401
32993
30145
30593
36993
30433
29793
30689
30177
30209
47745
30561
30113
30241
29793
30241
29825
29825
30433
30433
30465
31137
30305
30049
30273
31170
30626
35457
30977
30337
30049
30305
31073
30625
30849
31041
30177
29857
30337
30113
30433
31617
30626
30433
38242
30529
29793
30305
30241
30625
30305
30657
30177
30241
30465
30209
32065
30369
31073
30785
30849
37537
30561
30529
30305
30305
30337
30017
30625
29889
30369
30849
30657
30369
30241
30369
30337
30818
38849
30785
30689
30689
30433
30785
30369
30753
30881
30081
30561
29921
30337
30305
30657
30177
30497
38625
29889
31042
30497
30401
30081
32545
31137
31041
30433
30561
30401
29633
30497
30657
30849
30337
30721
31393
30113
30721
30337
30177
30337
30977
30561
30497
29921
30337
30113
29857
30273
30689
39041
31041
30561
30081
30561
30369
30977
30689
30273
29921
30337
30817
29985
30593
30497
30369
30145
35394
30945
30337
32674
30849
30785
30337
30177
30753
30785
30209
29217
30177
30113
30593
30593
30369
31297
30177
30562
31041
30881
30785
30401
30369
30625
30305
30561
30145
30945
30497
30817
31073
30721
30529
30465
30145
30721
29953
30689
30689
30369
30593
30369
30113
30433
30657
30561
30273
30433
29729
31585
30433
30337
29889
30785
31265
30497
30241
30817
30241
30721
30401
29857
29985
30241
30113
38401
30657
30465
30689
30625
30593
30593
30657
30849
30337
30241
30049
30785
30369
30145
30561
31009
39073
30753
30657
30721
30529
30433
29921
30529
30593
31137
30113
30497
29921
30305
30209
30465
30497
38177
30049
30241
30561
30593
33025
30561
30433
30497
30881
30721
30625
30241
30017
30561
31105
30241
38817
30657
30465
30338
30274
29953
30561
30689
30369
30497
29953
29889
30081
30081
30081
29473
30273
38881
30401
30849
30209
30273
30369
30209
30401
30273
29889
30241
29729
30497
30337
30369
30497
30625
33985
30913
30497
30817
33313
32545
31201
30753
30177
30177
30113
30113
29665
30497
30209
30337
46018
30561
29921
30785
30433
30753
30722
30689
30657
30817
30145
30113
30561
30241
31073
30849
30689
56066
30978
30881
30017
30561
30465
30337
31105
31009
30977
30689
31201
31201
30433
30241
30849
30402
39521
31105
30785
30273
30081
30017
31297
30561
30721
30625
30657
30817
30785
30305
30337
30337
30241
38785
30113
29954
29921
29921
31009
30177
30369
29505
29921
30465
30433
30081
30625
30913
30945
30401
36578
30561
30657
30593
30593
30625
30209
30753
30049
30561
30433
30497
30177
30401
30465
30497
30305
37793
29921
31105
33442
30753
30465
30273
30817
30657
30625
30337
31009
30305
30337
30721
30305
31970
30081
30369
30689
30081
30241
30401
30369
30817
30337
30145
30561
29889
30337
30657
30017
30369
30529
31777
30657
30241
30946
30113
30498
30817
30689
30209
30849
30497
30913
30305
30177
30593
30657
30625
32673
30017
30401
29985
30209
30145
30273
33313
30337
30561
30401
30337
29761
30113
30017
29857
44450
30689
30497
30945
30305
31041
30914
30433
30465
29985
30209
30049
30241
30177
30465
30369
30433
48161
30913
30593
30273
29761
30497
30561
30049
29921
30113
30273
30434
29761
30177
29409
30017
30305
37313
30882
34113
30785
30017
29953
30529
29953
32225
29985
30273
30017
30081
30369
30305
30465
30433
38786
30497
30081
30145
30241
30177
30049
30049
30209
30369
30433
32033
30561
30145
30305
30465
30497
32609
30305
30849
30913
30241
31201
30849
30081
30657
30561
30337
30497
30529
30145
31137
30817
31073
32417
30081
30305
30049
30017
30977
31073
30369
30625
30721
30337
30401
30145
30209
30209
30337
30433
31201
30657
30529
30465
30626
30178
30273
30209
30465
30657
30305
30817
30177
30433
30241
30337
30721
32641
30177
30145
30913
31073
30433
30305
29953
29889
30337
30017
30497
29665
29729
30209
30593
30529
32737
30625
31009
30177
30497
30817
30561
30081
30177
30177
35938
30561
30369
30081
30049
30337
38529
31106
30465
30401
30625
30721
29953
30881
33761
31265
30274
30370
30241
30561
32609
31521
39234
30081
30785
30625
30113
30849
30209
30530
30209
30081
29953
30369
30625
30881
30529
30209
30433
30753
31041
30625
30241
30785
31201
30946
30657
30273
29985
30081
29857
30113
30209
30209
30369
30369
33057
30049
30689
31009
30433
30145
30721
30849
30817
32514
29985
30401
30273
30657
29985
30465
30305
32705
30721
30017
30369
29953
29953
30433
30369
30657
30657
30721
30433
30529
30369
30721
30465
30273
33986
30657
30817
30817
30465
30273
30561
30817
30721
30817
30657
30625
30722
29857
29761
30913
38114
30369
30145
30593
30401
29825
30945
30081
29921
30273
32385
30241
29953
30433
30337
30401
29569
38593
30913
30177
30305
30401
29761
30081
30145
29601
30113
30017
30209
30529
30017
30305
30305
30305
39233
30977
30913
30753
30497
30657
30561
30497
30689
30721
30081
30177
30049
30049
29793
29889
30241
38049
30305
30081
29889
30593
30881
30465
30305
30145
29921
32225
30561
30529
29793
30273
30753
29985
38977
31937
30689
29889
30753
30369
30049
30465
30081
30817
30881
30465
30081
30337
30625
30465
33346
31073
30881
30753
30305
30465
29921
30497
30305
30497
30113
29665
30113
30433
29826
30561
29921
29857
32449
30273
30433
30753
30433
30305
30145
30241
30625
30465
31617
30978
30849
30817
30977
30561
30305
31329
30817
30433
30305
30209
30721
29953
30433
30337
29921
30049
30145
30561
30369
30369
30433
30209
32385
30401
30433
30753
30498
30209
30145
30369
30177
30689
30433
32545
30561
30785
30593
30401
30401
32225
31169
30689
30337
30113
30401
30465
30305
30081
30177
30625
30049
30273
29985
30465
30273
29889
31521
29889
30753
30209
30305
30849
30465
30497
30561
30177
30241
30913
30369
30401
31905
31201
36609
31041
30049
30209
30689
30913
30529
30305
30593
29953
30241
30497
30209
30177
30785
30817
30753
38657
30754
30977
30945
30881
30433
30913
29921
30433
30241
30241
30817
32193
29985
30337
30593
30145
38849
30209
30401
29953
30721
30721
30017
29761
30177
29889
30465
30017
30529
30753
30337
30305
30177
38881
30337
30913
30625
30561
30465
30369
30273
30081
30625
31233
30561
30561
30433
30433
30081
30146
35138
30465
30561
30657
30849
30305
30561
30209
29985
30561
30081
30145
31233
30113
30593
30337
30177
37537
30337
31201
30753
30658
30177
30081
30465
30273
30721
30401
29953
30465
32417
30721
30497
30690
33089
31041
30753
30465
30721
29985
30657
29857
30017
30273
31009
30561
30401
30273
29729
30657
33249
30945
30433
30433
30081
30817
31617
31009
30433
30433
30497
30242
29890
30625
29697
30817
29889
39137
30689
29985
30017
29857
30369
29409
29793
30113
30145
30369
30145
30913
30561
30113
30497
30273
36897
30433
30337
30177
30305
30689
30305
30433
29985
29697
29921
30689
30017
30049
30561
30241
29889
38657
31169
30625
30369
30465
29985
30209
29953
30401
30433
30433
31105
30337
31458
30113
30145
30657
38625
30369
30721
30305
30241
30529
30401
30849
30498
30081
29953
30561
33378
30753
30337
30177
59618
31329
30465
29921
30465
29825
30401
30370
30145
30305
30242
29953
30210
29985
30178
30561
29953
62530
30785
30689
30529
30625
30689
31073
30337
30561
30305
30369
30081
30081
29665
36257
30849
30401
38433
30913
30113
30049
38401
30401
30049
29857
30209
30049
29793
30433
29857
30177
30817
30401
29761
38401
30849
29953
30658
30594
30049
29793
30081
30209
29761
30017
30721
30593
30177
30273
30209
30145
36674
30561
30753
30593
29793
30177
29761
30529
29921
30497
30305
30657
30817
30785
30625
30273
30113
38754
30561
30881
30433
30241
30625
30113
30145
30753
30049
29793
33249
30689
29889
30145
30497
39681
30273
30497
30081
30305
30401
29825
30241
30049
30593
31362
30689
30561
31073
30817
30113
30497
38753
30369
30241
30721
31009
30753
30689
31233
31265
30209
30209
30145
30561
30465
30145
30337
32161
38753
29953
30273
30465
30721
30753
29697
30305
29985
30081
29921
30369
29793
30529
30657
30273
30401
38209
30753
30689
30785
30433
31329
31073
30497
30689
29793
30241
29793
30561
30657
30241
30241
30817
38593
31073
30625
30337
30657
30721
30817
30561
30081
30049
30433
30689
29921
30817
29825
30753
37697
30881
29953
30689
30145
30401
29409
30465
30337
30305
30177
32449
30497
30113
30465
30305
30081
51586
30113
30497
30753
30529
30465
29889
30465
29953
30561
30849
30049
30625
30881
30305
30785
30113
38753
30945
30337
30561
30881
30817
30785
30817
31137
30689
30754
30177
30465
30657
30401
30497
30497
38849
31041
30785
30337
30690
30178
30593
30401
30433
30401
30273
30433
29857
29697
30817
30497
30145
38785
30369
30145
30113
29921
30273
30625
30657
30913
30241
30177
30210
30370
30338
32738
29729
30593
39073
31361
30817
29889
30945
30369
30370
30753
29889
30113
30209
30305
30369
29953
30273
30401
29985
38881
30273
30305
30753
30465
30305
29985
30529
30369
31681
30433
30145
30369
29889
30785
30273
55554
30593
30465
30273
30913
30593
30338
30753
30081
29857
29953
29825
29953
29601
29889
30305
30177
38946
30817
30625
32737
30465
30689
30818
30434
30689
30177
29985
30465
29729
30497
30561
30433
30369
39234
30945
32385
30785
30369
30657
30306
30881
30369
30593
30081
30337
29953
30657
30497
30305
30370
39266
31009
31233
30881
31010
31041
31169
30753
30881
30401
30401
30721
30913
31329
30337
30593
31073
38625
30241
30722
30274
30850
30626
30433
30625
30241
31105
29729
30465
29953
30529
30274
30049
30561
33154
30017
31521
30049
30241
30657
30881
30497
33313
30849
30817
30497
30465
30529
30881
30273
38433
30497
30337
30977
30402
30369
30241
30497
30337
30273
30177
30273
30401
30081
30657
30657
30305
38593
30369
30241
30177
30657
30465
30625
30497
30433
30241
30626
30177
30817
30273
31809
29921
30849
38465
30625
30273
31265
31041
30753
30241
30625
30273
30401
30529
30466
30977
30785
30209
30113
29857
38658
29921
29857
30657
30113
30369
30561
30433
30529
32961
30913
30497
30817
30561
30561
30209
30369
30881
30049
30529
30017
30305
30465
30145
30433
30081
30017
29473
30049
30337
30209
29889
30049
29921
38721
30913
30305
31041
30530
30337
31009
33121
31009
30946
30945
30497
29953
30369
29889
30433
49473
30721
30305
30113
30049
30561
30049
30561
29697
30177
30561
30497
29761
30337
30145
32194
30081
38881
31073
30337
30785
30497
29761
30913
30081
30817
29953
30593
30593
30433
30145
30689
30305
30177
40194
30786
30401
30369
32001
32641
30594
30497
30337
30433
32385
30785
30401
30241
30273
38658
30465
30145
30593
30273
29889
30977
29921
30497
30657
30081
30753
29953
30433
30177
30497
30433
39170
30625
30882
31233
30113
30881
30401
30594
31169
31361
30817
31297
31425
31521
31585
30689
30113
38913
30913
30049
30529
30177
30433
30561
33089
33761
31105
30753
29953
30177
30369
30209
30465
39298
30561
30881
30529
30177
30337
30305
30273
30209
30466
30529
30497
30401
29921
30657
29889
30209
39202
30338
30465
30209
30369
29921
30113
29985
30145
30401
30241
30561
29569
30561
29921
29953
29633
39170
30689
30241
30433
30369
30177
30753
30241
32225
30529
30273
31329
30497
30273
30209
30433
30497
32577
30753
30593
30657
29761
29825
33026
29793
30625
29921
30177
30337
30177
29953
30273
30465
30017
32225
30370
30977
31009
30145
30401
30177
30593
30561
29857
30337
30465
30305
31585
30497
30465
30305
31617
31009
30305
30114
30081
30434
31201
32929
31137
30113
30881
30977
30305
30817
30625
30273
32097
30849
30337
30433
30593
30785
30305
30497
30881
30337
30305
29985
31906
29793
30145
29921
30081
32609
30337
30241
30401
30466
30753
30305
30337
30241
29857
30849
30753
30081
30625
30593
30369
30978
32321
30273
30593
30017
30529
30017
30401
30049
30369
30849
30657
29889
29601
30849
30497
30241
50498
32226
30017
30497
30817
30689
30145
30177
30049
30209
30529
30753
30305
31105
30561
30625
29825
45602
32354
31009
30017
30753
30721
30689
30273
30785
30369
30465
30081
29729
29377
29441
30145
29793
38561
30017
29953
30945
30145
30177
31265
33409
31457
30945
32097
30369
31361
30146
30657
30401
30401
31073
30017
30337
30337
30369
30177
30465
29921
30369
31009
30593
30657
30913
30177
30529
30529
30113
32577
31169
30721
29953
30017
30625
30945
30593
30529
30785
30497
31009
30497
30561
30497
30209
50081
31265
30337
30465
30785
30529
30241
30497
30849
29761
30210
30082
32129
30625
30241
29985
30337
36481
30657
31233
30657
30657
30081
30849
30497
30273
30209
30145
30689
30081
30753
30529
30273
30497
37473
30049
30305
29985
30401
30529
30721
30529
29793
30209
30113
30337
30465
30369
29793
30241
30177
37921
30145
30113
30337
30049
30241
32289
30209
29985
29985
29697
30209
30145
29889
30017
29985
30337
36578
29889
29921
30369
30113
29793
30369
33410
30721
30369
30753
30593
30209
30657
30305
30753
30273
32513
31265
30401
30593
30401
30977
30625
30625
30273
29889
30402
30625
30913
29921
30529
30753
30593
38338
31361
30561
30433
31169
30209
30401
30753
29953
30561
30657
30337
30529
29729
30337
30561
30081
31553
30081
30177
30561
30369
29825
29761
30401
30369
30081
30754
30241
30881
31169
30305
30305
31042
32706
30529
30817
31137
30145
30625
30369
30369
30721
30177
30241
30657
30657
30850
30433
30401
30369
32641
30273
30529
30017
33665
30561
31073
30081
30209
29921
30337
30786
30625
30145
30177
29633
37569
30433
31137
30369
30209
30337
30369
29921
30113
29985
29857
29921
30209
30561
29985
30785
30113
38529
30305
30177
30529
30049
30369
30049
30081
30497
30433
30177
30369
31169
29921
29697
30913
30209
38753
30017
29537
29537
29985
29633
30401
30177
30657
30337
30754
30017
29889
30561
29985
30049
29921
38754
31201
30081
34849
29665
30561
30561
30946
30369
30625
30305
30529
30337
29857
30625
29985
30465
31201
30881
30689
29857
30945
30145
30049
30274
29601
29729
30113
30529
29921
30209
29825
29697
30017
30881
30337
30497
33025
30145
30241
30401
30273
30433
30145
30529
30209
30689
30145
30273
30081
37665
31105
32706
30529
30369
29665
30721
30689
30657
30497
29793
30017
29921
29761
30273
30305
30401
38241
30785
31009
30337
30178
30017
30049
30209
30017
30049
30113
30433
29825
30881
30113
30657
30177
37217
31297
30689
30209
30433
30753
30113
30593
30721
30017
30369
31073
30498
30465
30433
30817
30177
38721
30497
30337
30465
29985
30401
30849
30337
31873
30849
31073
30241
30049
30113
30305
31009
30209
31009
30049
29921
30145
30465
30337
30529
30241
30465
30497
30466
30177
30561
30817
30337
30401
30657
38210
30913
32833
30593
30466
29729
30593
29953
30497
30689
30145
29953
30145
30401
30273
30817
47841
31361
30465
29825
30465
30721
29761
30369
30113
30753
30305
30242
30625
30561
32417
30721
29633
36769
29921
29345
29953
29857
30241
30593
30401
30113
29953
29889
30209
29537
30433
30433
30625
29889
45153
30529
30626
30913
30753
30497
30721
30657
30145
30081
29857
30401
30209
29889
30657
30017
30337
38050
30145
30497
30145
30209
30465
30593
30881
30721
31073
30113
30497
30913
30401
30913
30113
30529
38529
30497
30657
30017
30241
30145
30337
30721
30081
30369
30529
30273
29954
30561
30881
30721
31105
37090
32610
31201
30881
31489
30753
30337
30721
30657
30337
29921
30913
30786
34913
30529
30754
32321
31010
30849
30337
30241
30977
30849
30209
30689
30305
30337
30465
30241
30337
30369
29985
30561
30753
31297
30753
30881
30754
30305
30401
30721
30433
30273
30465
30657
30401
30465
30337
30593
30465
30658
32225
31010
30689
30337
30753
29825
30049
30401
30017
30017
29986
30786
30305
30401
30305
30273
30337
32225
30177
31009
30721
30177
29857
30145
30273
30529
30369
30305
30369
30369
29953
30753
30241
30113
31009
30049
30273
30113
30465
30337
29953
30401
30081
30369
30177
30241
29889
30337
30177
30401
37857
30817
30657
30945
30785
30273
30721
31137
30561
31042
30017
30625
30113
30113
30113
30145
29825
39969
30529
30209
30049
31009
30593
30145
30401
31618
30113
31201
30337
30913
30561
30433
30433
30241
38977
30497
30369
30465
30881
30433
30145
30401
29761
29857
30337
30273
30146
30338
29985
30977
30209
38530
30337
30273
30113
30593
30657
30529
30305
30497
30817
30561
30786
30242
30369
30145
30625
30273
40162
30753
29985
29825
30465
30337
30081
29537
30177
30145
30177
29793
30017
30593
31777
29889
30113
32321
30913
29857
29889
30562
30753
30177
29985
30241
29921
30465
30337
29921
29889
30465
33089
37121
30401
30433
30370
30081
30146
29922
30146
30913
30465
30529
30049
30305
30465
29985
30401
29825
38721
30145
30497
30209
29761
30209
30049
30401
30561
31073
29921
30209
30049
30689
30561
30593
30145
39073
31169
31297
30433
30401
30529
29921
29825
30465
30849
30113
30337
30945
30945
31393
30273
30689
38817
30465
30433
29921
29953
30369
30241
30721
30209
29889
30209
30369
30017
30529
30722
30273
30465
38754
30401
31297
29569
30017
30146
31266
30530
29985
32386
30369
30305
30305
30497
30305
30305
30305
32001
30433
29985
30241
30209
30017
30177
29601
30433
29313
30113
29793
29953
30465
33889
30337
32865
30689
30497
30081
29761
29985
29985
30113
30689
30273
30465
30369
30305
30465
30433
30561
30625
39233
30625
30273
32001
32097
30529
30529
30529
30593
31105
30273
29729
30241
30145
30721
30689
30402
32194
30337
30337
30625
30241
30081
30081
30081
29953
30785
29953
30337
30529
30561
30753
30209
30241
32097
30561
30625
30177
29761
30113
30241
29793
29953
30081
30337
30241
29921
29921
30529
30433
30561
32193
30593
30657
30337
32321
31009
30561
30465
30081
31617
30753
30497
29569
30241
30017
30017
30401
32162
30497
30401
30433
30849
30497
30465
30721
29825
29793
30241
30465
29921
33154
30881
30497
39425
30369
29889
30402
32033
30849
30785
30273
30849
30209
30369
29697
31041
30497
30817
30529
30177
38401
30753
30369
29665
30433
30849
30561
30209
30433
30177
30177
30209
30145
30177
30785
30529
30273
39009
31202
30753
31105
31169
30369
29921
30241
30593
30913
30273
30241
30177
30689
30209
30337
30497
32641
30721
30753
31041
30369
30401
30273
30497
30721
30273
32161
29569
30017
29889
30977
30529
30881
32641
30209
30049
30177
30465
30881
30914
30689
29921
30786
29921
30753
30241
30977
30657
30593
30209
32417
30465
29985
30497
30721
29633
30465
29601
30529
30753
30209
30369
33537
30529
30337
30113
38370
30881
30561
30401
30433
30657
29889
30145
30433
30273
30497
30081
30690
30081
30561
30817
30657
38113
30753
30177
31105
30785
30113
31042
30081
30401
29697
30241
29985
30529
30849
31201
30561
30497
38689
30529
30401
30497
30433
30433
30209
30017
30817
30625
30145
30081
29761
30529
30337
30113
30593
31458
29569
30177
30497
30369
30113
30369
30785
30337
30785
30401
30113
30081
30497
30337
30465
30465
30913
30337
30657
30657
31649
31041
31041
32353
30529
30721
30049
30049
29985
30017
29921
29889
30497
32449
30305
30561
30529
30689
30849
31073
31201
31361
30145
30561
34337
31233
31329
30753
30401
38209
30401
30305
30337
30465
30849
30433
30369
30401
30881
30337
30049
30241
30465
30497
29633
30913
35585
31201
30818
29697
29825
29793
30177
30145
30849
30177
31745
30337
30721
30593
30401
29953
30241
38593
31297
30529
30209
30177
30305
29953
29857
30305
30273
30369
30209
30369
30593
30145
30465
30657
38753
30913
30337
30337
30337
30721
30433
30113
29537
29633
30017
30529
29985
30305
29857
30369
30369
31713
30049
30081
30593
30465
30401
30753
30625
31073
30625
30593
30785
30273
30753
30401
30977
30785
31169
30593
29953
30017
31041
30369
30081
30721
30433
30753
32418
30497
30465
30145
31009
30401
38305
30562
30306
30369
30625
30305
29953
30177
29985
30081
32129
30209
30241
30529
29953
29953
30209
36897
30338
29921
30113
30337
30369
30305
30465
29953
30753
30145
29857
29985
30529
30273
30145
30722
36834
30721
30305
30337
30913
30273
30241
30049
30433
31073
30433
30241
30593
30305
30753
29922
30849
38497
30881
31073
30625
30657
30401
30529
30017
31106
30337
30241
30049
29985
29825
29761
30017
31905
38498
30465
30305
30017
29761
30177
29793
29921
30145
30145
29953
30497
30273
30497
30305
30689
30817
30753
30465
30561
30529
30081
30241
30369
30305
30433
32225
30977
31105
30369
30401
30113
30465
53890
30465
30401
30049
29953
30561
30241
30913
30369
30177
30657
29985
30113
29665
30209
30401
29793
35201
30881
30081
30273
30337
31458
30657
30753
30625
30433
30625
30786
29729
30145
30465
30145
29921
38466
30689
30017
30465
30017
30369
30049
30145
29729
30145
30817
30722
30305
30593
30465
30177
30561
38977
30466
30273
30114
30338
30625
30433
30657
30337
30081
30017
30689
30465
30433
30689
30433
30753
38657
30625
30273
29633
30049
30209
30273
29921
29793
29889
30113
32257
30209
30593
30561
30369
30113
36641
31073
30849
30465
30657
30562
30657
30689
32865
31041
30113
30337
29985
30145
30049
29665
29889
32769
30466
30753
29825
31649
30465
30049
30817
30561
30049
31169
30977
30753
30465
30721
30465
48706
31489
30337
30433
30817
30273
30465
30337
30145
30209
30465
30145
38305
30049
30721
29729
30817
35937
30113
30785
30561
30113
30497
29985
30305
30977
30210
30593
30497
30497
29857
30433
30529
30273
39105
30689
30689
30369
30401
30401
30369
29889
29985
30273
30753
32033
30081
30369
29857
30273
30113
36033
30593
30145
30625
30721
30369
29889
30465
30849
30273
29697
30113
30497
29985
29889
30209
30081
38625
30561
30081
30817
30113
30977
30337
32129
30721
30433
30497
30593
30497
30465
30433
30497
30593
32897
30273
30657
29985
30017
30113
30625
30785
30402
30113
30338
30433
30465
30529
30273
30785
99940
31137
30369
30658
30721
30529
30689
30785
30113
30273
30753
30433
29953
30753
30369
29953
29921
35489
30785
30657
30049
30113
30657
30305
30497
30785
30306
30081
31201
30530
30177
30337
30657
30913
32001
30401
29537
29697
30337
29793
30465
30465
30017
30273
30337
30177
29921
30146
30145
30465
30433
33025
30625
30433
29697
30689
30177
30049
29921
30369
30561
29761
30497
30369
30337
33506
30305
50657
31681
31105
30913
30273
30497
30465
33921
30497
30529
30305
29921
29857
30465
30017
30465
31041
38849
30785
30369
30177
30561
29985
30465
30337
29729
30177
30177
30785
30849
30210
30306
30242
31009
30785
30241
30785
30561
30146
30273
29761
30625
29761
30305
30209
29985
32353
30177
30017
30113
30273
30689
29857
30561
29793
29985
30689
31137
30369
30593
30593
30625
30177
30689
30273
30370
31329
30369
31745
30657
30017
30337
30049
30145
30625
30561
30945
30625
30529
30017
30753
30753
30209
29793
30433
31553
31201
30241
30529
30210
30017
30209
30305
29889
30049
30785
30689
30369
30689
30657
32673
30497
31329
30369
30017
30497
30017
31682
30081
30241
30113
30273
30081
30625
30369
30081
30113
29953
46370
31073
30241
30305
30369
30177
30529
30465
29857
29953
29761
30337
31649
30209
29953
30433
30177
38658
30145
29761
29857
30145
29633
30529
30273
30529
29921
30081
30721
30625
30241
30273
30625
30977
38497
31585
30465
30849
30145
30081
31873
30017
30113
30561
29889
30657
30497
29857
30081
30049
29729
40802
31137
30337
29889
30145
30561
30657
30913
30433
30913
30721
30913
30433
30529
30209
30113
30337
35553
31329
30401
30081
30625
31105
30081
30945
29921
29825
30177
30305
30241
30529
30594
30881
30849
34689
30754
30849
30945
33345
31489
31585
30273
30530
30913
30497
30817
30401
30401
32097
31297
30913
30529
30657
30337
30305
30081
29665
30433
29729
30305
30273
31009
30338
30466
30945
33217
30753
30817
30177
29825
30369
29953
29633
30241
30753
30689
30306
30305
30273
30529
30177
30305
33026
30369
30241
32033
30657
30337
31297
29985
30305
30977
30977
30785
30561
30914
31457
30305
38785
30817
31361
30433
30497
32385
30465
30722
30497
30305
30209
30881
30433
30209
30273
30401
30273
38945
30209
30753
30593
29921
30561
30177
30401
30338
29953
30209
30177
30497
29761
30145
30465
30305
38786
30241
29953
30113
32225
31073
33121
30593
30433
30753
30881
30017
30690
30913
30401
30561
48513
30561
30369
30753
30657
30241
30433
30530
30433
29921
30017
31041
30593
29793
30433
30593
30433
36513
30785
30497
30433
29633
30337
30529
30977
30817
31617
31009
29953
31009
30881
31137
30689
30785
38946
30849
30945
30529
30913
30177
30593
30465
29953
30081
30753
30145
30433
30689
30721
30689
29985
39841
30689
30241
30497
30370
30817
29729
29601
30465
30017
30561
30849
29953
30593
30561
30785
32033
38946
30337
30433
30465
30017
30753
30785
30497
30561
30081
30433
30337
30881
30305
30401
30113
30433
32513
30657
31169
30433
30690
32321
30625
30657
29313
30241
30145
30657
30273
30113
30145
30401
38529
30241
30433
30433
30337
30337
29793
29921
30273
30465
29889
30465
30401
30593
30625
30849
30753
38305
30753
29985
30337
30561
32513
30625
30401
30721
30849
30049
30721
30273
30529
30625
30049
30465
38465
30817
30433
30657
30625
30529
30849
30593
29665
30305
30337
30433
30337
29825
30433
30145
30593
30081
29793
30209
30081
30337
30465
30241
30273
30017
30497
30529
30657
30753
30241
30561
30081
30049
38561
30785
30241
30689
30049
30497
29889
29890
30242
30434
30625
30561
30817
30369
30433
30593
30721
32097
30689
30049
30561
33377
30689
30561
32097
30401
30113
30241
30593
30530
30465
30625
29793
40225
30113
30593
30401
30625
32289
30369
30849
30209
31073
31041
30465
30945
30593
30497
30593
30369
39073
31041
31010
30209
30465
30657
29985
30241
30273
29985
30497
30241
30241
30657
30497
30657
31265
30753
30273
30401
31137
30081
30657
31009
30273
31873
30113
30337
29921
30145
30273
30561
30113
30561
31489
30657
30529
30497
30529
30177
30273
30433
30017
30209
30593
30625
30113
30465
30241
30401
30273
31425
30209
30625
30337
30337
30849
31233
30722
30337
30913
30881
29953
30049
29921
30465
30081
30913
32833
30241
30305
33217
30785
30081
30241
30305
31073
30369
29537
29665
30273
29953
30305
30721
38561
30753
30529
30881
30209
30561
30561
30465
30017
30337
30177
30209
30401
30625
30434
30689
30785
38465
30273
30113
30498
30529
30145
30369
29793
30113
30881
30657
30465
30209
30273
30561
30497
30081
38753
30178
30337
30337
30369
31137
30625
30593
30753
31041
30081
30625
30497
30593
30497
30049
29953
33281
30209
30753
29665
29793
30433
29761
30497
29985
29953
30177
30177
30561
30753
30401
30369
30721
33089
30241
30530
30753
30305
30625
32417
30529
31009
30593
30562
30177
30497
30465
30145
30625
30465
30689
30657
31777
30530
30209
30337
30625
30625
30337
30625
30914
30945
30817
30881
30561
30497
37729
30689
31041
30593
30177
30369
30657
30369
30465
30337
30433
30113
29985
29889
30529
30497
30305
38849
30625
31297
31009
30049
30017
29793
31073
31137
30273
30690
30497
30145
29857
29537
30241
30113
38529
30657
30465
30785
31553
30849
31137
30721
30177
30337
30145
30721
30529
29921
30753
30689
31169
38561
30721
30049
30369
30273
30177
30722
30529
29985
30209
29857
30529
30081
30081
29825
30145
30049
38210
30465
30433
29953
29985
30209
29921
30305
29857
30785
30145
30401
30465
30305
30273
29953
29985
38913
31425
31073
30529
30145
30081
30145
30273
30945
30465
30625
32322
30337
29825
30177
30561
44001
31617
30914
30625
30657
30881
30561
30177
30273
30625
30273
29889
32129
29985
30305
30785
30657
37218
29665
30241
30337
30369
30657
30113
30049
30113
29921
29953
30497
30081
30241
30242
30018
30081
36034
30625
30113
30849
30753
30657
30369
30561
30625
30337
30753
30465
31073
29921
30273
30177
29601
38658
30497
30529
30305
30049
30818
31010
29857
30689
30497
31009
32449
30529
30401
29889
30433
29921
44673
30081
29729
30241
30401
30081
30401
30145
29985
30689
30113
30497
31137
30785
30753
30049
30273
33729
30273
30369
30049
30401
29825
30145
30530
29857
31169
30497
31393
31361
30369
30977
30721
30721
32706
30913
30785
30529
30305
30561
29825
30273
29665
30113
30497
30689
30465
30209
30593
30529
53154
31329
30497
30625
30593
30145
30241
32353
30753
30241
30081
30497
30625
30273
30305
30593
30401
40001
30561
30594
30337
30529
30209
29761
30049
30369
30593
29825
30145
30561
30721
30049
30465
30433
38305
30369
30273
30401
30209
30050
29985
29921
30145
30401
30177
30369
29825
30401
30529
30881
30337
38529
30721
30241
31105
30177
29921
29889
29985
29921
29857
30530
30497
31105
30497
29953
30049
33217
32353
30081
30817
30529
30497
30177
30401
29921
29921
30177
30785
31009
30657
29921
38337
30305
29953
32098
30657
29761
30721
30433
29793
31745
30497
30113
30817
30721
30817
30529
31041
30753
30465
45026
31553
30913
30657
30145
30433
30593
30785
29953
29985
30529
30241
30337
30081
30433
30370
30209
54689
38529
30881
30433
30657
30433
30177
30242
30178
30145
29857
30849
29729
30561
30401
33442
29793
38657
30593
30273
30209
30401
31009
30081
30273
29729
29793
30369
30465
30017
32065
30785
30017
30273
38626
31329
30657
29857
30465
30273
30145
30337
29825
30401
30497
30497
31265
30881
30113
33025
64195
32161
30465
30753
29985
30113
30241
30625
30657
30177
30529
30273
30209
30145
29889
30721
30273
39681
30305
29985
30273
30017
30305
30401
30721
30113
30369
29601
30305
29665
30497
29697
30113
29921
38241
29921
30305
30337
30881
30273
30753
30433
30497
30402
30658
31073
29921
30177
30049
30145
30017
36929
31137
30593
30209
30625
29953
30497
30401
30177
30177
30241
30401
30689
29793
32417
29697
31137
31425
30529
30914
30497
29857
30273
30465
30017
30337
30625
30625
30305
30657
30273
30721
30369
30241
31553
30338
30401
30657
30689
30081
30433
30561
30913
30785
30113
29761
29889
30305
32545
30209
34850
29857
30689
29953
30401
30081
30273
30113
30081
29889
30337
30593
30529
30753
30625
30882
30465
38753
30849
32513
30881
30497
30209
30561
32289
30081
30049
29729
30113
30401
30145
30593
30081
29537
38242
30625
30209
30497
30561
30209
30401
30081
30561
30050
30465
30081
30817
30753
30305
31553
30177
38465
30241
30081
30721
30305
30049
30113
30561
30497
30369
30210
30433
30049
30529
30465
30305
30593
38593
30625
30753
30017
30689
30145
30177
30049
34305
30369
30849
30177
30593
30369
30594
30145
30049
30497
30401
30625
30081
30177
30529
30561
30273
30305
30273
30401
30241
31009
32641
31041
30145
40001
30465
32033
30305
30721
30241
30593
30433
30465
30625
30049
30369
30369
30209
30177
30497
29729
38562
30369
32353
29889
30113
30465
29921
30177
29505
29793
29569
30209
30049
29857
33410
30529
30465
38401
30049
30625
30401
30209
29921
30561
30209
30081
30465
30689
30241
30081
29633
30145
30657
29985
38658
30369
30657
29794
30306
30401
29665
29825
30241
29793
30241
30049
30754
29665
30209
30305
31329
31809
30561
30785
30497
29985
30113
30113
29889
30209
29825
30529
30145
30113
29953
30209
30657
30209
32097
30786
30305
30721
30209
30497
29889
30049
30081
30433
29921
29985
31841
31009
30465
30049
35585
30849
30337
30113
30081
30241
30657
30913
30529
30497
30561
30530
30337
29761
30081
30369
30145
38241
30753
30337
30785
30465
31041
30050
31041
31201
30273
30465
30401
30305
30113
30369
30305
30337
37473
30369
30433
30305
30113
29793
29793
30145
31105
30561
30433
30049
30017
30497
30305
30497
30401
32513
31137
30721
30401
30593
30465
30593
30401
29793
30433
30081
31105
30657
30945
30497
30433
30721
32321
30241
29985
31745
30465
30305
30625
30465
30978
30785
30177
30337
30625
30849
30081
30305
30625
32737
30913
30209
30913
30401
30145
29889
30529
30497
30497
30561
33537
30561
32929
30690
30401
38274
30369
30401
29569
30465
30433
30945
30785
30785
30881
30401
31073
30850
30657
30977
30977
31137
39170
30145
30881
30241
31009
32961
30241
30465
30465
33025
30849
30145
30465
30369
30433
30689
29761
33249
30209
30305
29953
30113
30561
29921
30305
30369
30273
30241
30209
30401
30945
30593
30497
30049
32737
30529
30561
30497
30146
30241
30497
30241
30529
30113
30497
30145
30657
31105
30337
30081
31041
32481
30529
30753
30017
30241
31041
31009
30241
30433
30177
30689
30561
30241
29665
30305
30689
30369
32545
30401
30209
30369
30017
30209
30594
30338
30433
30401
33409
30561
30689
30817
30593
30305
40321
30785
30466
30818
30337
30049
29889
30241
30561
30081
30273
30433
30465
30465
30433
29953
29921
37922
30017
30753
30657
30017
30657
32801
30497
30689
30881
30433
30529
30753
30497
30625
30753
30465
40449
30593
31009
30913
31297
30977
30177
30433
30337
30049
29985
30561
30657
30657
31073
29761
30401
31265
30721
30561
30529
30625
30978
30913
30721
30337
30625
29953
30497
30785
30177
30785
30561
30401
31809
30593
30177
29921
30305
30241
30561
30081
29921
30177
30145
30433
30081
30594
29698
30178
29569
31426
29857
29953
30145
29857
29825
29921
30209
30433
31425
30369
30273
30145
29889
29953
30305
60770
31169
30561
30465
30209
30689
30817
30785
30497
30785
30754
30146
30433
30881
30305
30081
30433
39233
30817
30881
30241
33601
30305
30689
30849
30337
30657
30786
30337
30785
30625
32642
30785
30049
31745
30785
31201
30081
30145
30593
30209
30305
30273
30785
30241
29889
30241
30177
30113
30177
30433
32193
29794
29793
30401
30689
30977
30049
30241
30689
30753
29729
30369
30273
30561
30369
30401
30081
31585
30017
29953
29921
30401
30049
30690
30657
31809
29953
33569
30593
30209
30689
30369
30658
38626
30689
29921
29602
30433
30337
30497
30433
30593
34369
30945
30370
30241
30465
29953
30593
31137
32193
31105
30689
30081
37985
30785
30913
30625
30369
30689
30689
30401
30466
30817
29857
29665
29953
30497
30337
30081
30369
30561
30465
30913
30721
30049
32737
30241
30625
30401
30177
30082
29761
30881
31457
30209
30465
30241
30145
30305
30337
31169
30754
30881
30465
29697
29761
29985
30945
30529
30081
32609
30625
30497
30017
30433
30497
29473
30337
30081
30049
30881
30049
29633
30209
29953
29953
29761
31905
29761
29793
29569
29986
30241
30561
29857
30849
32129
30593
30593
30177
30529
29857
30177
47873
32129
30114
30401
30273
30625
30753
30433
31777
30433
30401
30433
30113
30657
30721
30497
31105
35169
30433
30305
29793
29825
30465
30913
30529
30593
30625
30049
30881
30945
30337
30210
30337
30081
31041
30561
30785
30977
30081
30529
30593
30529
30562
30337
31553
30241
30241
30401
30145
29953
30785
32769
30881
30049
30913
30945
30466
30817
31041
30881
30209
30209
30530
29633
29953
29921
30337
47841
30753
30401
30497
30113
30689
30305
30177
30113
30433
29953
30465
30401
30369
29761
30529
29921
37601
30081
30017
30401
30049
30433
31586
29921
30657
30305
30625
30913
30305
30465
30113
30401
30657
39106
30625
30401
29953
30370
30273
30209
31873
30561
30561
30753
30945
30401
30465
30145
31073
30593
31073
30177
30241
30145
30241
30177
30657
30177
29377
29857
30241
30369
30145
30017
30177
30369
30145
30625
29857
29921
29665
29793
30209
30049
30497
30561
31137
30625
33025
30753
30945
29697
30657
44353
31809
29825
30465
30177
30337
30881
30433
30753
30497
30145
30497
30497
30561
30081
30081
30177
46114
30945
30401
29921
29953
30209
30625
30753
29921
30337
30177
30017
29825
30081
30209
29409
29793
54690
31649
30817
30338
30113
30497
30721
30017
30113
30177
29889
30177
30273
31905
30241
30945
30145
39042
30529
30241
29921
30049
29953
31650
30433
29889
30529
30145
30081
29921
30145
29953
30529
30369
30529
29889
29825
30337
29985
30273
30209
31041
30273
30657
29921
32481
29793
30241
30529
31073
30625
30657
30657
30433
30369
30145
30625
29633
29793
30465
30177
30081
30337
29729
30625
30241
30305
30273
30721
30689
30081
30689
30241
30593
30497
30721
30337
30145
30081
30145
30529
30209
30497
31073
30849
32129
30178
30625
29729
29505
30401
30561
30209
30465
29665
30177
30369
30209
30049
29889
30593
30241
31425
30529
30433
30689
30881
29857
30497
30465
30273
30593
30145
30401
30529
32097
30465
30337
29889
32161
31233
29537
30113
33057
31361
30273
30689
30369
29761
30913
29793
30049
30529
30466
29569
38561
30881
30913
30305
30209
30369
30465
29825
30497
30305
30337
30497
30017
30017
30401
29953
29921
39010
30689
30785
30113
29729
30241
32065
29601
30337
30337
30337
30049
30433
30689
32865
30433
30177
38465
30465
30433
30401
30593
30401
29825
30305
30177
29857
30721
30465
30817
30145
30145
30625
30241
30529
30913
30433
30273
29985
30561
30401
30305
30273
30625
30273
30721
30433
30337
30338
30817
30529
32417
30658
30241
30177
30209
29921
30273
30081
29729
30305
29889
30145
32097
29825
30593
30529
29889
32450
30561
30337
32129
30689
30081
29633
30497
30337
30401
30210
30945
30977
30849
30753
30305
38689
30465
30689
30881
30753
30657
31265
30625
30785
30433
30753
30465
30561
31457
30721
30881
30882
30593
29985
30081
30081
30401
29922
30401
30273
30017
30401
30337
30977
30017
30017
30241
30465
32545
30273
29889
30465
30177
30369
30177
29825
29825
30369
30721
30082
30145
30241
30465
30721
30433
30177
30945
29889
30273
30337
30497
30145
30305
30145
30689
30529
30209
30049
30529
29441
30273
30689
30113
32129
30273
30241
30497
29985
30369
30401
30145
30433
30113
29793
30306
30242
29953
29921
30209
31969
30113
30337
31329
30945
30881
31041
30369
29921
30529
30625
30369
30017
30593
30081
30081
29921
38145
30849
30657
29889
29793
30241
29761
30081
29569
29825
29857
29921
29857
29953
29825
30369
30049
38305
30689
30337
30337
30401
30145
31073
30529
30113
29761
30241
30305
30465
30145
30369
30305
30753
37058
30913
30305
30241
30465
30881
30273
30305
30593
30657
30593
31297
31681
30241
30817
30753
30977
38497
30849
30657
30337
30402
30209
30401
30593
30337
30497
30849
30593
30753
30657
30529
30721
30369
38721
30785
30274
30369
30209
30017
29889
31681
30593
30209
30753
30369
30753
30209
30049
30017
29697
39042
31393
30753
30081
30209
30561
29985
30786
30817
30593
30145
30753
31105
30561
30145
30433
48930
31297
30529
30241
30913
30689
30817
30721
30402
30209
30113
29793
30401
30433
30401
29697
30273
37090
30913
30177
30209
30625
30241
30241
30113
30177
29729
29761
29985
30081
31713
30113
30433
30625
37473
30401
31265
30337
30369
30145
30081
30465
30849
30689
30177
30369
30722
30017
30945
30849
29985
39234
30465
30497
31169
30401
30017
30369
30209
29985
30081
31073
30337
30209
31233
30177
29921
30049
38913
30561
30177
30177
30401
30337
30369
30434
30817
31233
30465
31073
30881
30561
30433
30497
30753
40514
31745
31009
30177
31137
30593
30433
30561
30433
30561
30785
30241
30145
30530
30753
30049
40801
29985
30561
30977
30369
29825
30337
30273
30305
30337
29793
30209
30081
32449
29793
30081
29633
38306
30785
30337
30625
29697
30113
30241
30241
29889
30209
30561
30241
30145
30273
30434
29602
30146
39361
30689
29857
32418
30337
30241
30401
30529
30114
30785
30465
30657
30497
30273
30177
30017
29953
32609
30817
30337
30273
30017
30433
30273
29825
29889
30177
29761
29857
30145
30369
30593
30369
29953
31105
30785
30977
30145
30657
30945
30689
30849
30658
30753
30113
29889
30177
30273
30145
30049
35905
30913
30433
29793
30722
30081
29473
29697
30305
29985
30017
29985
30401
30625
30594
30113
30529
38274
30209
30273
29921
29953
30593
30657
30337
30273
30305
30337
30497
30721
30433
30689
30593
31234
39202
30497
30241
30817
30433
30497
30369
30977
32545
31041
30113
30241
29889
30305
30529
30273
29729
38785
30913
30785
30209
30753
30561
30753
30241
30465
29825
30529
32417
30017
30593
30177
30369
29537
32962
30881
30593
30145
30209
29921
30177
30049
29793
30882
30178
29921
30178
29921
30498
30370
30369
32481
30561
30561
30145
30401
30145
30721
30113
29569
30081
29889
30401
29825
30977
30913
32097
38754
30369
30273
30209
30017
30849
32769
30625
30721
30625
30369
30177
30401
30401
30401
30817
30913
38689
30433
31041
31297
30657
30497
29825
29889
30721
29633
30241
30497
29825
30145
29985
29825
30049
37313
30817
30497
30273
29985
30305
30753
30049
30177
29953
30817
30721
30401
30049
30690
30722
30369
31202
30465
31457
30434
30881
31233
32705
29986
30593
30209
29953
30561
30881
29985
30625
30529
30881
32257
30721
30241
30561
30337
30113
30369
30369
29762
31073
30529
30241
29697
30497
32545
30497
60771
32257
31041
30401
30209
31105
30401
30465
30305
29825
30273
30241
30433
30402
30145
31810
30849
31425
30401
30913
30465
30145
29569
30401
31649
30241
30369
29921
30273
30433
30465
30785
31009
30497
32801
30433
30337
30337
30817
30337
30657
30433
30946
30337
30881
30561
30721
30369
30721
30881
30625
32481
30849
30145
32353
30305
30433
30433
30081
30657
30050
30210
30081
29793
30849
30465
30209
45345
31041
30689
30465
30401
30753
30785
31073
31553
30721
29889
29793
30049
30657
30017
30209
30465
34626
30497
30113
30561
30081
30817
30209
30849
30145
30145
30561
30017
30433
30401
30209
30401
30593
46178
31329
31233
31297
31105
31041
30529
30433
30433
29857
32513
30113
30113
30241
31297
30689
31457
38466
30625
30273
30369
30913
29825
30465
30529
30305
30465
30049
30369
30465
30145
30241
30049
30401
30465
30337
31201
30625
31105
30913
31009
30401
30209
30753
29953
30049
29921
30401
30657
30241
30337
31009
30145
30945
30369
30625
30401
30273
30689
30433
30177
30017
30081
30753
30530
30401
30721
30465
32737
30306
30273
30401
30433
30561
30305
30145
30529
33633
30433
30305
30529
30113
30593
29793
43970
31041
30049
30433
30305
29921
30337
30081
30433
30913
30017
32097
30017
30209
29953
30273
30913
39010
30497
30209
30081
30305
30369
29825
30081
29633
30497
29793
30081
29761
32353
30497
29889
30081
32993
30241
30177
31009
31074
30561
30145
30401
30369
30081
32002
30593
30689
30177
31009
30657
30273
32833
31329
30625
30401
30113
30721
30689
30626
30561
30081
30433
30241
30337
30433
30497
32225
46625
31041
30241
30529
30498
30561
30081
29985
29921
30081
29665
29729
30305
30209
30113
30017
30273
45473
30369
29985
29857
30753
30529
29985
30529
29825
30337
31137
31042
30337
30657
30753
30689
30593
38466
30561
30753
30817
30625
29857
30721
30913
30113
30177
30273
30721
29729
29953
29825
30337
30209
38113
30849
30305
30081
30593
32450
29793
30465
30273
30177
30337
30849
31554
31009
30177
30113
30593
32769
30913
30369
30273
30530
29889
30433
29761
30273
30433
29985
30785
30817
31393
30401
30273
45538
30721
30369
30817
30337
30689
30849
29825
30273
30337
30881
30753
30817
30529
29857
29985
30401
50722
30529
30401
30145
30017
30881
30593
29921
30081
30625
30337
33057
30241
30881
29825
30369
30849
40865
31265
30401
30625
30465
30785
30625
30402
30241
30081
29634
30402
30369
30465
29729
29857
30625
33985
30433
33153
30241
30561
30337
29953
30690
30241
30049
30273
29505
29985
29729
29857
29729
30017
38242
30049
30401
30465
30433
30337
30113
30721
30369
30049
29793
32673
30561
30625
30241
30913
30273
32833
30241
30017
30081
30146
30081
29761
30209
30113
29985
29889
30753
30145
30946
29729
30017
44129
31457
30465
30081
30113
30593
29857
30145
29761
30081
29825
31169
30465
30305
30209
30721
30113
36385
31233
30401
30401
30241
30113
30017
30561
30945
30785
30785
30401
30081
29825
30273
30209
29761
38113
30241
30625
30049
30465
30497
30082
30082
30849
30497
30337
29922
29954
30465
31041
30177
30817
38785
30721
30305
30465
30401
30209
30113
29889
30273
30081
30369
30593
30721
30849
30369
30337
31105
39169
31009
30497
30113
29697
29954
31073
29953
29921
30369
32801
30689
31169
30561
31265
30369
30337
33089
30241
31233
30497
30113
30689
29793
30177
30113
30529
30977
31041
30081
30785
32482
30625
38658
30753
30753
30465
30049
30337
29697
29953
29921
29633
30017
30081
29985
30274
30274
30241
30145
38306
30497
30401
30273
30113
30049
32769
29697
30465
30337
30305
30625
30401
30465
30465
29857
29953
38337
30465
30305
29921
30241
30113
30433
30433
30337
29729
30241
29953
29825
29761
30113
30337
30337
35490
30145
30849
29825
30241
30369
30369
30401
29633
29857
30433
29697
30337
30369
30913
30209
30210
38753
30657
30337
30241
30177
30081
30369
29921
30497
32865
30689
33698
30145
30305
30337
30529
46978
30977
30369
30305
30369
30721
30689
30657
30689
30273
30497
30113
30497
30145
30466
30081
32001
38850
30977
30785
29953
30657
30689
33025
30722
31041
30081
30913
30241
30145
29985
30305
30401
30273
38753
30433
29985
30625
29729
29857
30433
30465
30625
29985
29985
30753
30465
30273
29921
30625
30529
31169
30305
30369
30529
30177
30337
30657
29889
30145
29921
30433
29890
29857
30017
30113
30049
30529
32257
30817
30146
30273
30401
29953
30017
30465
30049
29985
30049
30049
32513
30465
30497
30337
30593
32609
30593
31137
30529
30369
30305
30433
30497
33313
30465
30433
29953
29729
29697
30145
29857
38466
30817
30433
30433
30305
30561
31009
30625
30401
30689
29921
29697
29953
29505
30369
30209
30369
38145
30529
30625
30497
30369
30689
30849
30785
31233
30721
30497
30337
30817
31329
30913
30817
30369
40289
30145
30273
30529
30561
30849
30497
30593
30081
30465
29665
30049
30369
30241
29825
30337
30241
38594
29857
29761
30273
30049
30465
30241
29921
30017
30145
30881
30753
30689
29953
30177
29857
29697
31841
32097
30081
30433
30305
30017
29921
29953
30273
30273
30209
29697
30465
30145
30177
30657
30241
30753
29697
30017
30626
30402
30017
30305
32961
30913
30465
30177
29953
30593
30177
29505
30049
38689
30497
30657
30177
30977
30401
30081
30465
29953
30145
30273
30273
30561
30017
30369
30049
30337
39906
30145
30753
30305
30177
30177
30049
30465
30049
30497
30593
30465
30497
30561
30081
30210
30786
38498
31105
30530
30145
30817
30625
30753
30721
30017
30241
30305
29473
30209
32545
30273
30146
30498
38753
30977
30657
30913
30785
30849
30529
30177
30849
31137
30594
30466
30177
30145
30754
30209
30529
39138
31041
30945
29953
29793
30145
30081
31041
30529
31905
29921
30145
30529
30209
30369
30753
30529
32001
30209
30817
30177
30369
30337
32321
31553
30689
30241
30913
30465
30625
30593
30497
30497
32065
30497
30785
30241
30081
30753
29985
30817
30177
30081
29921
30433
30369
30337
30433
30049
29633
31362
30465
30785
30433
30689
30241
30530
29953
30081
30209
30145
30241
30465
32097
30113
30305
49698
31330
30529
30625
29825
30817
30913
30401
30689
30625
30081
30849
31489
31265
30145
30658
30465
37953
30529
30145
29601
30337
30273
30529
30625
30561
30337
30561
30305
30625
30145
30081
30049
30273
40833
30914
30049
30657
30305
33761
30209
30786
30561
30529
30497
30465
30401
29793
30145
30049
30401
40033
30593
30593
30625
31073
30689
32865
30177
30977
31009
31105
30561
29985
29953
29985
30145
29857
31137
30945
30529
29953
30561
30561
30401
30401
30433
30305
30689
30497
30433
30849
30401
30593
30497
32833
30786
30593
30145
30625
30817
30145
30465
30113
29985
30081
30529
29921
30081
30017
29953
30241
32481
30689
30785
30401
29729
30529
29921
30369
30689
30113
30209
30561
30497
30530
30338
30209
50017
31425
30721
30337
29633
30721
30369
30017
29761
30209
30529
30881
30465
31233
30497
30529
30529
53922
32161
30305
30305
31713
30977
31521
30433
31074
30369
30497
30721
30273
30209
29889
30145
30401
37697
30721
31393
30785
30945
32833
30625
30209
29921
30113
30241
30081
30593
31009
30146
29762
30081
30849
29953
30593
29953
30785
30593
30849
30625
29697
30593
30081
30561
30434
30114
30274
30562
30017
32706
30177
30273
30145
29985
29825
30593
30433
31681
29793
29921
30177
30241
30177
30177
30081
30337
31553
30465
29889
30305
29473
30529
30657
30113
30785
31009
31041
29953
30497
31170
30721
30721
30401
33025
31714
30913
31041
30369
30049
30465
30113
30465
30465
29537
30593
30113
29953
30017
30338
30050
32161
30977
30561
29825
30081
29441
29857
32321
29505
30209
30209
30017
30081
29825
30401
29825
45506
32482
30977
30241
33057
30497
30306
30369
30753
29601
30881
29985
30145
30817
30529
30497
30241
38210
30337
30689
30401
30145
30881
30497
30081
31137
30401
29601
30337
30209
30049
29889
30209
30113
38625
29953
30241
30177
30689
29953
29665
29697
30273
30402
30113
30753
30145
30145
30593
30369
30241
38850
30497
30241
30209
30113
29921
31265
30721
30529
30881
30657
30369
30145
29921
30753
29793
29697
31457
29985
30337
29953
29985
30497
30273
30209
30529
30625
30433
30849
30625
30401
30785
30625
30369
32641
30657
30881
30433
30785
30561
30209
29761
32385
30977
30529
30849
30497
30433
29633
29889
30177
32321
30370
33314
30625
30337
30337
29761
29857
30017
30369
30273
30145
29729
30177
29825
29825
38241
30465
30242
30081
30401
30817
30817
30049
30209
30177
30177
30497
30689
30785
30497
30209
30529
38977
31073
30849
31489
30625
30657
30241
30177
30241
31233
30753
30913
30305
30273
29921
30497
30689
31745
30081
30049
30465
30433
30305
29890
29921
29921
30305
30305
30594
30178
31041
30529
31105
30881
33026
30753
30817
30817
30849
30497
30081
30689
30529
30721
30337
30305
30497
30689
30785
30465
30049
32993
30561
31041
30177
30465
31329
30337
29986
30018
32289
34274
39361
31009
30625
30785
30305
32001
30849
31649
30689
31393
30849
31137
30945
30689
30849
30049
30881
31873
30177
30337
30913
30849
30305
30242
30049
31425
30433
30465
30401
30146
30594
30401
29889
30369
32225
30497
30561
29697
30145
30561
29985
30529
30561
30657
30273
30273
30369
29761
29953
30145
32033
31970
29889
29921
31937
29889
30945
30497
30625
30658
30689
30209
30497
30689
30113
30401
29921
30273
31777
30561
30721
30529
30177
30177
30721
29985
29793
29825
30017
30273
30849
30274
30465
30913
51330
31905
31137
29985
30273
29729
30273
30881
30305
30689
30337
30177
30369
30497
30561
31329
30305
53506
30465
30593
30977
30465
29761
31617
30242
30529
30593
29953
30945
30561
30113
30209
29985
30465
38753
31170
30690
30273
30593
30081
31009
29825
30625
29377
30209
30337
30401
29889
30369
30241
30241
38658
30337
30145
31969
30401
29857
30465
30593
31073
30465
30849
30977
30337
30273
30370
30530
30658
38402
30913
30785
29793
30657
30337
30433
30369
29633
30849
30561
30625
30625
30562
30529
29761
30209
30401
30689
30433
29889
30305
30465
29665
30337
30241
29921
30401
30177
30273
29985
30145
30402
30146
37186
30625
30433
30401
30209
30401
30657
30753
30209
30753
29793
30593
30369
30913
30145
30881
29921
31937
30753
29921
30561
32481
29953
30177
29985
30593
30177
30657
30593
30081
30113
30145
30529
47490
30657
30401
30369
30625
30241
30657
30337
30369
29921
30273
30337
30913
29889
30305
31361
30497
36514
30209
30465
30497
30241
30465
30625
30305
30273
31297
31169
30593
30497
30081
31298
32417
31201
39809
30753
30561
30689
30369
30690
30785
30562
30817
30753
30689
30337
30401
30145
29953
29729
30817
36993
30465
30401
30465
29729
30817
30689
30177
30305
31233
30625
30881
30593
30337
30337
30273
30689
36833
30689
30369
30273
30817
30561
30273
30017
30273
29921
30529
30497
30049
31009
30369
30561
30529
38369
31073
31329
35617
30657
31009
30273
30401
30465
31009
30561
31105
30625
30242
30370
30689
30817
32417
30721
31009
30817
30849
31361
31041
30945
30689
30754
30913
30913
30657
31105
30945
30849
45474
31489
30402
31393
31041
30273
30657
30785
30593
30177
30241
30337
29953
30433
30241
30753
30465
50498
32577
30593
32865
30337
30305
30337
30786
30369
33185
30817
30721
31553
30273
30401
30113
30113
39874
30593
30433
31681
30977
30978
30817
30977
31009
30753
30721
30561
30529
30433
30401
30721
30753
38562
30593
30337
30497
30977
29857
30241
30689
30625
30913
30401
30721
30433
31233
30721
30626
30785
40674
31489
31649
31073
30945
30657
30401
30113
30305
30177
31074
30658
30945
30785
31329
31073
56098
31873
30625
30433
30401
30241
30049
30401
29986
29857
30657
30049
30913
30081
30465
30209
30529
55138
31617
30913
31073
30241
30145
29665
30145
30433
30721
31841
30337
30593
30209
30209
30657
30337
38146
30625
29889
30465
36769
30497
30337
30273
30818
30786
30626
30337
29793
30593
30113
30433
30113
39746
30753
30305
30273
31809
30337
30081
30145
29921
30529
29857
30017
30209
30017
30849
30401
29953
40001
30753
30209
30081
30337
29889
29793
30145
30273
30209
30113
30113
30465
30177
30465
30561
31905
38626
32257
30913
30753
30786
30753
31073
31297
31105
30305
30881
38305
30433
30625
30465
30082
52897
31041
30785
30209
29921
30209
30657
30593
30593
30305
31297
30465
30177
29985
30465
30849
30337
39777
30913
30497
30721
30369
30465
30561
30273
30369
30849
30882
30146
30210
30146
30241
30082
30594
38882
29857
29825
29953
30081
32161
30401
29697
29729
30338
29890
30146
30017
30337
30689
30241
30145
39650
30753
30209
30785
30657
30337
32417
30305
30465
30369
30977
30497
30369
30658
30082
30242
30881
38465
31361
30465
30273
29857
29889
30241
30241
30145
30177
30337
30241
29953
30145
30465
30369
30273
33281
30657
30465
30497
30625
30913
32065
30017
30209
32417
30401
30657
30305
30369
30337
30209
59010
31873
30753
31041
31041
30849
30721
30497
30305
30593
30497
29985
30369
29985
30465
29953
30433
37954
30593
30177
30561
30465
32353
30689
31329
31105
30241
30657
30369
30369
30785
29985
30465
29921
39233
30849
29953
30209
30401
29697
29761
36257
30081
30049
30177
30337
30497
29697
30305
30593
36257
38177
30593
30657
30433
30913
29953
30145
29761
29601
30177
29921
30465
30081
29825
29985
30049
30529
38785
30657
31265
30785
30945
30849
30113
30369
30209
30497
30689
30657
30753
30497
30465
30497
34689
32577
30881
30209
29889
29921
30689
30881
37953
30369
30561
30849
30593
31009
30625
30849
30561
30593
32065
30369
30497
30689
31329
30401
30049
29697
29697
30017
29409
30433
29825
30017
29665
30305
47330
30945
30209
30529
30721
30657
30145
30241
30337
30465
30785
30145
30881
30305
30657
30113
30529
38626
30273
29665
30145
30241
30721
30017
30049
30529
29793
29953
30369
29953
30305
30241
30465
30145
36930
30529
30497
30081
30049
30305
30273
30465
30849
30753
30401
30753
30561
30049
31521
30689
30177
37378
31041
30690
30721
30369
30081
29441
29985
30561
30145
30209
30337
30273
30337
30849
32865
31137
32161
30625
30593
30817
32673
30913
30401
31041
30401
38049
30785
30369
30305
30753
30849
30241
47778
31393
30241
30273
30081
30081
30305
30017
30273
30305
30177
30177
30945
30465
30721
30881
30465
50178
30817
30305
30113
29985
30145
30721
29953
30305
30562
29634
30306
30081
30625
30369
29985
30145
48001
30977
30785
30753
30241
31137
30785
30145
30113
29793
32609
30305
30433
30145
30689
30081
30369
40577
29985
30689
30113
30305
30753
29825
30401
30337
30625
30337
30177
30337
30145
30049
30433
30113
40545
30529
30465
31073
30273
30689
31842
30657
30625
30945
30945
30625
30273
30657
31809
30721
30625
33025
31009
30401
29793
30497
30273
30689
29985
30145
30081
31681
30113
30465
30593
30273
30465
36770
32194
30561
30945
30465
30369
29825
30497
29889
30049
30785
29921
30529
29633
30049
30209
30241
30465
31809
30433
30017
30049
30209
30433
30369
30465
29921
30113
29985
32033
30177
30113
30401
30433
30433
32289
29889
30401
30081
30305
30401
30657
30497
30401
29857
30305
29793
30081
30177
30369
29921
30081
32353
30177
30401
29761
30209
30945
30401
29761
29921
30177
30273
30113
30497
30561
30753
30337
30241
32289
30593
30113
30209
30049
29985
30145
30369
30401
30785
30561
30561
33121
30401
30145
31073
38369
30593
30497
30625
30337
30337
30273
30657
30337
30465
30913
31137
29953
30049
30337
30753
30497
39137
31137
30081
30210
30529
30273
30529
30625
30785
30785
30625
32001
29409
29761
30401
31105
30945
31521
30081
30049
30881
31233
30081
30497
30113
30241
29825
30305
31105
30913
30913
30081
30625
30817
32961
30529
30209
31329
30625
31489
30849
30913
30465
30977
30785
30561
34977
30497
30561
30433
29761
32258
30465
30113
29889
30209
29953
29921
29921
29665
30145
30273
29793
29921
29761
30849
30721
30849
33153
30785
31073
30657
30753
30209
30209
30433
30561
30049
30337
33601
30529
30241
30273
30497
42050
30978
30081
30497
30849
30049
30529
30049
30305
31009
30017
30497
30305
30305
30337
30177
30209
30721
30305
30593
30465
30145
29985
29921
30273
29953
30690
30401
30529
30593
30145
30497
30337
30337
38689
30369
30657
30273
30369
30305
32481
30625
30657
30689
30241
29921
29889
30529
30337
30401
30113
30817
29889
30209
30657
30337
31009
30657
30977
30561
30913
30529
30305
30977
33121
31010
30529
30817
31937
31041
30849
30433
30273
30305
30849
29953
30497
30370
30913
30593
30209
30465
30305
30369
30241
125636
66850
63298
62818
62370
62370
61570
39553
59746
32321
34593
31521
30625
30753
30337
30593
30881
30785
30113
29921
30529
31041
31041
30721
30337
30529
30305
30753
30530
30658
31393
30625
30753
30145
30273
30529
30433
30497
30561
32898
31713
30689
30721
30529
30817
31137
30913
30785
31137
30497
30657
30497
30913
30049
30433
30434
33153
30561
29729
30305
30497
30306
29985
29890
30338
30209
30753
30753
30497
31201
30497
30625
30721
32673
30977
31009
30529
30273
30721
30849
30721
30145
30593
31073
30977
30977
31073
30561
30433
40193
30529
30881
30561
31137
30657
30978
32545
30753
30529
30145
31201
30945
30721
30497
30337
29921
38689
30977
30689
30561
32994
31073
31169
31009
30529
30753
30497
30081
30625
30369
30017
30049
56258
31809
30113
29793
30433
30113
31041
30433
30017
30689
30081
33153
30401
30529
30465
30497
29793
37921
30721
33857
30049
30145
30081
30497
30626
30081
30689
30305
29985
30881
30305
30305
30817
30561
41953
30881
30145
30433
30497
30177
30497
30113
30305
30273
30849
30113
30625
31809
30529
30657
30529
38305
30402
29857
30273
30817
30305
30753
30465
30497
30113
30561
32194
30177
30721
30113
31201
30721
38913
30657
30305
30593
30977
29954
30241
32065
30689
30529
30401
30369
30753
30017
30721
29985
30049
30305
30465
30529
33537
30849
30497
30401
30593
30177
30209
30241
30625
30177
30305
30785
30081
47106
31425
30721
30561
30914
30689
30433
30529
30113
29569
30305
30401
32577
30626
30850
30657
32161
40002
30881
29985
29793
30241
29985
30465
30561
30529
30913
30305
30562
29921
30082
30145
30465
30497
38498
29953
30401
30721
30977
31009
30625
30977
30209
30945
30881
32865
30113
30977
30529
30529
29889
38369
30945
31041
30625
30561
30753
30977
30657
30561
30209
30401
30721
30657
30049
30529
30785
30625
39169
30593
30369
30529
30689
30305
30369
30273
31009
30401
30337
30881
30177
30337
29985
30401
30625
33281
30593
32801
29761
30529
30145
30337
30945
30241
30177
30017
30529
30369
30369
30465
30177
37537
30433
30945
30561
30049
30177
29921
30913
29953
30593
30113
30497
30369
32545
29889
31905
30433
40161
30881
29889
30145
30657
30498
30338
30210
30369
30145
30465
32577
30625
30914
30625
30625
30305
41602
31201
30305
30337
30305
30689
29793
30113
30305
30145
30465
30817
30273
30241
30177
30369
30625
37218
30337
30497
30465
30817
30625
30849
30273
30241
30657
30689
30753
30817
30465
31905
30017
30241
32385
29921
30305
29921
29953
30689
30401
30593
30721
31041
30241
30434
31265
30529
29793
30145
29921
32162
32769
30849
30209
30625
30529
30529
30337
29889
30401
30881
30593
30401
30401
30721
30209
36897
30753
30209
29889
30561
30049
30049
30337
31105
30593
30689
31809
30625
31393
32033
33505
30465
41473
30817
30177
30081
30209
30338
30434
30274
30530
30369
30049
30017
29826
29889
30177
29793
30305
39202
30369
30785
30785
30914
31137
30657
30785
30209
29985
30209
30881
30401
30145
30402
30849
30273
39426
30881
29985
30913
30305
30113
30369
30913
30241
30177
30337
30241
30497
30209
30689
30753
30273
32769
30273
30561
29825
30849
29953
30017
30209
30849
30561
30209
30305
30081
30305
31425
30977
30241
33538
30657
30177
29953
30209
30209
30145
30113
30913
29985
30369
30113
30625
30401
30305
29921
41857
30625
30305
30305
30465
31138
30753
30017
30273
30145
31009
30625
30113
30689
30177
30433
30529
38657
29825
29985
29921
29985
30369
31777
30689
30753
30401
30529
30081
30401
30561
30049
30177
30561
38433
30530
30593
31041
30849
30145
30689
30657
30241
30369
30337
30273
30305
30689
30817
30017
30241
43778
30945
30625
30465
30657
30721
30625
30561
30529
30401
30753
30209
30593
30529
30625
29953
31041
32162
30721
30753
30913
30785
31233
30593
30625
30561
30497
31105
30081
32385
30273
30177
