2421971
1209866
1049508
986818
1262572
1028739
962177
951521
1031492
961921
969793
972674
934688
1180585
998019
983522
960737
979682
961665
1008227
953600
942305
929184
927360
955745
933472
925888
958273
920735
909151
964098
932832
917664
977057
919680
944832
988226
958689
929216
954657
921504
922560
944481
922720
955617
962946
932097
944416
975073
926784
1041187
953441
918623
908735
998882
964226
978242
924992
920703
947233
922240
920800
923680
929376
926080
966817
963329
947201
977217
930784
922592
950720
917023
926464
986082
935552
906271
967937
918047
914367
972321
923744
942209
972481
989122
931968
953825
926112
907551
945857
934784
908543
939648
1011746
944193
935648
920480
917600
990306
937921
933824
976514
1137863
986754
932000
1020483
937889
932736
948385
948289
930816
934592
929184
926368
1351599
1053764
1235627
1096294
1102502
1115879
1125126
1029539
1188136
1159496
1130823
1093190
1161128
1066981
1214602
1295148
1253099
1222890
1335214
986498
974562
1059524
986850
1178185
956129
940896
965121
962978
1004643
965857
976482
945152
962497
921247
949729
918367
913344
934176
918271
928256
945537
920415
954465
961665
929984
924800
959297
904895
913792
929952
942977
915647
957921
938497
936288
947521
916704
914527
940352
920896
908800
964865
942784
918719
932096
908031
920416
946433
924448
908895
955681
921856
947776
930944
931776
907295
941696
929760
935232
950209
911167
935201
931744
921664
953281
928640
917280
953889
917024
912448
991586
928544
933408
998370
936192
949313
941057
950657
999331
930432
934944
963713
938592
948001
972769
955745
933824
1025763
954688
954369
967873
967009
978754
961377
931328
981090
971714
938944
998467
969730
961473
982337
951361
976834
948289
916543
951105
947809
945248
997698
946145
949089
950849
937632
923808
963874
933120
952385
945089
940257
977954
946721
938080
968929
944193
922656
937920
927136
958209
956705
951392
978881
934081
948608
966433
940832
932160
935105
932128
937921
945505
955745
980898
946177
947777
989154
963009
956225
965186
940512
950368
939809
934432
976706
959713
939456
990466
942528
945121
966466
950465
928448
935808
942625
970977
938209
928960
977602
947073
936225
970754
943936
931648
943616
935233
968321
938912
931840
977186
935104
934336
966049
940577
939168
973505
936864
930496
934752
936832
977922
955649
936352
953024
922656
947393
974882
965409
950272
951841
938689
973025
942048
956449
969537
936544
948928
965953
954145
963233
998403
952481
954561
953440
938400
975874
959073
925824
972193
942113
945344
991266
953441
938624
951553
949664
962177
942049
947296
965345
944929
936288
982594
950017
934849
935936
944193
932416
941184
937601
973281
943424
933056
981313
956417
938080
973089
944449
935360
930784
963425
971841
944097
936096
979490
944672
953344
973057
944192
914207
936737
932416
933216
944001
927968
970081
953216
954465
1001634
952641
932417
925504
929376
957633
944672
947009
989698
944640
922848
968097
946912
938144
952481
938400
956448
966305
961665
980161
937536
941633
1012291
956257
938720
951904
927584
942656
947201
945888
1003939
944449
952992
989090
936064
925408
925408
927936
922975
943553
950977
958305
958881
964193
965922
939041
934368
968994
935616
945408
953665
960321
968770
956705
968321
965122
946752
932896
989442
941984
961857
948097
952353
993826
945824
940896
976257
942817
953857
981346
939648
954881
944673
930752
925696
936416
950849
981985
950529
933952
977474
947361
939680
997858
968833
951584
945409
948928
974017
937152
942401
952641
934208
935008
972514
962113
930976
944513
949409
964961
955969
959361
973505
926400
931744
980833
957281
952321
945665
938913
976897
952897
935488
969921
937569
951905
1013827
948800
941761
944609
946529
972130
958017
937216
950656
927359
951393
981218
986402
932257
935328
932448
951937
930848
935392
970529
938240
939712
991682
945952
933856
970145
952545
934784
945024
935392
944321
953729
939392
986338
948000
941313
978882
947457
933376
944577
925312
924127
930080
928672
975105
954369
960257
965057
942881
941184
965345
961697
936321
946017
943649
983106
958145
942561
960801
936704
947424
981698
943904
921984
931456
948641
975138
946400
943104
997251
939424
943553
959681
941665
930816
923072
957889
950817
950497
947905
974722
961665
959969
951201
938465
944000
949440
939936
957697
970593
957665
988706
945568
940897
957665
949793
940384
934912
939104
943233
940641
939456
971586
948769
961057
1003810
968577
939873
971330
945921
946560
961153
951937
990594
957505
943393
957857
937505
946017
969697
948608
937057
949793
946592
962241
952097
955169
970785
962914
955297
974465
940000
939489
953633
959809
961377
954304
942176
997379
954369
944800
979778
964673
936032
963137
961697
949281
939360
941664
974210
930625
941121
964033
947040
936096
957921
950401
960993
960161
941825
972737
934176
935553
963649
936672
940704
987490
946785
951936
966690
969730
960897
971233
952961
988098
975746
938528
942369
948961
955041
951712
939968
983778
971777
961761
943808
939360
1017411
948704
939297
954081
945440
959201
965090
942848
927264
944864
946465
967649
946177
941729
979202
957985
945793
977058
963041
939201
942368
951137
975842
958433
941792
988386
944321
952833
971554
938336
925536
934912
934081
946785
951296
937568
961985
962593
957409
974018
939040
954272
974658
954240
937728
944289
932384
933665
945857
936896
957313
956801
940576
971906
933312
941345
969697
946721
949249
963201
959777
938464
940736
935488
984226
969922
976930
988386
936256
942080
951136
944449
939200
936769
928704
968354
948576
940640
988226
944257
942785
980033
941153
934048
949537
974210
933632
962401
957505
991362
934273
948065
974434
936608
935265
971777
940032
976225
949376
940992
981730
946624
971969
986434
944897
958881
982370
936448
944640
949729
955009
968161
934656
947937
965025
946145
939232
952385
929920
930336
937377
1007075
942336
945441
939297
966913
953793
936385
978401
948961
958529
971489
942976
932480
967201
950049
976834
950113
946113
959457
940160
936000
967585
952737
952897
939744
937121
947232
947008
948001
983426
941184
936096
980866
958785
958081
974689
946752
936064
968002
931969
935968
928672
941184
992770
938144
932032
967041
936608
934944
972994
943040
939520
952641
947617
982690
955968
931264
980162
940897
944480
973665
936736
928704
966913
932640
929824
967361
954881
973538
944609
934720
978753
938049
927936
968322
927168
934208
939200
944288
979074
937728
939073
980258
940544
941601
967521
935872
930528
943072
940448
933824
950977
945024
985634
951553
929984
994530
955681
968802
938688
926848
935552
935264
934464
981729
953121
948480
967361
939777
953121
958625
949600
929376
941121
958113
932576
939745
945345
980578
936864
953473
990370
968801
933216
955329
954177
983041
950560
946657
975042
938561
937089
956513
938305
930560
977570
931360
915296
934913
958977
928288
943041
956897
958241
942976
948321
971554
955105
938912
937152
960033
933248
934496
939872
994914
954945
941921
987458
951744
936288
961537
929152
931616
944288
932256
935392
940673
952129
983586
937889
941888
980866
951457
941504
978434
970881
1018436
981698
955841
996514
951201
921567
946241
907903
948865
924800
933632
955041
946752
931457
980226
963937
958273
983105
944033
923360
951073
941312
975649
938497
959585
1007299
948673
951264
954497
953025
962337
935552
942336
973026
942497
944992
940897
935328
934240
934081
933408
993314
950017
946049
979393
957857
939393
976962
954529
938752
947585
942720
961602
930336
949568
975137
959905
925952
968290
933856
924736
933952
945569
953152
928544
958657
971105
939904
942401
982466
963137
955649
941729
938881
964065
952097
948449
977602
948001
931232
958881
950305
948065
992802
965473
932608
931904
934368
947040
938273
946593
971713
953217
935073
960001
940161
935488
963713
969729
936001
955681
939681
957057
956161
941825
956417
922272
916159
956289
948000
947233
948097
945376
978209
945312
942369
957409
938752
932352
961153
948544
963073
953953
946432
944065
957505
948576
961857
933856
937696
959873
933344
946721
942625
946465
953153
982402
937473
970945
937216
927488
934784
936288
978018
974497
951969
975905
938336
935328
968289
944737
930272
964322
951456
937409
951392
950913
979330
950497
941665
965729
945281
944800
979458
950049
940320
961441
964162
927968
933920
932640
934721
938112
955521
951264
949792
944513
961953
934624
933056
952929
938624
936609
956801
927520
928448
955265
946049
927136
939040
948608
932320
947809
935296
975202
955616
952641
989026
956865
944513
989314
957697
941280
942465
937088
923008
950849
925856
942976
935744
932704
963681
939840
940001
964802
940160
924960
944353
946657
949089
970529
947009
980226
949281
946689
952737
931489
928096
989347
948704
945024
985570
954593
952288
939969
946656
933632
937632
940960
968322
937441
942912
967521
956801
950017
978273
942496
937504
945825
932896
969409
936960
930752
952705
935200
947713
965473
961345
934304
957473
937088
935392
943744
934464
923103
944064
937600
967777
968578
932352
989890
944769
939520
957153
937152
920768
957377
938529
920608
948897
934305
931648
932576
932096
955841
937088
947137
964289
953409
922048
1005635
981730
916480
966817
924639
971682
972674
979490
970721
939808
951584
961057
933024
926976
952993
929312
941152
934240
948257
980514
961313
950304
976929
957985
960225
946657
936480
934720
968513
938784
923360
956513
945121
937569
937152
940480
975361
946817
937408
954976
950465
948897
1000803
940000
923232
939105
932416
915872
938592
946208
960161
936353
931713
971522
928480
941568
971905
964769
930272
931584
930336
929536
939681
952161
985250
952608
962017
988386
943521
936480
945632
926112
955201
946593
933728
928800
945696
949153
970849
923264
924384
962561
927136
937280
1003042
949601
931936
942209
949281
955649
948033
927712
947969
948129
937537
961825
939232
936736
1002466
971841
933344
976481
940896
923615
929440
951201
962337
939584
942145
986562
954945
931360
988098
941312
930592
936768
953409
988034
952257
947745
960033
950656
941153
959489
931488
929088
964673
932000
930112
948609
934304
937600
937248
931744
959681
950208
931265
980929
943424
931360
990370
939328
937953
950432
943968
923583
945601
942048
965889
955073
936224
969281
940416
943553
985217
932256
937920
921216
918784
933920
957121
949473
1004131
955745
962049
990371
955488
951073
985890
942785
948257
939872
935072
977282
932128
937632
991106
945377
941153
978273
930368
918431
966721
953057
942720
943457
946944
954593
937248
933344
974017
946528
937665
985378
946016
965762
957121
967713
988834
962593
964929
990659
945856
929344
955585
949376
933888
953057
949952
976993
960897
941185
988482
935936
942656
948256
951233
966465
949536
968450
996643
939681
945185
959585
937344
991842
950689
944992
967297
940416
943744
961441
958465
932800
947456
931744
921983
961761
950336
984546
953921
940801
974433
945632
933888
937920
932704
932960
935936
937729
963329
923232
944065
967777
937697
930560
973409
928032
932480
971745
949313
944257
936544
952321
980226
931520
955104
982689
920448
934241
967361
945025
947360
944417
931552
941568
929664
934432
966657
940352
922848
959009
944288
942624
971937
961826
942720
984578
935744
930816
928191
942720
981281
949249
925600
968033
933856
944480
958273
957569
940320
964354
935969
920576
938048
941473
941184
956929
933536
980481
948128
929728
965441
927296
933568
951008
935232
941664
931040
932000
966337
928288
929856
955489
928096
928256
995202
938400
943040
944513
930752
950624
940321
926048
973601
953409
938880
971361
949344
944993
948193
951008
947296
960129
932928
952417
947040
955137
969313
935937
936705
979042
956929
931776
935136
947777
972417
947073
941568
966530
951200
959746
974850
938208
936961
963553
944512
946177
969026
949921
989154
976162
975618
995010
935520
927936
952833
938081
918464
925920
934848
977569
991779
975650
989058
940097
936801
954657
932416
933536
932032
937152
935744
937568
933792
998914
930720
928512
978977
944096
926304
954241
947808
938240
932992
952769
974273
943456
936800
974466
993123
943968
990274
956577
945248
939776
946689
985762
961057
946497
974337
933248
920672
971233
939777
947041
935617
942656
998274
952545
948577
989186
944577
938080
970849
959681
922975
938208
984706
994722
962945
962049
1002819
951040
935840
961185
961473
930912
944544
956513
944864
947232
939425
976481
940993
951553
972194
954817
937024
965633
942784
955681
943424
944992
932544
938848
938305
1001794
962913
956225
981122
943872
936704
988450
940192
940288
931520
932160
957281
955873
948385
981538
945633
957569
998915
948097
922207
925984
954433
950881
951713
944449
966754
941632
941697
984130
945728
925920
949569
923008
937248
939808
934144
935616
936544
927584
980834
939744
946945
949505
940544
941825
968993
952513
949281
973922
944640
938176
949409
929472
947393
936736
926848
985282
965698
939744
978593
951872
952353
947905
942816
922335
922304
919935
975138
929472
941921
956961
943137
942816
959137
930848
925312
980577
951649
945153
961153
949248
930336
953505
947233
979842
960065
923104
970401
928960
929952
937728
944449
941984
944096
955809
962401
935808
939360
961665
931968
935840
988194
947617
939680
971810
934400
941856
958785
923648
943361
933536
944801
988450
970658
994851
987650
982722
967105
964993
951360
954209
951745
959841
985602
953217
944704
972673
933024
964321
1000867
927936
963521
927104
943233
991779
952673
956097
990434
948768
953665
987842
934496
992930
985730
957057
970145
938240
947041
972770
951553
930656
938369
946624
975106
964418
975490
991939
961954
937537
940992
946273
934912
966145
948737
994850
1002051
938016
961697
953889
952289
946368
968289
950401
937152
936768
969314
940928
943072
972289
950817
934176
971010
955105
976673
946752
933120
970529
930336
937792
981025
950081
938144
961953
966050
955489
973506
951905
967585
936864
972770
981889
951905
947681
980610
939360
941472
941409
941184
926016
943840
937249
989954
972546
955392
974913
944640
947072
954209
934336
931616
951424
945056
981025
941537
935841
974465
945024
957505
937408
935713
961153
931648
934304
979106
956993
950497
974433
935744
933888
951264
928896
934144
933536
949601
976130
939712
938112
960641
951553
954624
953953
945056
934208
937280
941473
984450
978594
950529
989250
947552
931328
982338
940672
932672
938720
943425
940737
961345
951169
979682
957761
951201
968577
946176
951233
977250
934944
926496
949985
936832
934304
958593
944033
963137
957729
927008
953313
937473
953152
966081
938720
943584
947457
936256
956577
932544
948000
970337
938433
935905
1001603
946241
932608
943137
945568
936032
935552
924191
951361
950913
949793
967618
949409
967425
1016707
952001
951681
979618
928992
960289
957025
941729
965826
952033
942624
979234
940481
926624
957857
949633
943936
986562
946049
942305
943040
939328
991074
953632
938625
973697
951777
961249
995202
962561
938785
945921
947744
1008803
950657
953601
968130
929696
951361
988194
968449
943041
943840
938144
938816
953760
948865
971489
932608
923648
990498
950592
954401
1012195
962401
941024
980225
954849
931712
937856
932481
969665
943585
948929
991042
954433
926784
976962
928896
951585
951680
948289
964897
938656
930912
975714
931104
934880
983458
944800
941249
944385
936704
937921
966786
946560
968513
937088
937440
981218
929760
961793
988258
949569
933088
936992
936832
997635
971778
963073
997442
936832
932480
971778
943169
934720
943105
949472
931553
940289
932224
979873
938976
954849
971490
926976
935552
974402
932448
922431
951393
929728
932736
938145
933441
944192
941857
931648
987490
965793
949953
977633
959874
947776
947777
936064
971553
934080
929760
974017
943776
958209
972386
934976
930496
997378
950561
944737
939872
933280
977474
950689
938080
981409
937568
953888
966305
934113
925663
945056
952417
964449
946976
932864
966625
930272
937281
964513
934208
967393
963873
942048
967938
949120
954689
931232
937696
932992
971522
945600
941792
982209
945760
931873
998082
942304
951712
962241
960065
966306
955649
951361
990754
965825
975649
1000931
945409
934592
1017187
947937
944513
935552
929088
996899
959777
960289
991714
943744
966017
975074
960289
945056
949441
952321
960513
950080
940224
993410
944289
930784
943457
938752
928416
942401
932480
962369
995746
929536
964481
982978
946945
952929
958433
978433
940832
937248
987330
955905
962722
945729
932192
949025
940192
933472
976578
946785
955296
960097
939169
933760
967010
940288
950593
954689
947841
998754
924479
926112
947552
957121
927840
965889
947617
942177
962818
933249
928384
961761
963873
943521
950081
944097
958113
924448
948257
979330
938656
932640
989282
944288
924544
940896
940928
989730
954017
940704
975553
937664
946080
983746
942240
949089
941409
934112
943553
939360
939232
968450
940417
950241
971233
932832
926560
1021955
944192
927455
943520
928768
934880
936480
938912
968162
959905
941025
985890
948225
952641
973633
939296
927296
983841
927776
926560
924639
920448
934592
946464
940865
952640
947905
946368
1001538
940288
933664
929184
930784
944960
963073
966465
971073
964001
941632
977986
941985
941057
967329
931840
930688
961761
938016
932640
939520
934624
924992
921792
924672
922816
939585
944417
973857
939424
943424
966401
952032
940097
975010
953280
961217
944000
959681
935200
940736
930176
962113
945121
938912
959329
942209
934656
962945
940512
946048
1022627
932992
964353
937376
930688
974625
953793
926656
953633
945952
960961
950080
937600
937472
936128
961345
971329
940928
934432
977921
955553
993379
979394
941952
927520
970689
953025
943137
951329
947105
959137
999330
942657
969441
960737
946017
945600
937536
934048
937632
996579
975169
950209
955040
963681
938112
924416
958817
952001
988770
942976
933760
981762
938176
956897
983938
953089
939232
953025
942752
975138
930080
926176
971201
949792
936384
986210
939329
935648
949792
948961
930464
968577
932608
960577
945345
953505
969633
929568
943105
962145
921951
921503
953057
925311
931360
941056
943585
933536
936224
934624
965697
949409
921664
976129
930720
929536
981762
953537
923872
967937
940672
970722
951361
943073
958689
929664
943168
968993
940481
943969
981217
934720
932576
938177
931648
930176
934752
924479
976225
954689
935552
985730
960289
959393
962657
954465
925376
932064
964513
930080
948289
935936
965057
945888
941120
975010
940960
934624
979297
930848
941664
944737
945920
934592
938272
948416
1017187
950817
920960
989346
933184
945409
979202
967297
948577
1021443
981825
985634
941504
938816
934848
942657
939297
956449
947521
972418
941985
954337
974369
931200
928800
940960
944865
938816
964705
940001
974082
961089
952385
992098
954817
938464
977313
931392
1036132
971842
931328
968161
933824
932064
938656
950720
973377
938080
927648
977729
943520
1041348
970209
966785
990242
1011331
948129
940833
937120
972033
968450
976898
1008899
988386
1005474
988098
968897
1006146
979010
960801
966818
1097638
996770
955425
979970
972225
1002370
974113
946177
937152
950785
944801
957281
954273
963521
983714
949537
935040
988450
934848
921408
951713
937632
977345
958337
967969
1016643
965345
971362
955297
968289
992258
954560
967009
982210
972002
999458
972897
958753
968417
958561
986178
951584
929888
971777
941857
935233
975746
932224
927552
1045156
928480
978402
937889
965377
968641
943488
946177
949665
931296
965729
943425
932064
962945
940320
914016
970594
942465
939905
939328
947648
965665
938081
940480
953249
930016
939808
971490
945025
950497
1002434
938944
946816
943040
982306
966401
939488
933632
973794
944961
940641
979682
956065
956481
976385
944289
971714
959777
942336
967617
942592
947745
992034
941056
933216
940257
954593
933312
942209
958209
1120070
1027876
996355
948769
975810
1000227
1024931
958945
958657
973601
1104550
959521
950433
961345
967521
986946
965762
956705
974721
943617
955681
951616
946657
964769
944064
938592
967809
934816
928672
983842
918304
932512
923744
972097
929248
944673
938944
953697
930368
946240
939265
931744
924736
926560
935264
933600
955329
919200
942496
957025
923584
908831
950945
934593
919136
952321
933984
943200
988258
918144
905375
953153
919423
912543
950016
912319
908479
954945
930784
918784
922015
938944
907647
921760
916895
895839
904543
906175
912095
947488
934977
909215
909055
921375
907711
920352
931968
942336
917056
925824
954784
925632
922655
949408
925952
926976
942304
918079
916192
921599
949697
931808
937601
918496
926944
956257
935136
915136
965505
925504
904255
921024
917664
920096
924992
945216
915263
927328
938977
920608
931296
924512
959809
915392
910591
965025
925216
934496
950432
930368
928160
960577
944641
964833
946849
954560
985122
969698
939744
955009
928895
911071
957088
976258
962561
941184
947361
954785
937344
943584
985538
947904
927359
937088
944096
1006307
955777
952897
1157128
1003395
983650
1208266
1015587
960417
962018
960353
964673
963489
952897
958369
1018211
974114
998018
953057
937824
974338
949505
953281
983842
946912
957409
945665
946752
933152
939904
938144
957025
927104
958497
943873
929664
929152
940705
912959
930880
959937
918592
900031
936065
916223
955425
930560
937888
934208
947585
931008
911840
908255
916159
934624
926591
928192
969122
944576
937568
965985
948032
954368
975074
938944
941377
982978
916383
904831
927904
920352
937760
944289
949696
926528
918368
915776
943457
913823
916191
946209
919615
922432
937312
936832
912191
994466
916992
932832
946176
945345
939713
977313
953313
922816
959937
924096
917823
927392
937376
940864
947841
953505
975490
920320
915167
953249
943201
934368
954593
930880
915519
954241
918240
923712
952545
918240
912319
956385
911231
958497
917824
922624
919360
914752
928704
970850
936096
958497
941089
994659
961857
1001667
951841
945760
960481
980354
1008898
955233
952960
994690
994051
1012899
960737
964833
1023908
1030883
951393
967009
982402
993090
954944
958113
938240
973794
976482
938656
920000
939104
949281
913855
975745
925344
914656
945313
932224
927456
940800
926623
943424
922944
905760
965890
913568
910047
947776
914687
923616
947424
919104
923679
969025
918527
945601
974881
945153
941056
976034
944768
936353
934497
934528
900223
922304
907903
915487
924096
923296
918144
924352
938272
931616
916000
928576
964674
926624
923680
961217
917824
928768
968001
942912
931520
951072
927168
931616
968257
907648
913023
950177
913791
939392
956353
931168
936736
956769
928032
913472
960257
920064
920928
941697
923936
926560
922239
924544
937728
923200
923487
916320
917696
922880
935584
940224
958689
941280
921408
907679
993859
916351
921632
947329
917504
916127
944481
924608
927776
942496
915520
937312
942880
920031
920544
953249
927072
929600
938496
914431
916896
966274
936768
928736
966081
944801
898591
914591
920991
909151
925280
920576
903551
915679
926624
916128
916064
927200
907904
923296
922624
958049
923168
908351
947488
919264
931264
935520
921120
921824
954849
922048
912767
949857
934240
918623
942401
915711
907743
964130
954689
940289
956832
927136
908992
984674
932544
921312
969889
908832
913568
970785
925216
926784
921568
937344
922240
926912
916512
921184
924063
937761
944160
921728
916128
956129
922719
917376
958529
912799
926016
929664
911680
924864
944321
924096
912319
960865
955265
914304
954113
931680
931136
964225
919551
915872
956257
937409
922624
960385
960833
918559
947232
919071
913440
954369
937664
928096
924063
919008
920768
920735
919296
918912
914015
908031
945313
918271
916895
912959
919935
931968
925888
912031
919680
907551
912255
919424
994210
933152
922943
950208
929408
924064
958209
918911
928512
952545
913376
906047
961313
907455
921856
943169
926271
906591
941408
909407
912512
948769
916063
923904
953729
911999
907743
948289
915423
933632
933953
913632
913023
947424
921664
923968
939297
916223
905407
947841
918240
899007
971106
940768
916223
923264
940288
907327
918144
914720
928064
916319
923584
914623
926688
917760
915840
945824
924544
935296
929280
944160
946433
942913
922464
947329
915296
933824
948480
927296
916927
948897
918592
917503
935968
918719
916960
946241
917568
922303
944928
913248
923679
948416
914687
904767
985890
932512
918752
964769
930144
932960
948576
923680
931008
917760
910336
909375
930752
916736
906976
921632
909376
907839
937792
904991
910111
919520
914111
912960
918175
929440
923903
944608
954016
964162
928000
926592
944992
934400
928960
971682
927360
929280
961345
938560
927872
949569
918496
910527
936256
926304
914207
972866
931360
938945
937632
932704
912543
956289
929888
940961
950913
947296
908800
945025
918080
939456
953921
913759
898719
945504
920895
914687
931712
920895
922751
921215
924992
908160
919488
910880
900415
932352
940672
932481
940320
913439
944193
925664
911680
977121
909279
915135
937729
926592
915647
956545
921888
920672
943585
934400
940449
965313
913087
917567
950593
917375
909375
979041
932160
921472
935776
924896
912415
925343
932096
946209
917248
940960
930112
940128
934465
959457
909855
919200
936705
921568
938113
951296
943905
926400
956897
932928
924863
955073
915936
921472
949025
925440
918559
940512
931744
920671
939393
916255
929376
963522
942208
915999
970625
934049
928992
948737
913119
913055
954401
920928
921984
951361
902303
923264
925760
926528
931776
940961
942784
951297
916384
919904
914431
927712
923360
909760
916191
915168
956001
929600
928704
939457
940097
934912
942176
937888
913983
937953
933728
927520
962337
917599
913407
956161
911135
912736
981442
971425
923840
1004323
943456
967745
934656
946017
970209
919295
904319
976033
930080
922751
989922
962305
949921
1005314
942080
952321
1016419
941825
924256
929344
925888
928064
1092486
1137543
1060581
1088070
1105126
1112902
1076965
1066341
1085285
1068452
967330
959201
969825
985474
944705
1025507
998243
951713
966274
953953
977985
947008
939393
949057
927104
935232
947873
929536
925216
943489
956384
939712
938977
943009
975393
980962
1154120
1061828
988738
993026
1285261
1163208
1089990
1061061
1046052
1048932
1038052
1085445
1091846
1959299
1370511
1247083
1131975
1106630
1512244
2383602
1343822
1103366
997475
1079813
986306
981026
986050
1022019
972226
969857
994690
947168
1067589
1121159
1139655
1123559
1120518
1154216
1152104
1118438
1011363
1030660
972865
977090
981634
1005443
934976
979522
962690
944544
1133991
993731
957825
951073
975489
974305
943713
969377
914655
932960
946240
933473
932512
953472
901055
925759
954785
914495
916479
937921
915648
917536
947713
948865
919904
964001
916544
905695
979746
917727
926368
926656
913440
906623
931968
926528
914815
923487
923392
908351
917375
942208
915648
927872
928928
918784
923712
916159
912287
915615
913183
923903
950720
946945
959105
932225
943456
947809
933536
917312
941920
916511
913471
953600
942528
934368
943329
916352
923968
970817
912864
922784
1043748
948417
910079
933024
913376
914271
946688
932096
911999
956513
920287
904287
924704
908256
903199
957217
929568
911071
943841
924960
904511
929728
935649
925504
918240
928224
953025
936608
949057
968801
929472
920575
955905
920256
931168
944064
939680
914591
944960
929696
927488
954241
933216
902623
959841
908736
922496
959361
930272
912831
911711
911840
913343
957953
963586
902143
914655
933248
907936
919232
929472
907999
931360
932256
924992
939584
911776
936096
912767
922592
962850
933504
928096
1291117
1088709
1085253
968802
947361
934176
1190665
1109030
1033508
999202
997378
1199466
1164392
1055300
1006370
963521
992834
1190697
1055300
1018883
996867
986466
1012547
1190249
1255979
1075109
1150599
980610
948481
969698
975650
1046660
939201
937184
985857
941984
935520
934657
962177
934689
933344
968129
1100358
1097318
1211625
1011810
940864
974722
934240
925824
916735
933056
958817
921376
931584
954561
940448
957313
971617
932192
946080
987042
942433
930976
988034
918239
916159
966850
922112
922144
944000
918975
931809
957665
933888
924736
932928
933408
913375
941024
981281
949377
953057
922367
953857
1002114
1005315
963905
929984
913983
946945
917983
931360
916736
912671
960385
929632
935072
910752
918432
922720
953281
923711
911743
903263
916767
915839
945409
919072
917759
952033
961025
921823
949280
919679
917600
957249
919008
922688
947553
911007
926496
960673
916640
966753
936416
924448
916416
938208
933088
910815
960705
923968
915616
970593
918336
905439
947905
920160
915807
921856
922880
930336
920992
918144
912864
928544
914688
957153
931360
921472
971841
933056
927583
959873
922368
933184
949697
916383
908319
948257
930624
922240
951745
937632
910239
924704
926528
918432
924128
899615
897983
941856
915552
909983
937440
931936
909855
934240
917856
931392
909503
902943
915135
928128
924160
909312
956609
920639
916447
945665
923488
920992
914559
927584
920672
917600
926976
918399
923967
916799
910239
919360
912383
914464
928448
925695
934592
956193
949760
926336
928864
917375
913439
909663
920288
946400
930688
944192
953121
922624
917279
969697
922976
925504
932000
911232
915039
940000
920735
935232
961186
920096
920416
964449
930656
915967
966657
956673
939872
950849
927808
932160
956353
943648
932576
923808
943744
957985
928448
919008
945313
915776
910240
955041
929280
934273
1048356
911903
928128
942816
941088
911775
949601
933153
928832
972738
938144
915359
943073
911680
908256
928576
926240
916512
927680
907135
907328
917087
922271
907648
902719
929888
923968
914080
930272
912575
918847
944736
928704
911392
917343
950144
916191
960961
955105
926688
1069413
1001698
920479
908415
949569
916576
928640
966242
941856
935681
964737
919328
899455
984642
916671
911872
958785
945281
908191
929984
937376
925984
925888
931680
904575
912159
927328
903551
912095
937792
912096
920512
939777
930240
938497
930016
933312
931712
925440
949664
913920
921920
948160
924415
910016
954785
926912
922112
951489
924128
914431
969057
917728
910335
955809
910591
919360
968129
938944
943265
971938
940864
961250
997410
969858
940480
938144
922463
927776
930112
913631
912544
938208
928544
924800
935200
927008
949248
950688
953952
961793
909888
911071
966945
938464
927232
949057
931616
919071
945408
927104
923008
955329
931648
978370
974849
934944
920960
973153
927616
921184
964802
928480
930336
936160
916063
934337
942785
928032
912576
928832
944801
916384
923680
924831
918336
928704
919231
932256
924736
920511
953953
905440
922400
944032
923263
928704
961793
936480
926048
932352
983778
944160
945281
937280
928704
947745
919200
909407
965794
920864
918176
951713
926752
916320
966050
925248
925728
952896
942688
945633
952353
943360
949505
941825
943520
912224
916608
903103
891614
930016
943553
950688
919200
919648
944928
921824
919360
983042
936832
920544
945057
926079
914719
948801
914975
928288
953025
922208
914464
959265
931904
913344
956129
924768
925376
969602
1001923
936064
951137
948609
950241
934336
919392
903679
912831
941344
938369
916608
925184
951649
916447
924927
957793
940640
941696
947457
927712
926112
957057
963329
937984
949024
936865
919359
947296
936096
923680
965537
914111
903647
951905
925823
907871
970210
936320
919040
914207
920960
920608
934624
929952
912991
933184
920512
938848
913311
912768
919903
924448
934881
909215
915711
916959
915103
922431
924384
951617
931392
925216
954177
941793
948225
963777
915360
905375
943680
904863
908896
957441
945665
918751
922944
907199
917791
946400
916544
918943
954752
921152
892831
936416
920191
914463
943424
920319
913856
941249
912448
918655
947361
915360
941120
923264
910368
922368
918975
928192
916671
922528
919040
903839
905664
924319
924991
968385
939425
929760
933600
926112
935296
926528
932384
942592
917888
940576
963553
940448
924960
957921
955713
928576
938240
913632
927264
955968
921824
923776
958177
934176
940288
984290
917472
923424
960897
923872
914559
940960
923872
926080
922560
924288
910815
912287
919488
910367
915871
934112
914495
937121
933440
949153
921760
919744
954817
928192
932736
985762
933056
941984
951872
956929
952769
961217
923264
938625
935232
922240
923584
949793
925216
917504
923199
922336
922688
937377
932608
952481
920768
910688
913791
916960
915584
1017283
938144
930016
933440
941056
907391
938208
919520
912640
944512
923232
916352
944129
902943
905599
941665
917632
931616
985762
916479
926816
965217
970593
929376
994882
908991
903711
967138
935456
915263
932064
937473
917663
924832
918079
908767
923424
914464
915392
928960
912607
910528
924447
920800
935008
920896
921280
969729
928799
906816
946209
938464
916223
957377
928000
936353
971682
934752
923712
964993
973441
912479
914591
920063
940769
924095
925728
980322
914399
927904
959361
925376
934144
958209
925663
928320
962753
931040
939968
964065
921472
920384
935776
924416
934400
924128
918496
969825
924160
913727
960705
927584
908607
961281
917184
923840
940864
927744
920447
946529
909343
906015
944896
915296
899166
951776
909919
916799
947137
922240
923904
930752
943104
910432
911360
922400
904063
936096
919808
917599
922527
925568
915552
928576
915071
903327
912703
930816
909568
920575
917504
911296
945985
925760
917728
917311
977186
931712
904000
924160
963106
926464
930720
960289
935296
929472
962945
922336
920832
951808
933729
924736
948544
928799
918944
941760
969378
932544
921792
920639
916896
927424
913536
943072
916224
933280
930976
905759
922432
944512
925376
950881
942241
932352
952769
959201
934144
914464
971010
933792
907808
958145
946496
927936
917279
941505
958241
915615
924832
938496
920512
941984
932512
941216
926720
945440
919584
915519
963137
925119
923168
951681
912063
914400
951361
927712
924191
948000
928416
927424
955873
929600
927584
952129
910079
911999
958273
938272
958433
947137
930784
943393
976418
935168
956129
925536
920416
940032
936480
936480
961857
936064
924576
940097
931168
926528
926880
926592
915327
936800
937600
931424
942657
931808
916319
944865
925728
928032
958849
929472
953281
937600
929664
920255
950337
920512
919295
950017
915423
915103
922784
925696
932416
929568
918048
914111
917920
927424
903935
927840
914496
938944
936608
928608
908191
934624
934272
927584
978242
933344
958721
927872
920416
965729
920127
922208
963713
940032
935104
945184
919584
913600
940705
922143
925312
947841
924896
931968
947168
928640
920415
938369
907711
918495
961633
928192
920799
986050
920704
921152
924736
929760
921535
945984
911871
918080
941152
929088
923328
921728
916607
916831
924768
936832
907071
920992
919424
956480
943584
915263
927104
923168
923360
946144
961217
954625
952321
928576
934048
964673
915455
910527
950497
918880
912992
936768
918943
917567
940609
918816
922624
965473
913984
933120
959745
923392
910303
939392
900447
905823
940128
916415
922176
941120
932704
927584
952737
936384
932576
973057
937056
951713
925280
933856
916735
945057
931776
921728
929056
945472
935872
912704
921599
990530
933537
931488
947233
918816
912351
943808
912159
908415
966146
925888
919200
934816
931168
943232
956801
932448
915039
929088
920512
914720
935552
921440
929760
937376
949760
938849
940288
922304
934240
964962
924928
959265
924864
921696
953153
913600
925952
969538
922464
911424
925344
918944
918911
948577
925088
920096
948801
934016
922688
949248
934465
932000
944576
928831
928832
950081
917344
927456
931392
919584
918175
919103
921375
920927
921280
943937
922304
940832
909695
908927
946209
919167
913631
913183
920544
915999
945344
933312
951169
908639
918912
904863
920992
925215
944736
934785
917824
959201
938912
930656
948128
922688
907392
935713
947553
908767
947777
918207
912895
960129
930272
920863
937120
938752
929216
928224
903423
908063
955553
923776
929440
939680
922816
915744
930336
910015
918976
974689
929856
924223
959649
939457
933760
947648
947297
923680
966433
909472
929312
923744
921184
910496
917312
912639
920480
923648
921023
907456
912320
913696
901951
917983
916000
908799
920512
954176
969026
929984
927232
939072
950913
910336
952705
913664
912831
956193
917664
938656
930880
903615
904511
940352
907007
908351
946048
914304
913023
947136
921184
919839
936641
911072
908863
961250
913759
916960
961569
907936
916831
989538
928512
916383
941792
924736
916063
955809
911231
921696
941569
928608
935488
957761
937568
912543
920096
917119
910656
926368
921791
920800
920959
922880
920703
927359
910015
904863
918112
942049
926752
924000
923680
918432
920288
927648
944865
918560
935744
958145
925280
942785
968065
951233
944257
971714
914783
908767
935905
910688
910976
955936
911423
935904
941248
929568
926304
957409
963105
934368
954849
918208
912256
954049
927072
930208
965569
927167
949313
948641
917056
928736
931296
930016
925760
943969
924192
919776
952833
919648
939872
936928
927776
907935
945409
917247
941856
936160
928127
921728
925664
931424
923648
932032
936737
904831
912543
913375
915583
930592
936513
922655
928576
913279
949857
908416
921248
935136
924000
919744
948833
928384
911007
944128
931904
947841
966274
930496
929600
943200
918623
914847
950496
921760
921184
945696
902719
912223
941632
916543
932800
955873
931392
918464
969665
921440
916287
939425
911423
927232
925536
930016
928799
959841
926464
922176
929248
913632
912991
923552
938656
951201
944353
922464
957921
933792
915616
946337
911296
907647
952224
926272
929216
961025
915199
916480
952192
941984
926368
937856
939105
921856
981058
935648
927391
953441
927552
935328
952609
926336
900767
947008
915872
923168
969249
928512
914687
919296
942912
918752
928384
930304
901951
923680
926240
940576
929120
916000
912863
922368
947488
954209
919903
943392
940672
946273
907968
938816
930944
926080
966273
917952
919935
963937
930464
918047
966401
937984
922112
946913
911231
925152
954273
930912
912895
915935
911615
907199
936992
933056
931200
924736
939040
923328
916032
917439
909568
914495
915136
941376
920895
920799
955105
925888
918304
942784
919103
916671
936416
925760
924127
945408
945633
922783
959713
929600
932512
983521
924608
953601
949664
922623
923712
953377
932352
942176
946337
913023
934560
938592
907327
921952
940736
919103
941984
953408
919584
921120
935136
914431
913632
967937
930432
929920
971682
950049
910143
937985
937184
945825
950977
935392
931104
928192
937152
961281
933088
919072
953632
925408
928416
944705
916448
912511
971905
923904
935808
940928
922464
928096
964321
940704
905888
933888
930592
924480
987649
930528
920800
960161
935553
928768
966849
913791
900831
931552
941441
951489
937216
949185
923391
924032
925024
908768
913631
914463
912096
919936
927424
937984
920255
908927
983553
934464
917151
939841
920896
916992
922399
922976
912575
946529
945761
921888
955617
929792
917504
946401
928096
933216
947424
924160
918272
944385
910399
919584
936640
923040
923840
940864
916832
933152
932736
912799
948641
967649
919168
919520
948545
918176
910208
948065
911872
938465
951168
928448
916607
929216
940257
919680
923488
970338
968033
944704
942816
950305
940257
935712
1013635
960225
925472
941857
953344
971938
958401
946464
974722
1010147
963106
949024
927583
948352
930784
936576
960929
957665
952384
947456
930912
950625
935424
949025
953057
938176
945313
952609
951009
930400
966465
921471
943201
929600
924608
929824
910912
911743
950849
934048
922688
952417
939264
928768
965857
955265
917088
944288
901503
897791
935616
925279
912063
934976
935457
920160
929536
913119
949952
930080
928928
921152
926592
937345
923519
913216
927328
944929
926080
922752
914176
925760
930880
957409
924672
930080
963841
941025
935040
953409
911839
903775
939584
940256
925056
962145
945504
928960
939104
912352
915839
952001
911263
920000
945984
919552
923872
955041
916864
929152
957633
909247
906975
943968
914336
915648
974017
937728
909503
944160
921280
904735
929408
918912
922176
979810
919392
938496
927296
928992
924095
923968
922720
913023
929440
916704
913311
935744
946049
937376
919135
912416
912703
920927
923072
914175
915647
934592
957889
933568
931552
944193
922944
932064
936672
914688
914336
937153
916480
926272
938848
930752
919104
950817
923680
909824
969569
910111
905631
961249
919008
914848
940160
922432
907200
947009
918336
927264
925184
912159
929792
936192
961985
920895
942017
915584
915391
968418
931584
907519
932576
930112
952481
966177
933856
922592
935553
926464
922432
931936
921216
912223
927616
924320
952161
937056
926464
944289
925600
936096
948289
924672
911167
943424
926848
912959
942464
917087
919328
953185
923264
902015
969601
924192
923424
927136
946817
926432
964609
972641
962625
936801
932928
967522
912351
925632
941504
938049
918559
972833
921600
929216
947680
916640
924191
953729
922368
913151
919616
933088
904383
916831
921088
915680
919583
908799
907871
931872
929056
939616
942656
942432
944897
935137
972833
938721
907008
954593
942272
921759
924800
955457
934656
931232
944896
921279
913439
938337
913408
956865
941728
938305
925504
953920
913631
942657
919519
909440
921856
928928
922752
957153
918783
927552
958721
940096
952865
947425
921344
916832
959553
935392
921280
964449
919519
947648
960193
939233
900830
930048
914591
903551
919680
911583
922911
911423
910880
914112
942721
929472
961345
912576
917184
931680
944672
920640
941761
912096
928096
960897
926335
920383
951777
926879
925376
966113
927008
896831
940128
922048
919327
944672
914016
911615
928288
920160
930368
934976
928928
930656
925696
940385
961857
904288
898654
973154
924736
912511
936000
931040
914623
951265
919551
930016
961058
927200
904127
952513
943808
944128
967585
920704
918336
932608
939968
919999
920895
929696
920031
916703
928992
937632
925088
929504
904927
922495
919712
949440
918943
936640
957345
924064
941408
946913
930304
927104
948961
931521
936321
928192
912639
918239
932704
932672
924704
929216
932448
914111
925472
940705
937728
914879
927520
939393
920640
932128
933696
943520
932544
935745
916479
915616
941248
915039
921439
945249
923872
914495
960641
933184
920191
959169
928128
938624
944128
917151
914496
912896
944448
924896
926336
920448
936448
921087
925152
956257
923520
919744
949633
934240
923936
946432
937504
908863
957153
940992
917856
952992
918752
919167
945281
912607
916928
950913
909151
901023
961921
918688
927584
928608
922400
910367
917056
936672
933504
917440
915903
954816
928992
927584
936608
935424
908831
936321
926912
916352
931360
922976
941152
947553
949569
932928
967009
931360
940320
984513
919167
897247
924095
921120
960769
926624
926847
948577
937889
927168
959777
910847
936448
937632
958913
928736
938944
939936
960065
945121
931809
966337
934272
919167
953057
952929
933024
986370
927200
941633
934048
912063
932640
977602
941472
931712
933856
938817
963713
934144
914111
956129
931072
913920
939904
943425
931648
960801
936000
926464
959201
940224
922016
932128
934400
969473
960705
925023
945761
911487
912224
935168
912416
922655
944768
923776
907519
942337
912991
913984
953953
915679
912064
939136
918816
922175
959265
921792
932736
950848
922912
906047
940896
944257
947009
940000
918751
929088
928704
938400
909151
926048
923520
916320
939968
924384
930144
933024
915007
899647
926720
915104
954785
927136
925247
950016
936128
932352
939072
915583
926624
933472
937248
916575
946785
925536
925056
933312
910719
944288
942432
923263
934688
958049
915744
916479
932384
940705
926656
927840
924607
926656
932672
927520
938816
934976
925216
954304
935329
934240
953345
957857
922943
938432
920992
971266
986626
1008963
1244618
965378
956193
978530
960737
957697
960097
945025
970370
941920
977538
974274
940736
923776
965665
933664
927936
928000
908991
912768
950560
966530
901695
937601
917152
914528
941088
928000
913664
904575
907263
911776
926560
918303
907583
927967
920896
904959
958401
939904
925184
916000
911807
909887
917216
925216
917119
923136
915551
907072
942529
932288
908447
918848
915648
913824
917599
922751
902751
928224
918688
916704
927359
924287
916224
929280
927424
961761
933824
959265
944641
924288
919520
941921
920960
937120
950529
914048
946465
935328
930976
949696
943936
908671
903455
957281
917984
912896
942209
931264
946656
974113
962177
916992
945057
923328
908767
963649
932640
919359
921664
919935
911872
927584
904383
896095
930592
935616
909727
932672
919648
932000
922080
914687
900447
922624
914399
911103
908607
906847
908479
931073
923232
919424
957121
941440
974529
940384
929184
939904
924896
921664
953888
932160
915040
961089
919999
918112
950113
915904
905791
952065
923840
910496
929920
941376
906687
922847
920095
921248
912223
931648
906879
923904
925152
911647
919744
928224
923136
924832
930208
947264
933120
920096
962017
943393
932160
952001
934080
938625
943392
918591
916800
916991
924608
909823
931584
934656
924415
909632
922976
924352
913183
917663
970082
954593
947328
956065
939105
937793
976066
933120
946752
931552
913056
917984
913504
928352
914624
934336
928256
926848
918079
914751
914303
914879
907647
921120
922912
923072
923168
944192
927008
925728
921856
917792
908160
909824
938337
936928
937920
916960
931424
934401
916032
970401
914303
908831
948224
911839
919455
956289
922495
919328
943841
925472
910656
948256
911359
913151
928384
923199
913855
933216
922432
923391
951329
921888
916448
958241
908351
938913
928320
915327
919423
952321
933344
923616
915775
1018211
937856
921279
911039
934752
922944
915967
1093254
955137
919584
918943
921344
921344
922176
914559
940513
921536
924416
973889
916320
923072
937089
933632
916672
946177
946849
918496
947329
931264
923552
948512
934848
927712
935680
926720
917856
925535
933312
958017
926272
934625
941793
919583
905631
938368
910111
908287
958849
924800
920256
946753
907552
908831
936032
918752
911360
942529
920064
928320
940705
930080
908991
943105
919072
925312
939329
907327
911488
923424
920800
930240
921728
927872
918560
918431
938432
914655
909312
923328
936096
917920
907007
938176
960737
924832
932481
937984
907903
953217
914751
917471
938144
926272
918112
938176
918143
914079
951777
914112
923199
963745
924864
920863
961665
947329
913407
956481
939296
924607
958785
922016
907487
945633
919487
913375
919039
920864
919679
939520
928415
906783
941217
936673
905983
913280
940865
969441
923104
922176
948577
927104
914655
979649
908095
907583
943360
916480
924640
929568
915839
908064
934337
912064
917215
972801
914719
920095
953217
927679
913151
948160
931168
930336
937793
933441
921824
913376
911008
940352
920640
909407
946048
927200
925088
920128
925151
942113
921632
921472
948993
949825
920256
910815
942400
924384
922015
950432
923264
923968
949281
919616
915839
955681
924991
922432
961281
933376
922624
963073
952801
931968
972130
935648
941632
997730
993218
918112
951809
901599
911775
959969
923391
925280
966945
934976
933888
931744
921216
917343
919200
925216
924736
916703
912799
953569
916607
924800
970946
915808
921504
950976
908735
911807
947712
920928
927296
956736
929088
932960
960257
929120
909439
944384
923263
909760
931552
924575
901151
924383
907871
909600
928736
927872
936256
931168
931456
985890
920895
906239
937376
954593
937568
959393
919424
906431
950849
929728
919648
944512
918496
927072
947297
929760
914783
950817
920639
921856
958529
922048
934016
994850
1065637
983362
931264
947904
933728
909183
945025
936832
916479
930432
955841
912671
923776
946560
923552
928992
946849
920896
915040
924255
920512
927584
952481
916543
917599
922688
909887
920096
917632
934336
923168
947489
934560
909247
917280
925728
957601
924767
930176
973026
929247
925728
950753
916063
908800
956577
921472
915488
936800
926400
935840
957441
942336
957921
975841
1026083
935776
924096
921504
910911
937024
914943
934304
931392
923040
951968
932320
927808
953537
916543
915200
962145
914816
911392
937408
910656
909343
971938
910432
907168
930400
904223
901311
936032
942880
925695
952001
926240
908896
968929
936897
930752
939104
915775
912159
940352
929888
908576
958017
918783
912223
962177
918079
909056
916863
912799
930432
930880
918623
920448
964001
928192
924159
915296
922400
899071
909887
939872
909600
935808
937472
915583
931136
923904
925344
918847
913247
946880
949824
946721
957377
918495
912256
928384
928768
923552
943072
909343
922752
953089
929984
913343
935680
917055
912927
960577
952672
923200
949377
931136
934656
944544
938529
908128
935136
1008675
956513
912319
904159
947264
921056
930240
941889
925952
926496
945825
926176
911136
944992
913919
913887
931104
911903
922816
989858
937857
913119
933952
905471
914719
927231
898111
912799
936928
924640
922528
947040
912383
920896
945441
919647
915327
945152
914943
919327
942016
909503
929216
977570
917279
947201
957665
940865
914591
948737
916575
906463
953985
966849
911711
946176
920800
914816
912383
969313
918591
927872
919744
923744
915264
1085957
965889
922687
922848
963297
931584
928288
964290
938529
906720
953569
953441
927968
967713
925312
914207
939936
945472
919263
921311
920671
913280
924832
943297
928864
939489
923712
908671
914240
918208
966433
926240
923936
956993
949441
1028100
968097
920672
919360
983458
916575
915136
938976
918656
912319
953441
932096
918208
943488
921504
910496
921792
929056
925536
941984
934528
929664
928832
945376
924160
925024
909887
917312
931712
912767
943584
926464
930432
978306
918336
910720
941761
916767
925088
943872
921152
936032
963809
914208
923551
961537
908607
915839
937472
921280
927680
960097
938784
946176
961953
927168
926272
951201
904255
911007
932864
949857
907967
953249
947777
927712
968673
944065
945312
940416
942241
925216
935040
928192
924960
920032
939008
922176
933600
929696
935328
935200
931328
936928
928800
935904
943809
916032
911999
950369
926751
910143
956065
945600
925472
953025
921440
918528
949440
934368
983746
945504
920928
900639
919456
918720
924512
924448
936448
938400
928160
918815
919456
930784
926848
925536
941056
923904
932416
932929
926112
944193
913280
918495
944064
920543
917344
961953
925440
918112
955777
912352
923040
943200
921472
919616
947776
937921
953408
947360
915456
919679
966593
937185
941664
949472
921856
945696
978530
944449
910015
922528
923168
914496
956865
932704
919583
926304
912256
925567
913567
926496
923264
933185
926784
938881
946848
947648
952865
922752
924992
914559
915775
926336
927904
951905
919967
959073
915551
912128
948097
929760
919488
955873
923552
926496
971777
923359
932160
916351
912927
918143
924224
921087
946208
927200
947041
978722
926176
929824
1020771
933472
922111
948257
954368
929568
937057
925920
953889
940384
940545
931584
918112
924352
945504
932448
921184
953376
940865
912256
951393
927392
919584
953600
921951
925152
948160
924288
948993
919615
920288
899871
985826
906592
917088
952065
922304
952097
967234
929888
932576
933216
935456
910303
927488
921472
925823
930336
932769
937216
932288
923360
965633
930720
936800
936896
923648
918912
960737
961697
988898
952832
919455
922175
959041
925183
936769
952001
915647
915647
958177
927104
965186
977313
922335
930272
942816
914656
909056
952192
926240
913728
928032
922592
917503
916735
917695
936897
920191
931392
914463
937760
927328
928320
925152
919136
921184
925279
929760
979746
1009954
940225
958593
913983
910463
937248
920096
931072
970913
922624
925120
958945
947361
941056
930752
915456
940353
988034
935681
906656
932672
913535
916000
934816
919040
903007
953761
926175
915871
929312
914720
906400
958305
907455
907007
954817
915231
921472
911103
909056
913312
920576
925536
943777
922624
916416
939456
919616
912287
940160
920864
916512
922464
911551
901471
910655
938560
931552
958657
951361
944704
939488
935872
924544
955489
931680
939584
945120
922336
926559
975906
918176
922176
948193
941953
929632
957761
966753
938048
940321
926144
925280
948224
941088
935937
989282
938528
919360
926336
927040
1024804
950368
943648
954721
920032
918560
946368
923776
920736
918816
1012994
979266
921247
950912
938112
926624
912640
942336
919936
932321
935360
928800
919327
954048
951969
930976
936161
945856
931840
919808
938432
937120
924800
914815
951521
927424
914623
942241
922272
908575
954945
951937
924127
962177
938528
932480
961441
922304
905952
951073
924863
920096
943904
914143
934624
959105
920160
933248
920864
927424
922336
922719
928480
911679
912960
918015
921823
938272
932928
962081
916607
917279
959137
917184
921024
950208
914752
912127
944961
941792
920287
943905
934848
923904
938720
915008
907391
931264
919136
931264
948129
922720
908031
941985
917024
906464
924128
921440
931808
965313
923936
923008
938464
919071
915743
954369
914912
905599
933728
918335
1010147
932288
919104
929952
911391
922336
949184
924640
930656
951521
911295
963265
958625
917887
913503
947649
959745
947713
936736
911615
907167
957153
927264
914271
963905
945504
924127
958369
921471
909664
934592
916736
908255
919167
908479
917183
920032
927488
905023
917887
923008
919071
913376
913951
909408
944736
918495
933728
932416
916640
907040
921695
934432
946720
922527
936960
956865
923776
918335
950016
922208
926432
947553
942784
918943
936769
939008
928448
954529
921344
925952
956097
920960
946976
963265
934560
912095
954529
918335
904991
948224
921568
931712
931968
929632
911967
953025
926944
925503
921919
940736
942976
946848
949344
942368
943553
924224
911551
913344
933281
1045699
944161
947297
946177
916544
927136
940449
910911
917088
939584
921567
927136
964002
933152
912800
944321
923903
914624
955553
919263
921120
919648
920704
913407
925279
932800
933792
933472
941345
945025
948001
920031
987778
946753
934848
962593
921344
927264
940032
920384
913152
949921
921183
922143
1000802
935456
932960
933056
914143
913631
910143
909472
902111
915680
924000
925984
920512
945889
910495
947905
911519
920991
918240
919647
904799
908800
921759
908255
943520
925088
899007
915871
909247
941088
915167
904799
924544
922144
912799
972705
936160
939264
940320
928096
904735
923264
912383
937281
947616
921023
927712
939713
911519
912159
958177
926400
911296
940576
934784
939616
1035843
922176
912064
948896
917823
900639
934240
929248
922560
947201
918239
916095
950177
938240
933120
971265
941473
918336
906559
917248
915040
932128
934048
911103
931968
912319
907327
928576
907871
916415
921184
920288
926208
924448
930272
911391
921408
919104
931392
939840
924831
910655
933600
924768
973314
920928
929824
945633
918816
914367
980962
906591
920544
959233
921536
917216
941281
907551
915647
932352
905696
920255
930912
928448
927392
963041
930784
920032
940128
910943
920063
950528
951201
936000
943649
926784
912992
972385
954593
956833
1014851
948929
928959
929407
938848
942144
944960
974177
953153
950305
943232
973825
932352
935937
951457
930304
934592
960865
945345
942624
1049220
978369
925632
951553
939552
914784
941729
932736
955105
935008
922400
957185
942560
935168
941665
922239
909535
947777
924864
937824
942560
936704
922656
951201
943265
946305
965825
930080
923167
989858
923424
943776
946496
909823
936256
958881
929248
912544
947041
944609
926432
965409
939681
945248
947457
928288
931712
939872
929440
940608
935488
922880
979714
947841
939457
963073
930432
938080
1000835
923776
904031
932384
921856
916095
942529
917152
926208
958081
938240
940000
990594
915135
905055
948161
921279
937920
974945
929088
903647
909311
919615
968001
924384
918048
909375
927456
959969
935424
949153
922080
949856
913600
923104
937441
928928
944608
962561
935680
943041
948961
991970
928448
952129
919328
959361
944160
919903
926175
934432
941089
926176
924479
922880
927584
919872
937216
914368
915999
933568
950240
922912
918240
947616
932672
919519
980322
917632
916895
966305
931936
930400
970113
926688
924736
955009
939873
936000
943361
913664
914848
958240
928512
917791
965953
925855
916319
934080
929824
913760
935840
916352
912831
916767
913760
915775
951745
942208
935872
933664
920927
934464
927392
934689
964769
944032
925696
952257
925536
920448
948353
932672
930048
927520
926336
936961
948161
921952
929312
947712
922464
928096
953665
913151
925536
946240
922176
940321
968001
967265
926720
925535
910751
910240
928000
942817
951105
939552
913312
926944
933088
1081445
968321
924576
921696
936992
916448
918592
927040
928128
928896
945184
935168
948769
941409
920479
972897
932256
926880
949249
928447
930240
954881
922463
918816
959297
920544
918623
954593
957793
923168
961313
925631
978562
929760
909023
898559
929504
918944
910687
938848
946785
960289
927328
928480
950529
920224
915263
951713
918752
926144
952832
927488
923776
946912
929568
921280
952000
949345
906591
956737
946721
921952
967905
962177
955969
940321
912991
908127
968385
929920
935904
950944
934368
920927
964417
940833
939713
932960
919456
926688
963169
917663
922399
918848
929247
940800
942208
965697
951073
932384
930848
961793
903583
916160
944864
943232
915679
962849
918752
947233
1113830
975809
942081
914144
908767
905056
914495
913503
912159
936128
935808
913471
936608
914208
948289
933792
932800
952481
919008
926080
948864
933920
973378
966337
928864
911839
947040
913151
928672
948480
927104
912832
934176
920287
921152
948545
919935
918400
949441
918271
920224
963105
947233
917951
956161
905055
923488
937984
922079
926496
942145
917664
903487
1034179
941888
914015
918912
906047
909599
925664
952705
933088
919360
934496
917088
950721
927040
944961
936672
911871
939808
938784
926880
960289
913759
915552
950432
932960
923616
954977
925952
905919
964673
922688
926496
953473
942945
920767
969825
912800
955456
933632
989218
929376
944449
920191
919423
932896
915103
972738
1019619
940384
956897
920319
929920
945312
924160
941217
930304
917599
937568
956961
947201
900223
947168
920383
926976
937472
927360
913888
920512
924320
902175
910911
933408
914303
939904
943136
914912
931840
921632
912640
926496
921727
922336
929984
931424
931424
994562
947936
932608
931104
923328
933312
919040
921023
944736
922304
930048
962177
911648
918304
956865
914048
915359
948928
949280
932576
949440
919008
934080
954881
942593
928032
970369
945312
985794
942560
919296
895870
912704
917504
939649
949633
946784
933632
945793
942784
963617
937888
932672
978497
935264
964130
981762
914175
921152
954560
920384
921376
943232
1000034
977954
929664
997954
934592
916703
946369
916704
940960
1042596
977025
952353
987490
967778
972321
946688
984994
992866
953729
974402
972993
933377
978177
913087
932096
968642
927904
926912
944704
945121
933345
947680
912255
898527
925120
920480
924160
914559
926080
911007
934528
925248
913119
911808
916576
918080
926080
928352
961922
921152
950113
964353
933664
916255
948896
904351
927840
963457
932576
925439
943201
929728
924896
967234
913760
910527
940256
930016
915648
961985
947009
915231
940801
925216
912095
941376
923615
901727
951648
954176
925536
922688
931616
918848
925663
929856
929120
930432
914272
900927
932000
921983
940992
921344
921184
947617
918335
913760
941249
912768
925120
963202
933760
929984
947008
918528
929760
998338
954176
1044835
942144
915392
925151
930848
911743
906943
915775
916352
903679
917440
908671
923584
938816
938304
960545
927968
920960
959841
934688
924032
963393
908639
898111
940224
929952
911968
958689
918816
937216
937473
935840
908896
944673
917504
925088
972930
925472
918560
957057
918975
921919
1008291
922912
895903
928096
914304
919040
949184
913631
940705
920832
912063
904191
925664
937600
904927
927424
929280
919456
931776
916383
919263
918528
909791
915936
906047
903871
918976
932449
927359
949473
924928
911071
945760
913215
910751
972033
924224
938273
969890
922559
913183
966017
929216
914111
945953
928832
928192
956897
909279
902463
952769
926623
947072
941152
915487
917215
929376
922816
1020003
951169
927872
917983
933952
916895
945088
921504
917376
967074
941216
934848
972449
937536
915776
944033
920448
933312
938913
918272
926816
964385
933568
917247
949792
967201
953665
981633
932544
901599
940513
921824
925920
934688
919231
924160
937633
937536
903839
960865
958817
925792
931616
897663
899807
940576
924096
911776
934240
924319
916800
931360
920831
900543
915168
908479
915328
941120
927648
914879
949185
964865
971713
957409
942144
960641
926880
927936
973090
950721
919871
956321
921311
925408
952800
912928
913247
952641
943040
927615
973633
937568
918240
941120
920544
897983
926624
938112
913184
946432
933728
923680
918880
920383
921215
932640
913151
935968
906304
923488
1073125
938592
910175
949281
915552
924000
958305
924352
906848
941249
942145
912831
934176
911487
925728
960577
941953
927776
950912
926368
918464
952416
920575
931296
924704
921440
923904
942273
913983
917439
952992
971298
950400
966593
941632
910783
917920
925248
912991
903007
918303
949825
930912
907743
935392
929120
922720
973057
933313
916992
948001
928736
910112
931904
939936
917183
943360
933728
934016
934272
917568
939168
952769
924864
924864
942625
918400
924319
946464
914271
911807
962913
934624
949537
946689
920607
917759
942656
917824
903423
958561
917311
908383
956193
900543
902591
931936
921919
918368
947361
912607
911103
949825
917087
905951
942784
927648
917951
944640
939745
1006499
946785
911263
945377
916800
930336
944384
922623
917024
937152
929824
964961
993122
934528
930400
939648
910815
913183
1003267
926112
919231
954401
947489
926944
926911
921887
909632
932384
914111
904255
937536
920704
907551
920704
913696
921696
922112
936000
931712
968066
918560
917439
918367
920191
918944
924384
924640
912128
922240
925312
970913
930528
922112
946625
922303
926656
971937
945184
922656
945121
924288
932128
944288
922784
912320
963489
933152
916799
976578
923712
924800
943649
929056
928480
930944
939008
932288
927872
925855
932288
928800
933345
953025
925472
912511
960097
932032
921632
974242
942561
926592
994434
925664
915072
952321
922560
937473
913023
935008
975970
1015587
937440
938848
914239
909919
959041
948129
904063
940832
926847
940289
956192
1029091
964705
920319
930080
990434
915136
915040
943968
915775
942657
954689
930080
931264
965377
914528
922688
946145
906016
947233
959233
929920
910943
944769
919743
914048
972321
938113
917920
916863
924192
933088
958497
964705
914687
946592
967233
921120
918239
915231
907647
953088
968865
940513
914463
913183
962209
919616
933024
989570
938656
917664
973922
944608
934432
993187
954721
926208
925696
920191
920191
931616
962497
911967
927615
922143
918495
932256
926016
914880
936384
947616
933280
908031
918976
931200
930016
933472
968321
942272
942849
971298
921440
916511
933568
911647
927232
953792
926720
1052452
982818
941536
942785
918848
912032
939488
916256
933056
954113
957313
930528
958785
924160
924544
1002435
914144
920576
946592
923935
923200
965825
919648
925632
945888
914848
936288
930528
912320
902463
966753
935456
918976
973857
925536
915872
962753
923392
928256
936225
921696
950593
929280
919904
920384
947744
921344
989090
924160
924512
944480
929216
932512
954081
919232
906751
927264
914368
946305
951105
927776
939936
939873
924991
942977
963394
912447
941760
966305
921344
932928
945056
923520
926560
944449
939360
924479
948865
937025
923232
941536
922239
914368
967713
914144
924800
933600
922528
958369
922144
910528
916192
915519
913120
911743
947969
930944
976225
922528
940353
1077861
948032
914752
978050
943168
924351
942560
918784
921248
915936
920512
898463
1015907
945312
927776
906399
910495
914655
938112
914463
948672
921120
927167
957377
966529
919935
926944
907231
917791
957313
948864
931232
936256
1061924
957568
954177
940896
953313
940032
928192
935360
923807
951841
957409
946624
941248
965250
912287
903615
934432
913119
911007
967585
935680
918367
943809
913567
922400
919616
918431
906047
928160
943265
936352
936896
924800
922720
917088
918880
974497
926688
933120
937600
916287
932576
985825
923616
932449
948769
932000
916671
961953
928384
919263
947809
921152
920319
950561
925056
935808
943264
945473
912191
950817
913055
925344
912607
911359
915327
925855
1037380
968737
919167
912192
950369
923936
926272
953473
939841
960257
979553
923999
916543
952577
930592
918688
959296
911487
916159
966113
938816
945505
1000643
935488
900351
912671
930752
923520
934528
921183
953217
933728
1013187
967681
924383
932288
929856
906399
944737
929536
930784
918048
966401
913632
928128
967553
947009
935648
972353
926048
917632
944321
924608
915999
937664
923039
914752
944929
918624
914848
954401
913503
924575
941152
909248
926559
961921
929952
928640
914367
900895
904639
918783
917023
948192
927776
920640
950721
922720
917408
927232
915487
904479
922720
916800
926016
969762
960129
916351
943809
915679
910239
942529
921728
920959
977121
935136
922560
1060644
993059
1069285
961505
947361
960705
914527
948608
934848
927967
942272
939264
938144
973281
936000
974338
935713
922816
934656
970818
920288
913440
947009
928000
910143
946529
921631
916416
926303
914431
979073
932192
928672
958977
917344
928544
930720
915744
904159
942497
940801
943808
972738
929024
916736
934976
913503
928831
922912
906847
911103
950913
925344
944192
943552
911903
919424
938337
909376
924544
937120
906655
930304
963137
922880
924896
938177
922368
911200
915360
913088
909056
943392
944768
909023
916319
938176
912448
946913
952032
916639
944129
933024
934464
914080
915263
940576
921119
907871
994914
920032
914208
930400
918143
912064
945472
924544
921727
951136
927392
930464
945569
1057188
938625
913727
921503
934368
946913
935296
978337
949377
929664
976546
934464
936544
971393
940289
948480
943937
952001
940064
951585
946432
987618
945953
940800
987906
957313
927008
1037380
959105
927776
973505
945761
946304
941761
937600
967137
948257
950561
947489
929888
922943
960065
922976
952769
968641
917920
918464
950976
925440
912960
950337
924512
908255
933536
923104
971425
965665
925088
921919
932192
926848
918816
924544
908863
903455
951393
935968
900799
913920
937024
914143
920063
947232
936800
909152
921856
922528
910432
903615
955777
922304
908319
948192
917184
931872
962721
918559
916800
956673
933664
928192
936961
941185
937600
966561
927712
913056
933952
924928
930240
1092037
953633
935072
947553
950401
975458
947808
945633
1099846
927072
934112
948609
929888
927552
970401
923648
919135
912831
917600
1015618
932544
917440
960225
914079
933760
940384
925856
919584
934176
930080
932096
939168
925952
903199
947457
908959
918879
959137
920000
915135
948160
919039
923456
958273
906591
915967
937281
916895
923904
935681
943361
969057
972481
940064
910847
932576
921024
912703
956673
928096
932865
942400
928191
921535
956321
920960
923872
931264
935200
924928
942401
945440
908703
934496
927072
931872
940768
908223
903967
950368
928992
944160
911680
910720
938656
938784
938048
966593
918208
915232
942752
920448
939456
958081
935808
919520
948865
906624
917408
918912
1036131
976226
924511
919519
934304
915296
925472
976898
1120711
974946
926848
923295
902943
933120
929728
925856
934529
970594
969953
927263
924384
990178
930944
915071
968162
927968
920960
943392
917504
922239
948225
900191
902687
948481
923552
918816
975137
937312
924896
936096
918943
913919
927200
919328
930144
942017
939776
919872
910655
916448
931232
918303
919040
904799
937184
916479
919168
925375
925088
914720
941921
921535
910271
924383
945024
901311
933792
918751
965761
931936
922463
960673
927712
922687
955265
926111
947073
952801
907711
922687
942080
918175
927040
930048
909119
915423
948289
918496
921024
965857
926048
932576
928959
952833
965121
916447
917535
939488
921568
949825
1091718
975073
918592
919487
910303
919071
931744
922528
927616
919776
923872
926496
919936
924128
945057
927552
925792
963681
921567
939552
962881
967554
944224
941377
916319
924320
946593
928000
910752
970017
934880
912543
1013795
946273
910591
925792
917535
908927
924416
922112
924288
935296
921696
917952
919168
928704
969634
947937
922463
971522
949793
914527
946944
907583
925856
949408
921408
906975
940608
918720
917312
933216
919744
921184
948769
919744
934369
949697
928832
921056
940257
939040
909151
943584
920096
918367
953633
913919
935297
929536
927648
926400
922944
940321
929600
950369
917376
914975
925888
921855
925792
930240
948608
936064
923391
923776
944640
927136
920768
962145
1060612
959041
995106
907903
904479
939680
914528
959329
913055
918591
913696
924928
993506
956481
921855
924831
945569
908895
922624
937888
908288
912447
955745
923424
925920
936192
927360
938496
944640
913920
906143
937728
906335
907103
938305
953249
927391
936512
920128
916640
967425
921728
915295
921791
913599
911071
913183
924032
923871
924160
927135
914271
919904
911552
927008
913536
935744
908543
930976
921375
908959
935808
926560
971361
910496
907903
938272
921792
938401
959681
932064
916960
942401
923360
911871
963297
919616
919200
983106
913599
934496
999714
1112615
983650
948768
938496
978114
938144
961761
1012163
930207
917696
954657
925088
934592
961793
944992
922015
946785
925184
1026788
949793
918240
933792
912608
911968
934048
909888
919904
952257
922240
935104
1022756
951968
924352
934848
924736
944481
942112
942977
959457
942656
918175
903135
944256
915616
926752
972129
938560
915199
945249
907488
920800
920800
928960
925888
933441
914207
923616
922271
921376
918432
904031
924832
905599
979490
921951
927552
929664
941857
928096
918176
983362
965825
928992
922080
959233
933824
934176
969346
945377
927392
949377
913632
928704
958209
917471
919263
953569
913727
916288
946657
920671
928224
948993
906623
914752
987682
921600
924960
948865
912543
892958
911520
917343
902207
922016
912127
906656
935904
932352
907935
916191
917727
913087
917407
923168
928448
933760
928096
1108646
970337
920704
941664
934208
927392
957569
917119
912064
944609
916704
925855
1032868
947232
910912
923904
935713
927040
935104
923232
923520
921311
918752
979202
917664
924767
940416
933280
922432
935712
927392
925952
945761
923968
934464
950496
934080
923360
943009
924576
901279
945216
915423
914943
950529
946912
926496
953057
919104
929792
954145
916351
907743
936768
930624
914016
943137
918624
918111
952193
922592
914208
929408
926655
949953
938400
920544
919520
971234
914624
921471
921312
906847
919711
907871
935968
914751
938592
913984
904479
921536
932640
907775
928064
909472
896543
922880
916704
922400
924000
916991
937152
915935
922464
930080
909919
912447
940320
918111
930783
1108934
953377
915936
949664
919007
923264
961825
948577
920863
956001
923679
919999
936736
929984
912159
913759
930912
902431
915807
940416
938816
937984
926880
955905
922816
918400
946304
924704
928448
953921
917472
923840
944320
924672
907455
982914
952641
920288
950209
928896
914495
945408
932832
934016
963201
930016
924607
963041
936513
910687
991554
921248
984097
941472
912991
920095
919008
920320
929248
930624
916544
937760
915839
921696
954016
927808
924000
952449
918079
916128
945985
921984
913983
939520
931136
916032
970081
929120
929408
934048
925792
922079
957697
909791
914464
958465
933440
920351
946913
932928
913887
972481
919136
911359
966082
908383
916543
942016
