410060
141796
92675
370347
77443
121700
100355
148485
158437
159557
61698
117604
100003
137284
131460
143236
111268
28833
172933
115555
97058
53025
131844
136132
126947
133444
126179
56642
120676
121187
167973
135172
66787
208678
135812
230375
127972
88067
144804
187878
171557
165189
154212
67874
151045
247143
168517
206982
160869
128740
182054
232231
161892
232455
189414
83074
170757
207174
178373
135748
164869
222727
251175
217639
170629
103779
170725
309833
200902
264104
169477
226119
174565
222535
179589
245128
181574
220231
449581
273864
178310
136101
229511
277672
177829
271048
243303
155013
197190
244231
184901
289385
186182
330890
205926
294537
225447
273225
214502
268968
229447
157125
211174
233127
190918
239143
185477
246280
172645
238599
239079
281321
184389
229959
239975
147109
212423
251688
265384
267688
282280
195782
172198
230727
87011
211015
269608
187558
251463
219207
231143
182918
350507
185285
243592
286281
337482
229191
284969
221095
279176
231879
104356
211943
249512
188390
255399
216295
318762
206631
280456
217062
269576
232231
147300
203623
244487
183270
259528
185957
314313
213447
86563
189766
302506
211526
274408
190502
259560
244359
100675
195814
324010
225382
270728
237607
163205
263816
242152
186661
248104
181382
315530
199942
274473
312554
246023
182630
310569
189222
308202
204518
293224
225223
267688
217575
272105
219719
275209
179685
240424
229927
286057
184741
93890
185894
287497
191494
233287
186054
245223
188070
351787
212423
255944
285257
87363
208006
272681
237031
279433
191590
301417
203367
332107
235144
261608
255592
280009
231751
96707
212583
248424
187398
251528
185286
230439
179302
274920
193414
249447
256008
264072
190374
95299
181318
237735
186438
308617
223335
270952
184742
250536
191750
252680
212518
332010
227751
267656
187654
88323
227846
289417
187494
91971
217094
306921
223111
286856
215334
277449
193990
297097
248487
94243
215367
267528
266920
276072
214054
284361
239432
268840
221767
82722
203143
275337
185862
237288
237735
288296
179782
233351
183397
312937
231623
275816
233735
277224
186950
248232
182918
327594
192294
158309
226215
255368
201958
327274
228903
92099
203111
257288
192389
258056
197478
231751
274249
247880
318186
245223
284361
206982
270280
198887
86594
246535
281032
203974
237991
200839
316233
211943
268264
208038
250535
206343
237415
254215
265992
260584
188005
306538
229095
310153
198918
80578
247431
97411
216007
252520
235111
191046
325642
224103
298889
216198
288649
221991
284712
225575
274537
224903
274185
196230
272264
200966
88323
184101
255720
243752
250536
232007
165669
200551
240072
189030
266536
192326
249191
187109
326730
254088
95747
285417
276776
188006
257768
224935
292009
261160
296009
206822
96579
255880
263528
228199
294569
201062
237287
217447
279048
222919
283305
195814
329418
199398
97603
221703
309002
214758
93571
211174
324554
227687
274985
272168
272264
220807
317162
210215
271817
236616
241127
215047
269096
209127
103011
210471
321642
244711
289193
217191
287496
197990
270600
213703
318473
202343
249416
207174
323562
209415
81090
200262
248264
215174
85378
233319
261864
198566
277321
192070
320298
230471
273257
215655
269736
232871
273256
231527
264168
233543
272905
217447
283912
207975
87587
201606
278569
212711
291465
199238
323786
197030
311882
265160
242728
185830
80707
240168
196806
233800
197638
83715
196006
244391
247975
277768
189126
88002
199814
247464
196614
94659
201223
270633
199302
231207
197830
245608
183974
228903
196358
232711
229447
285448
195238
247144
190246
88643
221190
332938
189638
245672
194822
311466
212102
307722
216038
292008
231015
250216
187302
260776
198727
337386
281673
235976
197830
117316
197190
93699
200743
282824
214023
278440
220967
278056
215079
268264
194566
247112
195238
243655
187846
234792
185318
247944
258087
267625
184261
102275
213639
232552
185125
232647
222087
284169
165093
76322
166245
259207
145892
71586
178981
189318
129060
154276
120804
278825
158052
86307
128516
214566
132260
160357
166149
60386
177861
137572
123684
95395
46529
231207
181094
116931
233511
179461
84482
202310
127844
65858
464526
76290
177125
227719
132228
85218
175046
299081
148036
160005
208422
223527
312521
206855
145572
74626
174981
101860
117988
206087
135620
182374
181702
366347
165541
253704
166789
205030
171941
267592
147941
306186
170534
137764
157765
173926
219047
65666
166981
58370
144612
89603
156133
183045
141637
166309
133764
159333
154885
70754
142564
194918
152420
197702
227175
223751
159397
244327
169765
141252
229415
270312
195942
232327
481999
307209
229191
173830
69218
176774
294313
202182
249639
212647
253928
209574
253864
191174
92067
215847
312650
199207
238663
202054
266728
234375
309033
188293
280905
224743
234696
199174
271336
221479
275304
187110
251592
187718
248839
187462
235463
232391
281993
204998
289832
188838
237223
204038
323786
222151
111139
222151
259592
196806
320554
217511
279752
229575
273832
221734
274248
202694
110979
195078
266664
229543
276232
187430
245096
189478
279944
205031
248263
259240
207174
326218
210982
264808
199590
313098
252136
290568
237287
330506
286216
190854
79106
227719
243720
176229
299817
230151
364011
195718
250824
220102
268809
252552
186853
235047
233512
284424
185318
278184
217958
296713
186309
275432
217415
283145
206534
241447
215367
293961
192486
274793
212614
281353
198086
73218
199686
308649
216615
305866
199686
255368
216167
285609
187941
260296
197126
294665
224679
114691
199398
292713
265448
227335
239879
275944
187366
88483
191717
291625
261288
256264
179686
237384
192646
156805
205446
283017
218726
285480
267113
218246
291656
182534
90658
190758
283880
215942
255240
221063
275561
215814
309801
262152
243080
175142
247463
194022
284041
186790
266024
248136
300585
193030
90306
207367
282377
199078
262792
185286
279880
239304
287881
203558
307401
198439
254216
183686
236903
214086
297481
193734
257800
207782
327626
200742
99203
286857
94595
204743
310921
199526
252135
177990
277833
237735
280777
212871
320298
199590
258856
186406
236231
184038
295497
233159
116707
202438
325962
208934
305034
177221
254312
205062
294953
239112
277353
237575
285929
178597
280456
186630
234695
182885
240359
216519
297289
189094
241895
179014
278409
239495
323690
210311
303466
285448
223270
287945
196614
257224
186886
302537
233607
276296
230119
257672
235624
153476
213894
281673
211110
257992
215815
275208
188869
261128
192070
252072
199910
275913
203558
240743
237831
276616
212039
258952
185126
80770
227431
273448
237063
281192
227111
284073
215303
96739
208518
247847
211142
249511
203974
239911
191654
234311
205383
258248
200102
273192
240423
313033
200039
269256
192518
282312
180070
240775
192710
315178
202438
273481
190054
312458
205606
270632
305450
209862
253511
193030
94211
213030
285929
293513
183046
247719
175973
236999
180933
274824
187173
230279
234311
91651
210982
244520
269800
269704
268809
245416
227751
259848
191334
100131
210534
251207
185318
231175
189701
327370
218982
270120
190534
291881
220743
295593
216231
332586
268585
255592
185350
298281
221351
111267
194630
250504
219655
277928
189094
83938
188774
245224
218694
289833
175653
232487
176037
281481
230919
90339
204230
273704
222119
273960
217191
279817
189158
297705
206918
269736
229223
263720
288073
272296
215591
275112
187718
236359
214759
279656
189414
233191
208167
78402
220967
276649
217927
292201
241607
213447
266568
192742
233415
211782
277673
191846
289449
207558
272936
223751
264776
221447
267753
212455
133764
194534
297353
213255
261992
348619
222951
295753
187494
242888
179653
294377
218983
275592
182597
250727
214534
297193
180294
233223
215143
284233
180261
229671
178981
249416
188293
248712
215559
270472
185894
274793
217318
270857
191717
89827
216903
268201
196678
251816
178373
81506
216711
277225
192326
233703
220295
270760
188037
242856
172870
236679
216039
287849
177381
302729
178757
230919
244584
284105
179397
76771
218215
291401
135876
61986
220615
61858
163205
194950
190918
264296
133445
355243
178085
81282
133316
306377
179430
276232
222246
151621
310250
165509
282377
175877
300170
146724
71874
192678
207910
125700
58593
202246
260008
143525
175077
260680
234664
235047
165029
74371
141125
245320
169829
75075
158949
183525
130724
189189
156709
246856
189157
208486
145860
185254
139204
64130
147780
257960
153669
245255
142565
176966
151268
59297
291433
170629
198374
69442
195238
207687
160676
172293
210054
142085
184229
69026
299657
306090
165509
145189
23745
69410
166181
74850
157124
61410
221158
70210
190502
216583
217030
266216
173669
244263
203462
296201
198374
269992
198086
262312
214695
108803
180422
244903
217575
133380
185990
229959
215143
270728
190758
244519
219687
276840
180837
252839
185766
310570
224135
88387
206919
235015
231623
183589
244903
183749
79651
186085
249096
187398
255016
185894
230983
182982
236488
242823
282472
186022
232456
229031
283017
176293
269608
189990
301097
211014
88483
187014
274216
224775
269512
218631
277768
190406
239175
250696
264488
256200
180582
237607
245096
272712
180198
238407
178758
122275
190821
93891
197766
265352
251080
287721
240359
239847
179558
270792
249703
277512
176645
257064
191686
87970
346795
220294
271305
179493
330954
276488
88291
263016
184038
248072
188134
240903
187302
324106
207366
277512
221511
272904
215174
261288
208839
280296
227751
305097
189990
255400
231175
121028
204071
252552
171461
250792
185509
271720
178918
235047
276137
239367
185318
249384
177702
244744
276072
282120
179686
93219
197158
240935
176549
324042
215143
278089
225255
270376
242920
300618
193926
255688
189157
272616
299306
231495
180101
235688
186598
245448
182917
237992
187141
320586
206246
107811
188805
329514
261416
93603
201190
277737
213415
271016
209062
96355
186918
262760
218918
265864
226151
282697
187750
246376
177189
317161
215782
278697
252328
281000
193638
237479
185349
238312
178982
242696
177349
231303
185797
241928
176709
237767
251911
243495
172197
83778
178950
356747
200262
256584
179302
240743
276712
128196
194278
286505
171461
228071
175974
227879
180582
227591
181573
229735
176806
91714
271464
261256
177093
231175
181509
243911
174854
229511
178374
240743
179558
242312
229031
350955
199942
250536
183909
340010
197222
247143
182406
262184
555921
85827
201574
251463
180229
241384
179173
357771
196486
263624
239079
92675
191526
246471
181414
240103
173893
238504
260008
265160
179717
228711
177286
242600
271912
85763
192134
235431
178981
341578
195206
319689
196550
280617
206950
255912
182629
76802
245895
77570
195910
246952
180390
332074
208071
289609
214982
297033
187622
315370
216134
269129
243015
88387
237735
282984
179942
90915
232135
278665
193446
253927
182886
253224
187910
246856
251464
275944
183942
250631
202566
262856
189094
333994
212999
261640
224903
91939
209766
241511
243815
269640
185413
241576
188325
231431
182342
241704
180550
327370
204262
274249
211910
266568
214631
267528
209158
113635
209222
306122
188742
245767
181606
250760
188837
265448
210246
245127
199942
259912
208935
341834
213254
315594
185381
234439
181126
248744
181253
234408
190502
243591
256104
285225
179814
252328
185190
236487
180070
252775
184998
337450
200678
277737
209510
267305
185157
129924
186502
239943
239752
306666
182246
243431
279432
239208
179781
323370
211559
283560
240327
296201
221191
271657
214022
278184
209991
90595
233447
288392
184901
240008
184966
244007
178149
238600
250504
245447
186853
262312
245800
262376
228679
249095
198022
277416
201862
338890
239559
292649
223366
275081
210918
263848
208550
254952
196678
283913
195366
266889
202150
240104
187078
242631
247528
274536
204230
268328
204902
235623
197734
240456
233927
272904
194630
247911
199654
251944
224678
249480
252200
281609
192742
238183
187238
237927
199110
88195
200774
81026
243271
80418
215942
312234
214982
271048
201414
313321
211558
304233
307658
250952
200039
247272
235815
278376
185542
255623
266184
196710
83778
215846
263880
203494
335403
216935
282792
226727
266792
219399
276329
218631
310922
237607
285929
229991
290121
222887
251912
203206
89539
203238
253159
195430
238471
247784
275241
190917
247080
203078
330474
210311
286889
212711
271432
192582
251944
242759
291721
198534
86402
197286
235399
190246
232456
195526
233991
190598
230471
270473
103652
198694
239943
200646
232424
184422
229767
191302
349803
203110
247016
197606
232263
245576
253032
188934
232679
189862
230599
272904
281577
201766
238536
192902
332491
188998
247112
187270
241032
188678
250311
249064
88323
202470
252264
186822
241703
194758
340043
220423
283145
238791
279177
226535
268392
217575
273096
201094
314762
209990
268840
218567
312970
193478
243688
300105
245991
188486
358155
221575
273577
226983
273512
198726
308842
214726
265064
229575
276136
182630
246599
234919
103715
222855
259496
232039
287273
192646
248776
187974
253287
224583
291465
216262
251528
203815
244487
198182
323146
202247
301226
213734
270312
209703
312394
191814
251304
192806
260392
244008
282633
180422
244904
188006
238727
242855
279593
184614
249576
220935
292041
182469
99331
221734
257576
186309
249959
179429
246631
238663
282761
192166
241895
246023
289768
253096
91811
240360
265768
187238
236679
188710
115971
193221
298569
220102
270984
264520
190662
253896
186309
324778
212903
267656
197158
321290
212166
274568
245063
274024
201318
235943
231271
89794
241992
251560
234407
316650
188166
92162
230407
280425
198310
240904
188742
321130
205798
279848
217575
262184
239335
263144
183941
96803
190918
260168
182949
320458
224999
267368
188070
236584
183878
242280
317322
205926
272168
189989
306601
204551
272648
232135
273832
188742
235879
183878
252520
240135
247431
237448
263272
184197
256839
222471
96451
212679
248424
180902
230695
298665
235879
241032
272425
203622
91587
194982
250471
221735
233511
194982
235847
247304
258056
172678
65154
418860
59137
260744
273096
293289
236584
276200
367179
212326
212519
205606
268872
192678
240520
199206
240615
196998
248808
204774
216551
246599
77411
165477
67458
155589
280233
131076
205158
153413
285993
186533
125412
54754
135812
179878
207879
172581
149348
176742
159621
85410
168549
62850
174982
127108
57090
130212
46369
125924
158053
121156
141700
202822
67074
148261
182598
133444
73986
184294
212167
139717
199430
161157
125828
201414
179141
182885
255720
191014
250088
207846
252968
188070
267816
370476
315369
235783
115460
127300
83010
416365
161573
213830
257096
249287
291945
181350
149509
274280
190470
250504
410668
150853
218343
260904
246279
547825
179910
209767
260456
191909
277801
570801
309513
441070
158821
135908
99043
225607
257096
434797
117636
232839
271048
506095
158853
230407
275048
186694
590514
225862
276264
194214
613907
216134
193894
246567
268328
544497
158597
213414
264488
179110
238024
191109
265128
189606
250792
509168
160773
319402
189253
234791
185606
575217
226823
602738
234312
281865
240807
285801
184389
249224
229319
291561
189382
239432
208646
280425
230279
88227
203494
268200
142181
139300
322794
170853
85155
166021
119908
139588
56002
155237
211110
169989
163749
163461
217735
148869
186086
144805
203238
125188
186213
114819
161029
205062
140484
267144
167557
71298
156581
213415
155237
209926
148581
206535
144740
71746
146789
249512
176710
260072
160677
73730
167589
243079
166725
81987
167429
232264
152101
64962
159077
324426
157733
152996
250215
148325
336235
160229
196582
126052
57570
173349
242055
131620
305833
168453
198278
130756
284265
192582
244328
164101
187942
215175
71810
176838
65762
267433
223111
255016
193766
219367
147141
258792
163941
280169
238663
235271
212679
89091
207686
82179
316297
425389
228711
321321
322698
271464
136965
196326
78146
228103
320362
514352
99683
164069
203047
183781
316618
168037
85826
200870
236584
209990
79651
163525
136356
216519
181766
130404
62946
144676
181317
221895
69442
151941
191494
142244
193829
213415
209319
152580
82723
171237
262728
214502
329994
512719
171046
283145
193862
258727
388396
242152
179942
91043
205830
276553
225126
206247
302825
193958
82722
212871
278344
198150
265257
189382
253352
212071
286920
190406
250023
188646
249960
278024
235559
278600
230887
283081
248519
292457
241255
210407
294281
187974
142469
186310
254375
195942
256968
186565
239111
215303
275432
193030
255880
191174
244327
191397
256360
214855
289641
183621
231335
193702
91011
213703
277417
201702
273417
208326
283241
202278
84067
199846
286345
210054
261000
221159
276360
209670
298985
206502
300841
209031
307914
214310
103651
196518
312329
211046
248647
206182
287944
212422
260200
217607
274409
205094
286056
202631
259688
204166
297801
205190
84194
204646
322826
213222
326346
210151
337066
199046
86082
209030
301545
210983
295465
232615
258088
193414
94979
211910
257256
208422
81859
215591
243847
203238
295529
192422
273448
212487
267337
251272
287433
205254
286985
270601
250760
216838
263432
200390
276744
188774
240359
204294
142405
204647
260296
208358
259944
200262
243976
209190
302409
202502
257448
207046
276328
201350
253287
242183
261480
205990
247944
210662
311433
206055
245736
201126
250408
208007
253831
222631
271432
204230
251655
197414
242759
288296
313162
200166
285769
206087
352107
199686
289161
215879
97763
208774
256552
253447
202694
105059
198662
235368
208326
282377
196006
285193
222343
283496
218727
288873
204486
297897
211398
271144
207238
296809
222375
257832
203782
298409
203814
272777
205894
285193
198630
86627
199303
294217
236423
270473
204326
299209
196198
251271
272105
243207
197990
148421
217191
246439
207046
290441
203558
285801
211751
88067
225639
262024
208615
317322
203046
300361
206374
97378
205574
266344
206246
287209
194694
304361
206471
242919
202982
243496
207399
299305
205830
323753
206790
269769
203558
85955
225959
354507
203207
84482
212775
94851
199110
244680
198918
291561
209767
244904
209095
289321
204230
79523
196550
245224
279368
196646
85475
225254
260520
292297
223495
249320
125540
196934
106275
228327
469871
210310
255208
241511
240999
196038
385100
240071
291241
200295
233511
233511
276008
258920
232135
189382
86498
236679
277481
189670
79426
207111
306089
198086
245800
259176
185413
248168
274793
261064
201862
270728
190374
246888
252328
88995
234631
281545
189094
239496
190821
248712
210567
270152
193414
234727
196102
260296
239784
88771
221671
258472
186694
232231
237639
185254
238535
196294
242791
191878
238791
243751
90306
196038
244231
197638
233448
292137
198502
248264
191909
231431
242279
263816
193190
233895
198887
335466
219815
109764
200967
255720
199430
101443
234567
281736
192902
235912
197414
359723
226695
262664
213958
257928
194118
347723
216071
276329
247432
224487
275816
217927
302249
211110
134148
219175
252807
260584
190149
324458
214151
263368
211399
269193
195398
252104
189094
312841
212103
275784
209703
276200
197606
303849
213767
150917
221383
259944
232231
90147
222183
236136
188390
316074
208071
319050
226087
253288
230887
318794
204934
320906
217863
281416
208134
268552
199686
317290
212518
278632
204422
308425
215686
310058
298377
251815
196038
257576
230471
247751
189958
374507
229767
278664
217255
279048
227719
92867
223719
101475
204550
330250
226215
282057
216006
289801
224903
292681
198246
239719
201190
238247
189222
229383
233831
274953
190086
92803
208806
256999
239271
236584
240711
211782
246344
202150
358635
221863
262632
204262
322185
208070
282473
297513
316393
208966
268552
220455
291881
220647
114979
189702
299753
220007
263272
193286
294697
186950
239592
236583
89795
206534
245831
238343
275913
178694
246152
185189
225319
183430
90915
369547
304489
211591
251719
182822
242152
179845
240743
241960
271272
184453
255496
180966
232359
239143
278793
178725
242951
242119
90275
205638
237767
234471
268456
189158
234279
186790
160293
204518
239624
182406
321450
186405
243911
183334
234952
183174
232328
183366
88770
264104
286345
186502
251111
209702
233383
185606
279017
188262
243304
180294
238407
185862
233127
181862
245704
262408
90019
201350
93219
206566
256136
252231
274441
251303
232584
178629
239335
255432
85315
202086
233159
185573
92419
218951
241512
187686
276136
254184
266664
85218
204422
82595
184518
224007
275400
83011
194406
280297
185702
229415
179142
85250
186086
229671
315273
281129
243367
179782
245704
185573
232199
182245
83331
191910
256168
185989
246791
186181
347243
205415
284905
211814
270249
311145
207303
250439
282249
202534
91491
185382
271209
207430
274089
188326
238343
237063
285097
179814
241416
247527
227143
182406
233095
192326
352619
209095
263048
244519
262312
182917
307049
205158
273705
197030
263432
178950
328106
191270
277160
213350
277865
250216
257448
175429
313098
207622
241703
177606
234055
248808
89379
191589
238760
178853
385484
203590
249768
169413
349611
213191
261192
294857
260008
192133
341259
204166
295977
237383
292745
214022
276648
201510
260232
188966
358571
208390
103875
186310
325962
205511
250664
217415
246887
274441
268168
181670
237767
174117
226439
184070
234023
257191
97059
210759
268552
234023
96163
208582
246119
176613
247015
233416
276584
178021
230407
180261
229863
185381
236647
276072
78562
196134
234055
180902
244200
180805
79555
253768
179686
230919
178150
345194
206502
272744
236232
290089
175909
255688
246504
186278
94307
191270
246728
203686
234311
299306
91939
214215
248551
190086
232999
253448
95939
212966
255592
249288
92579
225286
254568
190278
248007
175270
237735
274888
98051
209767
260807
358379
205446
111427
215207
309066
230087
291049
296393
227559
277256
216518
315114
189286
242663
260040
285577
192166
82210
213446
284009
193734
253192
189254
83778
207111
271784
232295
276201
195910
150692
268968
314634
206022
264936
277289
282345
196006
244200
186502
241831
193317
296073
235335
279368
210887
107043
204934
82691
201767
269000
233160
264712
227207
288041
206279
298954
186438
252200
188038
261800
198790
297961
219879
266216
190854
109220
186854
264904
242247
268744
180773
249863
189029
89666
191525
273577
336330
275113
238919
96195
274376
268777
231847
266632
248904
177990
239303
223879
326218
241543
91459
196870
254151
187397
321610
206823
295881
221575
270408
207271
272073
205286
278216
205158
402572
222087
283465
239143
342122
210439
89475
186373
268360
237447
276105
179205
296969
207814
268264
205830
272777
181510
85091
230247
272649
180197
236264
235271
84771
213350
253544
189990
244072
250567
282441
183589
237896
242663
265864
185798
248583
181061
224839
191334
246216
247655
279176
202054
242376
247559
92899
204134
248232
222663
274121
178533
233799
245575
275145
240711
179621
233639
183717
234407
184453
364459
205574
104835
209062
284713
189254
87875
223175
269064
191846
248680
195238
254152
184421
330506
211175
267016
190214
319786
202758
282505
231943
265352
232999
277545
186949
92899
194438
252808
184038
246215
269352
230343
252168
87522
202118
78466
206374
253863
221543
283209
184454
247848
189222
232999
246503
187046
250536
197382
182214
196359
310506
216838
279337
224551
302250
201350
87779
219431
286601
196614
256935
227111
280681
188614
248840
190278
346603
215942
109348
192742
254632
217158
330442
204838
252680
196998
83394
200710
246856
203590
234600
227239
289129
187718
261064
220326
284457
197286
96803
197894
291657
199686
249224
234183
261512
194374
331690
224647
278152
191878
318346
210631
280936
207623
260200
201126
305225
216294
85858
187206
277705
219046
271465
190214
250215
235047
286985
188134
234791
238408
283465
193190
258952
187846
238984
239144
262280
187238
83458
202470
249575
227718
87619
207366
265416
198727
235687
230759
260200
193830
355243
220614
269672
236423
252328
197478
266952
239719
92610
220646
248295
194790
316938
209126
293001
214694
274249
217126
284841
202246
238887
198662
239624
196454
246024
221478
243719
192934
124740
206791
270888
189989
332266
220039
280969
218054
309930
224999
273801
215655
94178
221351
257640
188230
254952
194726
237127
221702
235591
195910
365835
225575
277641
257960
273672
216646
287721
216455
269064
221351
282280
269320
243304
182374
263112
196998
244807
190469
321386
223878
108419
191270
254120
220070
282952
200742
247464
189862
244199
189830
98723
235912
92578
232295
327563
236968
265448
196550
239879
194630
92291
206438
242567
197414
235111
232743
295497
213446
81955
210471
313577
218630
274600
236680
380139
210086
297514
287721
245863
202278
90915
187974
302889
309706
285129
219591
268744
200551
251783
210919
302441
206662
252168
192166
243399
205030
252072
216231
296105
219878
277576
227783
98851
225639
268520
228775
243816
194822
266504
222118
287113
216262
253160
202822
260072
187270
276808
194566
254888
197286
243783
192582
92803
216902
289929
193190
254824
201894
250184
191046
250344
206374
240391
220070
288937
205606
258728
211943
82819
226215
261704
217734
324938
189926
240360
200167
239847
297738
253416
265096
248232
292425
206470
304234
209926
244615
208262
285096
208870
255688
205542
306505
269672
203590
94531
229607
263912
204487
256456
210919
295465
190886
251048
206950
276072
209223
243912
199910
276264
210215
294313
245191
89251
204614
129348
245416
272553
190758
243399
233895
268553
199974
246951
223975
260136
199174
253160
191686
253800
188134
238632
250184
287657
191686
88579
237128
268744
193126
86915
234599
273224
183749
234183
224263
287369
188902
236328
186501
237479
195718
251016
235079
281640
190341
82115
208390
87459
203686
235143
200678
238759
237544
263528
191558
253800
193190
248616
228071
335370
220230
262056
199751
333610
205030
285001
222887
284200
206599
252903
198278
262600
264552
247559
186341
360139
191750
240039
340363
91555
203366
257000
205191
238727
258696
190598
248584
243463
84995
219719
249352
187654
334315
212678
89123
238023
275400
222631
292137
215398
273928
210406
273480
191078
255912
227079
264392
229319
92579
223527
274696
220775
91074
194182
231399
231111
265768
200550
266216
227303
265000
189478
253256
195110
261000
199686
249800
197222
84899
198470
241575
266824
194598
86146
250952
270793
188262
248008
238471
203111
249640
196198
245352
253224
188197
235624
197734
230791
188806
239784
235271
188390
81635
206695
235591
199718
344203
211270
283625
262152
248616
199302
248552
231271
273416
196069
236615
198630
252232
236616
261896
209830
252487
189638
317290
209990
286089
211879
268936
191558
312361
199558
276776
216774
116452
210854
287177
191046
234695
232039
314729
210726
92834
208582
276489
206023
311178
210470
259496
214214
93571
206214
248039
201990
231911
187622
261192
190085
245223
208838
299050
201926
88227
238471
286665
212166
249223
198598
271369
251912
242727
225319
236839
237064
261224
189702
237031
194406
247048
191365
84483
273704
306121
196198
91747
211494
266472
191430
236167
241096
190246
236455
199110
342859
211975
279977
225543
272137
220583
286505
190693
256583
189030
250823
190150
83138
194406
246183
239847
277801
194278
308265
195878
326890
225671
349195
215015
272136
198439
249256
193638
252040
195814
90531
240583
99555
215975
255592
231047
270856
193766
244328
187845
232519
238759
275913
237767
239751
277864
177637
260360
238567
278729
188966
248712
237480
262984
188806
249672
242375
262888
181221
319594
204806
285193
207430
268264
187078
243272
226343
274664
187238
237159
177286
247208
223879
93763
199878
248199
180421
250120
181542
245863
236520
261768
201926
275113
234119
271912
209926
270088
203174
273160
241735
281320
194022
92067
270792
252904
193350
238631
204102
246504
243079
259368
194630
235463
196198
328426
218470
260296
201574
317482
211975
272168
318249
196998
111779
192325
286472
211943
267560
218247
284361
195814
251400
193574
88866
200806
315306
209799
266184
202375
318442
215207
268809
216071
89123
201830
298921
211687
326954
209895
273768
193542
249064
305834
239271
110979
212966
240840
214759
294825
202118
264040
209479
285577
190181
274248
206215
256296
213734
332875
204007
164965
205254
300970
240359
271592
239079
276648
208390
278440
258376
202886
262600
203526
258984
200966
87139
200006
229287
216999
285384
211942
260136
230055
326538
202599
248519
251112
268393
206631
293801
218886
262664
248936
259496
216487
96707
245768
272457
193862
239047
209095
340939
205094
254248
216839
302025
207143
234023
194854
245128
222055
272136
226311
93507
253512
108900
212230
255848
217607
286217
204166
263720
199942
243432
205702
256104
197958
242440
214951
273449
205511
257928
192358
250151
190150
86531
216583
301833
207399
261320
218279
272776
210727
246055
204134
246024
219687
292041
191078
86306
200998
297161
202918
251143
204903
94083
222919
260232
205350
277992
197574
242247
199047
266888
194118
248200
241799
238087
199942
231847
186053
231879
196390
242375
185734
248872
191302
86851
247176
266728
190406
250280
190982
252231
238215
264552
189317
245575
189350
298697
236647
277992
202950
89666
194854
249320
259240
244679
200646
87490
202022
222630
196934
233608
277416
235368
190918
245480
194822
233671
188741
235048
200262
239272
252231
92514
198854
250983
232999
230759
332330
290889
200102
86434
232039
78850
205190
248807
189798
256999
202246
134084
69442
158501
58146
197414
138308
177638
213511
63714
158021
141445
169477
326442
215335
153029
221159
71619
167781
193670
184454
158021
338410
181509
269960
194086
233159
158564
166565
185285
239208
213959
223367
79170
193062
243816
174918
70562
225031
72930
277000
214598
281865
205382
291337
214886
258984
223527
322986
207303
271337
205510
283497
227239
310409
214342
290280
242247
91139
203239
90435
222695
266312
210247
252200
204454
296329
248071
264073
233831
256328
223238
252264
229639
286568
205478
281961
218439
99427
197190
358475
210791
264136
247495
276424
226855
89187
201350
303113
211622
288969
236648
228999
286441
208199
237928
207847
284681
206470
90403
210982
242376
208838
278152
210054
93346
236935
296938
200455
244296
202823
256263
233351
236007
217126
283241
195110
297865
205798
87939
200774
302185
208294
257639
217351
265224
205159
92067
207942
249543
201607
368907
225287
274504
217862
299914
221991
265672
230343
84611
200263
291625
224806
276809
218087
280136
185030
85826
180933
230791
188038
245831
189030
234535
237511
279433
184773
251975
187877
84899
188582
237832
187142
250119
242760
277224
179333
238919
186758
236136
184614
236712
183653
235080
246791
283784
178757
245671
186245
83842
185958
237959
185574
234408
260392
236359
184326
336235
202086
280680
259368
283753
216454
267529
218631
283368
188230
250759
230951
90915
209862
262248
189093
237960
294729
242599
268969
183269
231815
222791
284553
244455
179846
274409
239367
280009
187686
240360
185413
241895
188678
86819
236679
275208
175621
237415
188166
233319
183718
243304
190181
237479
381004
283433
229864
96611
202374
89219
193478
250376
182469
240839
240807
129316
210182
237799
256776
79490
209382
245928
219879
238792
175269
426125
211783
282664
213991
244264
180550
235495
184549
228647
210119
325930
212038
309545
207654
281545
248328
267912
218663
319562
221287
259943
272713
268168
225511
295177
211079
263240
233223
290217
240775
122115
213766
311657
201479
97411
187046
243751
270857
278313
275401
245576
188421
92643
215239
282728
189638
234280
216967
297930
186534
237351
188102
84386
223591
303689
194886
256104
254151
224647
324650
192678
88034
217351
275977
193830
91619
190438
235463
210150
280744
238759
228423
272777
184742
154180
186086
256648
213030
281192
188326
235111
216518
377228
203815
90147
200870
241448
257224
246279
187142
91299
182310
246919
185382
225831
190470
87779
261000
315978
205606
278985
219303
266440
212071
267176
327434
206822
260168
173573
234503
217447
257896
182181
247912
177381
232871
180390
244615
275400
85891
191781
80547
185029
327754
209094
249960
179462
320105
203718
307049
226215
283945
208614
266889
217319
259240
214374
243527
185190
378220
210086
289737
215623
272712
220902
274376
214886
277577
189445
249255
237863
259816
187813
260936
202022
238376
253544
265032
186117
86562
227751
90755
216486
239624
187846
90819
331050
280073
191430
236967
227943
274888
185638
243335
182917
241991
180037
275784
240455
93027
206919
311657
205222
274888
176805
281577
276456
584146
193062
252840
138501
66786
127748
307625
151812
178405
117476
160709
208294
72962
153701
88419
126020
108963
12384
188101
151268
208550
128676
164133
204007
89859
306217
308585
257000
182053
259752
190214
233703
206374
234311
259559
237703
278024
248679
248615
227847
85378
205510
82818
213031
271529
199430
274697
218247
296233
213158
287657
195686
249959
186182
242632
217031
322506
278088
271688
219334
98435
203014
247016
220391
280489
231431
195686
87331
213286
329002
189638
236295
213446
299593
194086
131172
194438
290216
249640
231399
286409
213094
284648
190022
251687
192326
257896
187526
286313
220519
256872
214535
280009
191622
240647
213159
294569
191685
255432
224423
273513
187014
87875
196358
270088
194662
244807
192998
325194
184102
265481
224615
342954
196870
257416
233799
290409
192389
87875
220711
296361
193702
99331
198022
304329
197542
259304
194662
258504
192933
244104
224487
278632
206502
298665
192614
279209
229255
299721
184230
92674
248071
309514
192326
258216
211207
296490
189157
246824
179941
252999
259464
236359
185157
89507
195718
152965
242824
238312
218887
326666
200998
265448
224294
89699
196454
240392
241575
287081
179909
256296
231623
290313
257576
230055
187718
251175
187270
317897
203142
286153
208934
269544
214726
88931
201191
256136
186981
244264
181126
286281
185862
233735
181670
247304
248775
283689
187238
246536
184709
266152
240040
262024
185606
83107
229991
295529
190854
236871
177318
248328
292297
90755
190246
233415
239016
270312
176358
248072
179622
229383
347019
289001
271368
78339
195558
78306
191142
323146
206630
276745
218311
273288
218503
269417
190533
251463
178821
237384
242375
264968
185829
239047
187877
238919
242951
93603
204550
247719
188806
120899
238023
282089
188166
250632
182854
360971
205670
274728
335435
301705
211751
286089
219111
269672
239335
88035
201670
281161
229575
269704
214822
285513
194246
251143
197030
239687
204358
254600
222055
258216
198662
247111
196551
249063
185381
325802
313994
311113
208711
271720
198950
352555
227687
263656
203302
309641
212679
264904
227399
86338
208806
297513
214503
275689
197862
275817
189030
106851
186630
286249
212743
271176
222022
310153
242151
93603
206886
241415
238439
277640
184997
245256
184550
232679
183205
263464
246055
92579
209094
244871
181797
250792
242055
275368
184870
239847
178501
93570
240967
285544
186981
230984
226919
287593
186534
236967
186213
114531
187750
341738
222439
266121
236359
262248
229703
335083
178757
265288
181542
311658
230503
303689
187845
261768
282344
286888
181382
89154
195878
237128
189702
249992
247048
265704
184614
245320
324778
306793
179589
250215
237703
274921
203686
96739
195654
252488
185637
229799
182246
84547
271976
292969
179718
273673
228551
275241
217318
235080
222279
283689
185670
241992
269064
355083
180581
284329
237095
270665
212134
87619
220998
275241
186853
80674
220294
268488
186757
234023
301257
263528
90755
208454
255976
221639
270920
187526
256488
179077
326730
204998
112003
212582
312617
190630
238183
219271
264552
189574
231879
184326
236967
182278
96739
244615
281032
190053
255848
228039
270728
189030
80547
217734
269064
184230
247880
176773
230183
240967
278025
183782
228903
185574
239688
195718
238823
180293
233575
181350
226983
358571
301097
174438
153093
233479
274888
180325
245031
186566
238792
182950
242120
180517
242375
251112
277800
176485
251015
186790
228134
184646
336490
280553
189286
249895
128836
149797
56033
180358
509840
342698
174533
214375
123172
156644
114180
173125
219239
322858
139333
98659
155429
184934
136932
108835
157988
161477
131492
216614
135428
110436
187526
297161
161221
610803
202374
76867
155813
212134
175941
218407
185573
272904
210246
559633
138628
261000
226375
284424
165413
127524
212038
118820
46977
105347
55522
124996
53634
172389
110532
195334
58402
404780
269512
193478
247207
162501
205767
241992
244743
262536
140709
263464
193222
65538
195462
262472
184134
290857
188774
159685
194438
238152
137444
275496
182406
240327
310409
273512
189542
294985
177734
262280
165573
306729
195302
218950
226919
106371
199398
253992
195334
261096
364843
296553
190790
260040
211526
297193
187590
248680
215174
288041
191461
97955
195750
256808
190758
237191
188838
255016
212839
286792
192038
90723
208806
307177
196262
238023
212742
292297
254824
231079
179718
87170
245384
95203
207334
308905
251079
330666
101859
209735
266888
222759
308906
201575
257608
190054
288168
227398
277960
209606
282793
193286
258312
215719
246728
232839
312873
208070
303561
247304
239975
283849
197350
260776
218951
272169
200870
97379
195750
277865
228199
312361
215974
302665
190150
92227
266024
208550
275880
259496
216103
274024
192262
91843
240167
283177
193989
269545
210983
294153
198502
293929
210439
308906
201062
263496
214758
300169
184806
263368
259784
253512
274825
183622
293001
220807
305641
207591
267784
194534
246471
190406
255688
233319
96835
210471
248744
217383
289577
186118
235047
184517
241192
183909
246311
186757
234119
221478
262728
188390
249863
184262
253032
220775
259848
188646
248840
219431
280233
187142
248231
199623
261256
185030
242695
256968
228167
346026
188262
85475
282345
94050
192390
84162
233095
351275
246151
310153
205478
163237
213287
324650
225767
324650
201510
150660
104131
50210
195526
281417
247720
214727
57601
132452
52865
109892
50306
120195
50402
121540
238567
156612
199398
124259
63874
174469
50658
159653
121412
52450
176294
415533
109316
45857
104643
131844
95363
132964
214183
58818
140932
53474
200742
108963
173798
56578
132260
206790
152004
181701
151716
182758
140805
198758
210631
193542
138916
93571
333482
247175
266632
93091
305577
89219
222663
86723
205735
257895
269513
314314
221511
260424
205991
256744
246184
283784
204391
301097
211110
258152
266856
287561
196198
247815
185189
95650
251688
169765
217479
134981
558929
321930
273608
228647
220486
86499
189061
238151
608275
594546
234343
520624
262600
275496
432941
109283
221766
266120
194758
241095
189606
95107
429773
146725
211110
254055
188646
268457
187942
249095
184294
275592
189734
235303
276072
432941
135941
176005
69602
146149
231879
142181
193830
125540
156293
514128
126500
182469
135301
135909
114404
135525
250183
118916
46689
126884
184326
120484
55938
591762
200998
121763
182789
263048
157541
73794
114244
88771
104611
60417
230215
128388
159876
135524
137156
107363
135556
110852
135621
115523
90531
232231
249288
236711
184645
238855
526352
328426
201062
265768
194918
380588
267785
275465
188614
266376
191846
230983
174693
177926
220551
77731
163013
319338
246504
72258
162853
60610
138629
65794
229511
69218
173414
122724
59393
188326
132612
166501
113667
58722
132356
187430
178022
287849
196358
220134
183974
249159
141796
67618
137220
188934
120836
61026
176965
236647
146340
57505
154181
207494
173925
198150
160004
224903
226759
211111
190022
134564
64674
161509
205894
160805
265544
570897
181509
248583
162149
244551
159941
198278
155909
313386
153381
60930
142500
186342
171877
204870
120132
208071
149092
281833
168102
176837
100707
505455
186630
234408
236648
284553
191462
344363
198887
138084
155813
266408
111940
166373
188486
153061
188166
175461
20865
284617
507536
252264
233287
140196
135941
53410
450542
207014
144517
96547
252519
146148
74083
192614
132357
134564
202502
168069
145252
168133
454158
321866
212583
187590
244424
211910
250280
213927
137860
122755
139589
166885
285544
214119
215879
216903
252039
215143
269512
241736
179590
223303
163685
212263
231367
76738
186630
231207
188262
259176
182854
73282
177254
360715
214727
272040
650356
285097
232167
280392
208359
320938
192070
240648
213286
298921
208998
315338
212614
293417
240999
95843
211207
288681
209831
249352
215302
274056
195206
272104
205190
253352
199654
252775
201958
249864
189318
260040
205447
232359
199526
263048
224935
297193
206950
280169
224359
338538
215750
246855
188358
331818
205862
275113
190534
237832
261416
292105
193221
234887
185254
134244
195814
291753
224711
266888
228135
85347
205318
260968
235463
257768
260168
252711
232647
296265
225831
287561
199718
247431
191302
87458
207623
310026
195270
237575
216135
292233
190854
234759
186694
243144
288809
317545
207303
299593
191974
91779
210022
271016
225063
251528
211206
328810
180965
273736
191942
251432
183525
89506
188518
260232
216615
96643
223175
268456
213511
290793
187046
251400
207686
315497
200518
101411
200134
306569
188294
250759
255112
216294
302569
192038
244679
217543
280009
192998
251272
214407
274569
182342
249799
189286
250055
217575
284457
181350
241447
190278
249351
186534
245351
181541
266088
253992
188741
229447
219751
285609
191878
89859
208454
286664
198630
253735
217607
88451
247143
240391
213734
333610
184389
237959
217831
288233
186341
273288
196838
256583
202726
291080
216615
280937
212742
303273
192454
83555
194310
235304
212711
346315
204422
91843
227687
280169
191302
253992
213894
292713
224647
275433
214631
356907
278281
250760
179333
89027
215239
297673
193158
237352
215335
303017
186310
248135
199942
286953
228231
274088
211655
252680
208934
310665
207623
275912
197382
96130
249223
273448
280808
190278
247239
214150
292233
192646
83523
193606
256103
211398
279241
202311
284265
202438
294441
200871
245223
205638
95619
226023
259112
203078
241831
285225
188518
255624
254856
274248
191942
275080
211047
292041
211239
258920
217094
298473
204710
278472
208999
291689
195494
261480
196646
260072
213575
309514
206023
211494
147397
271848
257960
133476
67266
261768
296233
196070
245064
488111
195910
186533
224902
154309
171301
231847
197862
309609
253288
272968
222279
282632
230440
269481
322537
266537
271177
283881
214247
298410
186949
243207
189894
103491
217350
288937
184582
290601
218214
294377
190246
261448
207622
301001
194118
279112
209126
310922
197766
93251
207046
267401
216647
295369
256296
257224
217447
295081
191845
99651
195622
272712
210311
256103
230247
261160
226599
268200
229287
275337
214279
387436
199142
243271
216102
311306
196358
246311
202438
284361
195398
268104
214822
279208
193894
245448
208166
301001
194694
265672
189190
257544
192710
238759
185989
83427
234760
342058
194118
252167
183590
282696
217735
341387
197894
285545
195526
283017
218854
263753
229639
265352
228807
271113
193382
90851
248776
246984
215942
293481
185350
248040
194278
251015
186342
259432
195142
252167
217734
294185
182213
256647
190214
232423
217159
274792
194438
254408
203911
281928
237543
278792
193542
264264
214439
369675
195046
280040
247016
312650
199719
270953
195366
253864
248968
212903
93667
226727
80802
198598
274920
236903
258920
254024
233703
189733
83587
212262
92931
210470
297545
184102
241736
205766
300457
187046
263752
194821
97827
194534
245096
181989
240264
214790
289449
193734
238504
188262
240136
175142
260520
189542
93251
192102
273064
193190
250056
183622
91011
253064
83490
214215
285384
196422
338667
213158
278056
250216
271977
189702
86403
208263
291017
213030
272872
308777
208838
278441
188870
84131
211078
263944
189606
275369
184549
230567
219942
276649
223815
250535
218791
277129
177413
272489
190534
248936
177478
88099
229031
330026
184165
231527
307337
213670
270024
216807
268328
184902
242760
185478
287913
214086
272616
218663
256872
238791
280520
185797
288393
205734
108195
282601
250056
188262
85283
215591
279176
191750
236295
186406
329898
228871
269545
234440
236968
216166
291016
188070
267560
245927
291529
190406
183782
189893
254312
215718
280425
181670
244455
189222
288744
207847
270216
206950
285513
186150
237959
187141
253032
189030
236167
186309
83011
179685
242695
241095
218822
287209
188997
87938
207814
262888
192293
259784
220390
282793
185766
250248
187590
293577
214855
275848
215494
113092
202214
297321
195398
92803
216967
250663
250408
219975
266216
269192
217063
272937
184006
241224
186406
289289
214535
268040
216806
279304
222343
100036
183782
255912
217574
319882
186981
245608
177382
239111
215174
284553
182374
239751
219847
299722
207462
254855
187110
241447
222343
286281
192774
82786
212775
290824
192038
262344
218439
289033
184870
244775
182790
258567
190342
309993
201158
277128
203206
264200
236136
90850
197606
229159
189765
236807
187942
315690
293353
269416
210982
271977
217479
275336
193126
245319
189990
242983
182533
86691
222951
95587
204742
245032
200774
320649
229255
269000
272456
279848
205286
300170
189638
239943
206375
238311
188742
299753
184518
241607
222599
267368
191174
287017
188358
236295
192614
251112
233415
294313
191525
249255
223207
300617
192614
286600
220487
268264
276776
245512
224262
293289
190373
91395
211558
282473
183269
250151
185926
300745
202439
285385
219687
268744
224807
86882
201414
293769
184454
288872
265736
87458
203591
113060
213223
288681
228807
213158
291209
177829
228423
198502
297098
236584
89379
209318
278728
250535
244583
215558
297769
202438
249063
240935
90978
211399
295497
207718
264488
194118
259432
213830
278857
188678
272264
192198
294569
210407
267880
279752
117635
202950
286857
196166
77570
210150
244583
214727
280777
192422
401036
217799
295369
198726
245415
224614
271272
191462
246215
196358
240807
219686
279848
190470
260392
207527
255112
220839
237031
203015
270440
198534
223655
221223
288105
191366
241479
214951
283689
199846
84387
207687
288809
199462
90019
193702
243208
213094
300009
199078
234727
191974
297289
247687
248936
236103
278377
198982
252456
206119
298313
259464
264392
202118
237255
321065
205478
88803
233927
298601
210278
290089
189606
274280
237671
254184
199046
84707
199655
312329
202023
277448
249863
200838
298601
198470
157156
235143
285896
233191
284360
208934
298665
204743
261352
204486
255560
192198
251176
205318
296649
198694
90659
206663
301545
200006
93763
196486
313385
250280
248423
205255
302089
202566
306153
311882
267336
208871
285224
236775
279241
204422
282409
210086
262952
205510
89123
233959
267336
209350
286024
189702
251272
205766
85123
245127
202566
313578
206406
253576
243912
269288
203878
242919
198854
246631
206694
284617
199750
90914
201574
312553
211079
258696
199430
247208
205254
300745
200358
249224
277000
283561
277321
309834
208358
308681
224647
305609
209958
259912
255112
271336
191462
349194
197766
104867
208486
272680
287529
250887
203686
273609
196870
81218
203046
269512
209478
230439
156229
117059
142148
269384
194662
177477
205959
72866
138564
166053
125796
253575
185478
152389
233415
262824
143301
171750
133124
176485
153541
265544
154372
195270
159365
372268
198022
229543
171621
326826
218887
99715
179205
79650
170086
251688
246216
285576
198054
273193
204454
90339
198726
150341
269160
216231
303977
249800
251368
220871
259304
192581
251240
226503
295721
190726
248840
178950
299945
224582
278537
222022
100611
205767
259080
222119
267272
188454
252424
184037
231463
224871
269160
260264
226311
283784
186534
133860
222087
267273
186309
81251
215623
313514
191142
235143
219911
280905
191718
249864
181477
237800
219943
286345
186917
231559
216166
284009
188646
251464
258632
243624
222439
280456
181509
249671
219047
271976
193926
248487
175494
295689
233127
315306
189541
261672
189381
233351
188710
239239
251048
247400
91395
196422
263976
189125
245831
230119
304521
249352
217350
287273
280072
248488
225735
281033
177989
80098
182630
230375
216166
290025
191813
249255
188134
233128
250375
187558
86530
219527
298569
193286
249128
184998
236776
188325
235495
187013
235528
201798
322761
220806
264552
267784
273224
216199
285097
192998
143204
197094
247431
198278
321417
327882
201862
286312
187654
314666
283593
295337
211366
328810
211303
283688
220390
266248
217286
279145
248200
293577
200582
245000
195974
244935
192198
248936
196870
324522
330890
256168
198246
88386
190726
256584
209382
242248
216487
280200
204807
94947
211399
106052
217895
86658
218662
277865
208711
299017
195334
262344
213191
267624
200742
91747
208742
312873
238855
285769
347115
251687
191686
80514
204486
291401
202534
283368
199942
324618
214919
94691
206566
267656
247751
273800
231655
278121
206182
301929
206246
244136
208935
288776
207014
88803
207527
291881
205158
168741
249640
96323
205062
286408
271080
205734
81731
201446
237575
209447
278601
193510
258600
202406
87810
204518
288520
205638
285320
202342
335018
217671
251048
204870
241671
209574
307209
202566
265736
199462
298569
199494
315626
200870
279593
254151
119139
192806
307914
220102
272457
195366
286569
208775
95875
200615
285288
232615
256680
246312
282537
205414
319434
207366
257384
189893
277800
281481
295081
208678
303593
206086
287912
198630
273224
204550
281577
222407
309706
207558
297674
249000
236999
208710
318345
199590
78882
200486
136132
197382
341098
205766
307209
197158
318826
198502
297578
240711
86722
197638
330890
220519
268137
200422
285736
247016
285128
203654
318954
238791
256840
188454
256936
211270
258824
211238
276105
269385
252200
199814
262920
206087
290377
201062
266312
205862
295081
201126
258376
203078
273832
148837
218918
203270
97315
183686
130404
73250
273384
182374
86563
135844
190406
173477
221383
143813
70786
153604
75554
135940
119780
90274
204486
167813
225287
169637
82754
211623
250440
81762
179397
203079
145285
177957
152068
198982
164069
182822
216519
212454
154181
203974
166853
225287
208807
256071
193606
307433
185478
292105
231591
329770
203142
266024
195942
269480
200422
258504
209446
93859
223719
92995
263528
253127
349898
205606
294409
185318
240647
237480
269864
186022
235688
206919
278217
204966
256328
206662
296489
190854
268776
198758
97347
209542
249223
209478
272521
278952
206663
258760
190918
250984
208614
292041
268808
246279
193446
256807
200774
248072
187430
269928
211303
292297
194630
180742
189286
352747
212390
253895
232199
301769
211847
88291
206246
279912
261192
316746
197798
385676
199399
255816
214502
260104
191238
85923
253383
262280
216710
307241
266184
246727
210182
287497
195525
81539
204294
272264
206054
258984
216166
283561
186854
261832
206598
258888
192198
91235
290473
203046
252775
217415
287496
204966
259208
207879
305514
205031
295337
229831
259239
239303
279560
202598
249064
233255
274440
200486
320458
208038
302345
238855
308330
202279
308489
205062
293449
213670
297801
205126
78307
228103
262216
207782
291881
188198
262184
204326
91139
192742
281897
203302
318698
216839
275112
200134
89347
200262
288553
210342
260488
203814
313993
206118
233063
199750
244008
206022
290281
190086
270601
206311
295561
219015
285928
205958
292233
215654
256840
207367
308553
211943
287625
261384
261512
218054
319338
208742
95682
197638
277993
211367
302474
191622
266056
214214
297705
193638
107268
200806
307370
183205
249384
196550
275944
238087
91747
204871
283433
237255
304457
184390
250824
198726
278472
227239
266504
220615
252296
222599
278568
212230
289513
185957
259143
185445
253927
244808
291721
186310
262120
230375
277608
190246
260168
211815
299913
193990
249799
201030
263208
187270
107011
183142
286536
215783
286281
219751
97763
217127
257863
192038
255720
185478
244583
230119
295273
246024
217479
278120
195398
268041
222727
273512
189222
274921
216007
293225
215207
92355
215174
249479
199142
271848
193062
251303
260296
359787
194982
253576
183653
261544
215750
326602
203142
178373
207462
283689
231783
108899
203462
306474
204678
82786
213831
303145
188678
268552
187686
244679
176133
250695
190054
238055
184582
243111
242600
279081
177990
80963
194374
284200
222055
287529
187846
267976
222022
311146
179557
267688
313417
221670
252616
220007
288905
188262
82819
181157
234631
211366
99779
204102
242152
187430
304169
208806
269800
243719
88642
208903
322154
216071
288745
210599
83107
217959
277992
184678
252903
176325
85538
183045
232744
215398
343371
187686
241287
179653
78818
217478
270536
183141
239272
210663
298921
188998
84579
186118
241224
222439
83106
199814
93858
192838
240167
212454
240967
222151
271592
187717
232423
249000
229959
300137
195302
262408
224263
290217
182118
250728
217062
85314
207270
84547
185061
299689
232135
273929
218119
288617
192262
255528
221895
285385
184998
243271
215495
263720
185670
230343
221575
82850
204615
272137
220519
81347
188965
252007
220679
282056
185926
250567
185733
270344
183878
241351
254632
239495
280713
192614
247368
185413
87874
189638
309482
238887
266280
241799
332106
219239
298473
178726
244008
192070
278440
221767
273704
215271
287208
194310
255303
201510
99779
192902
284521
216743
299145
247304
193414
252648
215398
362892
186630
241447
215014
292425
188933
232679
216167
304809
204102
330762
181573
81730
174662
78306
165541
248711
160132
177638
124099
178597
216358
117315
575890
157508
269896
242728
172101
132868
151717
269256
142500
66882
181158
170405
122435
219527
233543
391308
208134
113155
230983
72610
264680
158981
68898
151109
189446
149765
182726
193638
149508
113347
239495
73154
162117
65090
162437
70146
164869
64450
262888
69954
223143
198022
213607
157125
213255
237512
241319
157509
223015
169253
218374
205350
210151
239175
245959
210086
228679
234919
84579
206983
233351
209222
320713
192390
326154
237799
276904
211911
329514
187942
312361
232711
265097
222055
84578
187398
269929
232263
87043
201030
271112
195494
256680
180485
310826
256552
294985
259272
298153
198310
310825
201158
248391
188933
241127
203687
253288
211174
89954
206310
291529
217639
262473
203654
252295
199206
275272
198758
250984
269257
273416
296169
311626
206599
304201
203270
94243
273929
95523
202406
290089
218630
263752
211622
291881
297129
261256
210470
293929
200230
241159
206759
289448
204134
239752
304841
256712
208358
85571
208134
293833
196038
311754
206278
283976
202854
243208
206726
290537
216039
269416
210471
277257
194822
296297
194182
278248
199366
147525
205190
297449
288200
204679
269096
202855
248935
202182
85314
206855
304554
211526
263400
206310
261128
208166
379340
194214
310506
206758
84995
205319
271944
285576
201446
253064
212038
273321
188070
286760
204838
253320
199303
287401
332906
251304
203399
277865
210343
299817
191654
260328
207110
92899
208423
290473
200166
93122
198982
304714
209223
255016
192454
273800
246407
286665
204294
249479
208518
300713
190086
249992
187749
77410
203591
350283
205670
81667
193158
259528
206310
293353
200711
277385
262216
298121
255048
280105
206406
298313
190246
246055
208102
292201
190534
90370
214182
286792
205158
289065
265800
87971
309065
184230
237800
214086
312233
202886
256360
208934
277640
202599
256296
199687
238887
206086
290409
198567
251848
213703
284360
354570
266152
219431
264968
202662
235975
240936
307082
206247
260872
200550
242824
236679
251080
210726
294441
198758
94243
196838
286024
224902
262760
278824
279305
209222
279208
221543
88899
216295
271272
210919
294313
192390
266345
199334
251592
188518
90403
225863
265768
205542
320842
244903
256904
233223
236615
210215
312106
230983
270504
209062
281961
210215
301161
194086
78498
193510
92611
201799
300937
193350
253800
203910
318730
237127
275272
242951
245575
208231
328842
198438
246760
202823
270792
203430
289161
208358
288520
192070
254888
203590
294473
199366
236295
203782
257960
206663
290089
200006
255656
191878
243815
198950
288969
192454
264904
207975
95427
198374
315946
222598
90818
194310
250952
205383
301065
205766
248168
205254
273225
221447
353002
208039
288713
207655
258664
211462
283976
191558
283241
196358
296937
191206
244008
206854
295977
189638
259752
203558
251848
199910
241255
196454
249608
210151
295145
193765
87107
205382
250311
195110
258312
203942
277737
217990
295369
210599
290632
203750
288585
216486
265257
207110
278793
208070
262568
185446
485231
215686
286441
232551
264585
192166
253928
189638
237063
185093
291113
204551
333547
227623
271048
215367
273256
204006
273993
197638
83650
224935
285385
477711
90947
116516
122563
249832
193030
323434
270889
272553
198310
344619
223142
271880
214598
269160
222118
300617
260200
310313
193606
93251
230343
298409
179205
253160
186150
235591
186278
311274
217863
272040
185542
308969
206918
269545
258407
186150
341739
214375
90690
189158
274664
206375
275305
185958
243399
177157
268168
192966
254600
210886
231911
255144
277864
231079
278408
178214
265800
191430
95107
184518
248488
318249
219910
270600
273577
333386
183430
331435
247752
283080
216039
276168
231591
185766
94723
200998
274600
224711
273480
211238
314538
198662
256232
191110
275561
228711
260136
246472
288425
240295
282536
226311
250152
214407
335818
190246
84258
217542
359083
193254
100899
204678
261224
213094
280873
186981
249256
191014
95043
186854
235175
267304
209414
302921
196486
246951
184773
243847
259400
220423
272393
236359
98659
197222
283209
226823
257192
240743
287816
213735
284808
260616
211910
272584
182853
311881
192774
237863
215591
278921
181542
244776
190950
81667
212486
319369
258248
242599
221126
267465
184037
244552
187013
268360
247176
190342
87587
191718
288265
260424
181094
255304
192965
285769
224263
269544
210758
244264
212934
302986
187141
251847
179013
103427
209318
285992
253000
265352
233607
266409
227303
255976
218535
274921
213126
294825
196966
101283
210118
331530
185414
246696
185766
274824
226663
316042
210918
316554
195238
241032
188677
91619
207718
297001
198886
254920
270600
192678
96739
211687
292841
191302
244743
193605
260424
191494
250824
217191
351275
188806
257480
190598
248104
215462
289513
261224
236423
201542
262760
217670
313866
202086
283529
199558
98243
208006
302857
187046
233159
184390
284137
228199
270792
211654
277352
194918
260552
211175
285033
178726
91074
186309
262280
193478
241512
193350
246631
215814
276360
191717
309321
195238
242696
189862
237352
212838
347434
190597
235719
208998
299754
183269
297737
188101
335818
245704
280361
197958
253512
187878
243335
209062
322826
206055
288905
196582
91043
206182
312746
199398
155621
207046
293513
199366
309449
228231
280969
231367
284457
204102
267656
216103
296489
185062
272392
195782
254632
180870
242024
240488
285513
194053
84738
212583
310442
195558
284649
214694
252040
232039
262600
225735
257991
229639
261768
240999
289577
209382
301961
193574
92707
181734
99171
294601
212230
282088
204998
248616
215078
283401
190566
261576
191814
252488
270440
251912
231015
263656
189093
245576
215335
266856
249128
245000
216871
266888
185062
273257
210951
301961
194918
253959
204390
265256
301929
223015
310665
212454
302506
216007
238151
188454
303498
259208
217063
292585
196038
98371
196550
296969
188677
85187
212455
90435
218759
125988
202822
296745
192166
293385
204390
268968
191366
250407
183141
251656
188037
85122
186566
242600
186918
227239
248008
89251
199559
247080
179109
270185
258504
243976
179206
86979
185573
232455
184197
348939
215655
250119
186150
88099
189382
230823
272072
180965
243560
252711
87331
202470
234631
212454
116740
188678
297161
211110
275689
266504
265736
233383
274281
176005
87235
175814
94979
197766
242952
292713
477198
213031
271080
227783
266856
190342
250151
236647
262696
234984
182789
242216
180134
229383
186118
118084
181189
298953
217062
293353
202759
260712
204038
260424
220743
269352
183749
137572
218982
100675
208327
242407
200454
83170
207782
251975
182949
321450
205766
391916
213287
258568
222022
280457
184166
247528
243911
287977
192262
245671
237223
277256
171366
248295
181669
88899
239528
81250
213703
240679
188582
84547
182566
327690
243240
208870
246983
359531
186182
146084
180069
77602
270408
158501
132452
135556
173477
116580
227815
172646
234247
324489
65634
145476
55970
150437
330570
166981
273609
272488
187398
218566
64738
149508
58050
133380
44481
109443
40001
95331
137700
236327
122948
117860
132740
91586
121284
155621
147876
149413
109603
51649
104643
153444
96291
135236
89698
276009
135684
88547
124132
53218
206694
236199
137253
61506
133988
161029
160356
163461
257768
66850
158917
66178
139076
172709
246375
207686
133860
198470
146629
123268
56417
67074
141797
172005
130948
60770
128644
190918
149829
65730
219206
342378
223335
233767
159493
325450
203334
242951
190853
240808
187942
83842
295817
95715
207334
251912
173157
216231
245703
293257
193382
229863
286217
269448
202278
258728
238759
279721
186886
236616
185734
250312
201862
238183
228551
248264
200230
374155
211175
265832
263944
284521
184293
253095
245511
264328
183078
245543
183846
323978
229543
115780
180614
255624
253255
96387
202630
243112
186085
309321
217063
300393
225223
270888
207142
277256
314634
211558
263912
177285
325865
204070
331435
183846
238311
181701
331978
212134
252456
176165
329898
199942
281768
216870
253992
178373
247464
176486
321673
204550
249032
177414
321962
201894
284649
211750
260232
184518
315082
200198
347787
246215
313769
221799
291529
222791
270792
206886
276201
191334
302441
215430
119940
217447
273256
234791
94563
203462
264264
227655
240616
188390
360843
206214
263304
218758
231655
184485
243912
185413
245576
186598
113956
185862
301993
246023
269704
188838
262952
188294
243656
283816
114883
196710
265288
200166
259592
189510
253031
277160
87619
202534
94499
271592
288361
205254
254152
192998
268649
268872
95427
212998
264136
192006
256168
133765
168485
156612
167301
126756
89539
252200
295913
221575
239559
214406
273928
191974
92003
273640
156997
73506
167109
176133
154372
116100
165573
124388
289801
304585
222022
169893
125540
137892
203846
157893
192549
124068
68770
179974
165189
218151
191494
244327
257096
253895
187622
246824
176518
261128
380492
230599
273992
189222
247688
428685
168517
297065
254088
181061
125540
581842
354635
192358
89027
464462
159013
20128
265640
678388
317866
228647
88163
554865
158501
213862
257960
585170
169669
224230
264584
205222
257063
186341
85699
622195
162629
228391
104835
634579
301225
444526
172870
209606
294121
453966
97699
218439
268649
191430
242055
178661
784920
221479
604306
226055
271816
211686
281545
387404
170725
84674
91203
474798
180870
227591
258792
240391
208838
301321
246408
261800
192709
257544
272168
186022
87907
204134
241799
228007
279817
206567
102115
211366
207622
193574
71010
154341
61378
275592
192837
91971
187045
250472
161957
307530
187494
258856
209446
203526
178694
196806
127716
282408
207878
128388
143973
189126
177637
142788
259208
168165
60962
138820
273160
154213
270921
205831
266696
155141
290089
193542
253928
153732
264425
249128
241255
176325
230663
182661
76802
185030
157477
189350
70498
191270
273033
192006
273128
189414
262824
189510
236935
201254
351019
235751
278185
266792
307465
196038
84418
194726
283849
229511
83043
194118
267880
250215
303914
192742
258568
214311
288713
189382
251880
195238
239848
188613
239304
243976
188742
284456
209862
309513
197574
255752
182598
108163
212007
301834
193990
302569
239431
257000
217959
278344
189317
243688
209991
298186
222023
90883
213478
289417
258408
248232
215366
272329
189221
87842
211943
271880
191686
292905
218887
287817
183078
81826
200102
264456
212998
283208
257352
238183
206918
86787
217446
248359
211526
287720
231400
207974
332075
195302
90339
208326
287529
240008
246567
84642
218342
257799
324426
259624
188966
279273
230823
279817
213703
265288
211206
298890
195910
251208
193222
260488
209798
287401
191078
249415
194342
256520
190982
250824
214887
291081
196582
253735
189541
133284
196870
270024
305481
243495
181574
267944
215975
278152
122244
56354
210342
210982
344971
209671
101379
212487
70435
142532
180582
197478
250952
179174
89314
195878
135940
244456
181893
150469
199334
132100
169509
84035
161797
231015
81891
559633
217446
233063
178214
91074
182150
334026
84610
135524
262696
305994
183397
239848
163909
271848
204486
270760
215431
284488
284233
221671
302730
182053
132964
58050
175974
46369
125316
94402
152101
40929
111651
158181
162405
189702
69378
143972
58018
111204
52129
115395
152293
107043
161253
211367
67554
148132
53602
209479
115843
160325
172229
143428
195686
125732
310122
223079
132164
167782
217063
73443
149764
55426
124996
124963
140549
187814
151013
211591
220647
92451
198247
116388
147909
194694
138020
185574
212519
290089
165413
217830
216230
212774
164485
221255
214023
275433
165861
77347
213542
232007
146884
745687
205222
196326
104227
198150
162437
91299
157061
119460
228839
356139
137925
134084
145061
106083
461070
162917
92258
435149
334954
260264
151428
122628
208486
63938
395692
230247
211366
330218
202726
306090
259720
288841
194598
86819
228743
241095
290889
225095
263400
211207
264040
224007
265800
210246
261960
224551
266280
210151
278984
208454
286793
185862
250248
184230
281000
199046
307273
220231
296713
215367
287145
191430
242311
177605
105252
198598
262217
247431
267209
234823
237287
256712
198886
262984
188326
272008
245095
266728
205831
250087
261096
285192
185670
254216
190054
234247
186374
241543
189606
247271
237991
276168
180134
263336
231495
292425
185990
230407
174566
82403
230855
265385
185317
232071
188870
241960
254216
252615
247720
214534
132772
196358
231208
230887
263848
181702
245320
223879
285257
176805
254984
223366
283561
173765
252904
187973
232647
228711
286409
189286
249800
222311
284616
181702
238375
218375
285481
188070
92419
182982
311210
211270
269736
230439
270280
222598
262120
238344
267688
212935
276777
216007
272744
194693
97859
193318
242055
184422
288905
226279
290217
214694
282121
191654
89411
178630
282409
191014
246439
176805
293193
261384
306793
214374
282184
186085
230791
174021
92547
240775
276968
243463
323562
212199
263336
185797
254344
223655
309993
186086
242407
181509
235911
174566
248679
183557
232775
224615
86819
252776
239687
247592
184294
251336
178502
249416
259560
275817
183557
274761
210118
296937
200967
264584
174118
248040
220390
256584
184070
248072
216999
336042
180453
274984
325418
294729
188454
104451
201958
273512
222983
273609
213958
266601
234791
273481
172134
251752
219143
276169
189094
258760
186021
193638
216999
280361
180741
87458
208071
294857
234120
227559
198214
290152
211302
353195
223942
238951
199559
285897
193766
233639
197670
88899
229479
301545
193990
248199
188101
345258
203750
243592
217511
232711
222342
316073
192070
245223
197510
241255
187590
318826
213703
94691
205126
312938
226375
114532
198790
276361
196806
240488
194118
312233
213894
260904
194854
247208
213798
287401
188549
264616
274537
257256
235431
230631
187110
279049
242727
266280
223111
84451
221734
264936
212359
252744
194278
247943
228551
303433
191078
236807
180517
86243
218279
270280
179334
240455
241959
181542
104835
192358
336138
231976
287112
208934
295913
212486
270440
245320
282568
183302
250568
185510
81794
182661
232616
222471
278056
212839
244488
178246
256520
184806
260136
188229
249096
226055
301225
318474
255528
213638
279816
229831
261352
240711
89667
199366
275849
221287
388652
180774
249415
185766
233319
184742
282504
223015
286249
178790
239143
220263
265768
187718
243400
187142
97571
201446
242055
220903
261352
182726
246151
216838
289481
175845
257640
190374
273352
185478
231239
189126
245672
223622
284233
191909
89699
192165
319146
260872
267944
218183
276584
201927
284009
191237
249800
179813
235495
223143
285353
184934
252167
191110
237384
186149
75587
221063
367212
187206
246215
224423
264456
189222
232615
200359
241127
202055
239624
195462
236904
218695
338378
198694
259176
200902
114660
192454
299785
225255
284489
196903
230439
214054
265800
204934
254824
187206
238183
215047
281609
196198
278056
197862
90787
192454
81827
204902
280521
207879
304810
202438
279112
189093
302089
221095
264488
228199
273128
229607
285288
193286
234791
225031
269448
176485
74339
211174
280041
192102
245383
179813
295049
218151
255080
183845
289449
263144
266824
214567
267208
189734
242632
202791
295817
218374
111235
187141
263176
187494
248968
244775
279753
174853
237703
211878
262984
205959
251399
200262
254536
229799
287753
202055
234535
200454
97379
215687
363052
195750
229703
193574
294665
218439
279849
198182
249671
192934
247112
184902
244039
186182
316426
238792
274664
231272
87331
222599
133764
213734
266792
326730
251976
199014
88067
196870
274793
212615
272424
204071
313610
207366
328394
197191
285065
205415
295529
205862
286409
209510
93699
198982
315274
237031
282121
207846
238983
209734
279048
204262
256328
207142
289737
205958
259368
199718
259176
196646
84194
279145
207015
292136
200294
88387
203111
300649
201510
263464
209223
260552
210183
292745
191590
244167
204294
242792
212071
300585
202599
92611
203430
280552
203718
266440
210310
293289
202630
257128
233287
297449
210822
268649
197830
300009
209542
240839
188870
270504
201190
300169
193414
253671
195526
287305
240007
280520
206374
283176
208615
263816
221319
247815
210791
280905
197894
90723
198182
313129
202918
91043
208487
249224
271112
204326
296201
198470
339819
196710
291849
205191
301545
200006
82403
203814
287721
234087
286344
198982
278856
218311
282729
204966
362027
210182
276937
275112
242344
189510
284328
246824
287529
222791
264904
206406
298153
203815
262792
205542
299017
201574
83682
198886
265352
193510
256584
204903
279624
189158
263240
207526
287464
190566
236711
205735
259272
205734
287753
187590
242696
192774
283656
232743
256680
248839
296649
204198
281576
228071
287657
202406
295305
257192
276296
245255
285225
202886
325642
207494
256936
193894
286505
209895
85443
210054
282024
214375
305353
209446
277289
202214
248616
205286
259752
201158
239527
199078
265032
195398
256680
199846
236679
209415
109764
229255
266760
209255
297673
243048
301609
206439
270121
229735
87683
188838
249223
197766
230023
126532
160485
152613
237608
193766
89378
211782
350922
257544
1028800
47074
448365
85955
138948
144420
117443
110691
236103
