165765
39649
33153
541488
73763
36065
29569
28513
43233
44033
30881
28801
26368
26273
27905
84802
35745
43201
75778
52449
25824
25216
90434
32097
25696
30913
46561
40193
91746
51137
43841
43010
43810
46177
32449
54498
24865
25665
27073
26145
28609
25729
47041
86114
8992
77186
67842
65026
28257
81218
68226
64194
25569
100195
77603
84546
66242
82275
191910
180997
69922
91587
81251
314026
36321
92515
70082
39745
58242
43457
36769
56513
32865
68066
39361
58178
40673
56770
63330
32065
27649
34081
65890
47585
36257
34049
65826
110212
30689
52449
43425
88802
37058
63522
31297
42082
36737
67522
36929
49250
37346
66818
63170
45730
34913
85475
39841
68290
43649
41409
35809
66210
64546
33153
30529
43106
92835
43649
35521
37986
32033
52225
67778
41505
69346
56961
37697
39105
47042
94531
9184
54241
36482
60449
45505
90498
8737
89923
26977
87778
37249
93635
35233
84227
36993
84866
31009
53122
25825
63329
81379
36801
33857
31841
132996
116483
51842
58498
100643
39681
67459
55905
40257
50370
97347
42497
82051
32609
58050
35297
104291
50722
86915
38209
32833
49697
34401
26945
33633
79266
40385
41186
35137
71362
53090
73250
53218
42913
94947
87235
52066
76066
39138
82978
36769
58466
30273
30816
28321
46881
33633
52257
47425
73539
36257
47362
73090
40129
64930
43233
37985
30529
27041
46689
94274
45473
59426
37377
81602
53026
42785
35457
58306
50785
89219
46881
43777
26849
97923
146597
40257
79011
70242
29697
59458
29184
100611
71842
36065
64226
32577
62369
50433
38274
31649
29057
59585
85314
7233
28513
59170
53153
84995
38114
80675
84643
73282
36450
55490
38049
52610
37665
117764
36897
51618
57378
42114
75586
104099
34241
96643
28993
50786
28545
60258
41057
74594
42241
67810
62818
36161
106884
49409
75906
52737
39265
81699
71394
68354
66594
69891
87587
34497
63810
40098
82627
51586
50338
29376
25889
33281
50305
71426
105572
37953
38049
28705
100260
88707
93763
54466
114980
45089
36097
41697
59554
51681
105667
46466
34658
37537
78594
34017
58530
36193
25696
53762
66146
40482
88994
37697
132356
110179
192966
317929
98627
203367
42434
40834
328586
102819
100419
87491
99811
113796
68866
109476
70562
115395
145956
123652
117027
93731
102596
100195
101060
206694
72770
106787
105155
112835
65090
407500
132516
110084
105923
99203
73954
82563
59553
38273
54690
62178
55458
49153
31329
44034
86147
69058
77410
42881
64642
34369
42337
33858
83459
29057
31489
75011
65890
29793
61122
73442
38401
82371
36578
36801
53378
46242
94499
79042
53537
95907
43137
72034
60866
62818
47425
79874
113315
57217
84387
85378
77059
52801
420172
74210
45570
75170
39010
111075
42913
56834
47842
35297
42530
81283
39010
64130
44002
79010
55234
50178
47521
46434
45026
94659
27585
57218
30337
57602
53250
58914
78435
92291
72770
42017
102947
50370
92002
87299
86050
40834
38913
57474
77507
78978
71938
50209
101699
49570
101283
51585
56162
77763
73762
75106
64450
106692
58690
101475
92707
90243
53889
84227
86339
75138
111299
88962
80866
88962
62338
43521
95011
16832
66594
58434
80450
73027
67234
89218
90018
51649
95235
47042
45697
38049
45345
38209
44545
39073
66946
98851
78307
64034
89635
51873
87746
51906
86339
97219
73603
59362
89218
58946
97955
79587
75139
40929
76034
55394
94466
72963
55874
72099
49538
55106
53538
46369
72418
81443
44577
99747
90659
64257
52770
98883
67650
92323
105027
111364
65442
57474
69058
63394
62242
58977
83459
84483
59297
134724
146597
99459
61922
64866
114340
63618
122371
73538
283497
61122
113668
59842
182214
52098
133700
62946
90627
64066
103075
63618
114755
14913
40706
73731
55873
69891
59522
80515
72898
71715
55297
102019
52065
77186
61250
72450
66498
99747
66978
56866
53698
53858
53377
46721
75811
88482
62946
92611
65506
65570
56354
87619
97283
90211
54530
52994
95203
84771
50785
117988
81539
115203
51169
230183
61282
55426
92707
98883
62594
54209
63778
82114
90883
121636
68578
46626
97699
98659
67490
57538
54114
96035
63394
51554
81730
64898
119108
100643
68354
67746
57506
103715
93411
91363
65378
149829
61538
48354
80066
117795
90371
66146
105988
91747
84771
57474
43329
68706
108132
95331
64194
50977
95715
86978
57666
108835
67490
98563
57058
99395
67202
127652
112035
103779
96355
86915
69634
60994
63394
94755
62402
92323
66594
57282
54273
114435
66850
44801
65858
59361
69314
56450
64738
68322
89411
103619
65506
65410
66370
53121
93250
75714
83714
64354
124804
63266
56098
65218
121444
72802
53250
100899
99395
95651
59266
163781
102787
494511
137380
92067
59586
53410
100003
57441
77539
133828
66690
96995
70818
230887
92547
111972
52706
56321
62658
86371
108451
67138
88386
63714
71778
56290
58626
70370
84515
53889
100835
60578
108291
89155
127076
76994
119747
68674
77762
96931
59426
76450
69730
63970
97123
84738
61154
64802
59746
56898
76610
100899
65442
52066
53474
97411
96675
91427
81219
91587
81538
122916
88323
111491
102083
93091
72834
115299
59554
54850
87522
87331
64258
83074
61666
43521
79203
123076
106627
61793
130948
66178
62881
54946
55202
64642
106723
53922
89634
166565
122308
86947
88771
92803
71810
113828
70402
119716
60770
55426
65634
55585
82658
87555
137188
97219
66210
54433
91586
115971
70274
56962
63970
57954
68675
51649
61730
127844
94723
65314
47042
93155
51106
88035
93635
59874
85570
62466
80162
67106
82499
132580
109059
89763
84834
69090
111044
69763
86787
102371
100195
68834
66466
68706
58402
49442
93443
95107
56897
107555
93091
89155
65986
83298
57378
43265
83427
76387
76931
74402
118915
69666
101956
99715
108739
98915
104131
54401
82307
70818
117252
54914
48129
70850
105859
54593
86435
75618
123619
102531
90851
63906
109475
59554
51106
70594
102947
52769
318314
65250
52994
71426
97123
100259
61186
89635
63298
101987
68898
60578
109411
93923
67298
116003
66082
49537
109252
102467
89219
100931
94691
68130
65282
98435
63362
108579
61794
62498
68322
56290
78690
82018
74274
62114
53954
67490
55618
89283
91075
53602
76578
84035
113027
66018
45601
53954
44609
107108
67618
53409
67330
47042
60322
88771
91426
88387
79266
103619
97347
85378
65090
113891
64930
59362
73154
56386
61538
110308
90274
96387
78627
98595
59362
122116
65858
92867
120547
96099
106211
74179
52386
65986
75938
101891
96675
65186
50210
101347
51970
77923
93954
91139
73282
126788
69314
42177
78466
85442
50626
116227
65666
52386
56993
59746
63938
61730
89827
88547
65858
65730
63714
104867
94114
71906
46690
81155
65090
57634
70434
56962
53858
45250
65762
129252
114531
101123
99971
61474
45025
67778
59490
101347
64962
52674
62882
51586
98915
67522
52993
60130
50818
101347
115587
64578
88642
104419
151844
58690
88611
90531
57314
78179
113380
97859
61666
109795
94627
68962
108868
93762
59842
62402
75522
116099
94275
90243
66018
53858
65186
55906
66082
128388
96163
81922
65954
59202
85699
83267
65474
83202
57666
49698
113379
64674
105827
67426
66658
67426
57954
100707
93794
53441
56034
65474
56001
64386
126404
56514
55842
55394
91426
61090
56546
95203
85826
86435
50530
65378
111364
99523
107715
102307
61826
56738
112036
72675
64194
98083
101475
65282
58753
64578
51265
68195
46529
98723
85795
55650
92803
93891
114116
100195
102467
67362
46721
93635
90243
72515
121124
83395
60929
81059
90755
89571
76003
112931
67907
118211
63810
53986
88611
87683
65186
112868
92483
103587
64866
115683
76002
94563
124004
85250
61761
53666
57890
121828
184133
89987
51650
121284
109539
98659
63362
81155
63554
109636
60674
49921
66018
86659
61154
86307
52930
40289
68066
56642
61058
39489
75714
54689
120740
64770
88066
64162
67842
60033
107331
66594
86947
91683
75171
78563
74019
94563
83586
61122
84419
60258
48610
80867
133701
66370
104291
67330
46401
95139
104228
61794
57442
61026
88035
54850
113284
81155
87458
50209
51105
119236
107875
55042
86467
63489
126787
84259
86243
65090
109763
84514
89987
81506
116611
96707
61410
111139
54593
55106
78818
92482
89827
89154
58529
100195
61602
146181
63618
65858
63362
49634
105379
105155
63522
52034
53570
54338
69218
53313
63234
68226
96067
94723
112068
96931
62946
132004
100579
102371
70627
65858
87618
72546
147397
92579
89827
72578
115908
56610
122404
61666
53666
104548
108292
92387
58562
96899
56802
81154
62946
67106
60706
62434
59170
119268
102179
102339
62946
52097
100291
99491
67714
55458
68066
141828
63650
64354
95523
96611
57826
96419
66754
55778
99683
48258
67010
56769
59938
44385
91683
110787
65250
81059
102371
90979
59906
51969
69410
54401
60642
131492
60706
55394
103780
74754
103939
102691
95491
100419
97059
67266
114339
68354
86915
95747
91074
73954
118307
95043
75874
91011
110275
92483
88579
71330
86723
88514
59746
50978
64610
95395
60194
126948
57794
44962
65378
51490
62882
50498
92643
86274
94274
81155
84099
137733
97891
63490
98563
65090
79138
111651
98019
64770
53986
58017
52193
67650
50657
96035
88130
59938
116452
64802
69634
65026
97859
70050
84386
92546
99267
63522
57762
65410
116228
81794
84451
83938
65122
53826
64610
55490
98051
65538
114628
122692
73955
55458
67074
110403
109283
73026
124580
67906
58594
91683
86530
55073
68578
66754
264104
61506
42529
59906
49025
66498
57378
59554
76130
106275
101187
91907
91266
68418
95074
58082
115076
74050
87139
74402
59874
53730
93794
86723
54978
47969
60770
54049
84291
58882
73506
66978
124196
92867
86755
71042
118403
82722
77346
63362
109988
55458
90339
63298
51489
94019
53986
94819
63938
55361
63490
53506
63554
53634
55554
48417
80003
153029
60258
55714
92675
78179
83203
66722
97283
107395
108164
57122
55298
100899
83331
135492
59042
105763
108131
88674
56193
45281
49953
42978
68994
58050
64898
54241
99683
116100
53442
83938
62242
55425
53985
105444
71394
56706
96355
104451
61890
117635
128836
65154
63970
64034
88899
108739
111363
51906
46689
61538
73602
37185
41697
47426
393740
65474
84482
65186
85923
85378
96867
83170
92835
37729
43169
32929
31649
75266
88611
49250
75523
43585
57794
64322
76098
94115
61698
61282
33057
66242
165125
82882
49346
98627
36514
39745
71138
96419
92867
82755
66626
103108
53154
94787
64002
63938
60066
83171
42242
73186
50497
72450
69250
77602
49826
57282
79395
55106
48226
43458
34049
57025
44417
42369
44193
56898
72354
88163
58114
51522
104484
67810
66914
114564
56994
80739
64610
62818
62978
80706
82915
45921
41409
44737
75330
97763
97507
51170
115268
51554
110499
15137
65730
54466
100003
99299
95587
86659
75875
83458
53122
124612
71939
44834
55041
103651
100963
88867
52449
91938
112483
91362
101635
82306
52866
112260
59042
95011
76579
74947
55106
49474
77250
78211
68770
92995
60546
108099
72258
114820
65890
52130
53569
49057
65794
57057
60002
52673
107011
84931
68770
57025
102243
78499
65058
106595
58817
51617
61890
83330
87842
93891
77667
117155
65538
48065
58850
53378
99075
85123
55522
68162
63138
83907
95395
86371
60002
50657
61058
125860
56673
151108
69890
57217
62818
64514
57890
115972
67938
121219
57313
50434
105956
101987
58273
87523
68994
98691
95619
101827
71874
108515
87139
67202
107075
63170
53377
211334
51458
153732
70499
104547
67522
109059
91874
81059
62786
89058
126148
105091
51457
125924
72706
80322
41985
36385
47457
63554
62530
61186
87235
112387
61986
126756
77314
103235
63170
120835
96131
122499
62945
85314
89699
79746
60962
327626
60514
96130
61570
93986
71650
64065
59906
49602
59394
64898
75362
47745
92675
63490
46274
60706
54561
63298
88675
63362
83107
63298
101667
95587
86275
83139
83299
91651
60482
70402
102179
104611
87395
55394
47138
51426
78946
53249
56897
60290
56802
59042
58818
62018
76226
59490
60578
57922
41505
102307
60898
57569
34945
100579
41377
95683
101572
41506
53090
42177
36225
43777
47586
80418
38849
70018
42401
69730
40001
69666
43553
38881
65602
57346
38817
93283
56770
45538
41281
68482
43746
108419
60129
40929
88162
40225
63329
87139
77058
40322
37793
43969
68482
40321
64962
39873
34433
44641
62529
39297
69186
65506
75842
36097
68130
44737
78210
61602
56802
35746
52066
40193
102563
66626
71970
37089
75395
66370
71778
36225
49602
70978
64546
113924
96227
50434
94627
74882
112772
39617
111363
42753
99299
92451
109795
63906
129732
522224
130724
17569
99523
87266
127043
106019
78915
61634
117988
92451
50337
48577
141893
76611
75363
100771
63393
55394
88835
89891
480110
140036
64642
56738
64450
48865
80226
64578
79683
62306
103107
90179
91234
71394
93219
140676
101827
89219
87331
131236
96643
89794
73218
78946
113955
93443
85667
118595
91107
62050
135428
65826
136164
116675
135557
74115
68226
63650
56546
54017
39714
62978
82178
121060
101571
62722
44610
111652
125540
56450
114980
71362
64674
106340
203911
64674
108163
82978
101667
70178
113443
74786
109924
100675
101123
63234
50114
94851
92387
88643
108227
64578
108899
280873
166278
69730
137252
91491
82435
89123
91235
62434
257896
79939
106531
62402
55778
257288
103587
57890
110755
72258
104003
93443
79875
62114
121028
92067
85667
146468
125252
18560
102243
120484
112579
107811
192837
69282
114308
223814
103780
65442
102755
154213
120004
250823
114244
63330
109731
92003
92322
195718
113763
98947
112643
65730
113828
94627
84002
53506
264648
68898
156132
68482
175973
69602
96547
136580
225159
76226
135812
80418
158181
72162
181061
74978
96195
72387
102979
96259
91107
200006
110691
111491
181094
64674
106339
64578
91523
110915
65602
65506
101027
64290
54305
90370
86883
58274
112964
91171
86626
50561
286633
110851
127108
92515
58017
198502
68514
163269
69442
62977
66530
192582
70594
96227
73314
219942
71170
99043
202374
131428
97891
191398
76226
67266
98595
89123
92003
78595
56642
142788
67298
136357
106820
114628
105219
91075
49377
89091
63010
55361
95907
97379
68674
65506
96227
60897
58050
64962
105572
92387
88291
47585
56065
66594
100131
94243
90594
59650
86019
114244
77090
101219
89187
50049
113636
100259
48514
52610
102660
61250
45473
123268
69410
78690
52449
317897
48930
60194
77378
99747
53825
49090
40577
49122
40674
87970
66754
109796
63714
147204
34081
95587
55745
110948
51586
59042
98787
48129
56002
47938
48418
41986
66210
64353
94115
46081
326346
110499
125123
97891
103171
45538
193926
108004
121956
51170
40609
91171
89922
144388
331691
104771
140132
143620
148836
286536
104067
146724
176741
99876
82690
96099
102147
158212
166181
128356
95458
107364
62338
376428
62274
87363
48034
98851
50882
51169
75907
53634
33057
102979
57634
44225
68802
59394
46754
49922
94339
38913
105700
52609
91650
42785
51649
74914
55681
38977
85538
37761
39841
44577
65698
38049
49569
44929
43809
59778
54562
38753
59746
51233
45121
69954
40930
76419
42114
67106
41345
97827
39649
63650
77410
76674
36385
63074
62402
47906
31841
67394
46242
44481
29985
35042
52354
44961
39137
86947
29793
34913
53793
84867
46753
93507
15937
58113
39073
110019
46914
48865
54466
65730
40034
82627
34049
53922
38113
33569
55330
42241
32481
53505
108099
64866
75010
48481
203302
40257
169445
104547
109347
138980
93251
107907
72259
96291
91074
105956
93507
64066
103747
179845
85602
65954
136548
71203
35586
43362
217767
134244
47490
94435
51713
137412
219558
115492
53090
108451
94115
86467
109156
117092
98787
95779
56738
130532
188198
89763
34081
94915
122243
97731
109604
132836
3852150
50689
37729
41793
32865
33793
45121
50146
43329
33889
143781
42913
44802
68803
42145
93795
47778
75715
68322
105955
85122
73474
65730
44577
102403
65570
106404
73218
49410
81762
42561
98499
97507
76738
67106
102179
54369
57986
98691
80547
44962
57154
55330
122915
53474
47681
54882
115684
51586
57346
93987
84995
44194
47969
42561
93955
49249
66786
59042
102275
73027
77315
50882
105187
99331
104163
59810
121028
59298
114755
55650
49857
48450
47778
43106
41057
51841
85218
58913
59649
50945
52098
65986
104451
45441
101315
55650
55809
46562
108707
97251
73698
64226
118083
62178
101219
105251
105155
83587
99715
58498
98787
65314
113540
62817
50049
50881
96451
60258
44481
79074
69603
66434
55297
102947
97571
89443
56961
120324
52385
49442
47457
53889
62818
119140
67906
64002
63266
76387
53250
70146
42178
35169
70818
65442
78402
91458
55170
51777
64194
119395
96739
92291
55906
115843
85699
121444
97827
105092
67938
125892
61186
51394
96515
101379
99779
93602
56609
119268
65346
119780
63010
53410
61282
90563
87939
100451
73411
89091
64034
119460
57954
106307
66659
54305
48962
51266
55554
47138
83778
63010
90211
58434
104099
92131
105411
59138
52769
61154
51202
94242
97571
56354
45954
46657
115012
90723
91267
74595
76098
56802
60034
66338
49025
57313
49441
52129
45121
93187
58370
76130
62626
54978
88419
90402
55361
134244
66178
52417
77570
61378
67458
96483
94595
52833
72387
81795
122243
84067
78466
64098
121604
66050
49345
69250
108228
103491
102979
63073
59394
58049
49218
60450
47458
87683
105443
66882
122404
76291
72354
104675
106051
64674
79875
65858
63362
53025
48418
99811
90851
48897
47266
58593
61826
59906
84547
158565
107268
58722
91267
68930
112324
74370
63202
61442
44321
68674
103363
82467
90787
92771
105987
86979
58466
128964
53954
92259
91779
84739
87427
83395
62914
310858
110659
78210
47425
99779
47266
114052
36193
58658
103587
77474
40097
60705
58274
100291
36417
69218
63874
55138
62914
110372
46850
39073
41985
57089
88226
85987
61346
107043
146564
72930
297193
51841
111236
77346
134340
122692
56642
97795
66818
107684
83522
70882
89538
82338
437485
75939
100963
45442
104643
78946
55234
56065
85667
50242
94883
104579
95842
45185
104995
47938
78242
84226
65218
253128
291561
159493
218118
144516
119043
189606
185349
131588
120228
155557
145029
154117
276649
117924
95491
177414
150212
210790
118212
139557
136709
173893
130788
127844
194725
213863
162469
128484
111108
142852
141860
158277
118468
131140
110084
183910
146213
285192
108099
88578
84995
85154
128068
72578
112804
52578
54881
121828
63682
58242
64450
87523
60994
72067
57506
79203
60962
52673
57378
53890
132612
68738
66690
94979
70050
156901
59777
92835
61890
57826
60866
54242
104035
101763
57985
55009
59298
45217
61538
91779
67554
52738
56226
90307
63394
44993
62498
130596
62274
53858
47425
103715
68258
52161
64290
54370
58273
154789
90051
66306
98467
62050
68994
55778
111523
55842
107235
61058
59330
57122
55650
86594
119492
67106
127620
53249
54785
60290
49441
93699
121060
65154
47586
115044
63266
62946
59234
40289
105219
99619
60033
54082
48545
383692
63234
95267
87874
116804
67074
54145
56834
49250
51138
118660
59906
110851
97795
58498
51361
87011
138372
64578
52642
126435
90563
79490
119460
62402
85603
77794
89251
80194
145189
83362
88002
59489
47586
107843
95971
57121
49729
85251
268297
65442
121219
62818
118756
61954
46946
88739
83011
68802
82083
53985
50338
82850
78722
131012
90403
136485
68418
95299
61218
53378
52033
115683
49058
54818
112772
91779
83810
81699
111811
63810
104547
91235
81923
71426
112324
64194
130916
54817
55330
85314
81346
64738
96002
77826
83170
62946
87907
141540
69410
67746
115620
59170
133956
46593
90659
56641
70914
60162
53665
55201
76931
58402
104963
68642
89186
55906
47137
58370
117636
70211
49410
60769
126532
61026
94147
69410
125476
64514
49602
54786
82307
60129
52450
129636
102339
84066
83426
62626
112548
63650
82659
61890
85283
66146
71746
56322
77666
123235
104964
64290
101507
69218
122371
62306
98851
54818
78082
52130
131172
58978
91875
64290
57282
59138
55201
105027
86179
64002
46849
63810
123012
89251
74274
134629
94242
91203
82914
71011
114532
66114
94659
76578
84514
64674
115748
61058
49313
54817
101731
85251
62625
92611
98435
61922
54146
60066
96003
67618
103363
90883
66786
112100
66274
56962
94083
89827
91811
59425
113380
76162
99011
93667
85122
80003
61122
111523
65794
112772
88099
83171
65698
122755
68802
94371
84514
83970
66530
82498
118980
106563
60994
136676
70338
118948
52449
56290
66946
53281
94659
75650
54210
92451
92355
98819
58785
94403
219654
104867
65858
96547
96130
54497
65282
63554
64802
92259
101507
66594
64034
62242
119300
107108
102755
199271
90402
64354
106531
61666
55234
75618
96547
64098
57281
64962
49697
105699
92386
78562
84226
78434
110979
93891
83843
54082
110756
95843
76547
86371
69634
90306
84067
78434
118052
68578
121988
92387
88739
59969
109955
56162
59746
66914
60386
96579
90179
80770
49538
94883
96035
83042
77443
139333
68610
59202
66946
90659
89090
90915
72226
64578
95395
64258
55586
78658
92003
58530
122980
79651
94755
76258
65122
114083
123524
103460
59553
119812
68898
82915
88322
104931
66594
122596
77954
56161
68194
84002
103075
96547
67010
61058
61122
59810
66434
108387
75266
59138
119843
98819
90146
64418
113379
50466
40257
63457
52098
70307
58690
62434
82434
78882
57057
56514
114148
104099
65890
60098
62658
47137
69954
110500
104835
84227
73667
129796
55169
89890
85602
93283
108387
116868
58562
54658
65314
61346
63970
48545
90499
113187
70530
100611
59618
92291
64258
52802
63106
104452
65154
126500
58754
100196
64354
81827
88131
63298
48930
66338
41249
65890
51874
67266
81731
94531
112099
61570
47906
69602
61154
56546
120516
91683
84578
65666
111780
93475
82851
76355
95971
72450
111492
91779
59426
43937
88770
86947
81026
66371
103587
147396
100931
102371
101123
64226
115267
68258
52353
60546
42593
64226
81379
52962
75874
63394
136516
85122
90691
99907
82562
73443
116772
70242
108355
88642
65698
47649
66114
57986
107875
111203
98243
106180
64482
118884
61794
52706
102211
55809
53153
97155
66050
61794
66722
85219
85986
89987
65250
126019
69379
118820
58881
55298
59330
91331
223399
65282
88995
102755
100675
60290
131844
69538
60482
81922
50017
97987
104772
98595
105155
58722
94659
91683
57794
130340
79394
109763
90915
91779
54785
67874
57986
63842
62626
56706
61890
120131
70274
58338
53954
112484
65666
43649
68578
52898
65026
62434
54882
128580
123204
57762
94723
143588
61122
85283
63778
43777
101251
89954
83490
55362
79395
86467
47457
83778
76674
58177
69314
99459
82178
77922
94658
80227
65410
57506
62178
120484
55778
47201
72130
99555
117860
71810
60418
65154
51714
104707
89506
94915
54946
127780
85730
81507
65378
106340
73890
122116
66082
55650
60386
56610
61826
121668
98435
90563
92387
64386
109892
162693
77154
103971
64674
110115
95971
63938
67842
57826
89251
52929
66562
69026
48385
65378
56033
98083
70722
98339
92771
80802
63778
64418
60929
94435
60898
126756
55906
56002
87426
84354
59938
85923
65058
86914
97923
103779
64994
122980
94627
98403
72386
85218
87555
84643
82787
64642
152165
58370
92803
161637
113667
64642
120484
64738
57634
98979
83778
102531
63874
121667
94819
69154
60098
97635
91587
58786
52162
53922
54498
72354
53026
79010
110211
69794
174661
152677
66914
119428
102691
97827
63298
64386
61154
83554
65442
108163
59490
59585
63618
58274
54242
53154
66306
60002
96803
59394
47906
96931
89538
58914
59650
62242
56546
89475
69410
115203
111395
88771
90211
64610
116388
136708
125508
64002
57090
93731
69090
47650
62242
58433
65090
134724
94883
88611
56354
56546
81475
72418
97379
60930
82659
78147
88835
76547
63426
118404
76803
111108
91043
88611
85123
118020
96003
63138
124964
67810
88611
101924
103235
66850
61922
89539
77923
52866
92483
63586
87043
66530
62433
59297
90211
90659
74914
112995
69890
107203
61474
43074
69730
112899
107076
108515
63585
109123
55842
103875
59010
122628
110019
104515
69346
49186
66050
99939
88451
75811
67074
51649
65218
57506
64514
78211
242727
92195
78146
92291
90051
59553
112739
79651
112932
92643
94211
82883
78850
88931
77474
114596
69986
110659
88802
85411
62754
95747
66274
145861
66466
56002
66210
57633
114467
71651
49281
62626
92227
95235
86403
52578
96515
72291
114851
61922
56322
67938
55458
112196
104388
65762
123204
55970
46146
98083
61153
57570
106308
122692
96419
93571
89475
83075
55010
112835
65858
76963
66978
54978
55713
130564
58370
108195
68546
56578
107907
128164
59522
49474
85315
82723
64738
87650
66498
62242
61154
52641
85795
90083
63714
93699
84610
112451
68834
94563
66530
129028
97411
58914
95842
85699
78178
125155
109700
88226
56801
109699
93219
61474
48514
75906
60226
65634
129348
66562
59810
69218
83779
89667
62754
101155
55458
157573
62402
120292
92162
112451
70434
111268
69602
88803
97635
52002
88578
52673
92355
64322
120580
91331
60098
61858
82691
66211
74562
100163
68930
64482
54146
122308
60514
60642
58114
99236
56577
42305
67010
56193
56450
45057
66306
55170
110627
102307
90467
67170
133764
70178
98979
111107
65250
55362
91811
110275
72546
126628
58594
71650
61890
52226
53314
52706
61890
64706
72482
57889
107715
62562
54626
84675
70274
96643
92355
94498
66818
116099
60898
55618
65730
115012
96803
100580
59906
101379
64226
54434
60482
43106
82562
71395
76002
60450
111619
110628
114147
67170
57346
66434
54402
62242
55426
72578
127620
190118
91715
57826
112291
67010
76931
60386
64322
60610
50818
102563
86819
56610
53025
69858
56514
96675
60450
49537
94947
87842
78690
105635
63618
55394
64578
66274
90595
115684
98787
107716
90659
67138
49730
58530
50530
98947
59298
57570
54849
51649
62434
53857
67746
85667
81026
66530
52449
90499
77730
55586
86947
91747
89891
82915
75875
107683
68290
115716
58786
133253
63266
56642
58497
57794
66050
82242
112387
63586
91107
74115
123524
96771
71650
59842
55170
81859
90979
80003
119844
83011
84675
65570
98243
60738
137284
62497
111108
95427
86083
64514
108388
93251
115587
63714
55169
65218
78787
104004
59234
51714
92195
91683
76802
145093
68451
112483
101123
72290
86307
96547
52257
62690
70978
141477
69730
112099
90626
85827
59906
116803
79138
90499
60801
85666
63618
47969
91683
91107
60610
113187
124356
106403
87395
90531
81218
56610
511920
68642
133348
61954
56738
66050
51617
91235
87874
60513
113763
52417
84291
93507
91042
82307
141284
99299
77794
64610
54274
65282
53697
71810
71810
93507
77602
59265
97219
94019
84258
59746
80099
95683
82530
55106
46594
61954
80802
114691
110883
84355
61026
109635
60450
47713
94115
75522
125732
64610
87171
64738
89507
83395
62530
92483
65122
86339
50498
73314
102691
97123
89091
78307
59170
111748
69090
129060
63714
118051
70338
51106
62498
43745
66274
57858
59074
128676
60898
63490
103267
113123
72258
89539
92419
89315
113411
68450
54178
65666
51745
89923
84515
56129
52673
92738
60066
56001
58946
61697
72066
55618
67458
55969
100035
105060
64225
63490
73154
123427
52290
52449
104676
92451
50753
123332
64610
53442
98019
106403
62530
130340
72386
67298
54850
56930
72546
82178
65026
59042
57570
47490
98371
58690
89923
62594
97987
99299
206471
115172
66594
99812
64162
87939
64834
131108
102947
63810
52162
75394
56674
74146
93379
65186
81730
64642
48353
69090
47905
69698
51746
58754
123204
66338
129188
74690
119428
73282
45313
62978
91139
55010
80547
57794
56450
101827
90211
85603
63106
104675
87139
122468
96035
56162
46561
95555
61314
112995
63426
79747
62178
113316
73410
61058
56257
57346
73859
93283
62690
85891
85763
82562
91395
69314
78370
119108
68450
102275
80130
64898
127588
125508
72130
64194
54913
50913
97891
111043
65154
118340
64802
63585
54402
50145
61730
95555
67874
108196
110883
112292
64578
105539
95619
101347
72098
91587
93539
56801
47905
59170
55138
93859
114660
63490
51649
64642
118148
65154
64418
55617
42433
93315
108259
64386
47074
117347
91459
59650
42945
113347
95651
84066
77827
68482
124451
59522
91107
65538
80163
59617
77218
50562
38273
80226
79682
130788
89250
83235
48257
60066
116324
98275
52866
129060
75330
114339
58722
96675
51074
43842
57633
73186
48642
50721
89507
138404
68226
54913
59457
76835
49921
124516
119300
103235
64770
128836
46210
46593
114980
68258
79587
58754
54626
51969
49153
61730
49570
114531
99843
48674
41313
104932
85315
49281
52802
119843
103011
46402
53474
62882
116932
61666
77186
48129
40065
81923
92035
55169
46337
81954
115491
58146
118916
58498
47458
61345
54145
52418
81506
59906
115364
85795
113252
58754
85442
130340
67874
73410
88259
64194
49762
59810
45346
84770
82435
85827
112292
63361
95939
69090
51905
58081
63714
55362
60322
48834
78243
119811
164677
49986
63810
54946
49890
67235
54402
35361
70018
99587
54593
51906
130276
48513
112132
44129
50338
42401
59073
40801
58498
40322
82978
44993
117059
23905
65314
43393
95939
54722
37377
29537
42241
55106
39201
34817
59394
35265
37921
57313
96483
66562
223334
66274
106755
43458
50689
43137
86690
46433
55969
38689
34369
87427
41090
92707
43585
123460
169029
80162
92867
91203
136292
90658
57538
171782
102979
9888
65282
48769
34657
86147
60962
75746
45793
36769
33889
73475
92323
44769
85635
65922
81667
74818
38113
127332
37793
45569
38690
54721
38209
195462
56322
74370
72450
64578
45666
98787
125092
79618
42145
85954
79458
36289
95171
32897
86435
40129
31777
37825
118532
47777
69122
51010
45858
43137
41090
51201
39649
54658
107588
68547
64354
38721
40162
54370
44929
75874
65986
47905
98211
88611
68898
38465
62690
51457
100707
40450
37473
37250
32161
41506
34305
46945
72355
47969
74882
37442
32065
84610
42657
39266
77251
43234
93283
42113
69186
64802
57922
44609
70018
83107
81698
51202
97219
49857
93314
65058
75874
120515
82690
56833
100835
45634
65282
40513
59682
41282
58850
69442
95107
37090
47681
31265
48994
32961
90691
15744
99939
40609
57250
58530
56225
65602
104228
45409
70242
53634
57025
344138
99299
42497
68706
55073
104803
44866
90627
43297
287144
94435
81986
45890
57250
47841
100323
46017
65538
42849
52769
39969
357579
74786
65634
62338
48290
286793
119619
75266
50626
44641
42273
98947
72130
40129
45314
38593
45026
114659
55362
111363
66850
67874
68418
100835
49057
72002
64994
68162
71267
117476
74275
64738
51553
95491
69826
48769
77442
43969
59298
111203
75650
39585
57922
97027
81442
45953
81346
49794
73698
49121
58402
56290
49410
58561
109283
52193
51714
83778
77858
51777
91331
51265
113444
55074
52034
59490
44321
52193
87010
67459
104387
53826
103844
50914
63618
49441
68194
49474
101059
42913
88355
106211
77410
117507
70339
80738
97795
99043
60290
75586
87234
82851
112708
87363
61090
64770
56578
50242
62114
88483
97891
105795
67811
48321
63202
75587
101731
110724
69794
64066
99011
106435
72354
120356
65986
51713
61378
39905
75618
115108
66306
51298
55042
48546
89763
80834
105059
97314
61954
70338
55266
51490
70211
102627
112323
48609
76195
66306
107492
50402
52834
54946
48642
55554
56001
57986
56450
68418
137220
66626
122499
60289
58241
59330
52866
63810
85891
94275
86562
132164
115907
101187
64930
126116
67394
56834
53922
97347
60994
48482
52898
196390
64898
107812
53698
151269
92098
89378
59554
91266
117764
108771
50497
58594
115939
69250
59810
115683
96451
103491
68002
98211
62018
66786
60545
51841
93987
113732
95107
101667
63746
52546
58434
50018
58050
50081
75842
62402
118852
53186
59874
57890
54242
53218
51969
86626
106659
54626
50977
58370
43490
74722
132004
53634
45057
79810
60578
86371
55554
47074
69987
107907
55170
42177
85762
78946
72962
124707
85986
84515
62626
109219
46626
76515
65186
48993
60162
52226
59170
71938
60482
77187
61698
122276
58114
118660
50113
51137
90627
106564
103683
78338
56065
90595
59202
49154
89986
50305
121379
69186
54753
60450
90691
58658
50434
89955
100707
58977
83011
75842
111076
61634
114083
117380
110275
52226
85602
63970
118564
78819
88227
56865
42242
76322
80739
64034
74274
128195
69282
48802
55649
51905
52193
90563
56386
48705
111811
66658
54626
61282
133796
56546
49346
62242
67650
54369
109924
65282
92514
89283
77506
137189
98179
89923
86883
74498
122276
65538
99395
109155
100324
58914
55298
61762
92739
53729
38881
53185
102435
104836
103619
68130
94403
58594
49825
83363
84835
80867
126916
62818
112836
56258
50177
78275
107908
59650
75842
81026
82467
57570
42273
122531
106307
49762
87139
74914
87171
62306
118435
53538
54273
82498
83907
52833
81571
59970
120484
61218
131684
62530
70114
51489
45249
59682
60258
77378
84419
46658
49442
78082
114660
85571
89091
58530
126884
132964
101315
84931
73282
80739
61634
76547
157061
54017
89667
119364
70466
53186
52257
85347
70978
117699
81826
73090
54177
115812
80195
80386
125251
108100
51010
53345
73411
121348
75426
76771
48289
52770
115139
63074
87939
87714
115844
69379
87011
47970
43969
73986
106563
63458
47169
83714
72258
71746
85442
79555
62242
111844
155877
104355
49889
50081
115204
67266
55298
50177
107171
120772
102019
68994
87811
61058
76355
66242
105315
62690
54145
110499
54690
93123
75010
132772
63202
96355
106692
65698
64802
58945
65858
115588
98787
54946
47937
115396
102372
66626
121827
95555
98595
59746
50337
67010
53346
58465
64994
54305
95491
93411
53665
51682
51233
43906
85219
91362
107300
125540
92579
92258
49506
81539
82946
49570
81890
114084
113251
52898
50817
66306
56129
51553
50466
65218
66434
62049
47330
71426
93250
85443
56610
56002
76322
94851
83106
54242
108867
64834
76099
64770
92163
95843
122244
71330
88483
66818
91779
53249
72834
53250
54401
66466
52386
89635
102883
119844
85442
48449
65666
56385
62530
49185
57154
70114
112835
57698
52001
56898
76194
102115
65218
43650
94179
90819
62530
233383
104195
52514
91203
90531
63970
88515
82595
83523
63298
123428
95939
59138
45218
58114
56802
93315
88771
64418
110851
128292
75074
107140
100259
69474
120195
65666
85859
64034
101635
59522
86563
59106
54658
54306
54722
56034
43041
61538
62754
113475
70819
62241
95203
72866
129860
66050
54306
86370
51906
60354
56322
93475
55138
88995
58817
49537
100195
101379
67714
56930
68002
118179
93379
102083
62146
66946
100547
60066
103555
118180
111716
68418
110820
74307
64354
64546
53730
101155
105123
66722
112388
96931
56866
56994
95075
91779
60258
81506
62850
42497
130372
102755
87426
70466
71298
112035
89827
70594
92835
116356
70370
122180
63618
93635
98051
104771
62978
128580
183622
98819
70114
48641
60098
107331
67554
49890
59617
89795
89635
88323
55682
116580
83746
120932
81699
89635
52290
61666
55554
55266
51905
49089
63265
94531
125188
96931
63906
51649
54274
53921
94114
91939
61154
62210
107268
100035
88515
92899
64066
102691
62722
104068
93155
101347
90306
67650
50146
66690
49730
96643
91010
58721
41729
62946
79459
99395
99523
61730
129380
106948
60354
53921
54689
93859
92259
85730
71394
83330
78850
75074
48258
52002
84610
88611
83683
62241
95555
133668
70338
102595
67426
115971
94371
89539
116868
100323
59138
98115
67458
55394
86243
63298
50434
52417
112547
63041
52993
60290
99939
60130
97603
59330
75138
80899
75106
88963
48225
84226
73218
114915
54594
136708
113892
100003
62114
84835
56034
50145
64898
107907
88483
108931
66211
122084
68002
122083
83042
113316
63298
51137
122180
83202
82979
100675
70658
91235
83234
62306
81987
88386
92483
128836
63266
53921
86338
112100
70050
91619
88835
42850
75490
85634
88034
52737
49730
88770
74435
52929
109347
73506
85251
82883
59874
116068
62850
80483
78402
81730
62050
83138
82659
120580
84675
55425
68226
62114
104996
66754
60226
62850
43777
99875
101635
62402
57410
106339
51522
118659
61697
96035
57154
51553
54369
49122
112131
107043
52033
58402
51457
46625
79650
96355
90275
92195
62721
94467
86083
88291
72962
121091
81090
61986
110467
59777
97251
60545
46721
83714
85282
51554
124355
65634
93091
57889
47873
59361
54114
51169
44193
63810
80898
131940
99588
62466
53026
83874
70338
96387
54401
90083
54338
56418
73411
111300
14017
57057
59617
49186
102148
55842
56994
57794
49954
100483
60770
83747
65762
51105
92035
119876
69602
86051
54946
61666
67298
88867
66210
122820
104611
60226
66754
65122
95267
101123
61186
55138
65346
45569
69890
106499
97155
59010
98243
61026
57058
52546
88835
64322
53377
87875
64418
86403
110595
60802
63873
107236
68098
128356
58818
56802
94595
84419
63138
111299
87170
78082
60002
77858
91907
73346
51298
125635
71203
53441
56482
63169
67650
100355
60226
52418
56162
83234
54498
227143
61410
129636
97827
67042
51265
68770
90083
85154
140740
64578
77699
104515
51874
61730
104675
94466
73667
119811
95971
74466
65442
119780
96642
76387
83843
55137
129796
69347
51841
106435
110883
57985
50210
64866
113507
54434
49090
63906
71714
86147
74114
60802
112227
65794
57474
56097
54722
75810
131012
55233
41858
63394
89187
63265
46786
109635
74275
67170
51265
104708
56353
47937
61474
87107
78434
113220
69218
101539
90466
74082
56225
56385
101283
103108
106307
66114
94787
93155
126116
74339
105123
108131
74498
101091
65602
118468
92387
89635
60514
52642
64802
81538
85539
55489
111971
60866
55074
54370
86434
120132
132452
62882
94467
61922
114979
95907
55330
47554
90179
58018
87906
83042
115811
63457
53570
58274
40257
77699
85763
158116
71554
123363
62401
91907
62690
121156
94434
56706
82946
85122
87875
50849
121955
118819
48769
122371
117188
110115
64066
93922
56737
63970
58626
51138
70466
113379
43937
44162
111364
104483
54594
87747
58690
116996
55170
58402
63490
113636
86466
60801
46369
77155
122147
95843
89762
57570
50850
55617
56865
68098
56258
54433
91267
57506
53537
49474
48449
64770
120612
66946
62114
67362
99971
62914
55074
114404
107716
67298
87458
61282
52354
65890
57058
66754
62082
69602
91075
315754
69762
62306
62242
46114
64642
108995
61570
69410
96867
87203
53889
68098
69602
58018
49666
85955
65538
159717
68802
65122
79267
81442
60162
115364
53762
80002
47105
87618
111428
109059
47041
112932
70754
135237
55233
47201
67010
85538
57186
83363
52545
56513
84195
108611
74562
130308
161925
65794
62402
59362
59874
123492
56866
85091
103331
86850
84258
84963
67298
114499
73443
94435
85219
76514
61026
130116
66530
94402
81314
54145
98819
85251
64130
56866
58434
55201
56002
57378
95619
68258
53986
54114
54754
117028
57986
65858
54434
56866
53057
105796
104099
58370
47041
70210
81763
57986
48834
89443
81986
67234
118852
125508
98915
172294
55106
73123
111268
90211
61474
66082
57505
114308
77346
78114
95106
78531
76258
117059
92194
86243
56001
91235
63809
81346
107907
74082
65634
96067
51618
82818
73027
94019
55297
118851
64610
82595
108355
68162
50146
63682
107395
76867
65154
55074
105827
115459
96931
63010
62370
63426
142020
60706
56674
61250
53026
50754
116835
98115
71010
88834
91235
57058
118244
331147
100451
93027
60802
119044
72994
118084
93283
90435
51361
46561
59714
117124
88771
91555
97731
101827
65570
86306
91843
67234
59202
92483
59682
54017
62114
109251
59681
56353
90755
86978
79074
113284
54274
73090
94211
83074
87267
89347
77443
114755
63874
57249
59586
52738
100451
80034
153477
111011
85346
89891
74690
104547
62818
54914
64418
111683
65314
63906
101028
228423
109219
98947
64482
124260
68194
57025
61762
47009
55426
110691
86051
104483
65122
58466
63137
49794
66274
63618
59938
47649
92515
86915
60802
114084
76355
57122
62338
48130
63330
90115
125060
70594
61154
96611
97539
98787
65602
102500
69986
93251
54594
109091
100643
93315
72706
62082
92771
94755
63810
82306
89699
114564
96546
93411
50145
45761
97059
99011
60866
53538
64738
116835
57058
49601
90883
163493
78147
113828
13857
50082
116132
98628
48353
57282
61153
52418
57346
83683
59489
94403
59106
113188
60385
54049
70850
39233
61570
53441
66018
122371
86082
78082
53729
54594
81987
83362
92835
114308
61314
84450
58561
39553
72162
77923
86434
69570
57665
119236
54210
84035
52770
50018
57826
45794
80418
128708
64898
83714
62242
84034
52834
42849
72034
84451
49473
50242
55586
117924
64674
50529
63938
127268
100899
95235
68482
119715
63810
74850
100131
92963
56993
48258
49665
67586
55330
81859
52866
66178
59298
57858
57377
50369
84451
105923
61346
85506
49826
333099
59778
61890
111875
99875
112964
64226
80450
59618
123268
66050
87875
49665
46946
40417
87011
44961
86338
49665
48802
39329
103171
44929
62529
43649
36993
125476
134788
53345
56705
67234
59234
53634
56098
49186
51041
54561
48386
40417
84098
53762
45442
37089
40353
38689
112100
51778
64354
45505
104451
50177
83331
49249
65442
39329
41570
62370
114275
36321
35937
38146
44161
50722
39361
115460
50626
44993
40385
90915
40065
95843
47393
62530
38913
52577
44066
76451
44257
87555
44098
60162
39265
59490
109763
77123
42881
57506
36065
128164
38018
57954
113636
38625
120867
41538
99044
56226
48386
33313
62114
33761
56706
45506
116195
39426
93027
41761
469135
41601
53186
34593
103075
115555
40097
55489
51585
44129
46465
43170
34498
84514
113604
57986
39649
50754
31201
110244
42593
96227
43457
302985
57218
99715
44673
35265
32833
89219
40449
108771
41313
114435
93795
89603
39009
90979
49026
50913
48577
41986
74210
105795
101859
47969
92323
56770
56322
57249
56386
118180
46337
61250
49890
51522
43265
48770
32897
36417
38690
110499
50274
58786
31393
36001
60930
55490
63778
49666
42657
79554
38594
35777
39809
97187
99299
88866
42785
45634
56706
55970
61346
40769
85283
127044
81187
64802
123492
52193
73090
43681
69858
34273
92291
41601
107587
67778
98851
63138
75042
42369
27425
58274
51042
100931
48322
63938
62402
66722
48609
44322
50050
44642
86083
79906
44353
283593
55841
74402
61090
74435
90467
77570
53410
53921
55714
79875
84387
81987
64386
60386
88067
84771
55553
76803
57602
125316
67490
59234
60833
95843
68002
54594
78594
69122
54690
86723
125572
102467
59234
121284
107171
65538
92707
66338
61922
87939
102500
59170
48162
52130
44865
65122
111652
126756
85186
53153
107107
62530
50882
53666
52066
74627
93411
57602
53282
62946
99491
60802
120131
63586
89794
70818
140676
14656
77346
47650
87459
110723
96995
59138
95011
63682
53985
60418
45569
85122
97987
66978
80482
47426
89858
82434
113028
14336
77250
60194
473135
74915
77891
52737
66882
66466
52514
51905
65538
104003
93795
70755
60610
102659
88803
88963
56385
100163
91554
137413
79875
47938
120867
90531
78819
62050
103331
62242
47041
125252
97123
60418
120772
84738
64674
134308
54498
126852
91907
115076
69378
96483
68451
97219
68194
125284
100131
105507
71138
115428
91171
83971
72579
110115
86691
48674
67010
55010
97411
58914
96803
112228
111843
99171
102499
99907
61186
118948
63426
88739
91363
126532
70754
132388
60258
43170
72674
121828
65634
44577
58594
51778
59170
55426
111684
67522
65250
70755
111972
90338
84355
73475
88355
60514
104931
122211
66722
69122
66210
42241
62946
69026
80770
50561
62946
48546
91971
104324
67842
59138
65474
103523
68450
94531
63106
109124
75970
121955
65026
70978
111331
70210
53793
60354
55906
69698
108355
59554
52706
64674
74978
91843
101923
64354
56354
50241
43201
64930
133956
48482
49442
94979
119107
90115
53697
119811
64610
89506
100899
84738
59873
51073
91171
87299
75490
137892
97123
86787
63298
113443
116067
111075
60898
67586
92771
70306
94083
112580
90659
65922
110563
53250
71138
54978
59202
55650
79875
80386
109252
61762
52002
62050
81283
76163
131076
60898
92099
90339
72514
74722
72770
48834
80674
116580
67906
105539
66626
97859
96387
63010
80355
109219
103171
53794
104195
65698
60066
74883
99875
96995
67138
110083
63393
63298
56258
49506
50498
49665
96771
101091
64226
51778
60130
76739
58433
104995
78819
96611
86787
106563
117476
109539
89763
58018
41505
57569
85699
88931
109315
71843
60066
101475
72802
63202
57410
44865
74018
108291
66498
58818
59330
105092
68003
50018
51362
136388
85282
62050
122820
63042
103139
67651
88259
62434
58658
85090
78819
72322
118467
96483
68802
53473
93122
72611
61026
116739
109571
102531
60674
104003
136516
63874
64066
105955
101443
89539
61538
113220
61122
87491
112836
98147
62945
63650
64578
58530
52002
104228
68290
102883
104963
127716
63266
103652
73506
105348
58689
79426
59745
78754
76227
146820
67970
262665
109539
63266
50594
49954
43905
87203
141189
66850
51554
52289
107812
61058
80067
73954
117155
53761
90370
60226
80706
53698
110756
58530
119556
56226
53697
50241
46881
68482
87714
51298
97027
92578
81347
74531
111556
58786
108292
66978
96482
65602
63618
60002
98019
103491
131812
102659
81506
112483
59458
178278
95203
89635
74082
58690
55265
106819
91267
68482
83874
83266
88355
85795
74658
122115
57506
108259
88899
73667
67906
96035
62082
100515
53505
45889
73058
112420
66370
119907
54145
109860
71458
94499
114084
90435
65346
63938
62114
75874
108291
61570
93923
74562
65890
52962
48258
70210
103683
58626
74691
61090
117028
77250
82370
58594
85187
60193
117923
113572
89635
47970
85347
58690
124580
48738
94819
55042
43553
96003
103427
62370
50369
93251
88803
117635
130660
90371
86787
78691
105699
98883
58018
621267
60898
103395
66530
97347
111012
92611
75554
55522
62114
82818
88195
84194
45986
76674
73251
115587
62402
62274
87619
92707
76674
113219
108675
99139
57570
82371
55906
48001
109635
112260
91011
109795
62466
101571
67426
101347
70402
64418
92387
89443
54754
103075
60546
92131
49633
47970
73730
108483
89315
80739
57889
80931
84931
80226
58530
114180
71714
100579
70658
138212
104387
100739
106308
109507
89826
88675
153253
124227
64162
65858
92899
58050
75778
92483
89475
62050
97187
85987
109540
70562
51842
58722
80099
50978
45793
104163
112804
65954
91427
95107
108643
65250
61026
49569
106052
99811
87779
57378
54274
57889
107651
94691
98883
111172
83778
55266
97283
50785
66626
63010
88995
102275
85090
115555
97571
72322
128356
63426
108195
56513
97827
66146
57249
53602
86595
73058
57058
104164
66050
131972
58562
126948
100259
88418
49250
43937
53634
112099
62850
78243
57858
62466
84898
79298
62786
139556
86019
85698
51426
87395
61538
109827
59682
103171
58338
92547
61698
63490
58113
47073
53986
49026
90307
63778
56002
110916
101059
67554
109892
66498
100996
66466
90691
106500
99267
86755
70210
74114
125764
63746
111043
76898
81890
77219
113444
84323
81635
53346
83714
112739
96739
53922
99012
81474
75042
90819
74690
120868
93603
82563
100548
97827
60386
110851
103651
52930
90019
90947
100355
73314
127236
92419
89475
87234
75299
114115
65186
135908
64258
105603
108483
102723
71842
112771
63042
65635
59810
43970
50658
88482
59074
48737
78531
87042
59106
51137
62049
109283
58402
95907
63554
65698
54082
278216
60834
62050
111267
63010
53154
62274
49057
92707
78595
68674
72962
66210
98083
77922
84483
74530
116388
56994
57442
53953
54306
84291
63362
96131
112675
115236
51074
68323
102275
53665
92515
55586
91490
74211
93827
67298
133828
80706
75171
108452
95011
89186
88259
56226
63522
63234
95459
108163
61922
56737
56641
65346
58882
111267
67458
100035
65314
86754
61634
108259
60610
66114
87843
93667
82915
75874
116739
59649
106723
84451
83683
112867
92931
60737
107203
72866
133988
97987
90211
58850
97763
83203
86371
73603
115140
51842
92963
57666
80034
94307
58113
42049
75971
58882
66434
99139
79811
88163
58178
48225
58306
73314
76386
146788
91875
56130
109828
101379
62818
68514
53442
105092
74307
111683
68994
115203
79555
118468
107875
110531
61250
65602
64610
103715
68450
101219
73506
64321
55202
105731
62530
121124
56226
150437
65538
86467
53154
52994
75874
104323
67618
59842
66594
64354
60098
42914
73251
116196
90883
86083
58913
85443
112900
97027
94211
111204
81762
63554
109379
90242
108227
65538
100323
68322
62562
48001
91811
93123
75555
99843
118371
62818
134372
83875
59650
79043
94275
105444
112740
94915
61570
133060
86146
87427
74594
129604
61506
110084
49793
89539
60418
52834
92483
119747
61570
89506
63778
59106
89219
102403
59458
52098
55234
54977
104899
106371
67746
123555
95075
83619
61346
117988
110883
66946
103619
92803
110499
104451
96482
63842
113411
131556
75106
59137
125572
92387
56961
44002
62466
105987
71362
57954
63522
43233
49185
108099
66658
48482
47457
103588
93122
82883
72867
64962
97987
89891
62978
112260
88739
136612
64930
111235
92547
81186
62562
124676
80835
114500
71107
115939
101283
76898
113987
184613
88451
62114
127876
66018
53314
97251
98755
67490
54594
55521
108195
61281
84035
58530
105732
99011
77826
91139
58306
96995
69570
137092
92227
84610
74210
111012
15393
76003
87267
83778
74115
101795
66754
95971
51681
54658
51650
154213
70050
98947
66850
99811
73826
88643
65442
118852
55554
108067
105060
65858
56962
93154
90403
60674
48674
61410
52865
59618
115460
67298
65058
96963
110531
104291
65282
59970
61121
90594
74307
129796
45474
93571
90595
81122
74530
125508
12416
96419
59394
118724
72642
108259
89347
81059
84290
74691
114851
90179
52705
108099
74754
52514
91202
103875
72290
82914
60130
50497
71714
113059
69058
75267
106564
62018
52737
64162
102179
74659
63618
67330
100515
69955
99459
67362
89475
64642
52481
108291
64194
98083
71779
64706
92931
82787
71170
114692
52865
46914
61250
113188
88227
110084
108356
96867
75747
118660
110724
85411
61538
120484
64002
107587
59426
99043
70946
63650
50882
39969
70658
131012
85954
86978
87842
66498
132133
73730
110595
61601
119460
53313
51618
62530
110948
60386
52130
76675
62114
108836
71970
64162
60226
122532
66850
110787
74306
93187
63682
50049
51937
107139
99267
69955
57762
44321
91682
94307
94371
90307
65154
110436
59938
108899
66594
96835
102531
97987
63490
51137
50178
42465
103299
111587
57153
84610
70499
108995
88034
65410
107523
153188
95715
77923
91522
89315
64642
114979
63970
85859
85155
83875
71554
117251
63778
51873
59746
48546
47746
100259
48930
78850
82370
82339
87395
96419
77346
113572
70914
101187
52738
122852
94083
111556
91586
57026
101059
74243
53794
60546
104355
67906
95619
74147
60354
64930
99843
108131
67074
56033
59266
47233
108259
60194
95971
63202
94595
104195
98179
105508
98883
65730
103491
83907
58658
94787
127684
73411
61153
61090
103300
74562
64962
93443
88162
52225
105571
67810
61858
64898
103011
76322
55490
60418
100739
115076
88675
50466
51745
64002
107875
62402
93923
69506
93155
72866
66978
65858
55234
70018
112611
79330
71299
120067
137797
60866
50690
72482
134276
41697
101859
70498
114372
65762
114724
82370
89155
71842
116964
12513
96963
59170
91074
72131
152964
54946
92067
68194
89058
98243
49505
90563
69186
132996
98659
91907
84482
94051
47969
115299
74691
99043
66338
119236
117859
97187
53410
53826
72258
109283
59170
53218
50754
94754
59010
53410
91010
89378
65122
109507
116388
100196
65890
62657
57057
51073
56450
115524
96931
101379
113891
95619
112643
89443
58306
111908
63938
108100
100803
106596
111779
82531
64034
106659
59490
142821
64930
61282
48738
105507
66882
99459
57473
90019
61154
42818
90467
59938
109124
76514
65346
132388
66146
106371
70498
92611
63714
104388
100803
87874
49698
49154
64738
107427
110403
88515
65730
105571
110179
64738
74562
95683
126660
71074
102628
92770
78658
60194
116003
107651
61058
55650
58018
64066
64962
104611
105251
98403
67778
63810
66434
104035
108964
97411
61186
49250
64834
74530
69890
136900
56642
56001
65314
112515
63330
150276
66850
87970
105732
66882
102180
61122
90467
65122
107491
67746
98435
67586
97091
69090
85795
103460
109987
68803
104643
68034
125988
103171
115107
66594
102051
69602
51809
60706
48961
51713
105475
100195
64194
55842
66306
119364
86563
107843
66306
56258
53378
48290
72194
115907
13440
91778
71394
120163
23297
99395
67842
101891
55362
105411
69090
101731
117988
65666
92578
94755
58466
126084
61410
48770
50241
42754
106948
61570
99715
116964
64866
113348
71010
103875
85699
87235
71810
114435
13185
96643
49602
67394
86786
54722
56610
57057
109827
68610
58818
60322
103043
111459
106179
73570
114308
97539
94019
78787
71650
117091
92035
82978
64802
110244
82371
113411
78594
61890
111075
113347
60674
46721
92259
75362
85186
83522
70786
94563
53666
53442
154949
89474
72546
116003
67714
55521
55170
108771
88579
87587
56513
93251
60834
60290
72450
108291
55522
90275
57890
93250
71938
77442
72610
124803
12353
96899
50337
83619
64738
54690
64546
59810
90691
120324
65890
47649
54850
45761
73378
116260
13216
102147
56417
125060
65250
57922
82370
93763
65186
105859
51937
88867
92675
92418
70882
119171
13088
100483
63842
117603
67043
85570
79138
117283
67331
57186
58018
82211
105123
123235
66434
120452
78434
61282
134244
60737
55425
94787
90210
73954
110915
62050
109892
57474
51106
82114
76994
55233
102179
67522
111460
72290
101955
67042
61954
50465
107715
62050
94819
71362
66466
86755
65570
105315
72642
97795
66306
63074
60066
103203
65794
90978
74882
97603
108643
88675
57826
110115
118756
51777
95715
85027
90851
70402
122371
14273
91394
51938
110979
70690
49186
83074
88067
81251
65954
112228
64258
113475
72195
55425
55137
108771
60770
96995
74211
59618
50434
94339
63458
108099
72322
57858
56418
107011
67490
82402
53537
104963
79906
120068
64610
56673
69826
123940
64546
54306
60386
80130
90083
90563
65346
91331
73507
112932
15841
87010
60258
116900
74338
126596
57153
100195
57761
84291
66722
113155
67138
61730
64706
107875
101155
86403
83107
85891
56258
50050
108611
62114
59170
70530
113316
64738
136516
62370
88227
73347
107267
97347
75874
71906
109251
45953
93219
115972
110691
63522
112772
64354
53698
60706
56513
74466
124836
95171
85923
47105
82466
74467
116164
84258
90051
59554
108899
114019
109700
62754
67811
62370
63938
62081
65250
54466
119556
54753
82275
54146
58146
54274
47265
85762
111843
115427
111491
115267
85411
113795
136100
93475
111779
106243
91843
62786
118180
74818
113156
96611
75426
60866
115972
66883
58786
96099
94691
67298
54562
67522
113956
97347
97923
94243
98691
99779
70658
115812
112675
78755
49730
88259
63810
99331
104835
127012
64130
90339
59394
81987
70210
113955
66818
67394
62562
144772
63746
102115
60482
50690
68418
47169
63970
55906
57730
57858
115619
100675
111011
90307
86339
64898
55234
130692
92259
60322
96995
82210
94339
59361
120132
69346
95971
60130
104803
75554
64418
100867
83618
64642
112772
64226
93859
97187
101859
95043
70786
122500
62658
48354
98243
83651
76931
64418
130276
69474
92867
61506
120803
102179
102211
66082
55745
102403
51617
135396
65922
63682
60130
60834
61634
55745
81634
99972
65826
113348
71010
102531
118915
114819
60354
124068
64002
62081
98499
85475
58530
58177
62402
50561
69602
96099
59906
79202
69090
115715
89762
109380
54786
90467
62050
86691
71491
305769
115044
89027
62402
104611
68771
79650
60962
107363
64482
60514
60962
110115
100131
113443
86466
73890
132709
65346
84866
96867
103267
64770
95203
108580
96355
81603
114179
64354
108868
62530
88771
91843
84259
61666
59009
100291
111940
65122
113284
97635
100003
67330
120803
62626
47778
67106
74434
66787
66914
69059
120643
141413
121827
66498
116611
66690
83523
97347
112227
64930
123076
121731
65602
61985
103651
82339
67362
75298
101347
122404
64162
112739
64994
50818
102884
87587
89315
64034
56546
67458
63650
102115
104163
65986
67202
96163
90371
98659
60769
86243
80034
83299
54082
113028
82755
66722
105603
62658
61378
57153
55329
65058
127620
69570
119171
97699
66082
103523
67106
107555
63362
57281
71618
47554
63778
53890
63681
95395
57825
55234
87043
91363
65346
171237
126852
91458
64738
107940
50849
54466
62146
53282
64930
55585
64034
54402
63170
50402
73282
108644
79043
63073
49634
101699
65602
127683
64834
56706
97795
123844
60002
66146
76227
134180
65794
57346
63906
104740
96515
95139
61762
59138
69378
51138
93699
80131
116964
116772
94434
56386
118020
66242
80258
98147
109636
61250
55041
47457
86659
48546
93666
50434
90210
48577
79267
75426
65570
72738
99459
53857
105763
98819
57537
51522
70850
49378
108099
116803
46914
64130
41057
73794
54850
58625
67426
131684
90435
67426
107235
59746
87363
76322
65410
110308
57250
116003
44577
37730
67618
41665
100259
125891
71362
84898
126915
57794
140516
66306
118020
98467
92131
51777
51362
60610
46625
66850
168837
65442
110403
64834
56674
66434
88867
94403
63490
76930
98371
66722
53410
61858
110915
56674
107843
72066
96227
103843
118020
403404
91555
114980
1562928
109988
97347
64770
119300
66754
98947
92963
72386
67586
116900
127044
51393
43393
52001
40737
569073
142916
105092
74306
58690
109251
53474
47105
65666
102275
10176
55458
49985
32257
61538
39041
82402
40129
47714
43841
385836
85379
55169
95299
44257
46849
45442
43393
66626
52705
60546
118179
40129
86274
89283
76706
34146
46593
41730
68546
42913
118916
42113
255336
87523
75298
61122
47906
35745
87683
53858
48289
41025
78306
39457
33569
40961
100963
48962
38881
39457
283753
51298
64066
37441
89539
61282
94466
46977
86659
51585
54433
63778
89154
69955
50561
40257
103619
97891
76034
41089
1539503
130980
112228
75523
180646
77378
58210
71522
59650
69314
108291
111395
90275
53378
55426
51138
111940
53762
180389
157157
404748
176485
115332
150469
17345
342219
199143
60066
90691
69794
130116
60898
52193
126372
114915
95555
73539
82467
113539
68482
50754
94435
119811
69890
58530
86435
115204
71554
173669
84835
218887
45570
156228
149348
130052
257384
170981
130980
140517
112867
140612
104227
54657
49153
74402
90499
81731
91939
92899
270792
157221
81667
64386
63394
52353
151620
126276
90627
146212
107939
39009
56226
58626
53954
249736
101379
247208
69218
58178
65378
140164
53442
99267
62466
248743
65730
58466
62273
87458
230247
72482
68578
67170
91747
82883
127427
97571
73123
57794
91907
54978
91011
76419
61634
111011
333994
128996
97155
160581
124260
72739
125124
275176
244840
80739
237063
74082
91587
63426
51169
64066
82850
254055
95523
64066
122371
95331
92130
58850
197094
68642
94755
62306
257288
67906
158981
77027
233703
73954
239783
71395
234183
69570
229031
110371
235528
73219
238472
74562
186534
64193
102819
74050
70787
66370
117827
102019
104099
54114
121508
64546
76994
58754
107491
50498
109891
66306
46978
56578
54145
47457
62210
62178
68610
66658
61346
101987
82306
81698
96003
54017
44961
62082
69698
47106
84322
90818
84482
63617
57794
60450
119331
46593
91427
88931
66979
62626
40769
38849
57666
103139
53729
49282
67394
57474
89827
69698
34657
94403
56290
90307
40257
94690
42082
40129
58338
59362
39297
31489
61538
52930
59554
31361
263016
95459
79362
57826
47330
92035
64450
39297
92419
37761
68963
49954
83650
61730
54242
45153
55778
50529
41121
68546
39137
81283
54658
84354
48449
103331
60738
55394
55138
95811
43778
99427
43362
37441
42529
52802
63329
112740
64482
104675
115491
45090
99683
57730
78211
46529
75650
66594
44097
85795
43553
34433
62274
67010
49473
87395
43650
35937
279945
44513
92611
78786
38785
66850
45281
41857
81090
75427
44930
62081
46625
40865
45729
69410
44097
38049
41953
48193
92546
52833
60034
62722
79587
50306
60962
66178
59810
43426
89635
75938
55617
78882
39329
95299
45793
109987
33985
74146
59617
45665
40770
98307
65890
44545
342602
34305
72258
41666
93059
78018
63522
42913
295369
48481
88994
40193
81315
59362
49538
36705
56449
55682
82595
44226
95619
68226
87171
42402
43617
45281
95427
36641
40354
40289
119332
57058
50626
48610
50626
65122
33377
104420
10304
58178
42626
89827
125060
108547
66466
76802
36929
78274
64450
53153
30337
39617
35393
33121
60066
44897
48130
42081
99267
37569
56514
65826
45345
67842
73410
53250
45794
94435
39393
81539
77795
70914
34785
67938
72387
37953
88835
55105
68739
53313
53090
52289
43266
100771
72994
74851
43361
97763
31265
30977
48545
64642
39137
81474
72483
66530
53697
95747
61346
47745
41378
59010
55298
40769
96835
75042
124612
35009
89314
65890
58242
47425
78594
81187
91267
79299
109796
84003
54593
54306
59970
107363
90819
92771
58114
104739
51809
56994
60418
120452
72994
97059
70402
57666
94178
87490
60418
14209
85762
62786
119172
97379
55233
43970
70306
59201
79650
75714
59777
123683
60706
75138
87171
59234
91810
52641
88771
105955
97795
70594
127300
80035
79586
91331
96355
88515
108419
90179
63042
123524
104611
95779
62818
88707
68898
57890
59297
82531
87811
92323
62530
52289
63522
72194
93891
112963
62018
60738
65346
114627
72930
83202
64642
44418
86595
91171
53473
91491
58050
72994
69634
60738
58530
45953
83747
92451
49793
54210
94147
84739
129604
72323
128836
64706
56513
66754
44449
70210
48865
62498
54978
58946
125092
62498
57218
90754
80194
95683
78306
79266
63714
88771
90626
98211
63042
85122
102724
88515
55554
49538
85410
100547
67746
103043
197254
113316
62818
56546
64898
126692
64546
52545
63650
83203
63810
63874
60898
48193
97251
56386
104675
88067
74914
78690
65186
117924
86595
90563
60802
88323
57698
53474
92323
110659
65634
110211
73602
115844
96611
64386
94819
84034
82850
64290
97091
83234
82339
63266
91203
83138
86498
95395
112771
87203
57218
119300
63714
97507
85507
96355
74466
123172
115652
85890
65986
59682
64898
374444
65474
60098
66146
126020
58978
85923
97283
60226
52481
135108
62210
96291
66594
123812
63330
59073
70403
51522
66082
85891
91587
85923
80835
52130
90499
64994
108995
97571
90498
72387
65090
108803
64930
86595
92803
65922
79779
103299
67586
58370
69090
59393
67298
61250
65762
85059
95587
68002
45377
103651
66402
45602
55874
88323
67554
118756
115715
76738
67138
93347
62498
51489
66082
97059
100451
107524
68130
60770
70370
230951
49762
51297
75267
69506
64002
262632
60609
109572
66562
109764
93411
113443
56546
53922
90883
61090
50242
83587
91107
113539
65282
124516
65058
46722
108387
93443
54562
46658
60802
93443
61090
53121
63202
91842
63810
99619
53633
117444
64354
80002
97378
58146
47810
66562
106211
67330
55905
88483
83266
54465
79299
65698
70595
91811
62690
77026
98851
66050
90435
53505
103331
62978
126916
72514
127972
67938
110468
104099
75874
87714
72354
68386
67810
118787
52609
47361
72291
57122
66274
53570
83778
51042
79522
99331
96771
55297
103811
66082
101443
64418
53538
64770
95778
85187
64962
49506
60354
57218
61378
44930
67362
56993
60418
56673
55233
57730
56642
133924
66178
91651
90659
73602
82083
96803
109764
79746
150021
70850
98147
76418
95523
103011
66114
117091
103971
97763
72610
59682
55714
48706
66242
86050
54914
95651
99075
94595
66626
93282
55202
59362
103811
94083
94371
108995
60930
103331
90915
76354
88578
65474
102371
61954
125156
91619
102403
53666
51682
92355
92515
83107
54562
99236
65186
55265
92739
90882
53474
49441
65730
56097
65218
91747
76738
67522
56866
57889
63330
52322
100131
50977
90882
62114
52706
61954
61762
97603
69314
104739
57889
43905
70434
106147
138244
99683
69666
117636
79651
117380
58498
59330
68482
51265
63938
95427
64993
107523
59585
168261
53633
108516
97219
64226
69250
59138
51298
94339
102755
69282
52418
92355
79842
63330
107747
63618
63362
66786
88515
73987
63490
67650
50753
64930
90434
64290
55170
67906
87523
97379
104291
58626
120963
73411
115300
86403
84355
64290
107492
52929
80387
60162
47778
92099
104643
66850
62178
68290
82659
60769
90338
55874
47009
65026
95683
65090
84739
64706
62401
84354
55202
300809
99139
60097
59650
73026
156644
65986
55554
59074
52513
101411
68290
47746
67970
54434
58050
50241
59298
79811
60514
50785
60706
107971
95010
62754
45217
64322
90755
93122
89955
59553
47457
113828
79971
55138
45217
86178
92867
57346
57474
94786
89859
88867
64738
115587
55746
72930
62530
60930
82979
85123
50530
134372
59970
64674
67747
58114
97539
83170
63202
109859
123460
66626
95779
69570
114692
53281
43713
102979
84931
85922
82467
64482
118596
64962
89571
60994
84963
57762
108324
104804
98851
115780
59073
61250
60482
56578
58402
43041
100995
93411
61922
54818
76866
41857
84803
83843
71362
57346
99427
88067
85570
116803
57217
124067
70082
113603
88290
83298
56609
53538
88227
46305
88323
82179
59298
43265
53217
52385
72450
45409
94403
103235
72739
119108
107779
97891
102563
94691
108963
71266
133316
65890
59873
110691
90691
76771
113028
57954
114435
63714
98147
66434
45921
67522
113603
62242
49890
101411
55233
47841
102019
92899
67522
94755
59554
115684
77506
97795
67714
55618
68514
57826
107779
88515
60834
127395
85859
125348
65602
88611
60898
49058
50369
39682
58689
63234
62914
52065
68098
99587
66722
92739
100387
53410
47329
94371
70658
63810
