194342
37857
29857
553585
74114
75490
45281
36449
33985
31232
29569
45442
42529
50914
28481
31105
92419
75427
46657
37601
46082
41313
73570
31009
69666
42689
37729
54178
41665
42562
34561
30401
65794
28865
51169
48481
32001
26529
32545
65346
62146
41602
98435
43009
68322
35201
94595
9856
59458
37089
49794
42562
70018
29569
34305
36161
54850
39841
76354
35457
72323
66242
41441
86018
35266
98595
37185
32513
43682
32801
39393
50785
34081
28929
31809
27073
36385
46850
46466
32737
38785
31489
30849
25728
33825
64226
35521
105827
43233
66850
35681
72290
38785
101475
49953
54626
44001
43553
49410
37250
40993
69954
36641
41762
62338
37377
104548
86723
86211
43649
71586
52609
58978
49058
46369
80482
68386
42049
82402
38817
257768
51969
77507
44321
42977
48450
39201
49922
42945
40993
107587
46690
85858
45825
47970
73570
77923
82883
40609
76291
48898
85379
43553
42081
42689
99076
59425
44801
47233
68674
39553
77634
87139
53505
91043
85731
54658
90563
53026
85795
57026
103044
76386
69827
50593
106307
59970
138148
55777
53153
59490
46338
49378
106979
82627
72835
38209
80899
111203
48705
61506
49442
63010
51649
56641
53506
81123
51170
50658
77507
76610
52577
72738
64578
144421
65026
102403
69666
126468
68962
66818
56962
117444
87074
156485
132100
74082
152773
68994
83875
61282
53730
69282
88418
61954
62850
66658
52193
65570
107267
60418
103587
51746
105411
71522
51490
58690
59585
145252
64194
112228
68578
104579
69314
110467
71650
109411
79778
112964
68386
114691
66786
134692
125091
66562
103715
63458
95395
62882
104068
93699
128900
66498
59938
65794
58786
51425
56770
84482
67970
64770
59778
66306
57762
84771
50530
96738
66306
130596
106244
100451
64802
65890
62050
146116
75618
70402
62081
117603
67746
66658
124676
133540
68418
70562
145476
62625
55458
76931
73410
93923
59522
67778
64450
110883
68834
94659
67202
100963
84354
55970
65762
95779
64002
95523
66850
82658
108739
66658
125028
71522
60898
58593
118147
63938
109123
76514
72131
94691
60418
77954
68034
72514
110372
64930
131748
72515
94275
69250
106435
103972
71843
121124
98307
69891
111844
67394
65922
51906
97507
63682
141989
69666
126916
72995
117956
63298
97379
75714
73058
67842
133092
93315
64962
61122
143845
70243
106788
75363
68994
67618
98275
65730
60994
55682
96131
66562
58882
62786
97603
63426
59778
62946
58530
63138
51650
56226
147429
70307
126020
75330
105220
77538
61441
74786
62434
61250
126564
71170
125796
71170
66882
67746
94979
67618
125092
75106
62658
69026
118723
71394
55970
106435
132836
74691
63458
71362
59554
57921
63074
123268
92610
65666
61474
61346
125828
74786
79555
62658
60162
67458
56322
73858
57986
71874
100195
65058
131012
98435
112643
68418
68194
142052
74434
119972
73986
72674
74786
125700
91203
64386
141156
72834
116451
67298
129988
74499
105155
63618
131332
58849
109987
92419
111108
73731
64738
66178
63106
63714
111203
72162
119363
64834
67714
104707
102243
53922
59426
66626
59874
56001
95619
66370
53058
85378
57538
66562
104995
103747
104931
83715
65250
72002
129604
57346
62913
61666
63810
161509
57057
62370
150532
69922
111683
64802
140101
75298
126628
67938
114083
72418
161413
109988
64354
133573
102339
80739
55714
69538
77027
160133
129283
73826
82851
71298
66658
73410
97699
65730
54497
66594
55905
72067
111684
60706
134564
76386
62498
69506
56450
63746
115299
50818
66786
98531
54881
58434
62658
98563
81186
113571
63618
59426
63298
112420
62690
130372
66978
98243
71714
63266
70786
65346
84066
66722
67074
54945
67458
64866
99875
66498
60706
136036
132036
71074
72066
72611
104003
64578
132740
61474
92707
68194
57410
96515
103075
106403
67746
56674
64001
96803
66818
134596
66530
80706
82082
79939
72130
65378
69986
62113
66306
104547
68898
61410
65346
49313
118660
67394
110756
159845
84963
67394
117091
76002
121124
70146
70947
72290
155300
64354
64290
92290
63682
61634
67234
51810
65730
49602
136516
134116
66690
57890
72514
63330
69539
58050
70658
57218
74274
55713
60994
129572
98403
66690
77026
71906
135556
66562
124324
73762
113987
66914
60130
59554
56450
67874
59106
75682
114243
106627
73506
108260
53506
65538
67810
102051
66082
65026
62242
104451
69602
108675
69922
59266
68834
57378
87171
53410
77539
59682
71523
102851
103907
65922
143172
76482
115300
72354
131364
75939
52321
136516
135268
70242
62658
70306
118468
66370
97411
70402
98083
73795
77602
62306
94722
72067
115748
78691
62626
63906
88995
69955
115011
66082
54338
108579
105315
57122
96963
68738
60418
97219
56258
67522
55393
78690
68610
72163
52866
93091
168229
70883
75394
112547
79938
109539
69666
128772
67618
65442
69922
116131
72930
57346
62785
116932
131236
65922
70466
121348
68386
63202
69218
121284
68770
133764
66914
103203
113252
125028
71522
63714
68834
103683
68866
97859
66338
133540
71842
108067
62946
116547
82690
71331
74051
142276
133381
130564
70018
67298
77635
66690
68002
66818
72355
55682
70050
115460
63714
101891
135812
65474
68418
63042
66306
139396
97667
67330
91811
77602
116099
75586
72898
98659
60130
63938
115428
68194
58914
106435
95907
63362
104388
70338
64482
65730
62850
68706
57697
89218
154308
75811
62434
67298
97507
70594
59681
104323
63714
109475
66722
147588
71042
116452
67362
107779
110820
131012
76355
69090
72643
120324
70019
64994
79522
72450
61346
98243
69474
51329
108004
69187
61922
138340
119780
68034
79298
75234
56962
67010
102339
64162
114339
56673
118372
66914
143652
70786
59074
66210
97891
74179
113348
68770
52641
66978
60546
148452
94051
59362
57890
82627
68098
71650
58561
65154
97763
70530
120579
122820
67074
64194
73059
77763
70466
54145
74659
119012
67842
105379
66595
66306
75522
56578
74690
112739
70018
67010
78658
70403
75266
63426
71746
62018
77026
55298
69795
60962
76515
65858
67170
130948
69666
124515
74658
105251
78946
113316
227911
90627
75394
116228
59906
108387
69058
92675
68002
100804
142821
110947
69154
63713
78915
66466
76738
53474
69890
49153
78979
145636
113027
100387
56674
63970
108579
67042
75042
66082
68994
60034
67330
56033
69282
149476
73474
64866
126372
102787
64546
130724
79330
116932
72322
144388
73986
101091
66306
65346
65570
101571
73187
57186
110531
87907
70210
73346
106820
67906
61698
68706
55969
72994
128164
74818
128868
76130
114019
73826
65090
73635
102787
69282
101443
85507
60482
110084
99267
68450
103140
69890
127140
69378
202086
79779
67682
67394
115780
70242
135876
78402
61250
71042
60770
65826
104931
64834
85634
69954
115652
64578
132196
73826
66626
100579
65346
109923
68898
79459
60577
137380
79043
59042
63490
56769
69794
61218
70691
216166
74402
65250
68994
106371
68162
101251
63618
61346
72323
132484
108035
150309
81282
64066
71778
87811
69666
106947
110820
77506
110819
68930
94147
63778
58658
66050
104675
70274
92962
71555
59553
107363
59106
108004
107075
151237
169797
80131
122787
73987
63010
136068
130468
183558
113156
69858
68610
75394
62882
75714
63074
85891
104035
65986
94403
70178
92195
71074
68130
116612
100931
72674
58882
73634
62050
64769
116708
76738
69890
132676
76450
67778
75970
60898
61986
143109
72034
113220
67938
69283
70371
126020
68738
173253
78946
121731
63714
112899
74018
61826
60161
141188
69954
71043
69186
109187
68866
62145
76194
61378
107844
66050
69698
58786
106468
64482
95107
69218
137700
69666
63810
83234
66978
108068
100995
96003
68610
55874
91075
108963
69506
104099
68066
59777
91171
91266
74850
127460
74018
59394
56674
56001
69314
174149
73411
108612
79010
122660
57154
97155
62338
108515
71618
119395
129124
122212
73955
78914
68386
111171
76419
132452
66210
95939
69186
120132
69122
59618
72483
107684
126628
64866
97443
69731
59042
106147
69730
96355
68995
116259
70050
96642
68866
59362
77538
148357
70787
85571
71618
68322
67042
119172
79202
70562
73122
67842
71874
65698
66402
150725
99171
68322
106020
68259
56802
71682
101731
68994
135716
74114
127172
65794
126180
74819
116452
71458
62274
66946
119012
72770
122052
70946
119139
63682
116899
78690
118564
67170
65666
63874
104131
66530
65698
63426
101123
68514
60418
58913
96579
68226
82243
66530
97571
71522
58754
59170
136037
71426
116451
68002
66242
72227
97795
65890
75234
70306
110243
69570
62210
96675
148517
82754
61634
70658
99715
69507
58466
106499
68066
56993
69410
137636
75778
111267
75682
120004
73346
140932
69474
118020
66818
90243
61666
115043
68546
121284
69634
108164
66818
67266
62498
113700
115364
62530
66722
95939
110179
67554
99811
68738
140324
69314
67842
130020
111651
66754
104964
82914
68354
68930
98435
66562
75874
73474
62178
72067
88867
70211
65570
68642
57185
68995
63074
72099
144420
66754
99043
71682
62722
104835
60322
134468
72514
111428
59265
122148
76355
58050
125252
66562
104739
67362
61698
72898
60322
73154
82242
62114
92387
68131
96226
71394
101923
68898
58658
71170
135684
110051
69762
60738
72227
91107
70339
138020
67362
68738
105187
84354
96291
64386
63298
73315
65890
90595
105252
70082
59618
105859
96323
102211
100131
65282
57921
68866
103171
57602
54018
67746
53281
134436
114948
68866
78178
110691
125572
115779
124900
59874
144100
71779
59778
69314
57730
71010
58593
122916
118563
74274
63042
70371
113988
78978
111844
69058
76867
66658
112227
76834
60194
61602
105828
121252
114692
68130
81731
73602
62722
71267
115875
68322
130692
75330
70338
68962
52865
56226
98051
62498
58722
73442
68482
67522
124195
72451
60290
73955
98787
67778
60962
94403
100643
117507
58946
109539
142149
66754
60386
65666
65026
67522
114020
68130
57986
61986
73027
75170
88451
78275
113283
68802
66787
69762
133124
73602
116036
76418
76482
71170
127524
69570
119780
80131
120868
72418
165029
69058
61153
63713
58721
69026
58209
68931
106147
69154
66050
74083
66659
70147
57633
63458
102915
79426
114787
60258
64642
74978
113732
72098
59330
97091
71298
59650
153349
105540
73954
108675
66946
109060
77858
65410
72962
64290
70370
85507
69763
98243
121124
70434
129251
65154
104835
80579
64098
74722
109124
68738
114660
78147
153765
75331
66466
74114
52162
65346
117060
74338
186022
64930
73315
74594
67874
69602
104388
67266
124643
71107
100099
68194
108323
75843
64449
66755
56258
62466
103427
65186
130212
68930
98275
71362
62434
110532
125956
68834
159141
104483
65602
99523
82211
66018
71746
57185
68546
64482
61762
99235
69890
65378
69090
142148
107363
92483
57570
57186
80258
60194
72930
91490
66562
63746
108196
103075
67075
134980
74563
68802
69986
64002
70914
114147
66242
61986
116899
157029
69250
139108
69474
114052
80323
80066
68514
68514
69186
67202
67171
126084
75010
66530
67970
117860
92131
64130
73827
65090
67715
128291
68066
88258
66402
156293
67522
117923
67778
64450
110692
67554
60642
88066
68482
68770
57954
69634
81667
71394
63362
70818
79330
70210
65410
111523
98595
66850
106403
69186
66146
60418
111491
67106
100067
67458
100387
65218
98083
79459
65026
68066
64226
66306
92642
71650
107940
63874
58306
66210
62498
70914
113732
64514
55714
102499
108803
63746
59234
79106
69794
69602
60386
73122
113827
67810
150212
73922
61442
70850
58722
75811
114276
62178
63874
64098
100003
64226
52481
98883
73027
116739
65474
110276
73826
113315
63842
64610
65218
123428
72386
90243
70658
52577
122340
65922
142404
70786
115236
66370
101571
81411
61858
69026
102211
63906
112868
62946
66594
172933
93443
140772
106532
66754
136132
68482
104547
78306
74531
60225
110307
71298
116708
69282
108963
73411
74786
67714
100803
72642
131204
107876
96643
100995
69315
66466
67970
77474
55554
36449
135076
45058
61314
35553
121412
69698
149061
69314
61698
70082
73282
72386
53058
67682
116291
64226
119428
65506
97187
76738
67522
68802
66594
69058
101411
67938
108036
67010
59649
65858
103812
78658
63202
93539
65922
71138
98883
70722
59682
112132
100835
79618
137540
72962
75266
68130
129988
62530
110660
75106
78338
69026
113924
68227
105635
64770
77155
65026
61730
68482
78402
63586
73602
70914
119268
75618
105539
77218
128420
78114
64770
68642
56418
73826
107971
61633
65186
61090
104771
72450
130244
67138
109571
79043
72322
71330
62434
94115
66210
105795
78243
63010
65314
98467
62946
96131
75330
116484
67714
64674
61378
117924
72034
106627
71267
101187
69634
112899
190854
195878
69666
63970
61761
112803
68290
56194
67042
82050
76451
68002
109571
76290
65890
97923
60770
113220
65410
64994
66914
86051
70914
115460
68450
132132
77602
110179
77218
119012
66914
113795
74466
67682
125732
75491
69698
77634
114915
72163
76227
68290
111075
71203
67202
67138
67683
66562
59937
65570
121828
60066
77218
69474
99779
76227
74466
69795
685493
71202
97923
70402
62433
69378
103396
69634
63906
75618
59394
66530
91011
79331
68162
70722
96867
67042
103555
61442
97795
69602
100451
67714
124612
69379
53634
67938
61442
68930
141252
73795
153221
153349
131780
74498
65378
72610
120036
72354
72482
70146
120132
59202
60513
72003
149316
108643
53730
65186
62658
63554
72450
117892
60738
102243
64770
103715
69186
66338
109571
52866
58498
69346
56354
68418
57122
67618
96611
69122
58978
136484
71042
115396
62753
68322
66082
84706
72738
120964
57890
109540
101411
119620
72898
70274
73474
100675
63170
93346
68483
62082
65730
63042
65602
58050
131364
68226
65442
70626
142532
71747
70754
64578
102627
67938
113316
69058
59810
67842
130244
65890
117571
67970
64162
59746
106147
83522
75523
299209
105347
48609
60898
56450
72963
93986
116644
46849
55106
50497
42529
47682
39073
47234
38786
43681
81731
52514
47169
47010
48417
49986
80834
60002
79682
47521
37153
44929
101347
56897
69218
48930
50017
45249
40865
40225
36066
67842
55650
41537
98531
46626
76034
50721
101731
63010
36129
42561
80706
45986
47906
46785
92387
38018
40513
50370
97283
51649
51714
42593
93315
48193
160004
37953
77634
69602
52962
76770
45441
38337
74274
101539
55586
68002
42913
62113
75203
58562
108740
43969
36641
52321
102307
28833
38849
46850
37281
40962
97219
39649
116516
48577
90851
48129
72834
39073
56130
41729
72802
51969
38369
69250
113220
90658
102116
119651
56866
55650
48513
109956
53218
131524
51073
87299
45890
46753
72962
104868
48930
72866
43586
40417
51553
124004
141828
56897
84674
42050
37153
44641
131012
49762
50082
44706
35009
73858
102851
39905
37249
38945
42018
49442
45218
47777
78562
50241
46209
46178
69474
50369
42754
82850
104419
58562
46209
63106
83587
79234
94787
57826
81475
53793
49121
50594
44481
55618
127460
57602
83235
53666
96323
68610
42369
81442
47265
41249
47554
162725
60002
101379
58978
89027
55682
53378
64770
128036
55873
84355
72643
128580
93411
56354
52418
74211
114468
68258
93922
147653
141508
67650
69474
65410
109059
72514
111364
140708
66850
65538
60866
69794
59458
68482
58786
76578
56866
74179
113795
64866
49665
69986
52929
52001
46305
97251
68930
60098
76514
60129
73410
63394
106467
101059
61345
84322
69730
64450
71586
128708
59650
61473
60577
92514
67906
66882
84322
70434
69442
67810
76674
114307
63170
58946
59138
93923
66850
55649
67874
114948
64322
77730
65922
98563
77571
124420
67298
60802
69570
64802
68706
101155
60642
102307
73859
104004
81186
66882
69890
102435
68578
82147
74306
108739
64738
91843
86883
55682
57506
83171
65346
64546
53058
63746
134756
73411
127844
68162
65634
73954
63266
62850
99523
66274
149125
78595
66210
91235
53154
63426
78755
63778
124004
118500
107204
84195
103267
73539
70243
72835
65442
63810
67106
76323
141412
68674
104419
67234
101283
134340
131172
71682
96899
65986
56386
59522
53538
72931
60834
66434
55778
72867
65346
68963
55106
73986
149028
68386
151589
92643
99459
68994
101731
63426
136164
76450
109508
68898
81250
123012
66370
65666
71394
91107
75202
103139
64066
107651
68930
112131
75810
77218
190790
65250
74051
55010
63874
89027
67810
56354
75554
60866
110436
98243
77635
60834
73058
64962
68227
83618
66306
146661
68386
64194
66754
56225
68163
54658
107652
65314
145476
71298
76899
69858
57858
70722
129828
70082
109348
73794
145925
68354
65122
68962
64066
100771
69122
88835
71426
77922
67938
94115
74402
61954
68194
104995
72002
62850
106691
59778
101635
66530
110948
66915
60130
68610
60322
69506
53314
81027
58113
69634
58786
71458
132644
74819
116803
73411
68290
112292
101539
132644
102883
65090
60354
64418
291913
106947
65186
66370
66274
148292
76323
101860
86371
105443
147621
74146
71554
70178
102563
56577
51746
68130
100228
81795
69026
102211
101315
70210
61378
59553
272681
71075
60674
68450
101347
80130
67234
72163
57058
61954
116964
69218
59874
69954
58978
115044
138212
76899
77923
68610
122435
72962
120995
67011
108515
111299
70338
61634
73026
66307
74050
59778
76258
51650
103395
139652
66690
77507
72162
58017
69442
58466
70178
61154
76898
68002
71202
58146
104579
100483
65282
60258
138948
100003
68226
130116
76547
75714
66882
75330
71266
70466
67523
67650
68418
58754
131237
126564
70338
129476
76227
66882
72898
104356
68866
60898
54370
89762
68642
61538
69826
102915
62306
97667
81667
65570
68066
99139
67682
111268
70338
51681
71554
108163
53857
60961
85635
65282
87619
68834
115972
106083
62338
98051
68450
126756
67714
80963
66018
108740
73282
75330
72354
69442
62274
67522
55042
89283
77410
113988
66050
62722
64674
66402
68579
65858
57442
119652
70242
63938
66114
119076
63106
57922
106883
68546
113219
63266
66466
68546
108675
107299
62562
73891
75490
119876
70659
151269
65186
66370
69090
79554
70946
75362
67682
59489
75522
127012
105731
68674
123876
81123
91490
69155
82690
67906
120068
66722
81186
67042
121539
68738
58209
67586
105859
115779
60258
66275
67970
56514
120740
135844
69794
111075
64001
67490
67138
103108
80258
103779
77666
58785
71522
119619
62050
62018
96643
75938
70274
107556
68802
69186
68642
100227
69667
117540
68194
105283
69026
122979
66978
106915
92131
107748
67234
109283
57793
114692
68578
101380
81507
68931
111779
64578
57986
65474
55362
54754
56194
137220
122628
50626
108323
68194
66754
63298
59745
50946
132836
71075
112419
61762
91427
54882
51106
56738
131748
62178
98819
73250
120515
78274
65986
102755
128484
62786
64706
87234
68834
68642
69762
89795
126947
105539
64130
128644
63746
121956
65922
92035
67458
59010
65794
102979
61186
94851
89059
107875
72770
58818
60002
56322
64770
55105
63522
87939
60770
115683
110435
107395
69602
109699
73922
112387
64002
124932
117028
119108
75778
70978
65954
96611
77379
60866
65570
88867
62978
58177
67587
96579
63682
145797
69507
78210
105699
75907
69731
69346
67938
74434
68802
74786
61058
129252
72930
107683
62242
121796
127716
62754
126340
64546
129348
69442
105251
69410
96963
68098
65506
72707
99459
78914
80706
67266
65378
70946
116547
64642
53857
64674
72834
69506
66818
66946
112035
68802
62210
66370
62626
73763
108163
65890
62530
107844
65154
116900
108548
101155
79107
70018
66274
61890
138468
155589
84995
65858
69219
125571
68962
139557
66082
119075
68514
103075
68162
106435
65122
105699
68483
136612
70594
110979
76386
162245
65250
55746
69186
48354
105924
71522
62882
100995
107683
71651
59778
67458
58530
66018
56897
68418
59426
104932
65666
60578
71202
56065
83714
134820
75139
106243
68834
102755
83811
64770
104963
100419
65602
64546
78434
59586
73858
54850
68802
123459
73987
109507
67618
110852
106979
55842
119940
79106
64738
67842
65474
58370
101956
66306
60418
67843
94371
130148
65122
107427
64066
144324
74947
116067
69666
120580
66754
81986
60610
121124
73667
101635
68642
83170
68386
113860
70178
69730
72674
68834
64834
59265
71202
61954
76258
105315
82051
150789
68962
100675
68002
135300
61090
126979
67619
61826
69762
60673
69730
138500
72578
113827
76419
67778
99939
56257
52354
64418
138180
67650
133924
75970
106371
68226
54689
87843
57538
98627
76707
59874
73634
117572
103940
98339
57858
59874
68034
86115
58530
110467
76610
77058
71171
123268
205798
118468
71043
65346
70754
123363
67490
75843
71874
116612
63458
105571
82371
67779
97347
65250
64930
107875
65218
113923
76963
116707
71522
64258
67074
66402
62786
57474
67426
98307
83555
54914
71586
102915
64066
61826
76354
141380
61826
60065
81762
114980
64130
58882
63714
99908
78434
62306
69634
91651
90243
97475
68418
64802
89315
104931
67522
133092
75778
77442
75234
115779
63682
61794
67618
127492
67810
58402
66210
102083
82051
62914
169797
80738
102115
97827
61346
60353
66882
117091
82147
53441
70882
101444
90307
62434
103971
62914
99107
66754
94434
82403
95619
69154
99875
61538
56770
68450
58306
61250
55650
63682
104483
64098
137893
72098
107236
67362
107300
82114
73091
97987
157605
127780
76515
61666
67586
99267
65666
60161
102531
64546
127747
79458
63169
68482
55969
66274
103939
62594
59874
76610
109763
63426
132485
103460
99075
53089
104323
65794
61474
63426
137572
72482
78051
112484
60482
102627
70786
104035
69378
131620
62562
106819
65218
77506
70338
145445
65730
96547
62338
95107
79298
72994
70050
126499
77059
73442
70466
107267
71490
107075
67106
60002
139396
67010
56162
64194
99139
65314
101635
90531
67619
102884
97955
66946
105859
139013
76194
71010
58530
124867
79554
62210
66722
65730
57922
60834
68515
61858
74498
90210
131268
68002
118756
45665
48482
44802
111428
79778
95299
50306
49537
179877
56546
99747
48546
84195
44481
74466
44034
103747
51234
80610
40577
94755
53474
74978
38945
100196
50754
98947
35489
65346
60834
64706
65474
61122
131524
274216
144645
155525
64738
104035
53250
80962
72770
130948
50785
43842
43745
41921
40609
95843
45889
99715
42818
36705
44962
37633
64610
90307
111523
52513
38817
46753
39586
128548
58626
77826
45249
41186
80258
110371
40993
53025
497327
99523
52930
46625
146404
222823
101379
58402
52353
46017
82466
86275
128164
53922
55522
53378
49953
64578
50369
49282
44257
141060
102691
52290
157029
83106
127748
60578
53474
118116
103203
56097
104003
134564
64642
100259
52578
61953
80515
109891
63010
61826
61922
55714
55138
58626
100067
135524
68898
152100
71971
110404
67170
139844
68098
112932
67362
62626
54242
52481
84995
122819
66466
58370
63202
99331
59745
103043
84483
136004
58786
57986
62146
51810
62498
98819
65474
60002
62658
129860
64290
84066
149476
113571
69827
64322
88163
103651
67810
60418
59554
85506
66786
62434
63202
108708
75491
63458
65570
106980
71106
110308
74146
61282
66114
112772
60706
63746
64418
110884
73730
139940
68162
61122
110211
143172
72130
64322
68930
81506
62626
130628
74947
70403
65826
59746
67938
190470
114404
83779
62978
104323
80931
130980
67298
101443
66018
119588
68450
106660
66178
106627
83330
69826
70114
103907
64834
108355
63074
131492
75747
81378
67842
70594
67650
68802
72290
52322
67298
101379
68034
64002
90179
62978
125668
69250
117380
65666
138884
71586
109219
55329
72962
144677
73730
73442
65890
104643
66914
131428
70242
113667
62114
54754
62850
135812
69698
119460
67234
99939
70370
148132
58210
72354
115428
118083
73058
108739
65890
114403
65474
110052
67330
60098
59618
57794
56258
55426
58434
94179
58402
62658
92131
112131
74563
53313
56130
119012
86819
113059
61410
57058
86275
142916
67938
103556
142725
100868
98499
64130
91619
63361
101219
62530
186534
69794
106852
86467
135012
62754
103364
63138
98147
62562
137412
75554
114563
77410
60482
60418
113379
73922
65122
69474
59138
61410
96227
63106
66050
64738
142180
72866
68482
58050
91683
55778
108483
71746
106660
48769
105603
57474
100292
65698
148837
73122
107011
66466
88738
54305
122563
72130
122116
70979
105091
76706
68418
65986
61602
66370
101859
254184
118756
101955
96835
76354
132708
69122
63458
63010
58946
98403
63042
146469
147140
70211
113635
71746
69954
67554
62402
57602
59009
72578
107396
64322
82915
62850
50177
65506
55394
65602
97827
57986
58338
91075
71650
68930
58082
96579
56482
59010
88227
107747
70499
58370
62882
50114
54818
100548
62242
150789
102147
111395
141861
130980
61026
104387
68258
112004
65634
63937
58946
121860
70626
112132
65474
114340
104580
64610
65346
52098
120740
114147
67138
104835
64033
60034
63394
129156
58338
101827
61922
99075
62242
141892
68866
102819
63170
94339
57985
97283
61602
99811
60962
58658
65090
96771
62146
98691
63586
59330
138436
64034
70914
94435
65250
63522
62242
89539
57889
90499
146052
122115
84610
114851
61634
61090
81059
93731
70818
79042
61089
127556
72578
113796
60450
94243
98467
89091
66466
67074
59202
63778
49985
63714
55106
63682
89827
131204
122628
61794
132676
42561
114244
66754
105988
64098
59042
63970
98531
65346
89187
62402
58402
62082
154917
69730
130468
70242
61730
60034
135748
74882
126339
72866
62017
65826
215847
63298
92515
66338
103651
66466
62338
65762
122948
70786
111331
79171
73410
63298
67170
63681
67490
78882
60993
72482
96355
62946
104323
63778
95075
101316
103235
62690
108035
84803
71395
70178
59138
146885
81603
66114
73954
67522
69410
128900
70306
60354
72802
84738
72066
97475
72291
56482
69858
51521
76866
59458
75842
97827
68354
61314
68290
136036
73026
77730
70306
64386
70563
72738
70370
50594
95683
66083
56994
77986
114531
67266
59970
64418
102531
67074
55233
65218
105731
81634
164453
101859
114211
69250
99171
68450
58850
137540
76226
136516
71491
66434
77091
67874
73955
103299
68706
100931
66114
59362
92355
58050
119844
106819
110115
76674
103971
72995
55746
67842
55554
65730
47874
73123
133028
75618
119684
65154
126756
72706
118467
69538
58690
74147
145316
111811
202630
95395
97123
63778
104867
82691
67490
68994
85283
65474
60161
59010
65506
100324
66594
56706
95235
354155
68994
120131
57570
108483
62978
63298
66338
58754
91139
65058
61890
181413
69667
58818
98051
84323
64258
69346
58882
64322
96227
145381
129476
54754
125635
72194
70722
65794
131812
70850
105827
65154
82403
63618
101315
82114
60130
67842
58625
65986
53890
143492
115108
66530
141701
72642
66050
63618
130404
55042
58626
60386
168261
77474
65090
71651
59490
65250
115396
109027
62914
77218
61250
67682
70083
58338
70274
116995
79426
125988
67906
63650
64002
104835
76515
135077
65890
59010
75298
59234
72482
55490
70338
116419
64770
62370
67715
111108
64770
135300
67842
60226
103939
99171
72418
60002
70755
98979
68802
65858
62466
111236
103715
118852
63490
59330
79554
57666
68451
80098
107908
105859
106883
102019
66210
113859
63906
60450
54018
59650
79810
50498
77123
66883
68258
59874
108963
62754
105539
102532
63074
68738
60770
62465
101955
115907
66818
72834
124004
70786
61026
73282
62978
63298
107747
60962
96579
57250
84899
80803
115076
60962
63586
67298
60162
65986
87267
59234
117059
66818
61442
109795
65250
113219
64994
65442
65922
84770
72258
81507
95075
96483
83074
117923
57601
98883
60514
133348
80226
158405
69794
65026
71970
60418
74690
95075
64930
63874
95235
131620
111811
67618
69282
76738
67586
71586
58882
63074
59586
104771
72035
72866
75778
63394
71490
64642
108612
62146
97251
136132
135044
73538
63682
61282
97507
68450
66370
73058
162693
62882
53634
101187
84867
70178
64450
139588
76419
110819
64578
65058
62722
55905
71234
59170
85187
131556
72162
59618
66466
102116
74018
62370
63522
63554
116963
109092
58818
59777
66818
102499
81570
112867
67426
58690
64706
54658
115587
98531
79330
63586
71554
69443
68706
129732
73251
98883
71554
79682
70594
124548
75074
119268
71906
119076
73218
62498
74498
58370
125156
101955
70658
107747
74146
140548
76579
61666
68802
154724
67683
139268
70722
101827
69378
102435
72354
135876
64066
104100
79458
69122
73922
97219
70530
100451
64642
98403
69058
102755
74306
120996
111172
87843
60610
106596
137637
77155
63458
58114
123651
102755
254984
72930
66018
67618
57858
76354
56770
72706
128772
95427
70242
67458
70915
129348
70659
68034
69218
103843
68450
140164
128900
125764
65858
119652
79843
60001
127811
120772
67138
62914
69858
146244
69730
63458
113668
73090
140613
72707
153700
106275
67522
76675
60386
75202
99971
68226
58402
96515
77506
62370
73058
59554
72194
114564
71490
63298
71202
59906
68098
133412
100931
65186
60418
107779
89987
143525
69890
60418
68643
66242
56194
50466
69954
98147
84707
68994
64386
56578
62722
64418
54754
108260
109027
97891
68770
57601
83682
62434
75106
55201
66018
167141
67202
108740
120004
64514
106435
65826
102307
76451
67362
63874
56706
69058
123748
117956
132228
99075
68514
68738
68834
73858
60546
69859
122500
74211
101155
71522
115203
72258
118371
66466
112899
71202
70306
70242
103940
115556
122532
76130
120452
67683
60897
125444
77730
116964
69442
62433
76962
60002
75267
64066
65442
100547
72162
58626
104995
96707
68002
129860
69858
60802
66210
59394
78595
59266
73986
59010
62050
120836
93570
61058
118531
68962
60418
80418
74562
72290
60706
68482
80962
71938
112100
66146
133124
74147
113028
80034
67587
114979
99939
70882
98275
65218
104675
88163
62242
70883
104931
87939
122756
65186
90819
73538
120484
69090
97187
76707
59554
74114
102051
64322
101923
107811
147620
76803
137476
70818
56961
68162
56930
109603
62178
93795
66083
89250
68514
81762
65602
53122
75139
94403
74723
90947
100355
93123
69730
67650
102019
62882
171045
77762
62082
69218
105187
69250
100579
68802
140196
68802
105283
77570
58978
73602
99011
105699
95714
63234
69186
59458
137188
74979
66818
69986
129092
75554
78690
68674
56545
68866
129732
75203
50017
124548
102979
65218
56482
66402
141860
77922
99171
75298
108707
77154
62594
125540
109507
64385
61570
68610
61922
70210
104611
67394
84547
67106
113027
79106
162149
72194
65154
63938
53314
69186
65954
104099
99715
71138
125476
104579
102627
91970
99651
66018
103971
67458
64002
66690
170566
72291
63490
58114
105763
78082
113507
67394
117380
64898
99523
68514
134212
93443
110179
74018
119044
65858
67810
61954
67202
110371
96195
64514
60162
67682
130724
72258
113539
64930
108739
75938
71427
62530
105347
65922
63074
78883
68546
64834
64482
64770
78083
64866
48514
105827
93891
61186
113347
69442
104131
68066
99619
68866
110851
126308
157125
60930
96738
46210
45121
35617
68162
43522
76482
76899
91683
49153
40225
40514
40097
68002
39714
46946
64802
42465
34465
127972
51458
109475
52898
76866
66723
94947
48289
39906
103779
40738
66498
129732
87267
53826
57089
40482
69442
43233
104675
46977
79235
40194
61122
55458
60578
57762
53250
62690
52226
350379
56802
37697
98179
60674
138660
48162
54690
70562
109571
44770
177638
42465
30849
39106
36001
34081
32673
60962
34977
36193
69186
93283
46817
94434
43713
37249
152516
63138
73026
94595
84547
147045
59873
102787
47490
71618
346826
65410
60290
60450
90434
96355
51586
51938
41697
125252
52610
77570
41601
130660
74754
63970
77283
74915
79874
125860
53889
44322
355402
66754
47810
36321
103427
56258
126148
90819
80707
105892
56482
41857
46337
38402
42625
138372
59457
130244
61858
85890
48257
127780
53026
99043
57410
80226
42562
147172
49954
52001
46177
38593
68770
103939
78691
67938
42529
104547
19232
42753
72739
97155
49569
44322
69506
83298
50465
39617
39873
69218
58754
86691
42177
33857
42945
37185
41857
34849
140933
94083
145444
103139
47842
45505
74914
111620
47490
37441
64866
38305
40001
38465
96259
39329
63458
43394
133188
50977
122628
40353
70562
72099
70562
58561
57250
57857
56673
68130
63329
42561
52578
40961
62722
41089
80962
81059
88195
54721
132228
59362
112483
52385
86274
66786
122755
84707
111299
87907
55649
87426
56801
43841
148197
77666
58210
152677
66114
128420
51649
70339
52705
41473
47905
43265
55777
43841
87426
132164
59905
89474
51522
48066
73346
102052
55041
85634
77218
122371
90946
117187
56418
53538
72066
93827
60802
45921
43969
41473
66370
56162
62434
97507
74178
133028
72226
90211
72898
101763
69474
117091
85762
124451
91459
50018
64866
64578
121988
71138
48930
82339
104899
58754
84291
56962
48738
197414
52769
127108
95331
60353
57282
83971
131844
70499
97603
66594
102532
128388
60546
116643
67362
116708
74274
54690
59490
116035
70498
64546
71139
53858
109284
132260
76418
70978
69890
132420
99811
65442
65762
56866
88994
58594
71490
130916
97411
80419
70979
122884
71778
67714
76226
112740
64514
128996
74531
103011
69762
122276
68834
100195
69218
64386
69154
60642
79266
66754
70466
57601
61794
99715
65538
135749
71746
107972
78979
129572
68162
115940
98243
71395
63138
105731
69090
66050
56545
96803
82594
97027
74178
70082
69730
56706
67106
49954
63266
117091
67746
60737
69762
141188
85346
115907
62082
102404
123524
66946
69122
98787
66946
54434
70818
57250
65378
58082
69058
133797
59714
97795
68771
58914
96131
105635
112771
66307
68578
135300
72066
117315
71107
121764
66978
98275
68226
59522
55746
68194
65730
144132
80611
66690
70979
56129
68514
54465
72066
56385
106787
66306
61762
67362
179654
70562
97795
67106
100227
69442
108259
91651
204519
70018
65506
62306
65922
70434
134948
76579
103491
131652
111587
74594
89058
66370
79554
63074
121539
68930
97091
73154
134404
68066
101635
69026
113860
76002
114500
63714
79235
66626
117635
67746
56226
73443
57698
72322
104035
110212
112388
58850
121059
106019
103940
94947
128132
65474
60866
70050
129796
74306
119652
70050
61890
65058
58338
68930
50146
68322
60002
67266
46977
82115
68866
68578
102883
65250
98307
68578
89859
71010
58370
69026
63170
64418
120164
63522
61410
77730
74370
67234
57153
136836
133764
62978
60290
72130
137924
69282
96995
63490
65474
107235
74338
139012
59841
57921
68866
169285
77347
57345
70850
56834
67362
64770
57442
115203
70307
156228
66082
62338
68067
65218
56257
90851
74755
65314
81762
66562
68674
94275
65474
60802
70531
67234
70306
59042
69795
67362
76354
57506
72546
60258
75426
58402
109347
146565
69026
61538
65442
96546
82691
64034
66658
66338
68994
54561
70434
110595
57090
129188
114468
66434
62274
145573
129988
59970
56898
68130
67362
67555
65090
70755
59522
101155
64866
64418
70210
61025
66946
102435
61313
89059
82530
150693
63137
106755
67618
60418
59106
69378
80290
66978
69666
95298
63042
85027
128676
123332
71458
64482
73794
53282
65346
61666
76515
116132
70818
89059
62081
61474
69346
109571
71202
60610
67619
103427
81923
67330
68643
58434
68482
79586
73346
122788
79586
64098
69858
119268
76771
61666
73762
62338
118500
66434
90499
72291
67394
116579
65666
64514
68578
54114
81347
68802
69795
64802
54177
63138
65314
100099
69346
124068
100707
65442
56961
67842
93923
136580
137156
72130
63778
76994
54530
104771
70946
74659
107556
60418
60642
65154
150853
68962
130532
76258
58497
71586
118179
73058
65954
68258
105571
61409
119395
77570
66114
72994
51042
116388
119140
70850
107523
76067
97379
64034
96707
105284
131652
70530
65442
69922
58465
68738
107651
73314
108227
128900
104483
59937
62434
60161
56034
78050
61698
66722
104419
56130
129220
74435
117475
62082
91811
66563
59042
62114
130724
75010
63842
66082
115620
67043
60674
61922
130244
75394
74690
72066
77891
66338
58722
70402
56226
67394
56897
89059
71906
73346
61058
65314
95331
66242
62914
73762
112868
62978
59554
73474
63906
69890
59586
76163
118180
64578
110979
66850
55426
52897
48002
67042
54786
70850
123651
66658
64770
79459
55714
72962
119875
56834
65922
99139
103491
64130
101123
74562
67330
66242
81122
67906
110531
58594
98403
64610
103107
58786
102947
67747
55937
55585
134852
151589
118212
67746
70562
66658
112451
68099
62754
56513
55618
96099
60098
98083
80291
73282
68418
64610
57025
102051
64610
110468
62786
138692
62657
104739
66978
384619
64290
102275
62497
98755
60674
60418
103875
100419
58210
147461
80515
118052
66626
100579
82691
69858
66370
77250
65442
64098
61218
58146
94371
56450
139012
76227
107779
74754
68482
60738
57954
67234
132484
93923
100035
104067
103363
63490
60130
66626
55202
66210
69410
63810
58754
104995
85058
63778
70755
60290
71842
108100
57761
58561
104580
89282
54817
57057
66178
58626
62050
57569
150341
54593
61954
53793
158565
98787
95619
120612
95107
62818
68450
53153
68802
62946
64930
58498
104900
87747
62786
62850
65314
67586
107427
68258
122051
104323
64386
60034
67138
157637
66627
119811
63394
58625
75875
71938
66274
99523
63682
110500
69698
55970
73378
157253
66850
130660
67522
49826
67042
92803
63298
85667
67874
115971
66050
111811
54593
56673
91939
70146
73282
101699
65538
126692
72386
149924
72994
189446
67202
78851
65410
116740
67811
69026
60994
118468
53474
63970
76130
145220
110243
78946
60674
68034
99203
58658
119811
61570
90275
65954
109924
81507
68162
69890
57058
65346
57346
63682
96867
134244
120099
71074
138564
112739
94563
78594
140612
65154
66786
65730
142500
78115
66306
63489
113955
68322
122340
68226
66242
73346
63138
66498
58145
61026
58210
117380
63490
62434
67394
108164
66146
73954
58434
142148
68003
108707
100291
114564
73090
68994
66882
65090
63618
59938
66562
58785
66850
48577
102723
62946
60546
79682
136165
57634
64770
66306
106275
61474
102340
65666
99459
65410
60130
80098
111876
65090
65186
99940
116068
106307
141157
63522
55170
155333
128548
61154
132164
66754
93027
67362
96611
65986
132772
70146
124612
71266
106596
67010
123460
70050
111044
71426
109668
68194
132709
70050
107395
67714
104900
62402
58754
137060
119332
74914
66914
64642
58050
64546
55394
65762
100003
63810
89827
67522
100323
56513
99715
55970
136133
48737
138948
65506
128292
75682
59809
106916
96099
66626
60385
55137
55137
52962
130660
72546
107395
67555
79106
69762
115780
72354
102243
76034
105667
82627
80322
110819
96547
193574
121988
72930
68578
58498
99587
67651
52257
66818
51617
67330
129956
70594
52385
63362
111715
70370
59714
71778
63394
134468
131844
64706
60546
73763
64354
61890
92099
68450
53986
67842
92963
66434
62850
106276
97891
67714
133252
53954
105731
101635
121379
73506
65442
68642
61794
56898
97571
84034
68610
112099
63010
61602
103939
67683
57345
62178
59266
90595
67938
68963
141925
63010
63010
113476
100323
80738
63170
73186
90818
66723
110596
53858
54913
97219
51906
66882
93123
62018
58306
73314
115108
66978
161061
67842
66466
66562
54498
64866
53922
136196
122148
67810
61857
74818
68418
108227
103267
54945
107651
85730
66210
72226
64930
67586
66466
64738
137060
68002
141668
75874
71618
71331
116740
72994
61793
72290
130948
53954
125923
70403
117668
76034
60961
63298
105763
70338
77250
68642
73250
71554
57026
72130
108196
77378
67362
62658
61090
77314
66530
69090
55234
67394
119684
69442
116580
80642
93059
72035
56962
66978
60578
104035
142500
66050
108035
98467
78594
293289
67938
61858
102916
78370
58178
72194
54369
70114
56354
105987
56194
64546
77570
59586
61922
51297
103619
83331
63362
71906
65570
65346
63746
71554
56354
105508
131076
63234
63138
53314
62914
81571
66242
68130
122052
70818
114595
63362
54946
105252
123812
72450
75811
84067
72931
71746
101187
68354
58466
77250
60514
65314
138180
67106
126084
73314
81666
65314
66850
70818
55777
60898
128932
72898
77571
57442
98051
71554
64802
73378
51970
172197
50434
60898
78626
55106
73442
134629
88963
112676
72226
71747
59522
109411
77123
116163
73635
71298
72483
101443
64610
64130
72674
116964
62786
100356
67586
136357
144004
118692
78307
112004
72322
64706
77122
60642
73922
92227
65218
68482
63746
53090
66275
101251
62754
100867
61954
98307
80226
145508
67203
68610
67554
64482
62882
95811
66242
101731
82819
62530
72002
103811
76514
90339
70947
139045
69442
115268
64578
131908
55170
98307
69122
135268
66626
124515
80514
66850
67106
106851
71586
108388
167685
76386
74722
68994
63618
56482
71938
67587
73090
57218
101603
119972
71330
62338
70178
121860
77986
68930
73507
57218
71138
60321
72834
60770
67842
55234
94275
67266
134789
66818
138596
82274
63842
67522
56482
53281
123844
73059
65730
66530
113379
63682
66050
61634
106211
66850
117347
61602
112868
67874
99555
80450
67554
71650
51618
101251
57442
61634
61250
100643
109731
57634
58114
69347
56290
63266
103875
93699
104420
66914
127556
61058
105987
190854
66210
58914
86083
132452
71842
59266
67298
60066
104387
71970
109859
65378
132740
65410
56866
65154
117827
65314
142980
73730
79043
71331
66786
68226
113508
96419
61442
64354
65122
130180
63138
72962
72770
56194
54498
112675
65762
69026
61122
66050
81123
94723
72834
61346
57506
102819
58466
59938
104003
70242
130212
68163
66594
57314
99619
66818
62146
75938
63746
60130
116932
60482
61058
72354
118852
107844
66531
66466
96899
81186
65250
72706
55233
61314
131972
77507
115267
64034
60994
66531
61314
63809
105443
65346
96163
68802
99011
66658
58530
140357
77027
65954
72706
55042
67682
78370
67042
61666
73123
65826
72546
140964
63490
111428
71202
61250
66370
118243
79458
78946
72066
103139
62242
58242
65570
57442
66562
111203
63778
139716
61313
68514
68194
60130
85123
59426
68866
103524
61506
55201
59329
101539
72450
114436
61314
62114
69570
53506
62146
143429
102147
86371
157540
61922
65058
67874
65762
85506
63650
99908
94179
71939
60418
92931
58850
60418
66946
70082
109987
61954
95074
66178
64802
61250
114692
67266
58306
78370
102788
59362
60706
70370
119684
122052
134468
68642
114019
65698
52674
64066
62817
71651
111204
62434
139269
61954
64610
67106
60674
71043
145509
72738
115844
77186
64066
65281
106212
67554
113059
78946
60737
70018
60930
65186
122724
65090
134628
74466
69538
53826
101476
65122
108163
66242
157253
83651
69186
64226
57634
71811
105155
64226
61378
63938
112004
78626
61986
68866
117540
64962
64994
74114
117188
57985
104419
105860
58402
59298
66850
109539
67010
60257
92163
61250
62146
63522
66690
66274
152869
74435
112868
58849
72546
65442
64002
56033
111427
127652
64002
104803
79523
71746
66370
60322
66338
54433
60514
107587
104420
61250
99523
85058
63618
71010
51266
70434
102116
62082
52994
74114
111331
63842
64962
81282
114820
66338
63426
72515
64898
71651
63458
69282
121188
67618
57282
62722
134981
107140
93954
67298
107140
105604
95971
68290
114275
59906
55586
65474
89955
70947
60962
64866
86403
69858
59426
63746
113092
71970
106819
134404
117988
65506
112195
67106
57474
66210
128932
75650
64642
68578
56546
56354
97091
63202
121764
71714
118276
66690
53761
103811
102883
63458
60162
54593
61634
63458
58658
67554
55138
101923
126436
104547
64962
59106
65218
138948
102371
71298
180966
73091
135140
74051
64386
58754
103459
51585
61762
80418
129796
59810
102531
64002
113219
62434
130148
68034
99523
67362
128580
102243
57826
136164
62882
67394
67554
115523
70210
117828
73026
68546
69218
62369
70242
133220
62274
99395
64642
66530
81314
142148
72290
59650
62946
109700
55585
67010
63778
64514
71075
118563
71778
107491
69922
65218
53282
97923
69954
101412
81634
139972
114788
65506
61794
99075
105411
65762
136260
78274
70978
108323
68962
135556
79139
64802
69986
117923
72611
70531
75330
96194
68898
60226
105635
65346
127012
69218
61090
93731
68482
72386
64034
69538
127172
76034
55553
62370
111971
152868
68770
69922
104387
58530
103171
67714
116388
101699
62530
143908
78531
72066
66691
69858
56514
58850
201414
84579
65698
70530
54082
94563
99171
64002
126915
77027
69090
71618
79971
58818
100131
77186
113347
65954
65410
71810
109795
70018
87330
66178
103555
65634
62050
68610
59394
64642
98563
57314
131556
67874
98499
78082
104164
67010
120068
70626
104835
69282
59042
122820
69250
70946
60098
107555
105156
56290
60034
71458
105539
64578
103619
68162
91298
88259
72035
69218
99523
65474
99491
71106
90211
66946
115363
68546
84483
61377
116772
68226
60162
51746
97987
107972
123875
62082
102979
77635
61346
68674
116388
71170
64386
112323
137860
83043
131940
71618
123364
52674
101091
70211
53474
71906
54914
68962
97123
65634
121668
77730
67555
114979
99267
74402
62562
74786
100356
62146
103843
70754
60962
64194
103363
69762
65058
55041
59970
68002
75010
80002
66338
73250
93571
58305
67458
61601
61122
101955
60898
94275
68258
61122
80674
126788
69346
101187
68354
131972
72130
75458
68002
57986
76003
66946
73090
57282
67938
108259
106563
64002
69698
99651
69442
64674
69762
61698
135460
72835
71042
69986
136772
65666
126852
108132
98339
84771
68290
69282
58018
64770
58818
68450
50882
131044
131044
72034
129828
111427
109411
65858
74274
53474
60898
104323
75842
73667
66338
102851
67458
52545
105923
95139
60514
59169
139140
125156
74242
65794
75778
64418
66146
103459
75523
132004
67266
60513
66114
59682
56481
141476
66466
204646
89123
76802
69602
108995
131620
135076
64642
58498
72674
71874
69186
104067
52801
103075
63394
109283
80131
66818
70274
126020
57058
66434
71458
113539
59713
56994
59202
102435
77731
66786
61570
122884
69410
98051
76834
121540
69090
64130
71682
154116
74787
61506
69890
58626
68162
101347
65570
58818
73730
60674
64738
57985
63298
49121
66690
93155
70978
390508
76898
110243
50689
81442
62402
120835
80258
111907
104227
42817
76131
65730
72290
62306
109604
93283
119843
48609
45090
46210
37698
117219
71234
79458
66370
113412
66019
151204
59265
115331
64546
113891
65250
93091
71330
121731
85635
70146
77634
65410
54242
55969
61954
68674
139045
136837
67106
69506
67522
104483
72642
56993
143525
72386
106755
60193
139716
73155
109699
71267
113123
68066
92195
92675
66754
142756
74882
117379
66562
62754
68450
63106
84291
60162
69922
89699
66370
68258
65538
103747
69506
86019
67362
111556
74370
112515
62946
98819
74658
72130
69698
108643
70210
99907
77731
106787
72994
55778
65506
51905
66562
57410
62562
118019
84194
170182
108835
196134
221383
134340
125604
160197
174373
120836
160933
145572
132132
178278
161957
137732
234887
100739
133828
169349
139013
174501
107300
112836
134916
154789
144132
241479
207302
170373
128836
154885
155045
110179
59810
44353
112707
130884
69954
65058
66338
56418
80259
150501
65730
97283
69922
109508
68802
62786
66018
65186
108515
83139
103139
80834
117956
65986
66018
53154
95427
68770
96067
63682
139012
125860
69762
69507
73347
124036
70082
99331
73410
69570
97699
64482
57794
81954
111299
69154
102627
64642
102915
58050
112707
71106
74307
158501
106884
67202
115524
79106
65090
76067
117412
65314
93219
73987
68482
70146
58050
69859
55330
120644
119876
69954
62210
68738
104323
65122
121412
78147
130916
74627
108355
77347
119972
67426
59874
58530
98051
56418
133572
61217
109379
78627
120036
71938
132644
46049
137860
74659
55265
69250
60834
71746
61858
72194
60034
66562
132452
76675
116644
77698
83459
65922
62370
68674
64098
75266
119684
66722
100675
72035
104099
68226
65602
70754
55074
72802
81442
69666
107299
71906
107619
69378
56929
68994
102436
65442
62082
66978
122148
70274
59810
71010
50370
67490
118372
104483
114660
68962
64898
64386
127107
71842
107812
97859
155525
131236
70690
64418
100355
68930
139493
76835
117476
69314
66818
70114
127268
69890
114244
65026
104131
80035
70595
71746
99683
68962
97635
72354
65602
70498
134692
70018
58306
68642
56898
69122
58465
64386
102051
100995
99139
61058
92418
64546
56994
75298
60898
72930
106435
58626
96099
68322
62593
59042
58658
92195
61122
69858
56994
69378
109795
69570
59010
105700
69859
84643
71459
59074
71650
74243
66946
120803
60738
138340
58274
51265
69442
59329
65410
53346
100131
122883
65186
115235
65858
134917
116772
58049
59330
70882
73346
70018
90467
67266
58786
65090
86115
59938
99459
107523
105219
59938
97699
65506
56034
57090
54018
71363
115555
60546
59138
70722
114532
64930
108131
70210
66690
66050
99427
75554
117156
69218
119396
68387
102339
71298
56961
69858
50913
66946
98467
56705
96611
77378
117828
63298
88354
67490
117060
71170
58338
68418
60162
69186
122436
76546
118275
69155
113476
124324
98083
71426
57569
66914
56482
65314
56098
65442
130596
113444
126756
71170
110148
68386
87011
69634
71234
90083
60898
61538
97795
72642
127043
72130
98819
69250
65730
70626
53921
65186
109763
69666
108580
79010
70466
70115
99875
68450
129668
74626
117412
75043
61890
71714
105027
66658
120068
70306
102019
72706
67714
114435
65154
55617
71010
84418
68226
119459
74274
93923
67426
63426
65538
56386
56578
93091
65058
70946
72514
124612
71458
140420
69378
66146
115076
67426
107427
69506
67330
79074
102883
65922
50049
67490
96931
75106
104259
68578
59873
66402
98563
68898
68258
62274
53314
69506
107331
67458
99683
65250
62690
70370
66370
65698
66019
70914
108899
67842
61858
69282
59649
61378
116035
66402
93570
70306
126308
69666
124451
73219
57922
71554
72226
71843
108836
66466
98467
67970
106499
63746
66434
70274
84835
69570
110724
69346
99555
70882
110243
67459
103459
64066
125380
80002
67842
74915
115524
72259
116419
67586
103907
120452
75651
136548
75554
80483
68418
60130
71138
118468
59138
53058
60865
101347
71650
114852
66050
60065
71170
117572
78179
117091
70370
112324
73570
61730
73538
107939
60834
59106
75426
110947
66850
64738
66370
53442
70563
107652
68642
59906
59298
57154
72227
124932
116452
67330
64770
65538
56002
69250
95171
70882
60961
69122
60162
70370
228743
58497
61890
69698
97027
65218
88610
77506
83842
65250
55937
60162
57762
115363
102275
69378
66082
69282
112003
107683
66146
62882
69250
57633
52577
106851
77827
69506
69026
58466
70178
122244
71458
134564
67970
59842
59138
110915
130180
129988
69059
60994
58050
94595
67490
55586
66306
121571
67170
66050
66690
118755
66882
94083
69410
62018
63682
55202
72770
59394
66402
116676
68706
106851
76738
60066
73475
62722
70786
61314
119140
102723
59905
52929
57346
140580
120195
77186
69155
73922
106883
68258
64226
72290
66466
68770
60641
70466
55842
65698
102979
68610
57890
60418
60386
105731
98403
56994
125795
106467
62178
90947
71714
113412
64322
63234
68163
126564
70146
113571
64610
125475
70626
66147
117315
68771
62530
65122
60482
70882
115012
111748
57442
59202
61698
113732
69218
67458
69218
55682
124452
118403
102467
71138
75970
63042
114115
64449
64866
68227
121476
74178
65570
130628
73826
126851
70627
72706
69442
116227
70690
106276
68131
72546
68930
102467
66562
60834
70722
58594
70818
103236
56930
55713
67618
63010
65058
94979
75266
57089
68642
97155
65314
106627
68834
65346
68226
80963
72258
112099
70178
58338
73123
116100
72834
139140
108100
98083
118819
76098
66018
85635
69251
74690
61410
67842
60258
70818
60290
56354
108452
70818
104291
75906
119427
68099
137861
70946
56930
71266
59042
104643
65346
186790
74050
110595
69698
56162
61698
60482
95747
62114
107491
107043
64066
63938
71970
120836
67874
145509
76258
63682
62817
102884
68034
65474
72227
61122
71938
59650
63202
130148
73154
68674
135524
69922
127972
69410
59554
68098
134276
72258
62082
67362
106307
72578
52129
68866
56290
100739
127716
71586
66562
69602
65570
91139
78115
116003
68610
63874
67522
64642
63970
135684
70850
68226
58881
98979
98243
63426
115235
64066
60994
68226
126500
76099
103203
65378
59874
70306
113859
67362
61730
68610
125668
68674
55874
68226
122884
59745
93891
72067
116356
72450
59426
69506
118180
68674
65826
68450
123684
72514
98243
79490
101123
69538
115875
59106
103843
69250
97091
62274
103875
107075
105059
69059
102371
63522
130628
71138
110115
72898
64258
72163
133732
67138
104323
133540
65378
105155
72930
66626
68930
57697
58338
122564
118435
119780
76258
79458
101955
82723
108643
74690
81123
64482
121124
68418
139204
67906
52833
65058
107747
67266
62914
65026
70850
69314
63074
63298
108899
57377
98499
70018
60482
64034
91459
65922
108003
157157
63330
115428
64770
60450
67394
122564
79458
63682
65058
101667
139492
120100
66082
69442
58242
69410
57922
182374
101987
161285
70210
71971
72610
59521
99107
65890
70051
110051
71042
43842
78274
114915
67650
121795
68131
51681
28768
82083
54337
117891
59490
57953
66594
141220
108291
101411
62978
165061
50658
115460
62818
52450
65794
102660
49345
116131
79171
105348
67362
67906
51649
110627
66946
92899
59106
107876
101060
67330
271016
77538
71266
65442
56866
68706
96867
106979
78594
67906
129027
49953
49090
55362
53346
50850
116163
86563
95203
64738
77730
52162
123460
41410
41890
41345
83202
58498
106051
98435
89475
57538
117411
69858
60546
60066
38561
79074
59490
55265
98755
45697
41665
53730
44161
51393
82371
49154
93443
88706
73154
65890
68418
36929
41313
32577
38785
60066
41025
46050
38722
55394
79139
39169
99235
38753
51810
66914
101635
67458
58082
35266
77218
38977
35393
56929
99043
8736
37249
99523
80835
39073
66210
38146
105859
39969
37505
37217
35489
61057
57026
33249
51457
34529
186309
46977
68130
69026
2739508
84002
76130
76034
67394
67202
119716
77699
108804
65730
120228
67874
59042
62882
141924
75746
80386
70050
129764
74210
74211
67426
112899
67842
122116
74850
64706
129348
76994
127748
68994
103587
81826
110275
63074
66562
69474
139525
70402
106435
84514
69250
70658
57154
67586
65602
80770
102339
70914
437294
183109
272936
218311
158373
190085
387052
75650
284521
474638
92003
481486
162181
127556
137028
105219
691189
117444
57698
108771
66754
105635
67746
68194
293929
120260
337610
130340
93507
67650
127780
68258
65570
179173
150853
76034
109732
53954
107971
214855
123492
111364
67906
132772
65634
101475
55330
99811
179493
141220
108036
65026
68130
106051
105283
65858
139652
161605
139972
69986
114947
152868
101155
87907
236103
93155
156805
57793
138692
80706
139333
80994
84067
82370
80995
75715
68706
76514
161797
76930
74242
72323
66082
70722
107940
96547
368747
78178
158565
70530
68290
61186
80771
50786
49057
49794
127588
87299
71170
109572
76578
72866
133988
69890
70914
105987
93666
62114
82115
108963
57634
115203
78114
71106
141636
79618
73154
61570
72386
62850
67778
127044
117764
66210
69090
57474
112195
60706
65570
54306
58658
68930
56930
92035
54210
127684
55586
77026
62658
154821
57730
104451
77858
60834
56898
52194
51009
80162
49058
148772
69602
60130
59970
99939
65570
106852
53634
52354
49122
81891
66018
50337
48705
74146
82850
46818
97763
81218
63009
54050
54018
47617
73602
45538
76098
49602
65666
48290
51905
47649
58401
43361
53794
47970
80611
60834
119011
50882
106755
45441
46817
75234
51586
51777
44194
43041
128292
51778
99299
56417
114307
64098
99235
49345
86531
49634
117571
76674
63138
54402
46434
44482
43713
73410
94403
233095
80227
70114
137700
98883
71843
222983
99492
90978
49537
49857
43778
99651
45538
93155
87842
44385
113924
58530
223367
46305
41666
41601
109571
77730
55458
49442
121379
95235
42658
73827
48482
59906
64578
49410
51810
44321
45537
121379
43362
84195
51618
119044
43457
68930
64130
40065
37442
75811
98467
45794
36737
40769
115971
63586
59778
58434
54434
55106
39873
91394
74594
83458
49314
88227
50913
179173
46401
42369
42273
71267
47713
76163
34977
154917
65538
71010
66018
58498
36897
105635
112675
105443
56834
219559
50018
234535
33121
103299
106756
169925
109635
119908
361451
97859
96867
96163
112899
144677
120260
97379
71746
79938
70754
184806
173478
97827
39266
107364
55074
164229
76802
125444
48834
59297
45121
157125
43906
115684
39969
61281
40226
119716
58626
84547
40769
40673
64866
96867
48385
78210
38625
71522
38017
157668
85474
105571
98883
277928
113155
100291
106979
32865
83683
78978
203430
134788
171269
109283
313385
117923
104803
132164
41665
37281
38305
103651
46114
70850
96323
47265
49729
579186
177893
45954
51234
37473
90147
42465
153061
40449
50785
35137
86146
40993
346091
84259
50977
37729
95971
50178
44897
53858
46274
45602
44130
39329
142404
38017
75299
40097
71170
28640
53698
31745
58594
35521
109219
42977
127331
50594
76194
37313
42785
63138
95875
70914
39873
409292
32193
273256
214343
114691
86818
52417
106627
115427
175173
90883
66402
134884
93859
107812
142596
152836
119395
43969
219879
54177
55490
37185
96291
40577
89635
40898
77186
40769
68290
32513
48001
32481
91491
42977
66466
33025
87971
36449
102755
41281
104611
33505
56738
56033
97955
34177
28641
29121
28449
31104
50178
34561
27937
112964
41058
45537
60994
92099
63522
53282
34561
88611
65250
93507
36033
31521
31681
51553
59202
795289
71555
48898
80898
60802
118883
41377
67138
36161
33921
29729
53794
54210
109924
40609
39841
418220
39201
34465
86371
46402
70978
81730
56802
36705
83203
44769
46977
45281
111171
41153
36290
55777
53058
26721
31937
34145
107012
36865
34625
34913
95171
36865
35649
127012
49410
107140
75394
74050
358027
44545
89795
55426
27041
30753
60770
90307
46497
106116
38849
57154
68770
47490
56482
105731
46594
89826
35361
59201
30273
89571
50049
80995
34145
55137
36001
72962
34369
35202
31393
33697
31265
95075
39457
81315
48321
47649
51906
32897
58722
36865
90530
54338
91971
38274
53857
33505
104291
77731
107395
126660
109635
85826
80898
34785
152965
153029
59138
151653
53730
143045
116196
114020
148292
77890
129796
1161156
53441
47361
172646
128196
95715
131428
100451
101924
92515
74850
87778
122724
85987
88035
88706
51394
41217
55394
39489
38210
34049
33089
102403
30081
86723
46305
96227
40545
85027
85731
52833
112675
39233
34337
31745
86083
41313
93987
30945
84034
36961
122372
50817
112260
70531
48865
41569
42913
66274
45441
90371
40065
88483
33121
86690
39361
77698
44513
70914
50049
94051
66626
57634
35842
65602
36417
96355
45857
36833
33729
37186
70051
91043
36705
92547
53826
34145
101027
40705
97699
91554
42977
44098
33665
86115
32705
98339
36673
54466
62434
90435
33889
50977
30433
36801
52289
57282
34241
37570
38273
92003
49474
115044
42113
63938
32353
135749
37985
54658
33217
108643
37602
92707
72739
79779
41857
40002
72514
92322
40129
85731
40257
36386
61506
96707
41409
33537
38433
34849
40385
139044
48162
78306
60770
57186
63362
46305
99907
74178
90147
63714
37505
88291
34145
57442
38369
58882
36258
109796
46338
69218
58594
137732
44289
39585
42049
35777
41569
33506
41761
66466
38178
65730
108963
63746
84003
42529
34401
40673
104996
41314
66082
38913
98403
51905
91555
47234
90627
43649
109155
42273
106819
39169
61090
37345
111459
42370
65794
67266
96803
31009
53281
35170
53761
48450
57154
114820
64866
132228
51938
101123
46305
63266
41538
96515
44513
82402
52674
97955
57922
112963
54849
112260
94435
63362
51042
50241
81186
109155
72546
60482
66946
54754
84323
48802
112707
47137
44321
42210
68802
54977
182310
156549
48322
74242
51585
50753
45761
63842
66050
101635
43201
84419
118339
61858
62050
59586
52706
32289
91619
38849
78946
39681
54145
38530
76194
49249
71682
79267
50465
63138
48802
65250
48481
79682
45537
105731
42689
36769
40257
37249
39009
77475
38881
74946
39137
79779
46913
103716
41026
257032
220743
131652
118243
139076
124484
121827
98723
317002
90562
81763
97955
119268
157445
105059
92195
77826
95043
85634
297161
55362
94787
342794
107427
101763
292457
122371
75491
121187
99299
285161
315018
67586
67650
39041
33281
35873
30721
60482
51778
38529
40385
37889
41762
80131
45825
39713
38338
30369
40673
62498
37665
33505
39361
90883
42657
31521
60994
34913
70690
56961
92995
46369
68514
47585
54786
72258
76771
59618
93347
45761
45665
56706
99651
50882
35169
41473
81699
35105
57250
43266
106404
9408
34721
37921
85346
47905
41665
38625
29665
65506
28448
48738
48514
51618
37793
53153
34945
76418
77986
32609
35042
43201
39201
39618
35489
34081
35969
36449
33089
36993
49057
83170
49346
39393
100899
39681
79618
36161
38562
46018
31905
42753
28193
34593
82946
42241
35393
43586
108963
10016
29473
45538
35105
42337
39425
44930
51074
38657
53698
42017
56546
39041
68194
47298
40322
238472
43554
52930
66306
46753
34913
64674
41601
79330
37633
29665
37218
28449
59170
38178
103363
36129
33793
38050
34817
60290
39105
67874
118531
113540
59106
57729
123139
107011
48098
44194
83458
46017
73666
48097
46018
37505
103651
67714
39617
121475
65378
69058
46945
112067
62722
93827
49857
50081
73378
94915
56194
52609
45441
104195
45985
40129
64834
74466
50785
44449
67170
104291
54210
42882
47617
67138
55458
64578
82850
115556
68674
66466
67746
75970
64866
44898
55585
49121
48961
46849
66466
115332
126724
64162
62722
61313
75299
74498
61186
67874
45377
47745
78946
46338
111044
51074
97443
55618
82818
53185
89507
64770
57506
58114
78850
60642
102051
66914
52418
61666
56194
60418
71042
74818
69026
69666
137060
68674
69090
102755
56738
88291
58530
48866
161317
130532
66338
67618
79938
132100
68194
55937
52865
55778
66722
46689
65890
97347
82211
111395
54242
102403
79747
53026
67778
47970
63842
57442
68418
55106
64514
109956
80610
56514
67554
57281
64610
45666
135268
73762
116004
69762
115876
105891
76899
60482
73794
83043
57985
105571
77058
131044
68706
59362
76514
59714
72450
66594
71906
97827
65442
52162
78947
60866
71202
100771
64706
110627
67395
63490
80386
133253
59394
104739
63138
56578
103267
63842
88610
136516
74114
76290
55586
125891
71234
108291
56674
74179
78946
60738
70307
53153
67906
82083
70082
78402
96675
69282
76771
69762
115907
64898
105123
79171
64354
110531
59618
67202
64834
63874
139621
72098
111683
147109
72386
150693
79203
116708
50274
104259
58114
96899
64706
131940
69314
102371
69347
108867
105539
62146
60385
66466
116004
68386
67331
61858
119812
63490
98147
63170
49986
53698
94979
72930
57602
67810
91203
65506
115012
63362
59330
64770
107651
64354
59906
102915
126627
66595
107395
66498
58818
67106
104899
66498
113923
72930
120420
68546
117603
68835
62050
109219
66690
59873
96259
63105
126212
123876
111940
64994
117156
59170
67874
67458
107075
67458
91715
66402
60706
61218
58690
65602
60097
72066
107331
62722
59618
68546
67010
64994
57825
67394
59298
68867
56673
61026
95395
124804
119172
67170
69378
73506
59394
98403
64898
58210
71106
124739
107491
104867
65954
61282
66210
87522
69282
66082
74018
78242
74595
140068
73282
103491
68258
61058
66722
58785
59073
59266
96483
105443
67906
59682
93443
100323
83714
134756
69378
61954
57569
123172
71106
69827
68546
118500
68930
108868
71171
103843
64194
100035
69474
65058
64738
66978
69954
68483
117508
107683
67458
69762
113188
67458
52449
69859
51298
70114
85763
63586
60130
71042
59682
66562
95363
74018
60194
63682
65410
71746
50210
59586
99299
71778
61313
58369
87170
80643
54146
69218
105315
63394
52225
132740
70018
144581
73410
99107
70723
124068
67490
57058
65602
58210
70659
57794
70050
58785
66178
104483
68674
98723
63874
64802
102659
73506
121540
72482
63394
65602
125636
69346
119108
66018
53346
68802
126468
71810
99587
66947
103972
74082
118403
57314
106947
69922
114148
62498
61058
60898
124356
63010
57986
68866
125955
75491
76738
70691
60322
74402
53602
69378
58113
68738
107044
57506
123012
113924
70402
119012
66626
128708
72514
53986
70370
80675
70114
118340
68194
120451
65922
102467
67906
62274
65666
98979
66626
62114
71266
108323
65410
142564
68674
58626
127268
130724
67874
105955
68866
61154
140932
61922
72546
58690
69634
68098
64770
59458
106435
128004
71554
66242
65986
108900
66146
152773
109475
100387
65154
60706
67746
57601
62433
57442
72930
116547
67042
95523
70082
108259
66274
53314
105187
68770
119811
66850
65698
64354
102403
75010
61186
70626
105667
66082
60258
70338
109955
65186
60418
68131
125251
60834
94499
109731
61026
77410
71298
58914
69602
128868
68258
153029
144068
71970
68258
69635
55074
73794
57602
67075
56354
69282
58466
65698
58242
113860
69282
65890
116131
69891
61698
57122
136196
65154
60418
70818
64898
108067
71746
112484
61858
58562
64834
60930
63330
117763
63266
111588
69890
116899
66626
57954
70946
117955
71778
52449
66114
104260
65762
63074
69698
114276
70338
55106
73698
97379
68098
125028
65602
100579
87682
69378
66306
57442
70018
64098
123716
77410
94787
66754
99523
71970
67683
61474
59522
88579
66082
157829
66658
120003
107587
68770
93923
68482
58306
68098
120100
60769
97731
70178
61026
111236
105220
64738
61185
63618
116771
71746
101571
73570
77506
62689
114820
70050
118532
64930
59906
106403
100195
118180
75971
136900
78882
82115
65186
117380
63938
58209
67266
59938
67746
61218
63394
57634
65506
55361
71459
61058
70370
104388
66434
78754
64770
107108
66210
62498
62113
59298
71458
65154
68866
130116
73378
62434
72962
116292
71170
80451
99555
68418
60290
66274
114563
66370
81091
69379
55137
66466
102211
63554
100739
72482
109828
91139
49985
44449
47426
74050
49346
44034
44289
43905
50434
42593
44865
36641
71906
42017
39489
45538
115940
94979
188934
92707
117507
155044
88003
112260
140228
253896
71970
144933
134180
