1982268
803321
761976
1575408
1167172
995966
1105025
850394
756439
1210309
922653
985150
1266791
721750
1511662
1058432
1014303
1095905
1055872
980222
1422988
989310
1221318
1306728
1035872
1009982
1330889
991646
1337481
1322569
1659731
1083137
1334281
1113858
1378474
1138019
1303400
1213221
1595185
1119778
1535311
1249254
1459853
1210789
1395339
1110273
1570160
1254694
1433932
1185380
1417708
1104578
1560559
1233477
1468972
1191268
1481549
1188997
1436140
1221989
1669363
1081409
1386122
1080897
1381354
1055296
1395627
1180388
1596977
1017631
1392394
1142371
1314088
1071553
1376426
1096482
1391819
1304264
1619793
1059904
1603057
1119874
1416971
1109250
1365002
1159172
1625938
1092770
1377130
1100129
1358826
1014815
1381674
1213957
1453772
1128003
1557392
1193316
1486893
1213830
1431756
1172772
1502541
1457228
1048576
1282503
1178916
1488301
1074689
1386378
1104066
1350761
1107138
1330153
1096290
1337641
1136834
1330408
1072961
1337352
1227814
1579856
1135042
1408875
1123010
1645459
1231526
1466381
1312136
1579665
1202116
1473645
879450
1614737
1302440
1474349
1070241
1317032
1206341
1590161
1103874
1344105
1011199
1349034
1194436
1578224
1069377
244168
199814
362956
153285
276168
169989
209734
145861
162693
1465645
1063873
1267111
1081857
1374602
1237190
1576464
1133282
1351401
995294
1625618
1260294
1390667
1129058
1352649
1193796
1591409
1138851
1348393
1122722
1391851
1173252
1614545
1240646
1461901
1223877
1443788
1181380
1398571
1165955
1458061
1037439
1276263
1117506
1371050
1150243
1291879
1265671
1425068
1114434
1532303
1227141
1382122
1180676
1474157
1074145
1284007
1165475
1453037
1084129
1340713
1154947
1617137
1097921
1375370
1090145
1383114
1092194
1362633
1103746
1277863
1184356
1681204
1046848
1279559
1174980
1335209
1208389
1601553
1116482
1460492
1223398
1292103
1160963
1337545
1126723
1273127
1086690
1276071
1160227
1691475
1300775
1373034
1212389
1358921
1273159
1596369
1137155
1364106
1082433
1283751
1211717
1363594
1366666
880219
1723508
1283463
924316
959389
1139203
1021087
1431083
885339
1062368
1202725
1157443
1338985
2184098
1286055
1411692
1113442
2367464
1127971
263848
272265
130756
161637
160069
498607
215590
188550
1314792
1617393
1151875
1420267
1143843
1299560
1148291
1285799
1026431
1056384
752087
1017663
854298
1131746
689621
888187
637044
1434540
992062
1451404
1358313
1652915
1079105
1287560
1082017
1464653
1071425
1408651
1109922
1503150
1251367
1496494
1121890
1513902
1093345
1663827
1093441
1410987
1051936
1400715
1097250
1516718
1246982
1722228
1073057
1441132
1091746
1383242
1038687
1625746
1026623
1593136
1113474
1387754
1032704
1474798
1080769
1373578
1109634
1349897
1032128
1474669
1068128
1281991
1034719
1636338
1103970
1306664
1107810
1430027
1225989
1395467
1205093
1428940
1026271
1484782
1040608
1047680
822618
916284
875067
1255302
1314281
1503118
890491
1107617
841529
1140003
967037
1285927
1068928
1657650
1072928
1463501
1443500
1235270
1089026
1282343
1093474
1496334
1451724
1287527
1012959
1297447
1054048
1407371
1041439
1637362
1000222
1317096
1045696
1624145
1088002
1288871
1070752
1442092
1211717
1398922
1024640
1570000
1057441
335690
197670
124803
171749
340458
152805
151204
150725
141188
138468
142788
167397
1169028
1368490
1197701
1660531
1145763
1390027
1032960
1438476
1254182
1398315
1161828
1397227
1135298
1396714
1252998
1408107
1037152
1664979
1075425
1405547
1038944
1528079
1102402
1338505
1029408
1642098
1074241
330954
183909
150469
181062
148612
136804
155813
148229
212774
173477
137573
135173
1182692
1388107
1170372
1468429
1158276
1561935
1106114
1289895
1053344
1398699
1102402
1523887
1153540
1379050
1063265
1635058
1159620
1400171
1089281
1534191
1088705
1405579
1194373
1466701
1097858
1319560
1066721
1532943
1126594
1092961
1168996
771160
1626642
987358
1062208
792345
1675027
1010175
1166980
1080193
1131298
807705
1119554
896891
1013727
911420
1168419
1022336
1538671
1041855
1427756
1020351
1718005
1097314
1424588
1058080
1587024
1069921
1327016
1109058
1656562
1475213
1303656
1110850
1646194
1075137
1274759
1142563
1676179
1182212
1373706
1031072
1610129
1093153
1378922
1216549
1613170
1080193
1375498
1092897
1380810
1118179
1336713
1017247
1334793
1137250
1355017
1326313
1609585
1079233
1396971
1128098
1341705
1122530
1346762
1082530
1374090
1219109
1532047
1113954
1282695
1073152
1368010
1080545
1507470
1200324
1469741
1071905
1307176
1086817
1342217
1177476
1622993
1478925
1045792
1409643
1133667
1374058
1072192
1389866
1349289
1619954
1106626
1372490
1086817
1390922
1090913
1370826
1257670
1477645
1071009
1315720
1189764
1613841
1088481
1345065
1079841
1548848
1220453
1457164
1205125
1439724
1173123
1421836
1220230
1421579
1105538
1572464
1195972
1372522
1073569
1310472
1233798
1585712
1111138
1369642
1074913
1531663
1302376
1609745
1088321
1285191
1145955
1339689
1122850
1345129
1215622
1440844
1225349
1356649
1145891
1334985
1112354
1337289
1129282
1338505
1409867
1521743
1102625
1345065
1171204
1361706
1220997
1602993
1052192
1347754
1128771
1340041
1127491
1650258
1201125
1517102
1221990
1397674
1159236
1558000
1090721
1367561
1110050
1353353
1097793
1444108
1023647
1266247
1110082
1333321
1198532
1613393
918076
1433260
1310632
1472237
1139779
1389002
1076801
1293063
1118307
1551728
1101473
1371850
1087809
1471469
1149667
710550
1029024
1510478
1078817
1348041
1067041
1637234
1138755
1394315
1075233
1417516
1228486
1600689
1094146
1361897
1098402
1425803
1092705
1639314
1090977
1324168
1082689
1444748
1176804
1419308
1096065
1400074
1226054
1380843
1126626
1349354
1104930
1357706
1228006
1701812
1141667
1350057
1147491
1366282
1109954
1337033
1145891
1324265
1114882
1341545
1063040
1357258
1256999
1600433
1129091
1264038
1075681
1378442
1115554
1348202
1092961
1354793
1004575
1333833
1097730
1371530
1080545
1398315
1088066
1458381
1115778
1317672
1113379
1375850
1239462
1611954
1112098
1359434
1090913
1347881
1175876
1457292
1106754
1377002
1086465
1381226
1009023
1381867
1228518
1583152
1097665
1356457
1069217
1386602
1094305
1333224
1228934
1570064
1071265
1290279
1217541
1477197
1177732
1390122
1192293
1481934
1123234
1391819
1093538
1588241
1191556
1468909
1206340
1432460
1206757
1420332
1176196
1413483
1240742
1495982
1148227
1281671
1156963
1607473
1173124
1396010
1086305
1598032
1146755
1396395
1130883
1590161
1184260
1451980
1176195
1412715
1178628
1408907
1141027
1604369
1162308
1375466
1104386
1247558
925597
1006687
1011583
1430060
1053408
1699923
1132323
1201317
1086594
1638834
1186277
1404395
1119842
1572688
1173252
1385866
1105282
1399595
1178404
1500078
1289128
1405163
1090177
1450700
1173764
1416427
1137827
1381258
1177316
1320489
1188068
1300647
1109698
1505358
1196356
1516495
1192869
1384971
1033023
1348490
1275975
1565776
1219205
1448684
1046848
1354537
1223045
1676627
1187396
1454829
1043392
1290759
1124002
1642994
1156771
1306535
1062401
1474189
1188804
1396331
1177796
1373578
1150211
1314344
1197637
1381131
1124258
1592721
1059105
1363753
1210597
1491438
1261767
1445612
1264679
1476141
1161284
1396554
1061632
1639794
1083553
1365897
880859
1386826
964926
1067233
1151235
1237638
1004511
1275143
1018687
1455981
1298503
1470989
1272711
1286791
1206117
1509774
1080481
1648946
1159844
1365929
1209093
1279303
1052448
1596753
1187716
1377963
1171364
1362442
1043712
1689043
1087841
1623986
1150947
1323784
1169219
1344041
1215014
1434123
1099554
1642226
1137762
1493934
1185956
1417740
1067777
1522158
1131587
1325288
1105921
1651794
1149795
1340425
1198725
1394666
1185541
1412076
1158020
1689716
1267559
1415051
1091074
1637330
1142627
1311848
1062848
1642994
1192964
1391051
1071264
1587633
1128035
1435628
1065249
1283399
1071105
1591888
1039295
1419084
1207684
1435820
1153763
1410155
1257702
1425900
1079585
1492462
1145347
1294983
1061824
1469069
1175428
1409899
1051969
1286728
1158756
1378826
1145251
1709236
1160995
1420012
885435
1383946
1137218
1382859
885627
1197093
873690
1056096
1592433
1384874
1007327
1102497
1402570
1628658
1060417
1489198
1219077
1514031
1203365
1283911
1356425
261352
186277
159525
194054
203174
259880
196966
113188
279561
148485
1093345
1305928
365675
7868784
356907
470350
366571
974302
1711796
740983
1196101
915772
1095713
899516
1002430
1119331
634675
746454
727510
1037344
793881
209542
136165
942717
138596
188166
1035936
1125379
1210437
1039743
1369929
1090625
1475117
1246374
1413483
1298120
1454572
1118850
1286599
1116450
1466989
1026943
1643506
1063073
1370410
1160356
1619858
1126979
1401067
1061313
1477646
1157699
1300968
1133219
1440300
1248614
1408939
1268870
1420492
1061024
1484173
1128643
1281575
1153475
1411499
1237382
1409611
1038016
1477837
1160291
1278215
1050528
1630737
1115938
1416939
1150083
1353897
1285032
1395563
1203493
1408587
1032319
1495598
1112034
1409451
1217349
1446796
1141731
1414444
1039039
1565200
1085921
1282279
1135650
1504462
1107682
1392331
1086945
1390923
1131043
1354794
1095778
1429739
1115074
1646386
1120994
1418283
1130786
1356425
1101249
1407211
1132802
1358057
1242022
1626738
1087105
1264807
1111298
1491757
1152771
1455084
1205157
1428140
1071041
1637170
1025568
1343113
970814
1522894
1077921
1502830
1108226
1417227
1069377
1388330
1120354
1353385
1088769
1614354
1086337
1263302
1137538
1365321
1071201
1512110
1117794
1395210
1235493
1657587
1104258
1429388
1032512
1536335
1108290
1437676
1098722
1467277
1198884
1417483
1237702
1424427
1043552
1615666
1087681
1393226
1114978
1407755
1224325
1396363
1155011
1415371
1060321
1519982
1016927
1412268
1206885
1409067
1264358
1556399
1028704
1641234
1126339
1309480
1140035
1422156
1317288
1409195
1243622
1443660
1112834
1382762
1024319
1477421
1045919
1292711
1171620
1405707
1256614
1371114
1258438
1406475
1071233
1565296
1141347
1306952
787224
905243
724854
1567536
1323368
1241670
800504
966942
817081
1124962
823097
1036735
794425
1110690
802360
1056320
1207748
1459788
986302
1319048
1151523
1452364
1247494
1553935
1053025
1512015
1128547
1367497
1144419
1480205
1589744
1057536
1346665
1291496
1518350
1100738
1504078
1053281
1297768
1153027
1410219
1067649
1489965
1142147
1397035
1080353
1559824
1093633
1280999
1074337
1483597
1155939
1388490
1186468
1618353
1101089
1291048
1047072
1560911
1071361
1428715
1040768
1640306
1115074
1442861
1070913
1486477
1222310
1425932
1245446
1630866
899068
1089217
1241862
938204
1181988
1027327
1887898
1284167
1574544
1121346
1366633
1044544
1801783
1186212
1443916
1611217
1498734
1399659
1353609
1081121
1417355
1101794
1330569
954525
1471917
931453
1472557
1317128
281545
1061600
1056896
593266
466990
241127
282217
198919
156645
63362
103907
181862
225895
104099
92195
163813
21601
206822
67778
80003
27041
164165
92611
143493
194214
585138
210630
725878
878331
1047424
1505358
1011102
1231206
933980
1465197
1157155
1704020
1018495
1084321
1121218
1424939
1479501
1109314
1249990
1104353
1013247
1210885
923484
1419947
805017
1112738
827289
907644
571762
772696
620083
742167
1303176
1033536
625555
870682
677620
1491277
831674
1405995
936157
1410475
1074081
1237062
1166628
1416107
1193764
1440844
1211589
1405099
1053344
1699284
1073985
1299560
1111010
1619857
1133475
1385674
1231494
1625330
1122082
1423371
1083521
1477197
1183492
1408779
1052096
1471597
1135266
1300935
1077601
1430284
1222021
1387434
1104642
1615537
1117410
1423691
1146979
1484077
1133570
1526319
1112802
1567952
1330537
1543759
1105986
1289768
1217477
1397035
1267975
1598320
1164643
1380618
1162915
1388747
1198277
1622034
1270695
1486285
1246854
1463820
1309448
1450636
1200965
1644627
1181220
1438923
1181892
1383563
1066657
1549935
1294120
1331433
1175556
1386858
1074657
1648147
1126498
1309832
1093537
1520111
1060033
1304840
1163267
1595601
1282215
1439372
1269031
1431051
1058272
1659155
1109442
1568912
1147459
1284903
1106210
1469165
1208261
1302280
1231334
1304232
1063873
1607634
1231333
1402411
1227461
1404715
1182692
1318024
1198213
1302920
1069313
1609233
1195012
1398283
1225093
1386378
1195332
1377130
1184293
1490637
1343689
1437900
1187620
1280327
1074305
1623186
1201796
1302280
1091970
1615441
1170243
1308680
1123234
1495246
1169956
1432076
1086081
1464557
1181252
1409579
1089570
1639730
1181796
1298151
1116834
1592912
1173476
1380234
1190501
1494382
1320872
1426092
1107458
1467661
1180452
1357066
975998
1213957
1439916
1584912
1173283
1470605
1167524
1397674
1176388
1374026
1064096
1590641
1168580
1417452
1063616
1610257
1129730
1383402
1083041
1475821
1263014
1424523
1061472
1677427
1259590
1446412
1182180
1369290
1171204
1381226
1255974
1482413
1185636
1367754
1117218
1645650
1163779
1396139
1075393
1657426
1124482
1322344
1081377
1454668
1161188
1336457
964030
1016671
689237
903451
909980
1132098
1212677
1276519
1159075
1319177
1167844
1297032
1115426
1385098
1096450
1619089
1062560
1398442
1194148
1303880
1089601
1580816
1180709
1370634
1150947
1516302
1314025
1418284
1213318
1636658
1171811
1322856
1220102
1388970
1220549
1430828
1116770
1623185
1169252
1516750
1172132
1386955
1070305
1508206
1167748
1388075
1156324
1387146
1061824
1638450
1165123
1344169
1161859
1537903
1249254
1440716
1066625
1640978
1159268
1454156
1057569
1516686
1297512
1358121
1183300
1349097
1068929
1613105
1184644
1413707
1176644
1441676
1100033
1327977
1151971
1428876
1144579
1520175
1135522
1441100
1100257
1650098
1136451
1291560
1056928
1471629
1151076
1441964
1071937
1394730
1138915
1486029
1102082
1619281
1137891
1326536
1064896
1652883
1148451
1434571
1089409
1524782
1136994
1313128
1084577
1523343
1131746
1445740
1150211
1556751
1293864
1446348
1226374
1604657
1275367
1450412
1187940
1596401
1180004
1443820
1173412
1298728
1094817
1509006
1185348
1408459
1174180
1502286
1330633
1424619
1101985
1470509
1231526
1376426
1241382
1297127
1190021
1304552
1049056
1503662
1219237
1398891
1162500
1319976
1056000
1681524
1254470
1293256
1200709
1412684
1164931
1641938
1335273
1464108
1295879
1394666
1268902
1769462
1265159
1240102
971230
1129219
1011838
1130498
851418
948701
1141570
1772086
1273191
1537039
1350729
1429356
1145187
1788342
1263398
1580496
1271015
1533487
1299176
1438796
1159300
1415979
1358090
1627793
1208997
1380810
1176804
1413323
900860
1648498
1170308
1335817
867867
975166
803128
858171
645076
1571248
990110
1662899
1261574
1413227
1105346
1318952
1080641
1620178
1126210
1381162
1122274
1473901
1265063
1401355
1087809
1579216
1106817
263464
257480
196998
140901
174021
154724
149668
157476
159909
130820
157029
341611
158468
1219686
1589392
1166052
1621553
1096897
1280487
1082849
1538959
1199781
1282343
1251078
1618769
1116066
1401963
1152996
1505966
1033472
1477550
1235846
1420811
1288775
1416459
1265446
1402283
1196613
1683508
1069409
1614546
1113154
1421451
1045952
1659603
1204133
1414731
1084993
1642514
1142563
1331208
1084257
1497454
1049824
1329513
1177764
1504750
1284776
1449676
1253350
1446220
1267462
1419468
1187972
1406507
1051648
1676435
1151427
1407019
1067648
1461741
1068033
1502254
1057601
1427148
1077025
1428811
1046816
1504046
1136866
1421451
1086562
1613617
1130018
1342057
1066497
1493582
1081473
1523343
1146147
1484525
1278279
1453068
1293768
1442924
1251303
1451916
1063585
1640434
1168899
1413067
1048640
1617041
1178052
1435051
1251111
1400331
1250406
1501966
1230886
1621233
1393003
1606545
1176676
1323112
1200485
1277799
1209349
1274599
1170244
1372938
1165955
1290344
1207429
1592880
1173476
1403211
1125250
1596273
1198148
1386667
1071201
1623026
1196037
1391274
1122818
1595216
1197444
1393802
1123330
1309960
1197637
1382986
1082433
1610929
1195525
1385898
1120738
1613265
1183684
1383146
1241030
1399338
1217573
1293800
1086465
1648946
677493
1481101
1297352
1459149
1050848
1660082
1146819
1467437
1070049
1483629
1144419
1321064
1060256
1637042
1138947
1280775
1169284
1411275
1164708
1412108
1173828
1489453
1322952
1414603
1166084
1683124
1326121
1481774
1084769
1460972
1177892
1401131
1103233
1392651
1179428
1594928
1176644
1382187
1108065
1412267
1193348
1474733
1201764
1496974
1313960
1391499
1093153
1642866
1138659
1381450
1078945
1597777
1149507
1376266
1057249
1468781
1156099
1529711
1042111
1459372
1152675
1386602
1114370
1497422
1248294
1348137
951837
1370378
908059
1560239
1067585
1153283
955102
1243686
1070496
1709780
1118146
1434380
1066848
1637938
1191428
1351146
1151299
1521006
1261575
1474285
1268871
1484653
1317129
1436716
1144579
1413675
1290664
1439052
1243366
1418827
1091393
1613841
1208708
1304487
1147075
1402506
1060800
1301576
1172163
1372618
1059680
1600465
1151843
1546703
1170500
1412267
1152483
1597361
1207045
1412075
1217253
1475181
1180004
1608913
1215270
1672531
1294024
1485965
1133763
1426507
1188484
1408395
1085089
1657075
1157251
1517518
1155971
1497358
1284136
1440332
1152771
1331401
1058432
1655411
1068033
1347945
1193573
1335049
1219397
1412715
1052897
1298184
1166820
1636466
1140899
1420044
1092001
1498478
1129986
1419083
1074433
1565776
1082785
1285831
862267
1134499
1078529
1185988
1270119
1330153
943485
1531663
1119458
1449164
1120994
1433484
1046463
1667667
1090273
1311432
1152035
1477678
1186884
1438988
1049984
1579537
1128002
1313128
1083713
1446284
1210085
1435723
1166979
1680787
1076321
1421804
1119074
1474765
1235942
1426636
1207493
1446093
1065344
1621362
1112450
1317577
1087489
1422635
1149283
1410795
1128706
1464269
1075361
1736277
1090241
1416715
1114050
1430859
1233925
1377674
1256710
1431724
1082273
1484845
1132514
1371818
1142978
1377035
1070368
1617298
1126307
1312744
1087649
1611857
1143235
1392171
1060224
1630386
1084609
1292967
1087361
1467276
1118018
1306664
1076481
1661843
1196421
1458605
1202020
1451725
1118754
1435756
1133058
1573456
1075809
1351337
1104609
1401739
1618162
1162019
978398
1303592
844410
213159
375083
156613
157893
943677
1367178
842777
1036320
1038047
976318
586866
1602672
740695
838681
611347
801560
1016991
1114530
755351
1073601
843034
959102
739031
1163459
934461
1012927
964574
1356649
1025824
1631026
1074497
1376106
1050368
1395755
1297160
1426668
1143587
1459565
1351081
1428428
1077537
1624338
1173604
1356874
1214309
1413163
1210341
1295496
1038944
1634482
1181316
1364522
1088193
1503822
1173604
1389035
1088545
1375434
1071744
1609458
1168867
1299271
1178340
1446828
1309768
1417451
1321928
1411243
1344425
1429932
1100194
1628594
1126466
1404395
1092194
1465101
1178148
1351113
1110594
1411372
1218469
1279143
1102562
1589520
1075041
1465036
1269863
1360330
1212261
1367081
1051616
1273383
1201477
1557071
1222885
1639442
1131331
1410859
1103682
1648114
1153380
1431083
1167779
1344841
1101730
1607377
1137795
1457836
1119170
1559088
1275271
1463085
1265766
1477165
1242182
1463532
1280359
1481485
1077953
1618738
1139491
1304520
1086529
1480781
1144131
1404587
1075777
1430156
1185060
1416747
1175652
1398187
1148579
1474061
1195941
1637938
1144931
1320616
1183460
1635762
1176644
1409195
1084865
1706100
1135074
1401451
1174660
1409323
1168260
1306887
1057089
1614514
1162115
1379306
1070721
1462189
1140227
1389738
1178756
1282184
1191172
1418859
1065120
1607121
1168483
1367274
1201701
1434156
1145699
1368746
1080577
1494478
1166211
1429131
1044991
1632018
1150531
1415883
1246630
1481805
1185316
1326601
1056832
1217797
1085186
1630098
1128450
1413259
1187300
1392843
1056768
1662803
1146083
1591793
1177924
1316424
1165348
1405611
1128067
1334057
1086049
1647730
1143747
1457420
1086113
1665843
1160932
1407691
1175236
1506574
1255558
1438092
1088577
1623985
1150403
1413419
1153635
1403659
1175844
1396523
1079265
1499598
1133635
1407595
1078785
1647346
1162499
1438060
1158275
1307880
1187780
1312808
1161028
1631506
1136643
1513198
1274183
1457196
1137123
1476589
1052736
1516366
1173156
1319880
1174596
1569776
1057376
1615570
1071041
1301224
1171684
1511982
1244678
1480717
1027360
1684435
1250374
1416300
1207045
1406091
1450956
1272327
1136259
951997
681845
1659187
1283271
1579120
1047616
1653587
1191140
1537678
1207621
1470893
1293288
1546031
1163204
1704276
1237286
1452333
1168931
1407275
2675026
1659346
1144867
1420075
1193957
1376618
1153251
1687572
1160771
1258950
853658
1044480
1049312
843641
532176
237639
682517
190277
387948
128676
143621
158341
127620
26177
66722
130756
30753
722582
1656850
1149539
1495822
1159908
1457069
1089537
1350313
1058529
1467501
1137347
1290184
1120450
1413259
1295112
1431276
1036703
1578352
1072705
259144
202694
166277
167333
269129
150821
150213
152420
151300
152773
155333
154853
149669
189126
213766
27136
1637970
1120034
1294471
1103362
1325800
1044479
1659859
1103169
1340777
1030879
1653427
1104481
1468077
1312937
1411019
1115042
1380234
1023743
1680980
1106465
1321577
990943
1361354
979806
1015263
1010399
1357609
832217
779096
452046
388684
216422
155461
165253
246439
208870
183845
159013
133540
123140
157157
95971
1035648
1186308
1240614
1529999
1468749
1279527
1408683
1221285
1397483
1054784
1635794
1179236
1457100
1191524
1492270
1146884
1441804
1076449
1528974
1238246
1424811
1055777
1536079
1195332
1325480
1261318
1534159
1205541
1518319
1155939
1428332
1200933
1348073
1166244
1392138
1054080
1389003
1165411
1395498
1041184
1641586
1138050
1299943
1082593
1474253
1154211
1399083
1073953
1395563
1103745
1621810
1151011
1303272
1226214
1395083
1237861
1387595
1098946
1600720
1188356
1437388
1190788
1470733
1273415
1464781
1283944
1457580
1193989
1493614
1157475
1418443
1287559
1436524
1094337
1580784
1061088
1194340
944925
1189253
996927
1637746
1085601
1203557
990238
1503533
1206149
1476365
1256678
1455181
1062433
1693427
1176164
1313512
1154947
1489070
1275239
1442060
1281703
1450029
1086593
1638898
1170563
1420875
1203973
1454796
1286983
1443532
1308904
1457836
1134371
1638866
1189444
1409419
1219205
1383562
1117314
1620338
1161828
1390859
1089473
1519694
1174500
1326888
1087969
1505934
1153571
1423212
1076417
1434283
1201829
1625170
1242918
1399562
1088609
1534671
1053664
1388523
1123106
1365481
1208997
1522062
1060928
1591217
1156035
1300551
1107265
1570160
1115682
1293192
1065600
1482381
1165316
1323944
1041504
1500590
1164451
1454060
1071392
1505070
1130691
1330920
1048512
1505134
1167524
1328392
1056832
1546895
1153028
1446732
1248902
1384267
1161891
1627122
1131907
1281639
1274599
1464845
1266663
1435660
1219973
1386026
1201700
1670707
1311592
1584209
752599
1147107
975998
1213957
829625
1337704
970717
1040159
971773
1190213
1373866
1859257
1149603
1415947
1094338
1638770
1135010
1473133
1074849
1602385
1156579
1415115
1057729
1620210
1139715
1428939
1081441
1581968
1196772
1384554
1198148
1298216
1229382
1317257
1190533
1418379
1309191
1459021
1267111
1316713
1111778
1590961
1196676
1302376
1134179
1441260
1167044
1401163
1102242
1455661
1201828
1412172
1077153
1500206
1094913
1391114
1223781
1462509
1299688
1439052
1193156
1452205
1206436
1297192
1092162
1636082
1236902
1435116
1145859
1600913
1133666
1380074
1192196
1483309
1277031
1454797
1052352
1653042
1158628
1471917
1089729
1620241
1129411
1486541
1222725
1587696
1289063
1433452
1269447
1421867
1168740
1312072
1109442
1462189
1140387
1297032
1079200
1623122
1073377
1412491
1158915
1469389
1034816
1695380
1301704
1454924
1261702
1447181
1299047
1407115
1325576
1423308
1288040
1421644
1101442
1623954
1262983
1454797
1072321
1382314
1068800
1981308
1179780
1410539
1054624
1678259
1062625
1496525
1149155
1414219
1051648
1447085
1059424
1649426
1158531
1419755
1053441
1520686
1261159
1421067
1173828
1332393
1160164
1414379
1074913
1648755
1159748
1411052
1182788
1384395
1068833
1307464
1192997
1391307
1031520
1361769
1155587
1375530
1078016
1635858
1133570
1295240
1168164
1368266
1224261
1411563
1202181
1385834
1192516
1292808
1257126
1445740
1327017
1424267
1231430
1321736
1256614
1308552
1192388
1480525
1168355
1407467
1067009
1382923
1160676
1306216
1209028
1407819
1094018
1451148
1173892
1407114
1217253
1306824
1111457
1614289
1184548
1396395
1100194
1500749
1251846
1372874
1074753
309545
859131
1178916
762552
931325
1091393
1295623
850938
1077729
825721
1229861
774552
831450
1255654
1332873
1169731
1751925
1136162
1322633
1060192
1398219
1293735
1519151
1079681
1480557
1046528
1410635
1122722
1422636
1005567
1655219
1192516
1586704
1283591
1537391
1116098
1389706
1260903
1461005
1030495
1389771
1095554
1336649
1238726
1589040
1104066
1280263
1113058
1414987
1064480
1417227
1276967
1492781
1066657
1316841
1220549
1591249
1096674
1397163
1253094
1578512
1068961
1302504
1187428
1607665
1147939
1438764
1061664
1378282
1128930
1341033
1207333
1600944
1157316
1404267
1186212
1282087
1123106
1361290
1012703
1641170
1286087
1327977
1100673
1722740
1095714
1325064
1247270
1430924
1151043
1280455
1174692
1622418
1145827
1391531
1156259
1397450
1044576
1472685
1210597
1311433
1036639
1489037
1121891
1302951
1048064
1630418
1134563
1387115
1021952
1387530
1701684
923805
1525070
1335497
338890
121444
147268
79331
102595
64642
112324
191110
35393
110659
170757
92227
88547
92259
85475
45250
96387
112228
74850
92227
127364
96899
149060
39489
102692
114276
85539
99427
76834
1122434
1163268
1689459
1264967
1010878
808376
1098625
805048
966814
1223782
1511342
956733
1344681
1014463
1331016
1150883
1281288
1189541
1677460
1175908
1463437
1162403
1414251
1241030
1510766
1160899
1461613
1152899
1389387
1187525
1461004
1202085
1380330
1178724
1495309
1058177
1329768
1220773
1411307
1161891
1635474
1176964
1334057
1143042
1421259
1018367
1406859
1078241
1276935
1116578
1357994
1200644
1596657
1178436
1360618
1140611
1398251
1185797
1574512
1130434
1450732
1281031
1310152
1110626
1394859
1064480
1653586
1130402
1482861
1231557
1459820
1203621
1683251
1094561
1370762
1096961
1396266
1053568
1431276
1079841
1335337
1234758
1659602
1168292
1273319
1093698
1469933
1147363
1663603
1220485
1417131
1106369
1592753
1111426
1417003
1078017
1606673
1141123
1366986
1076001
1359114
1259750
1486574
1123970
1399723
1258630
1523182
1087873
1284327
1107010
1678099
1262374
1421163
1049568
1631474
741623
1498349
1187204
1480269
1229605
1423596
1144515
1504430
1303592
1660403
1108257
1408875
1007871
1132579
753719
1188549
1015167
1359242
1018623
2082367
1179524
1588465
1239750
1693043
1107426
1486285
1013503
1627986
1306312
1618385
1158403
1381963
1261479
1499758
991838
1347241
1022879
1540111
1119106
1354217
1112674
1382442
1099041
978366
682805
850842
1191205
1651442
1006335
901403
685781
888219
765975
1053120
1081857
1207685
1072321
1385803
1097858
1394091
1246503
1636114
1088578
1411147
1168260
1087265
1246790
1625073
1425356
1478413
1115970
1379466
1072833
1624209
1120770
1418795
1103618
1477517
1100450
1438124
1094945
1607217
1111362
1352361
1052320
1526542
1084897
1345129
1215461
1431851
1262854
1656210
1074049
1413547
1221158
1559120
1177987
1368138
1245862
1588176
1084385
1381963
1174660
1378826
1101697
1383530
1211653
1589041
1155267
1299112
1092705
1506510
1060001
1232518
845690
1103650
781560
992159
947869
1379114
1095617
1369641
1010942
1652883
1095298
1405483
1064577
1543471
1067488
1443756
1005919
1452364
1232069
1433131
1200421
1444652
1318664
1472429
1108162
1403467
1034976
1660339
1095330
1348969
1058752
1626226
1085153
1429804
1116418
1448812
1236005
1399274
1198021
1422731
1106497
1373066
1067137
1618130
1084097
1377098
1101730
1423980
1229414
1463725
1045472
1592529
1123682
324426
184485
330378
207110
153189
189606
126564
185894
178438
92547
288201
176997
116420
159909
550673
190342
140036
71458
1729301
1214630
1434635
1142083
1319496
1148163
1298312
1177156
1315145
1138562
1340649
1102849
1510350
1113730
1432075
1085985
1395435
1107617
1450412
1120738
1565840
1205925
1439596
1111906
1391434
1065184
1499214
1026271
1450924
1213861
1446156
1198917
1453036
1200452
1463212
1044576
1507310
1107746
1335625
1022720
1512079
1097282
1339913
1062113
1569872
1097185
1436523
1104513
1449612
1244070
1453708
1030399
1585808
1103586
1340137
1059584
1506126
1097090
1327753
1140195
1511727
1112514
1443212
1002879
1425164
1053984
1637746
1107874
1316520
1026271
1507182
1096418
1326025
1039424
1670931
1074369
1354953
1044192
1636626
1110850
1430700
1088321
1438124
1023040
1646835
1207173
1336361
1231014
1649202
1216261
1416684
1124130
1326984
1010975
1682707
1103106
1282407
1115266
1408875
1204485
1499086
1258503
1431052
1146595
1377482
1039264
1695956
1181412
1364842
1183172
1392331
1124898
1363818
1280935
1543535
1145347
1428012
1022272
1655122
1100929
1425643
1062401
1660723
1089921
1413931
1098945
1678323
1112002
1318792
1177060
1501645
1107298
1479406
1243558
1467053
1038367
1620210
1089601
1293671
1063105
1425484
1021311
1659026
1104802
1502989
1046591
1617490
1086081
1480269
1098178
1450604
1111074
1378314
1020863
1533359
1105953
1385610
1118819
1413739
1225222
1406955
1037311
1431436
1075617
1479181
1079489
1297512
1117250
1442572
1258023
1390698
1231334
1415532
1242150
1415403
1180324
1390826
1177764
1426956
1061729
1482349
1144291
1406507
1091778
1341000
1091873
1561936
1156675
1364074
1205221
1658130
1102818
1429707
1131043
1559087
1068193
1310504
1114722
1411851
1115522
1563280
1210405
1469965
1038304
1647123
1112482
1422539
1088098
1476557
1012383
1688819
1104354
1360490
1086146
1456269
1227973
1437899
1235333
1408523
1090785
1378922
1046432
1502382
1117378
1297671
1097537
1442636
1033440
1660275
1115554
1423659
1015359
1639218
1093474
1318089
1048800
1575281
1085378
1409483
1046304
1651186
1124291
1327881
1002783
1710292
1182820
1407915
1129827
1416747
1206501
1417995
1039935
1600753
1190116
1380778
1107330
1658963
1258183
1406411
1246694
1402347
1054689
1627154
1128707
1417868
1152964
1412683
1249894
1429739
1058785
1650835
1105922
1284391
1129346
1406379
1262150
1401611
1238854
1470893
1015455
1647154
1122019
1342729
1128515
1388619
1086913
1400779
1030687
1647474
1113602
1419211
1099937
1431627
1032095
1559663
1107042
1414955
1032607
1562608
1180292
1320328
1152355
1464492
1201573
1449773
1220613
1448269
1029951
1714196
1079553
1450189
1108545
1452812
1241254
1457869
1098946
1425356
1036960
1522286
1432556
1368330
1085953
1372042
1121954
1461901
1230085
1652466
1152163
1301800
1137699
1443532
1265126
1447180
1034720
1550479
1109410
473582
219399
158277
120420
188774
244872
278857
203879
149957
155365
148357
463535
1510126
1280743
1474733
1154051
1426635
1081985
1472589
1138275
1408875
1156388
1390666
1259207
1542255
1044096
1660242
1116386
1318248
1086145
1391242
1021887
1494541
1121346
1379690
1015231
1612914
1097985
1320712
1130819
1408619
1223974
1292040
970525
1984221
1142659
1290279
834841
1269191
960349
679253
889980
1268359
1485486
2135169
1624722
1037952
1419723
1199364
3033885
1272647
1727508
1194468
1411947
1149956
1368585
2168675
1592625
1155651
1260998
843354
1092321
879867
941020
622259
1309096
1104386
1347401
1272391
1579088
1005630
1505262
1246758
1462060
1242918
1456524
1083969
1394922
1030431
1740725
1092481
1390539
1218086
1372266
1124290
1385226
1098018
1411883
1060064
1511566
1116098
1404875
1240070
1637298
1120258
1403307
1149539
1621937
1088290
1282631
1089217
1443372
1235974
1419051
1099394
1617617
1104897
1281799
1107810
1432108
1081377
1312456
1054592
1484493
1114466
1399979
1123586
1451468
1265031
1414443
1313064
1406059
1299048
1416939
1078176
1772406
1200453
1394762
907004
1631378
1053952
1199940
1046816
1327881
1051488
1571312
1139651
1349641
1075648
1708724
1160612
1423019
1166276
1318632
1076961
1495566
1153827
1340905
1174948
1489934
1291912
1475917
1270791
1501838
1050272
1669459
1165059
1417099
1169444
1445228
1273639
1396746
1326953
1476045
1334665
1396811
1311688
1431307
1324744
1439852
1087425
1496142
1167043
1416459
1189125
1302184
1095969
1603537
1141507
1285352
1089057
1502894
1158083
1289288
1197188
1489806
1288903
1406539
1070369
1697747
1142403
1369802
1083105
1601841
1141667
1430187
1057120
1488238
1201604
1431564
1173732
1776918
1128419
1312136
1171236
1393226
1075617
1418892
1118626
1289608
1198821
1669011
1226309
1514862
1056288
1847320
1041952
1182180
1221029
1249958
786968
1018847
750519
1125762
792793
1089537
654292
1625810
904443
1327848
910236
1170116
1857145
1669330
1147491
1397355
1106274
2748852
1172804
1421259
1171876
1419755
2368456
1611953
1177668
1299751
1251110
1215685
841498
1492173
1280263
1218629
662260
1084257
1068449
787768
852378
1262983
1139555
1174564
1411883
1165731
1369802
1112930
1638130
1127715
1387946
1117570
1624402
1153923
1403499
1137507
1476237
1226597
1403850
1233606
1472589
1095490
1416939
1260999
1466669
1079041
1402123
1306760
1720725
1114402
1343113
1092929
1463148
1049600
1710005
1092898
1343721
1090498
1468077
1205924
1459276
1053312
1694580
1080289
1384938
1102177
1480653
1111458
1579985
1251462
1410700
1110690
1467213
1240390
1671475
1086849
1334600
1037887
1662195
1125410
1320904
1080833
1458253
1222565
1433867
1244390
1452652
1083329
1409675
1025215
1746421
1274439
1429740
1124611
1383242
1098817
1391019
1104161
1430347
1053344
1402507
1219461
1626610
1103937
1318696
979197
1489581
1100545
1398123
1048576
1604433
1080737
1299912
1029087
1606257
1363593
1094178
1476493
1088258
1416587
1112290
1573840
1219525
1480557
1039456
1637426
1108706
1316200
1035551
1671955
1083361
1285831
1117730
1449420
1094978
1341385
1080513
1356393
1047936
1676179
1092770
1421451
1103938
1451628
1272422
1435596
1143555
1644722
1147107
1388395
1132226
1472333
1249798
1427083
1012095
1560944
1061313
1398219
1610929
1010975
2149281
1236070
1421036
1241350
1432748
1145507
1391051
1244198
1449964
1138306
1385834
1162980
1377130
1041440
1651282
1106113
1376202
1162979
1434027
1254534
1419051
1132002
1512686
1118882
1295527
1202756
1660019
1094274
1416619
1122850
1488174
1213477
1461005
1097473
1416908
1060513
1659922
1077409
1412491
1025088
1651218
1102658
1329544
1095041
1561935
1078977
1306472
1123842
1327944
1080609
1405835
1123010
1583473
1090465
360907
199782
231975
192838
157668
146277
151268
148356
149668
152740
147428
148165
241288
150693
1653778
1117986
1289255
1090721
1632818
1144195
1409547
1104258
1378410
1054688
1483566
1152419
1402122
1063425
1521423
1138307
1548624
1106658
1303688
1006815
1656306
1102369
1429580
1030048
1423788
1086849
1425419
1030655
1640594
1112578
1456909
1099650
1447116
1181348
1440268
1043456
1581296
1078592
1342185
1050656
1656530
1112738
1323272
1014879
1629234
1103810
1487374
1096129
1410539
1101570
1437739
1040480
1562127
1109570
1315593
1016415
1672627
1096482
1420204
1061184
1641842
1087970
1424811
1108770
1385354
1227366
1447084
1035104
1559087
1084769
368875
201574
129092
269416
157733
150724
153733
148581
134916
146757
268776
1381450
1245222
1443884
1125731
1382730
1246886
1421644
1076065
1468045
1126690
1290439
1059616
1619057
1075937
1387434
1110402
1391371
1036800
1411659
1028703
1334921
1260774
1615378
1120386
1372681
1066048
1371370
1300167
1494286
1120642
1274791
1307208
1574736
1116258
1905690
768088
870043
619667
1361034
614418
1098305
815001
2074719
886235
1514383
1084097
1497166
1079233
1457356
1100065
1322696
1265575
1496942
995327
1323272
982526
1270022
1012447
1273159
1005759
1255399
965885
1273863
1260807
1489069
1113314
1289991
974141
1340008
1325641
1235846
961022
1994877
1135619
1319432
1030688
2036286
1063712
1375402
1026751
2079904
1116738
1423180
957469
1266822
1017471
2092832
1182980
1350730
1286535
1700180
983134
1360969
1073345
1365065
1008607
1291495
1009919
1268231
1327784
1565264
1068673
1349577
1092129
1276423
1104738
2042078
1077921
1413387
1001087
1705332
1135362
1379914
1074465
1311272
990782
1121922
1346537
1205220
907579
1183748
815321
1000254
751959
1126179
836698
1045952
806457
1113474
1018431
1205189
1083617
1260487
1291783
1568848
1111202
1277095
1076320
1325065
970429
1293960
1038655
1315305
943388
1324584
1007967
1286183
980221
2074175
1055392
1399435
1001151
1400907
978622
1268583
1019135
1664435
1075297
1794615
1091809
1411755
978686
1287911
1292295
1501326
1080961
1324137
1018559
1275303
1048992
1320840
1295848
1471373
1050176
1382826
997663
1264967
1058144
1316552
1269159
1569424
972766
1287047
1035679
1278407
990782
1265735
1321320
1518607
1037887
1259527
1013087
1265799
1004703
1279687
969565
1309255
968541
1305864
970654
1745973
1166436
1388522
971102
1722165
1100577
1422156
1030208
1315048
958398
1307752
1283399
1605905
1034303
1390731
952669
1318312
1017311
1666163
1266791
1382091
1249734
1634770
1085889
1414059
1084577
1308904
1004062
1384394
972093
1408555
1061729
1287432
1253638
1298184
934269
1091969
1845528
1557199
1094113
1332488
1302280
1605361
1019551
1417260
971070
1364010
1086657
1306504
1068417
1664211
1194660
1375786
1085761
1755126
1113090
1427340
1016191
1350185
1266983
1636370
1110882
1486286
1023551
1389131
1007454
1458956
1078273
1712565
1143939
1344969
1084705
2130337
1159779
1369930
1310088
1458316
1107393
1359977
1085985
1341609
991102
1257254
981118
2078272
1190084
1386538
1088289
1363561
1087393
1673107
1141795
1341833
1097857
1278183
1307432
1443116
1037216
1274023
1097025
1276327
1045696
1301864
1057601
1307016
1259463
1582129
988223
1395083
1314504
1639986
1066049
1350953
1061696
1338601
1055840
1347945
963421
1370570
966589
2073439
1124546
1363945
1263238
1463340
1054464
1392522
1021023
1370890
949885
1287303
970270
1259846
1313224
1616530
1058976
1323945
1328680
1474541
1014239
1335177
980702
1259911
1073185
1329864
1076385
1341705
1003615
1274567
1020896
1340137
1057920
1287207
953629
1342505
1282727
1443437
1045504
1321673
1019295
1297992
1053312
1280327
1034912
1695060
1126883
1538831
1214821
1392363
1094466
2063807
1102945
1473101
1294824
1509838
1101826
1352617
1038624
1312584
1280903
1532271
1039263
1327497
1272743
1466797
1015391
1303367
1127011
1389899
946077
1388426
980734
2084447
1182628
1374826
998047
1378666
982654
1448013
1001438
1255366
1073056
2076031
1056192
1411115
1095905
2086656
1070496
1714068
1121570
1731509
877562
1025503
592146
247496
94018
211399
425101
265640
1192644
321898
133540
91491
174053
174917
113923
167205
183654
206151
184581
175109
1615249
1097794
1289223
1405131
1175652
1341705
1092290
1387947
1134883
1379594
1108674
1650226
1160260
1488077
1122050
1370154
1047680
1231494
1012895
1360810
859066
274856
1333321
1153283
546896
206470
823225
1454956
1274183
1075393
954653
1090593
733655
1124962
1078592
1994685
715894
232007
745014
1526383
822393
1130210
931229
1201508
1096098
1433931
1206629
1385803
1173284
1384202
1225253
1591697
1164484
1376074
1067585
1639922
1147395
1299048
1207108
1534543
1214213
1485805
1252230
1532655
1091586
1546735
1136962
1411915
1163940
1460524
1278151
1311080
1176644
1534382
1151459
1601553
1092002
1515023
1066881
1483565
1177124
1593872
1155811
1397387
1151715
1385002
1086113
1484526
1173508
1290600
1063072
1637778
1124707
1400043
1095009
1603345
1238565
1394762
1183812
1492685
1159011
1412268
1072353
1623154
1186404
1305448
1208613
1495438
1299207
1437932
1194757
1384458
1131459
1603025
1177412
1395403
1214917
1401451
1128098
1476429
1205125
1454508
1162819
1386890
1340265
1430059
1251654
1416555
1170180
1626898
1180580
1080417
1040640
1241286
926268
1328553
941180
1181892
973182
1736533
1181444
1242150
1192164
1235942
857242
1230790
1041952
1468493
1179716
1403723
1057824
1629074
1149187
1411051
1093057
1540079
1139842
411340
223367
173382
99587
192326
298217
146628
189382
111459
232071
266056
1050912
1737621
1125314
1406187
1107906
1451596
1213957
1472685
1078433
1600081
1117634
377739
235272
168677
363307
176998
201030
171910
151717
233959
169061
129444
228135
198470
1229926
1479693
1279335
1483726
1091777
1438508
1054144
1578320
1121026
1414316
1100738
1424139
1031487
1650131
1099362
1303655
1009983
1586192
1091201
1516782
1059872
1551727
985214
355659
269256
114276
180070
211910
134020
223718
176390
206534
164357
471278
159908
207206
1557935
1201029
1453292
1274439
1458381
1131234
1347081
1116482
1695668
1094146
1416651
1209157
1432075
1228837
1461804
1125026
1402091
1020959
1518126
1126818
1338505
1124930
1531823
1208965
1432395
1101282
1528462
1066080
1686675
1103681
1340041
1105601
1572048
1245350
1399211
1202917
1406507
1225349
1433099
1058720
1619185
1088641
1386059
1118882
1428652
1064289
1604401
1103970
1419948
1041248
1620370
1242022
1518575
1203461
1560431
1275559
1391691
1347209
1652915
1022911
1691667
1233222
1701172
1301447
1415211
1180196
1284903
1145475
1382219
1080513
1496366
1138211
1295208
1141315
1369673
1168291
1405259
1140163
1728949
1094209
1307720
1158147
1393194
1060960
1469357
1138339
1311208
1086145
1469485
1089570
1378154
1129026
1371977
1164515
1406699
1257126
1428876
1044704
1476269
1143587
1366570
1122210
1400459
1319240
1421291
1336617
1475213
1091201
1692724
1189796
1349609
1187364
1460140
998047
1258982
1226629
1477037
1250598
1450412
1209317
1439372
1180292
1369322
1256774
1398763
1096353
1630738
1214982
1460525
1289864
1436396
1264775
1458380
1178084
1344521
1086049
1516974
1149412
1429323
1206117
1636146
1283911
1461900
1142083
1469484
1251846
1394538
941757
1086690
1194532
1661171
1193541
1403147
1193540
1472205
1289991
1366282
1228677
1524975
1115042
1479309
1217093
1320009
1220358
1411819
1235334
1159683
973342
1621938
902331
1186980
1023231
1660786
1127555
1700756
1279495
1477709
1075265
1670227
1138563
1401547
1180548
1461421
1290919
1439820
1266855
1431276
1067968
1633393
1196580
1443884
1098434
1390826
1068865
1521294
1190564
1392074
1051264
1480749
1197829
1304775
1077921
1505038
1199685
1407755
1171620
1292104
1165251
1571984
1065761
1501453
1141859
1285767
1093506
1464269
1133666
1417419
1074145
1454508
1162340
1408875
1078241
1475693
1062912
1394058
1186277
1404971
1130531
1411083
1071745
1470797
1158531
1395083
1143939
1397515
1135715
1286055
1074817
1624017
1130050
1372778
1151812
1486126
1279495
1438987
1121986
1445516
1087553
1613201
1093569
1398890
1159491
1384874
1074561
1457068
1168804
1291751
1059328
1535119
1151459
1378506
1091714
1617074
1159779
1380490
1176515
1509038
1315400
1415467
1077345
1499950
1185060
1296616
1124546
1483181
1063680
1305415
1159300
1476397
1314152
1442348
1266407
1422635
1315336
1436332
1125667
1618898
1192324
1572080
1087073
1421803
1192612
1406027
1056928
1461645
1167204
1391371
1198981
1377098
1159876
1390091
1081537
1642098
1205957
1437196
1153987
1662867
1131235
1601072
1155715
1375626
1172356
1443692
1153443
1392650
1089665
1459853
1132963
1407499
1080737
1616689
1124674
1284615
1008414
1538543
1140579
1328008
1076928
1504878
1151940
1436844
1178372
1325641
1086625
1640210
1129538
1413547
1050944
1632658
1154724
1333449
1060800
1628210
1145763
1319848
1078721
1623953
1134179
1409195
1167652
1550319
1278343
1438764
1154307
1341385
1081057
1629009
1154723
1547791
1160004
1507982
1276743
1431116
1184485
1300423
1059041
1622929
1140995
1607665
1192037
1468461
1023999
1679763
1259815
1365418
1090177
1649395
1188868
1390378
1297736
1390250
1113922
1665715
1140355
1456460
1234150
1499022
1082721
1457549
1160196
1594064
1172739
1430955
1107618
1750390
1128834
1416587
1158243
1689363
1222022
1610802
1199044
1308776
1062048
1329608
1310920
1456429
1067553
1712341
1155747
1508398
1214917
1353802
1303624
1437548
1311176
1433324
1395851
1563184
1044224
1503502
1219621
1512686
1156515
1497421
1289704
1438444
1276839
1470701
1316680
1383498
1254790
1409163
1292615
1384234
1339433
1418347
1250694
1454797
1108802
1475309
1298055
1523406
1097090
1512943
1190788
1401130
1103554
1378987
1096801
1654195
1141315
1301063
1270343
1386443
1233509
1490221
1159203
1376618
1091138
1498958
1139587
1366762
1252710
1485966
1171459
1438348
1261542
1466701
1310024
1747925
1188292
1468173
1175876
1680147
1148579
1384266
1121090
1500270
1259686
1586288
1171300
1421803
1233094
1633202
1170499
1428300
1241446
1496078
1088546
1477389
1067808
1505166
1258918
1262886
1260934
1681555
1348841
1455725
1268646
1436108
1306184
1387050
1283047
1423308
1216133
1596145
1308168
1565999
1186116
1305928
1323625
1686612
1035680
1213285
1157156
1306119
860602
1080769
877114
1641938
1277991
1479405
1404331
1682195
1139299
1403659
1207365
3183137
1254823
1411691
1153699
1406859
2098240
1725557
1195108
508944
155109
187430
247240
193894
215047
179046
256488
235687
174789
125924
199686
114371
1818359
1006879
1130275
833786
1608593
858618
1114242
801304
1335113
851162
1244838
1016479
1141315
1311880
1673011
1112066
1484493
1251655
1533007
1171876
1380298
1126658
1653683
1134146
1286343
1143523
1409099
1117922
1381674
1284679
1560432
1093921
1454093
1134851
1400075
1322185
1586993
1156451
1283527
1107458
1638002
1215909
1504878
1135395
1325672
1259911
1686835
1083553
1377034
1123906
1193061
1104321
1083745
1154659
1708372
863322
1671091
1038272
1281351
983966
1113378
1086913
1644530
1142691
1456140
1166884
1322664
1052992
1707700
1110754
1340873
1050272
1679732
1181957
1438796
1051296
1780470
1169828
1310408
1086049
1611409
1161988
1428588
1174116
1452524
1181892
1454092
1192164
1677235
1211365
1319272
1107010
1477037
1252486
1330089
1079521
1700211
1483117
1758038
1268935
1364553
1238885
1428108
1098081
1615409
1256455
1514575
1096257
1462765
1296903
1441580
1205893
1401866
1076768
1660595
1073377
1619409
1214277
1524239
1098050
1702291
1269831
1452877
1215974
1454253
1071265
1700180
1234598
1463853
1267559
1389034
1320648
1412011
1264967
1454668
1032095
1662258
1217765
1609393
1098113
1574288
1161667
1383658
945981
1406218
908060
2003037
855802
1479117
1335657
1598224
1222661
1673939
1237638
1472717
1121538
1317992
1212581
1340393
1218502
1511758
1169124
1378602
1264806
1373802
1128578
1493197
1227013
1658739
1232005
1344713
1270503
1289831
1129954
1347177
1099809
1660626
1311080
1497774
1406827
1471117
1312616
1477837
1164675
1449293
1212581
1478797
1267975
1421068
1212133
1396875
1132578
1552943
1125026
1360522
1135171
1458476
1169412
1509198
1114722
1626834
1166308
1454380
1146050
1259750
1210597
1371625
1119138
1341225
1286407
1664275
1091074
1340617
1237510
1688596
1081185
1544879
1182308
1638226
1153539
248263
201382
119908
181829
296041
316777
164997
163397
164101
250280
179077
172101
245895
1481934
1165795
1376010
1192772
1385483
1161348
1636402
1597393
1144611
1303496
1508014
1006782
513839
340266
109731
215622
208359
273097
149573
201702
212103
179141
173861
122724
492528
210790
102179
227687
337322
263272
208038
1599024
900796
1079457
765975
290377
710709
1895290
857114
999423
825625
1158659
1087617
1421451
1039391
1421675
1067905
1644659
1170980
1423435
1063008
1410635
1151523
1458669
1088833
1640818
1154372
1361706
1057984
1644146
1164740
1428716
1072897
1653746
1143363
1375402
1068704
1362730
1125858
1664243
1254311
1462349
1283623
1461965
1263847
1445772
1266791
1441932
1301192
1409707
1204517
1374698
1159908
1302983
1077761
1267175
1130371
1288712
1171588
1466188
1219397
1393707
1048512
1285223
1135939
1413163
1141347
1582128
1150884
1280679
1093153
1276678
1054400
1405515
1126402
1660498
1236550
1337992
1272710
1379786
1202468
1615666
1131650
1373578
1272423
1347625
1125346
1342121
1131938
1398123
1145219
1365289
1109698
1372362
1175300
1649362
1198341
1363754
1053856
1325128
1187396
1598449
1236710
1489582
1169699
1395275
1064353
1623474
1222246
1428844
1206629
1399274
1262375
1404650
1119970
1616370
1204197
1289991
1209541
1591313
1215557
1406699
1315816
1446828
1260806
1456685
1284328
1464013
1264358
1442412
1249702
1445452
1296455
1439980
1294055
1427020
1256678
1433324
1207045
1452237
1271623
1422924
1160931
1407915
1080225
1641874
1146659
1292711
1059680
1645522
1197221
1373706
1071552
1633746
1217573
1326761
1191428
1290600
1216485
1419083
1102369
1482030
1211653
1402603
1217253
1374378
1172355
1292039
1080129
1457388
1156068
1382538
1055105
1618705
1485646
1137123
1331817
1344009
1078113
1608817
1393291
1436204
1182213
1453804
1257575
1425676
1324776
1435659
1110690
1643762
1204165
1398763
1227653
1320168
1208165
1336873
1174467
1407179
1100417
1650770
1232133
1593585
1119970
1649522
1288424
1462252
1202885
1420907
1055712
1665811
1189476
1426155
1178980
1441836
1160643
1424300
1073761
1660147
1179716
1408170
1042111
1657010
1187493
1342185
1144770
1441483
1053600
1427339
1161827
1405739
1165603
1531502
1152611
1433100
1192580
1495438
1278567
1501454
1067137
1634706
1157123
1295207
1060960
1471437
1154787
1430444
1200869
1400330
1069729
1657619
1215493
1582448
1065505
1698708
1223589
1316392
1068128
1533071
1215013
1314024
1090625
1497325
1177444
1381866
1255206
1488974
1320521
1427179
1193061
1304840
1123234
1587728
1191237
1437644
1209925
1311368
1227430
1624626
1162691
1375497
1103714
1468205
1203589
1385003
1115714
1283528
1117762
1647922
1196612
1299720
1207397
1418699
1122178
1586064
1226917
1374122
1111362
1295144
1091009
1616689
1216997
1380778
1210117
1472173
1141698
1382410
1195460
1392842
1064545
1303463
1270407
1444620
1140867
1313832
1074305
1359145
1052320
1296168
1256870
1555855
1138466
1333545
1113922
1281671
1044608
1361258
1198148
1601553
1263878
1401003
1149635
1393611
1039935
1329897
1280103
1624914
1136611
1294055
1132834
1629138
1015103
1343401
1118658
1519151
1100162
1224101
940668
1654387
1002303
1430892
1176452
1431979
1128450
1658323
1209477
1475981
1063584
1647122
1135011
1375242
1075105
1382763
1307687
1497582
1117378
1435147
1293512
1402059
1166115
1628626
1272871
1416011
1192165
1410475
1242790
1460461
1123874
1391562
1029375
1654547
1108961
1399339
1051808
1669843
1064000
1309704
1059808
1686483
1085345
1347849
1029408
1668371
1111394
1432652
1050144
1581009
1106274
1431788
1179844
1651314
1100866
1460588
1057024
1495309
1248742
1399626
1080481
1639282
1108737
1386186
1111426
1424459
1250822
1406635
1247430
1447052
1088545
1643410
1133219
1291656
1136899
1376938
901499
1182500
1021120
1754774
963869
1177092
1255559
1468173
901500
1621650
1137506
1382219
1189412
1438059
1255911
1412267
1215013
1438092
1239366
1444204
1046592
1672691
1066337
1519758
1174404
1397098
1249190
1232614
1273351
1243526
809049
1175844
1002271
1210213
931613
1050656
1294280
1443884
1149507
2660498
1204613
1439372
1175748
2832374
1233765
1408171
1149123
2890808
1245414
1486477
1163395
1618929
1255847
300041
1345065
1660146
811065
1461997
961085
1135971
776247
1682708
1288231
949053
1121026
283624
225607
251271
140357
245799
240711
319658
165893
165029
127204
181541
164709
124516
192198
140548
1439884
1309224
1722101
1053248
1295687
1176068
1359401
1138275
1298216
1358281
1246790
963453
1153315
780568
892379
837849
1521038
1103394
1419019
1050720
1680819
1284807
1404235
2283845
1592144
1114274
1322441
1151075
1397418
1119266
1348009
1829912
1509806
1155395
1397226
894843
1852728
792856
1329609
865371
1122466
841242
991967
1053024
1357225
1129954
1127330
854938
977758
1429676
1134146
776056
1082753
1248838
1298599
953725
1352330
1163171
1499982
1138531
1678516
1093217
1499917
1216005
1451660
1035072
1656658
1080577
1424940
1093217
1401834
1095169
1328776
1022399
1656018
1095073
1408299
1044960
1638994
1099778
1411083
1050912
1569136
1131363
1320873
1001694
1639346
1106850
1332425
1106242
1425035
1020159
1663315
1091553
1332521
1108066
1328040
1086305
1452268
1055872
1538671
1017151
1285479
1102049
1420108
1212901
1486125
1121058
1434668
1016511
1509326
1024639
1382826
1127555
1417611
1213541
1461036
1032512
1530766
1119618
1275271
1092225
1379018
1267622
1459949
1301384
1497134
1075745
1640466
1055488
1445548
1095425
1527246
1141762
1417644
1089569
1621778
1093762
1625394
1065281
1456749
1183140
1511310
1288327
1468204
1156803
1442732
1079649
1498318
1058944
1465325
1163107
1320745
1099522
1647730
1147331
1416395
1156291
1432300
1061025
1343049
1152611
1418667
1071009
1630098
1143683
1398282
1073600
1504558
1043104
1401963
1164932
1516494
1285608
1475373
1061985
1668563
1129123
1363562
1091073
1601041
1137954
1458093
1072417
1613425
1077120
1512206
1140579
1466956
1272807
1424363
1076449
1630097
1130339
1298152
1064640
1481293
1153891
1447436
1072865
1460685
1155523
1292743
1092161
1586736
1050560
1422251
1173956
1380683
1175012
1373034
1077793
1620466
1150339
1378282
1176068
1465740
1309640
1414731
1255335
1614770
1213253
1293448
1169955
1394826
1187748
1291655
1161988
1406027
1062465
1600849
1159716
1386987
1055424
1474477
1055745
1540207
1118530
1611633
1229574
1427691
1173411
1295176
1104418
1591185
1191620
1462989
1075361
1584785
1206789
1476877
902395
1057856
772855
1413132
907963
1222053
1063936
1014527
1088257
855290
788280
882011
692245
780119
703222
1486766
980062
1105058
1068000
1282088
1157123
1633458
1167427
1386154
1091009
1598320
1160995
1439660
1064769
1400362
1166627
1307272
1132035
1383402
1092962
1664595
1168708
1417899
1063617
1607729
1179908
1389770
1173667
1494253
1298440
1428172
1124419
1492302
1219877
1379690
1178084
1491053
1187012
1421259
1134723
1621937
1080609
1373962
1099745
1489358
1335977
1434891
1204101
1383274
1115490
1470445
1214886
1398443
1207429
1392650
1214117
1400682
1224230
1466957
1145187
1403787
1073376
1509454
1178148
1300264
1068864
1462189
1154627
1302760
1069985
1675219
1130851
1374730
1247494
1537135
1285896
1485549
1264615
1472140
1067808
1673363
1171364
1420012
1165892
1532655
1259399
1470733
1099586
1699156
943165
1270983
859322
992798
720982
1040704
799289
1167300
761367
930589
1057344
1080993
841529
1179268
829690
1223078
1141603
1433835
1064929
1417483
1149027
1392362
1098242
1602864
1132259
1386954
1068993
1639250
1172772
1358250
1051616
1484877
1204837
1410507
1216325
1392875
1085953
1662642
1229893
1389930
1220005
1660179
1263431
1433452
1225381
1380138
1112770
1643666
1142339
1282631
1056512
1467981
1165251
1384427
1102466
1275175
1144483
1307304
1071841
1305832
1091169
1430444
1060192
1289960
1092033
1276871
1054624
1323336
1068257
1297064
1235366
1488365
1099489
1355497
1097537
1310408
1129410
1391850
1107458
1669267
1132131
1746997
1330665
1470765
1193220
1659059
1218949
1378730
1233158
1374954
1171908
1265959
1170883
1441900
1243910
1610929
1216293
1392490
1234726
1592880
1322920
1428140
1181157
1577936
1171076
1456972
1291336
1437164
1267462
1474093
1075936
1679827
1169476
1464461
1059072
1507950
1155427
1410923
1197701
1340521
1172451
1397195
1173091
1425452
1177604
1520879
1068129
1440844
1181188
1551503
1186820
1321320
1053216
1649906
1162980
1398347
1227590
1509070
1262406
1462893
1072129
1633650
1179588
1461517
1064768
1603537
1081505
1480813
1203141
1281992
1080193
1607921
1233189
1462028
1132707
1597617
1180708
1369034
1220357
1481070
1282759
1407499
1045887
1646898
1157475
1502286
1070977
1629777
1144259
1366794
1083521
1486061
1184101
1284231
1149603
1386922
1164899
1404779
1010974
1371818
1015167
1573360
1148483
1411531
1204773
1447756
1180164
1344393
1079521
1450189
1180644
1312616
1063617
1450284
1163843
1386058
1089954
1604273
1140483
1361386
1076865
1598993
1193124
1348617
1244326
1295047
1173283
1307880
1227333
1591056
1173284
1391914
1194340
1301671
1082753
1476141
1137186
1402410
1161475
1403819
1185860
1307431
1135555
1305416
1162243
1530286
1299624
1483853
1120034
726326
1052768
1712724
1202565
1295944
1157827
1460140
916283
1009759
1077729
1371114
1205221
1386026
1180356
1560623
1296423
1488461
1255719
1454573
1083329
1608177
1186596
1285863
1161540
1474573
1271751
1460780
1282919
1415115
1054528
1666259
1188516
1408107
1205157
1304520
1169764
1379466
1083009
1619442
1183076
1272167
1153443
1454605
1301640
1469836
1344969
1434219
1084321
1611793
1219141
1503470
1256422
1423275
1142627
1309224
1192132
1642258
1170916
1417515
1043392
1426892
1149411
1340649
1183844
1420427
1116802
1353833
1185125
1662899
1154692
1323145
1140003
1416875
1154755
1323048
1202596
1430956
1074529
1646578
1141315
1461805
1180420
1550671
1249286
1452076
1099746
1588112
1226246
1376522
1062048
1586032
1141955
1480205
1227557
1320969
1185605
1457228
919772
1098433
1130979
1079297
756695
766327
537488
967965
855931
1365705
1147779
1750614
1357609
251528
206470
164677
196230
235272
256424
129476
175301
212422
108227
291337
169861
558769
268648
1313832
1746741
1349129
2581647
1240198
1402954
1232549
1414219
2018430
1601745
1130530
1466124
1148260
1479245
1264742
1593168
786168
1231109
786424
991423
754743
1181572
1029247
685813
983806
1057056
1087521
1182820
1392843
1076673
1375146
1098145
1462509
1123938
1398186
1159044
1423084
1043328
1717972
1265831
1445388
1226885
1361481
1298248
1553200
1029183
1309064
1088833
1304008
1076705
1313384
1000703
1279783
972446
1666323
1176132
1326408
1010591
1630162
1111938
1411979
1082113
1307112
1073121
1437932
1263462
1479661
1075073
1315720
1072033
1422475
970494
1918459
1225477
1340649
1089313
1290696
1091777
1383722
1276967
1491437
1089281
1299688
1055201
1386954
1071265
1294120
1025439
1419115
1034208
1359242
1486317
952989
1347369
1285607
1482797
1077729
1300488
1084193
1277511
1056544
1623730
1253958
1567024
1088161
1407819
1280487
1536719
1078785
1297352
1068128
1283432
1134306
1429260
1024000
1661074
1201605
1629426
1219845
1438700
1273287
1614257
1059872
1455756
1008543
1384170
1068993
1645299
1309000
1424427
1081377
1609489
1134146
1396746
1147331
1655315
1273287
1574704
1222821
1507374
1236550
1495598
1110498
1312424
1303207
1519727
1074401
1380970
995870
1337993
1006974
1364969
1055840
1340840
1087617
2038047
1187044
1329384
1261959
1518382
1036544
1276071
1097154
1384843
1112130
1288199
1020960
1252966
1066465
1266631
1029343
1339113
975165
1256551
1024831
1352169
1259622
1490765
1101697
1302120
1082177
1303880
1035136
1296935
981918
1317416
1029696
1267814
1000990
1310792
992574
1314280
959326
1297512
967773
1283015
1034592
1303015
987006
1280199
1302920
1526287
1132803
1394347
1075073
1338697
1068449
1666643
1171748
1370890
1319753
1460524
1043104
1301224
1021951
1438252
1075393
1305832
968510
1276903
1051776
1648178
1172484
1414731
1050016
1339209
1287463
1485294
1082689
1333097
1032063
1303656
1054529
1288296
977757
2067871
1105250
1433356
1071712
1336969
1283719
1427723
1031679
1364745
982622
1341833
1073249
1279431
1265223
1468013
1091777
1350857
1013503
1362057
969598
1330569
1073952
1263686
1064865
1328873
1090657
1259654
1347561
1558800
1084001
1276263
1058496
1338345
1049952
1651570
1231397
1400843
1034176
1356681
1351113
1603601
1117250
1294600
1031936
1340713
1080545
1323017
1312264
1440780
1084321
1338921
1335176
1552912
1040735
1284839
1282663
1528335
1140867
1283335
1057440
1351785
983710
1329001
1047744
1315017
1287079
1485838
1050144
1291463
1075521
1276935
1059937
1267047
1268711
1522415
1022111
1279015
1055104
1373450
977950
1433868
1102370
1329961
1279783
1456716
998398
1365834
1030399
1338889
1081249
1281575
1008671
1713525
1081505
1364362
1141123
1261159
823705
1209413
887259
1634866
1234245
1514958
1098882
1626385
1222053
1410347
1128738
1397994
1093377
1413483
1273671
1633010
1003615
1320296
1238502
1585360
1090657
1294471
1090113
1420747
1065792
1311976
1317352
1482126
1097057
1434124
1080001
1368489
1073664
1304072
1268839
1486189
1073953
1417067
1110786
1377706
1348969
1670739
1080864
1380170
1273127
1576208
1032191
1389354
1258215
1534287
1085569
1334249
1062688
1296776
1015647
1321960
1091905
1323432
1064161
1687411
1115042
1519566
1229990
1426987
1102626
1359914
1093089
1609521
1131170
1413067
1091137
1330089
1249158
1641746
1102242
1315272
1089665
1621682
1203845
1412043
1153027
1498286
1120579
1370186
1311944
1454605
1155459
1407499
1026143
1671667
1220773
1413804
1295559
1613425
871962
1164676
1284327
1631250
1015807
1387082
1320617
1579312
1137027
1287047
1327273
1464876
1115906
1318024
1096961
1353801
1109762
1621201
1255942
1341161
1101601
1383210
1113730
1293352
1008191
1639762
1228805
1566768
1248614
1558991
1129667
1570960
1125058
1574800
1116386
1469517
1100802
1368874
1069537
1342793
1276071
1511598
988222
1297736
1012991
1687604
1239174
1452812
1104225
1673011
1197445
1446700
1094433
1663026
1098402
1395338
1076033
1340873
1025983
1320393
1271591
1517327
983966
1430892
1303687
1551280
1067841
1403019
1084417
1450156
1299495
1517519
1139171
1291016
1082913
1337289
1041023
1115458
1287944
1032287
1234725
1090017
1495886
807737
865626
1221445
1167876
948189
1117250
860314
1063776
1010015
1207333
972286
1140195
1001567
1341161
1093666
1700660
1309768
1358570
1219973
1631570
1063648
1324553
1141859
1303784
1127618
1297864
1163235
1646962
1289191
1549935
1187940
1633618
1168292
1392746
1169187
1358474
1147299
1295176
1210276
1611761
1156323
1303239
1176388
1435628
1209509
1596497
1181668
1397995
1233381
1471085
1210469
1409195
1221509
1482893
1205317
1603185
1196260
1290696
1151075
1376330
1088001
1274695
1212709
1375658
1162787
1385674
1085921
1398058
1174372
1602609
1188548
1421356
1214437
1645202
1170115
1304423
1217029
1339304
1205893
1382314
1111490
1345641
1213861
1595856
1199140
1381130
1212869
1660275
1164548
1512591
1142850
1412043
1184644
1646355
1257383
1468173
1196645
1598321
1173188
1442380
1163587
1308616
1164516
1387754
1151876
1375690
1179076
1595888
1162691
1406347
1184036
1280967
1140515
1281863
1147299
1326248
1150179
1408587
1026303
1305928
1123395
1440748
1130498
1653234
1280743
1585072
1274055
1548751
1286823
1558064
1279879
1575792
1341577
1428844
1217701
1597552
1293863
1418411
1167268
1278759
1248710
1637842
1138371
1292327
1205316
1376106
1216261
1481421
1140547
1300552
1207173
1675860
1171620
1438956
1197444
1572176
1190660
1403851
1092674
1517614
1142787
1461772
1077217
1501838
1164963
1365225
1061088
1497390
1151171
1425324
1083329
1306056
1212613
1231877
1210021
1666003
1185029
1444620
1152644
1455949
1068032
1378858
1079265
1638834
1146403
1425643
1065344
1431532
1079105
1519887
1202628
1449197
1189988
1746997
1278343
943325
1092929
1351722
962142
1045471
780888
982334
969982
1441356
1128226
1349577
1149347
1480557
1123170
1379819
1348105
1619410
1138531
1368330
1160452
1398475
1114530
2653297
1258854
1415755
1148259
1418315
1139747
1212709
773079
1213925
904828
1012703
901595
660692
593042
1242502
1171556
1528335
1141443
1515182
1150659
1417804
1106466
1445228
1270919
1436076
1106178
1421451
1298632
1422444
1023423
1722293
1129603
246696
276521
142788
166949
173989
194758
273225
168293
116228
175365
153988
214855
1188037
1545071
1095585
1405259
1093121
1604177
1136675
1418251
1014047
1627953
1125923
1287207
1031039
1617042
1075681
1296232
1195588
1402347
1116418
1434251
1033888
1599921
1145571
1429131
1250790
1428236
1075232
1489966
1142627
1387082
1134595
1405643
1264359
1413579
1284200
1405579
1065504
1628146
1089921
1353706
1453516
1072769
1612498
1137891
1356490
1134146
1427404
1089921
1423851
1151875
1659731
1124034
1329416
1088450
1464108
1224422
1486125
1124322
1411883
1020832
1666547
1000094
1402571
1060673
1649458
1079137
1325224
1033183
1496654
1113634
1429548
1089121
1478829
1110210
1449676
1055937
1654226
1083233
1450700
1101889
1420491
1061184
1437388
1041024
1619185
1125122
1323432
1047328
1651378
1090401
1338537
1033215
1667155
1108641
1421195
1037695
1434187
951357
1010718
764792
907355
649588
1410795
1110722
1111809
1003423
1410667
1055296
1315560
1272871
1544367
1094146
1393834
1088033
1506446
1207973
1424780
1145154
1397546
1116930
1672307
1257479
1301832
1152259
1370409
1121186
1361098
1256998
1629682
1158307
1420395
1074785
1471309
1144739
1396074
1158371
1517934
1060064
1614897
1229253
1294631
1156516
1425868
1270502
1395307
1232389
1405515
1237062
1446156
1012063
1648242
1109922
1352745
1119458
1438924
1221285
1424491
1219621
1506158
1041760
1675539
1465965
1053888
1323305
1038111
1642546
1091617
1319304
1038560
1668211
1102593
1338793
1089249
1393899
1126210
1397610
1119266
1486829
1221029
1821175
898395
1021184
1069121
1571184
886587
1333353
1079009
1337993
935037
1439308
1066496
1408299
1075232
1291847
1073441
1340745
1141859
1280775
1243974
1666739
1174244
1428811
1164867
1658002
1177412
1412011
1187621
1417259
1061472
1479021
1179748
1314216
1140163
1617617
1275527
1396266
1196548
1631922
1148835
1474317
1206469
1309032
1153379
1381738
1036352
1635474
1270374
1413995
1189092
1387818
1177060
1647634
1172580
1406763
1224933
1552687
1194725
1596369
1260423
1430860
1199205
1288231
1230981
1582736
1266534
1454509
1192036
1340201
1167043
1294888
1062080
1659635
1186276
1328841
1202181
1439980
1149699
1286055
1083105
1498190
1179620
1304519
1068513
1503822
1192900
1376970
1059265
1468685
1161284
1296071
1118274
1483502
1161283
1287463
1091873
1466509
1140675
1431916
1282440
1457741
1143779
1473260
1190436
1312616
1066080
1737941
1034080
1562192
1260358
1398283
972510
1316296
933213
1047456
1615090
1510030
1074689
1478253
1099522
1633202
1210661
1312200
1170915
1291816
1207749
1396267
1115170
1599377
1182308
1401707
1210661
1412043
1201316
1304679
1078273
1470860
1062785
1368778
1177924
1302535
1058785
1618289
1171811
1458988
1067648
1352297
1315689
1438764
1096770
1609905
1195013
1442636
1200453
1293576
1080385
1487950
1197893
1361482
1184324
1494542
1308744
1462188
1151012
1610481
1129090
1447436
1164035
1492493
1303816
1324201
1213733
1294280
1192293
1316488
1144067
1526350
1190692
1455693
1248646
1470605
1212069
1629522
1133954
1300456
1064096
1458605
1177380
1368266
1165923
1396394
1146659
1297992
1243174
1402731
1107809
1301575
1204357
1315304
1211877
1662675
1202757
1380490
1105954
1558799
1162627
1511182
1098593
1641138
1158371
1374762
1179684
1395147
1081857
1361098
1094337
1619922
663764
1327305
1063521
1511310
1151011
1315145
1197637
1332360
1062848
1464013
1156067
1387850
1178244
1431404
1143651
1315080
1143395
1367850
1172484
1377898
1158211
1371050
1071104
1465644
1175172
1408971
1183972
1404171
1150851
1400522
1083489
1491598
1156707
1400299
1160835
1526766
1286759
1420171
1191492
1404651
1259654
1416268
1185284
1383050
1071873
1638193
1143971
1461292
1171780
1367978
1068385
1454604
1188485
1387114
1158787
1375850
1052480
1609009
1156227
1410091
1253895
1662354
1198181
1422347
1216773
1363562
1121282
1619313
1159459
1385258
1193956
1393418
1132002
1469325
1189925
1296103
1086337
1461581
1205381
1442828
1252646
1414059
1198181
1412715
1235717
1659122
1155011
1311976
1160515
1450765
1211717
1383243
1169603
1296360
1012447
1247238
813241
1000895
1073889
1186276
719766
997887
739767
1032640
642740
697238
658900
1611153
994238
1184324
970013
1473037
1406923
1424427
1351177
1422283
1222182
1313320
1176356
1379402
1119330
1467725
1205285
1407307
1208773
1376010
1212229
1294248
1192516
1503630
1317352
1449804
1329609
1421036
1079105
1493421
1163396
1395531
1170051
1546799
1151203
1372842
1069761
1628690
1173859
1429132
1161700
1634737
1142083
1410539
1185381
1527854
1273799
1491086
1253926
1526478
1082401
1633362
1150531
1371433
1152579
1493293
1339977
1522863
1176100
1306280
1213189
1496174
1227045
1381578
1084865
1614897
1177348
1386347
1077313
1586768
1186148
1394826
1235814
1382026
1208965
1369482
1198309
1656467
1266694
1401803
1209925
1389418
1132035
1615697
1173379
1292935
1264679
1229349
1149987
1503598
1199301
757495
966685
861051
2112065
861210
1016127
1064321
1169475
940317
1001022
888411
1151491
1103905
1464269
1312712
1634130
1157411
1282663
1081153
1651954
1125090
1403243
1169796
1416555
1178500
1462860
1094273
1521487
1134978
1323816
1066752
1499822
1175044
1401899
1256999
1677075
1150979
1322217
1072001
1481005
1157380
1319144
1049536
1514287
1171651
1395434
1157827
1492366
1181444
1409515
1075969
1635858
1124034
1426028
1172644
1456525
1078465
1652947
1132706
1321480
1073889
1539119
1171555
1420108
1054784
1678132
1157603
1678323
1145603
1638834
1214821
268872
809273
1496878
824793
988286
1335785
1459660
1181252
1459885
1162563
1387018
1290088
1472237
1158019
1466253
1041663
1481997
1047135
1612625
1151491
1441836
1293864
1659794
941725
1128354
764023
1092705
700981
865850
1445772
1172868
845306
1206277
759415
889820
691701
1555055
810553
865658
1213285
1664819
1009151
1279463
1022591
1237317
1273671
1633138
1088833
1296103
1082113
1279463
1061664
1381162
1056257
1305832
1024191
1667667
1117443
1510254
1260903
1599281
1063393
1329161
1101346
1295335
1086689
1323048
1005438
1319848
1289352
1621649
1087041
1614034
1056384
1337321
1055169
1379594
1081025
1293448
1061024
1379722
1038368
1350601
1087618
1276071
1046911
1647475
1131619
1386474
1275431
1518958
1070017
1450188
1000030
1297160
1087905
1295879
1100897
1629362
1146659
1419692
1278215
1497102
1082657
1434283
1063680
1301000
1126211
1338152
903899
1613297
1037376
1312360
1265479
1613009
1065153
1290535
1096961
1399978
1064768
1330889
1024223
1326472
1296871
1528047
1064192
1395243
1282759
1529871
1134371
1383562
1133539
1293288
1293863
1574832
1053344
1408363
1264454
1394794
991679
1648114
1283271
1412523
1093825
1291624
1095361
1264742
1308999
1463180
1121283
1295463
1099713
1365226
1101154
1287303
1072417
1639442
1136323
1381962
1326665
1502190
1088386
1342825
1134338
1287431
1099329
1375786
1041696
1295015
1031199
1775734
1277383
1255238
799192
1170724
1070593
1344617
1102721
1395242
999390
1315848
963134
1276199
992030
1706804
1157060
1374250
1149507
1666835
1123459
1598321
1157187
1614801
1169316
1472781
1074560
1696051
1182244
1416107
1255142
1477773
1082529
1310984
1018527
1363049
964957
1407531
998046
1322184
1285607
1619441
1046080
1437548
1296136
1451661
1066081
1390538
1037152
1381546
982046
1499694
1021759
1382474
1012927
1300520
1072064
1655986
1254534
1457548
1264135
1596657
1102818
1405323
1070273
1368329
990303
1370154
1287368
1555792
1122531
1667251
1166339
1312744
1106818
1381130
1056160
1268774
1265478
1583857
1054944
1297863
1093057
1360873
1065185
1313192
1091425
1280839
1070977
1682195
1189892
1433036
1271463
1466797
1080673
1393802
1016927
1307336
1225286
1151236
949564
1062752
1180900
1011935
1359530
1315816
1193892
1337992
1305767
1705108
1195429
1480621
1292935
1673939
1206373
1401195
1219045
1620561
1120290
1401835
1108801
3053277
1223685
1458636
931933
1707668
958397
1517262
900603
1012031
1377130
1431180
1570672
1637330
1084097
1392491
1123426
1746133
1107105
1421611
1053280
1334569
1214757
1546352
1114082
1500590
971549
1334185
1104898
1610001
996510
1394251
1101025
1404266
1240133
1431115
1099457
1452653
1016351
1638066
1114754
1280519
1103554
1453420
1193029
1402570
1217894
1405867
1032223
1636050
1078977
1370826
1118690
1380362
1030560
1616722
1072897
1486830
1063169
1626226
1179908
1313608
1099330
1419691
1247942
1407563
1210853
1399786
1228197
1440812
1163395
1384779
1266822
1429452
1119906
1284583
1043392
1608433
1127970
1293159
1019583
1627121
1139299
1410187
1252999
1625746
1156100
1575984
1271271
1428108
1227014
1425227
1105954
1364585
1048544
1644434
1112578
1298952
1100705
1416267
1223430
1455884
1023327
1537870
1101185
1445325
1223749
1453036
1230725
1436012
1230822
1485070
1092225
1330281
1036447
1656210
1098337
1448812
1106530
1332713
1108034
1434860
1028960
1566896
1115650
1319017
1107841
1441292
1190500
1436748
1241670
1517742
1048192
1665907
1087105
1288839
1121378
1410763
1114242
1383850
1032639
1632914
1121122
1392619
1098081
1404395
1280359
1472397
1079009
1615665
1141987
1282280
1089857
1293544
1115842
1396427
1166948
1480301
1101986
1422603
1111586
1474157
1200772
1424875
1240965
1430380
1258406
1408811
1270791
1534959
1216741
1429548
1067488
1564272
1095585
324490
187718
169478
256840
158693
1403531
1055617
1369194
1131235
1618513
1094529
1381994
1159876
1640306
1135587
1417771
1203685
1461068
1136739
1390283
1282279
1351402
1126563
1397675
1082657
1472717
1142883
1424331
1117570
1391146
1050080
1390378
1087521
1603025
1134019
1393866
1154980
1417867
1090305
1594929
1427660
1262119
1050400
1302824
1014879
1508494
1132258
1414059
1102562
1412427
1026560
1525326
1095937
1402475
1197893
1394347
1313832
1427372
1301096
1446540
1071105
1625553
1164419
1303208
1184164
1403051
1191812
1500237
1143811
1322473
1196452
1538895
1278471
1437740
1168323
1300584
1071937
1572816
1183588
1387498
1249670
1466285
1231398
1372362
1182532
1619057
1139682
1395659
1068385
1414443
1162820
1389066
1152003
1603729
1166404
1289927
1081377
1477645
1138531
1314760
1200389
1326793
1077953
1512622
1135363
1591184
1089025
1444876
1154115
1428332
1154628
1356362
1184228
1401163
1067872
1487629
1137282
1338825
1168708
1533839
1264103
1468493
1261159
1437355
1198405
1297383
1088257
1639410
1109058
1297896
1077121
1509806
1168772
1411371
1160035
1466765
1087617
1282343
1021471
1040480
716150
1509838
974014
1056960
871099
1046848
1060832
1411339
969693
1248358
1029152
1388586
1033919
1653299
1223653
1414955
1103138
1413163
1046208
1299176
1247430
1596081
1088834
1381642
1078401
1581233
1221221
1445132
1087617
1651667
1093729
1404779
1122306
1540591
1201541
1376138
1093793
1474733
1286119
1377546
1165699
1645010
1078529
1346921
1106913
1349993
1147715
1574288
1158468
1356425
1198468
1350313
1166308
1352969
1109346
1351625
1138915
1358473
1129154
1365642
1198949
1476717
1071200
1286567
1169379
1422124
1057569
1711764
1180260
1305608
1157060
1398123
1161027
1424651
1238885
1338601
1135746
1569807
1264103
1459757
1272455
1429644
1274471
1436716
1291592
1456685
1126403
1630578
1186020
1389579
1076160
1382474
1053504
1383658
963934
1146403
989502
1056672
901148
1930139
1123235
1160931
1115298
1467245
1331432
1441836
1312552
1430636
1315592
1482221
1111138
1654291
1275431
1449260
1197381
1600529
1350793
1162883
789400
1371721
1052256
1157155
730070
1021151
1092354
1558735
1155076
1417387
1126082
1508334
1059264
1435308
1107266
2563278
1240358
1452140
1195940
2545549
1224358
1446700
1238982
1430572
1188901
1465773
946653
1522415
1247654
1436427
873786
933052
689077
1403755
845978
935100
816953
1105602
1143715
1601745
1120130
1353865
1230533
1634001
1087841
1462221
1239525
1531470
1020159
1478989
1205636
1410475
1218245
1298632
1173060
1378986
1075265
1232070
1267686
1332232
913404
1066752
1151395
1004254
742454
1839001
984638
2254213
837978
1055713
1085377
1284231
882587
1233702
965277
1438796
1077441
1858649
1152579
1413483
1065632
1517967
1162564
1395755
1167299
1466637
1266470
1451244
1088161
1498510
1171523
1432492
1148323
1329416
1178980
1294728
1165571
1741589
1125794
1302471
1220581
1478797
1060480
1303783
1157475
1570160
1288615
1446412
1228070
1452269
1141891
1528686
1149443
1331176
1210949
1410443
1132675
1279079
1187492
1367562
1165123
1274343
1148387
1506894
1357514
1303464
1205925
1371786
1136995
1379882
1071680
1309704
1171492
1618738
1160900
1389258
1083457
1597009
1163203
1409387
1052449
1646802
1176900
1375690
1274695
1372842
1214181
1664402
1201733
1404107
1213029
1308968
1075329
1499853
1188644
1291463
1175940
1413387
1094338
1348969
1157859
1344713
1217669
1586352
1128387
1305063
1243206
1444172
1113186
1391050
1070689
1343496
1071905
1347657
1114306
1334377
1057888
1320200
1274374
1549231
1073697
1380810
1102562
1358474
1042335
1636562
1164228
1353001
1131650
1591569
1140227
1310504
1161828
1405643
1027200
1283943
1151043
1350090
1076065
1267079
1089121
1636594
1229509
1366346
1149955
1637874
1232966
1425676
1148259
1637042
1260935
1454285
1069441
1328104
1253990
1564655
1083489
1418251
1174308
1334601
1254918
1578320
1141283
1303816
1158051
1293320
1296488
1409003
1205317
1626129
1131714
1489197
1151139
1321193
1044672
1368618
962910
1210053
959069
1611569
1292551
1393035
1082241
1360746
1269862
1455757
1183300
1562096
1149763
1285063
1077665
1361993
1142531
1312392
1088993
1275399
1028767
1622514
1316072
1340105
1239270
1571728
1190724
1291720
1231494
1435308
1152451
1304168
1228261
1650002
1208037
1282983
1200964
1423276
1222822
1464940
1209861
1333992
1161379
1306248
1224677
1288359
1175460
1583664
1180420
1545039
1365642
1457805
1088321
1594065
1146563
1438796
1344905
1458444
1186884
1422443
1060640
1676979
1258150
1451404
1191844
1538095
1120514
1414859
1082017
1527055
1350217
1440172
1074241
1620178
1163939
1478829
1172388
1289703
1067296
1602769
1209765
1393706
1205957
1304520
1062976
1597073
1209637
1405707
1111202
1482317
1067840
1299367
1190277
1469677
1182724
1464557
1099553
1476749
1201221
1392970
1102530
1599409
1174084
1296680
1225061
1440748
1188356
1302983
1180548
1304807
1171044
1533999
1218566
1585328
1162051
1415244
1126019
1467181
1202628
1316712
1179396
1297608
1112610
1588400
1190660
1403019
1112578
1468909
1222245
1496141
1305448
1448236
1269959
1441772
1077505
1646802
1150371
1454445
1064065
1478253
1157732
1430348
1054976
1295879
1173668
1281895
1209893
1393770
1125859
1635538
1162435
1361769
1116450
1469004
1211813
1373866
1096449
1492717
1243142
1380874
1114145
1499021
1218981
1469485
1127011
1469549
1167939
1375722
1204133
1297287
1229190
1386314
1110658
1587696
1167140
1117314
1021248
1128162
1055456
1182084
988670
1091073
893180
1528943
1484238
1239526
962525
1438092
1181252
1743766
1129443
1329608
1076385
1390122
1032192
1384970
1087041
1392426
1076513
1318313
1135234
1320424
1292775
1272519
1287783
1593681
1128995
1291079
1198500
1322760
1111106
1699348
1381834
1467021
1153379
1613201
1033408
1323593
1177316
1462029
1107426
1364522
1098657
1678163
1128994
1482637
1146082
1335401
1199717
1605809
1054432
1409771
1140803
1324616
1116322
1499662
1090050
1651315
1264678
1410187
1113794
1650834
1268934
1422123
1163011
1607537
1030847
1276487
1128771
1333256
1073057
1620818
1171780
1456428
1070689
1334857
1299271
1477901
1012991
1153443
964798
1085377
1048352
1164036
800441
1597744
1123874
1269319
1120546
1520814
1085697
1311752
1088129
1282663
1093473
1647250
1104769
1446892
1231782
1412299
1015231
1607569
1219013
1573168
1235142
1584496
1159652
1446508
1246086
1571056
1254535
1428843
1263398
1524431
1094337
1371882
1171812
1756341
1132067
1443468
1127746
1420779
1097633
1662707
1116834
1433804
1121347
1356298
1205989
1611889
1145827
1571887
1154147
1284487
1198532
1628562
1167876
1382827
1232454
1419243
1201445
1283847
1223334
1602993
1184964
1391626
1233126
1469325
1200325
1388298
1180996
1424972
1220165
1287496
1224709
1478157
1195556
1300008
1234149
1428652
1238406
1452588
1151651
1376330
1197733
1499822
1151043
1400075
1191172
1630738
1055232
1452397
1063168
1285320
1252678
1294375
1200997
1625682
1163363
1426476
1279783
1447181
1087681
1309800
1209637
1400330
1346889
1133763
923869
1124962
1337289
992862
807448
1067168
1256614
1280007
971261
1151459
996287
1299879
1239557
1589265
1056480
1292680
1218053
1375081
1157315
1504078
1074049
1368106
1206661
1413995
1221157
1377898
1186308
1298663
1210117
1485965
1217861
1371690
1263302
1369897
1252262
1363210
1282247
1303656
1250278
1458956
1149667
1295560
1212613
1536687
1236357
1678195
1258150
1634034
1282151
1592561
1269703
1472045
1136482
1662003
1298439
1359402
1201413
1485870
1111362
1383114
1071585
1278439
1204485
1610193
1076097
1367881
1174436
1465133
1209829
1273799
1209125
1599440
1170532
1380778
1163971
1396426
1105090
1584625
1217061
1412427
1202820
1282247
1139426
1675091
1179428
1599729
1316264
1448300
1187748
1718516
1167908
1422955
1161315
1564560
1153892
1428395
1156387
1309416
1234438
1645714
1144387
1328328
1188676
1393610
1210021
1488045
1141538
1456492
1219077
1361802
1036608
1202021
1034432
1577584
880506
1337481
924380
826266
656596
1379530
1247271
1521391
2062815
1642898
1163011
1328712
1177572
1411595
1129314
1406666
1090945
2930938
1227237
1420364
1126562
2786549
1206693
1437548
1165315
1200325
795577
1058304
780952
1041376
1200901
1146499
828441
983070
775607
1503854
1379530
1485198
1133058
1303495
1140163
1688851
1299464
1442988
1185476
1648242
1269543
1462413
1220741
1470893
1162115
1395946
1279399
1439148
1179556
1321609
1106850
1291367
1031999
1395146
1127906
1318504
1168772
1651090
1086977
1423723
1050688
1639538
1101378
1295783
1022879
1500686
1137795
1382315
1049568
1626226
1215365
1445292
1242310
1422860
1281671
1451660
1264742
209830
174886
155653
149060
100835
196582
259400
80419
168581
178694
138180
106787
159237
150629
1119650
1515983
1167747
1404235
1202085
1639922
1170628
1500238
802232
1007711
840090
