2707603
775768
793912
1594993
1032415
1414412
709718
1806455
1094049
1867608
930396
1212197
1341065
1169508
2278053
1021504
2008414
1216709
1195525
1861913
1105506
1947419
1288520
2001565
1142083
2027678
1456748
1728085
1049824
1702740
1444076
2036510
1254759
1829047
1276646
2401450
1264839
1975932
1253062
2034846
1108962
1901882
1484654
2100256
1142435
1803287
1241862
1999772
1181252
2211460
1396299
1938556
1177316
2079744
1502222
2292325
1260166
1927867
1512430
2685298
1118210
1960636
1274215
1997821
1388810
2015326
1251910
1861080
1157059
1869369
1282600
2269829
1280903
1934939
1500942
2012125
1123586
1872217
1245958
1825111
1207493
1859384
1336520
1873081
1215333
1575440
944125
1929051
1074273
2037278
1290631
1857016
1126018
2212739
1278503
1928955
1244934
1955868
1469485
1997885
1220549
1906330
1298503
1947004
1313384
2061887
1482381
2217444
1121699
1865944
1423308
2219812
1240390
2207843
1375370
1126754
1245638
1846424
1305480
2275333
1321353
2018174
1167588
2230724
1179619
2016574
1267815
1899738
1383563
2176610
1278631
2005085
1267079
1847801
1328809
1843768
1204388
1806839
1516014
2031198
1091009
1846008
1465580
2047806
1236838
2072223
1274375
2265125
1184324
2094143
1472013
2209123
1217030
1804567
1259847
1852313
1395018
1993309
1298088
1946139
1199460
1936123
1159875
1803127
1510414
1960284
1250182
1935867
1221797
1958364
1231590
1923418
1427756
2006237
1269959
1883641
1170596
1808823
1287464
1964220
1180420
1873338
1213093
1838424
1219334
2335751
1371401
1887641
1100386
2292038
1238310
1987228
1293512
1988156
1235846
2000445
1201093
1849272
1270887
2028094
1458444
2227651
1272583
1908890
1220453
2056831
1307944
2218307
1236646
2018750
1328425
1951612
1184708
2004286
1336424
1947196
1276295
1969212
1270919
2016157
1362825
2271845
1159395
1846168
1256646
1860857
1347817
1825464
1179396
1962716
1464685
2141697
1218821
1842745
1252487
1906074
1184485
1809143
1274823
1861817
1132706
1935611
1232486
1956027
1422603
2148193
1289991
1835608
1237798
1822391
1242854
1813879
1184580
1994717
1256294
1975516
1171684
2223331
1374442
2004701
1437612
2306694
1284648
1845657
1273959
1826839
1233221
1872665
1197316
1842872
1506318
2111425
1212901
1832152
1394282
2239013
1372554
1950876
1428908
1962332
1275079
1818007
1420491
1901370
1286119
1850840
1369769
2126657
1371977
1860409
1359209
1807639
1436460
1958364
1277127
1895642
1278919
1961052
1328200
2454091
1348681
1959771
1270439
2309318
1379178
1953788
1364649
2110880
1343944
2061567
1340361
1775958
1273927
2645937
1281927
2049918
1311592
1851225
1428236
1860985
1175780
1776022
1290088
2641584
1425387
2008701
1329641
2647664
1255878
2458442
2229188
1456461
2170754
1369994
2543469
958173
1821208
1604049
2140225
1330345
2245860
1918362
2268262
1408523
2001885
1347145
1972828
1551567
1985436
1227462
1939771
1101666
2245124
1185765
244296
169125
264232
129764
129252
166470
110019
96003
52834
118915
139108
60705
118340
128452
128932
126756
129380
117379
66914
123972
119300
193158
66594
115683
116835
114019
166469
101923
106243
58146
1765750
1394410
1531150
1046592
1866873
921788
1440332
976446
1417323
1120066
1771958
910108
2141729
1443564
1859224
1503310
1842232
1336073
1979453
1432076
1825912
1361930
2310535
1422988
2155458
1353641
1958364
1360650
2180002
1329320
1843480
1365130
1844472
1282247
1953979
1412331
1854137
1294375
2002077
1416555
1863289
1198500
2032030
1427948
1948443
1306600
2012157
1426828
1810807
1174852
2027166
1410891
2021374
1308168
2243236
1478445
2081791
1313032
1797687
1424651
1801495
1190437
2181282
1391243
1965660
1296744
2021470
1298760
1811383
1217829
2059166
1399851
1833816
1346825
1846393
1258022
2136001
1398123
2099200
1357321
2003613
1434828
1977373
1324584
2091232
1212517
2176578
1286727
1958268
1326376
2093664
1419084
1997021
1362825
1866360
1255494
2204035
1302696
2298534
1368233
1932795
1287464
1560912
1021407
1916218
1308808
1482029
1072544
1536750
1411307
1848537
1428204
2040415
1183268
2181218
1476365
1994812
1159331
2128993
1425003
2057214
1165668
2136546
1211365
2214787
1287943
1922491
1334729
1882586
1269638
1872537
1462508
1879385
1316168
2090111
1574736
2063678
1433900
2059743
1264358
2222787
1285895
1863129
1411659
2031613
1253350
1842360
1388587
1837656
1270502
1939451
1249574
2241348
1313928
1950780
1419756
1972092
1285927
1928315
1379722
2210724
1312904
1822071
1408843
1827128
1384522
1868952
1371049
1824536
1250214
2203747
1449868
1950428
1216965
1998877
1386762
1816504
1203621
2019965
1458892
1813271
1348361
1796375
1236965
1903258
1318313
1226437
1079201
1428139
1139459
1697011
1414603
2244548
1304967
1979325
1424171
2135233
1419915
2012958
1564304
1936955
1417099
2017245
1437452
2037822
1179876
2037918
1370122
1835448
1177924
1994429
1445164
1993757
1187236
2038238
1380458
1842296
1158179
2030365
1391755
1857561
1267399
1953563
1428875
1795191
1308167
1901145
1234758
2153345
1322056
1972348
1235653
1998557
1341289
1893050
1259207
2117696
1312168
1853816
1429644
1826040
1319177
1828472
1404011
2092640
1403307
2016126
1430411
1999868
1469965
1851608
1290119
1875353
1258758
2027806
1464653
1386506
851130
1485645
966942
1879162
906907
1748053
1011295
1600049
1159620
1616530
1585616
2127809
1251078
2042846
1478221
1962844
1398251
1960380
1572432
1983389
1415403
1993085
1464973
2025502
1194437
2138305
1348425
1860216
1188357
2407625
1381418
2034078
1295111
1974717
1375786
1809848
1363722
2069887
1352906
1977148
1153923
1999997
1390602
2166466
1379306
2038686
1229285
2097344
1394442
1915675
1381162
1883258
1293927
1987580
1376426
2070047
1330857
2076767
1361898
2057567
1139299
2015678
1478509
1844344
1150883
2205475
1408395
1913850
1147651
2162146
1395306
1853593
1157187
2220611
1414187
2088896
1304648
1814487
1476909
1836984
1298471
1809111
1403786
1972668
1302760
1873817
1459756
2015294
1264487
2214435
1252358
2181634
1318536
2041343
1407914
2237188
1240038
2165090
1393226
2088352
1324744
1985053
1383210
2066591
1326120
2216483
1476525
1993277
1417931
2013021
1239686
2231364
1366122
1948636
1375433
1862937
1175972
2124353
1389739
1952603
1316136
2071999
1526286
1971484
1426668
2006109
1467885
2101888
1525678
1646931
1398443
1894073
1037119
1666739
1389866
1857721
1459340
2347495
1295943
2000477
1245926
3307685
1459148
2060478
1248294
2221316
1594737
1877242
1102946
1836760
1347721
1915066
1268775
1582864
1006239
1835128
1003870
2120289
1485965
2008285
1381002
1964636
1425131
2043135
1307400
1835384
1307208
1903290
1314152
1830136
1274343
1804087
1348841
2176962
1470445
2049343
1304520
1893945
1361929
2009789
1259238
2259397
1417611
2013470
1306727
2182178
1349130
1856729
1381962
1979645
1257031
1988412
1433548
2151458
1436107
2165026
1268999
1979868
1337833
1847065
1172452
1973148
1243974
1790583
1355881
1874105
1327465
1914426
1235494
1827640
1258342
1827064
1291047
1981437
1364137
1929883
1254822
1834232
1362410
1839544
1322504
1929851
1368073
1801399
1251238
1847512
1330249
1784822
1298440
1815895
1317640
1781366
1189668
1784022
1380234
1810519
1243045
2301318
1415403
2002365
1298056
1972668
1302760
1885370
1290824
2020734
1381931
1857753
1256262
1857369
1408299
1986941
1299207
1891321
1358377
1804791
1271559
1941915
1327656
2305382
1225509
2062495
1269766
1962491
1358218
2015198
1268006
1811671
1211077
1969628
1316776
1830168
1201861
1806231
1404203
2166946
1279463
1924762
1290279
1939835
1180164
1957180
1367497
1820280
1238021
1864697
1316009
1797206
1210949
1843385
1286407
1868025
1176388
2397673
1439788
2168194
1220997
2298854
1300840
1946460
1268102
2277542
1338249
2037310
1301128
1661715
1398987
1731541
1172868
1779286
1099234
2279429
1278631
1812855
1270567
2216899
1321672
1994557
1345769
1816247
1362282
2254117
1404747
2005086
1321608
2113793
1365226
2093024
1290727
1839768
1317320
1943803
1212453
2281446
1432524
1987325
1210629
2025438
1428204
2064895
1268679
2029982
1386475
2336103
1326216
2205091
1261638
1584624
1356265
1716565
1069953
1411947
1397099
2194531
1417739
2125312
1355081
1900474
1261830
1687060
1102242
2407561
1477613
2071551
1295271
1921883
1313992
1889082
882555
1676563
995166
1386058
1619505
850202
1062048
894812
1196869
912252
1715956
1385290
2377609
1407242
1825432
932796
1462157
999902
2016285
1283303
2266725
1383882
1907386
1245286
2323014
1360201
2003261
1285415
1942107
1308008
2157538
1301480
1818231
1430123
2082911
1286567
2130657
1480205
1939387
1183780
2018781
1413067
1969084
1427628
1991612
1446924
1953755
1432172
1990812
1234054
2177378
1213925
1997437
1342472
1943803
1307975
1844536
1386570
1867225
1353865
1821560
1400106
1825751
1294727
1841880
1248902
2169346
1278311
1863960
1231398
2073344
1266694
1976604
1254471
2028702
1425196
2090975
1444300
1978557
1156452
2155938
1388651
2050046
1246534
2032670
1284327
2287910
1276711
1848217
1379274
2103616
1378634
2049630
1386986
2003837
1192196
2282917
1382315
1992669
1266215
1947963
1383082
2169538
1320712
2182370
1579600
1780055
1113954
1293767
1013567
1276486
1102978
1668979
1094433
1436428
1264646
2188419
1467308
1802199
1214501
1832984
1322665
2275366
1290024
2061183
1352649
2160546
1412907
2069599
1543119
1926042
1416523
2051486
1356458
1961851
1202533
2230052
1345001
1992061
1198853
2050046
1439596
2002461
1207237
2064479
1325033
1932123
1193380
2143937
1350985
1823416
1193092
1994621
1375370
1996316
1178980
1950011
1344201
1847800
1152099
2161058
1405163
2052895
1289447
2083775
1349449
1875770
1171460
1994749
1412171
2010493
1288519
1833208
1406603
1875097
1279174
1966300
1424268
1848953
1264134
1869977
1321640
2182626
1374858
2000221
1379850
2089631
1346537
2042174
1454829
2023197
1428875
2096256
1262567
2219076
1267334
1960284
1267047
2167298
1362058
1967900
1285735
2039102
1280743
2047742
1237446
1985564
1296903
2043455
1372841
1842264
1274023
1942043
1252966
2144770
1298184
1973404
1220261
2186562
1325224
1736052
1401514
2081439
1416779
2171458
1272199
2022078
1284935
1892377
1353737
2025854
1267399
1831736
1265223
2195011
1268774
1998109
1264294
2036062
1292968
1855704
1257254
2035550
1353737
2067167
1363146
2091327
1311144
2059455
1408491
2228387
1295880
1845816
1290087
2072991
1272167
1986813
1262119
1998685
1306312
1965884
1368361
2089984
1242854
2109377
1425099
2207491
1296968
1949659
1272903
2160994
1178020
1949916
1389675
1872249
1276711
2079776
1493485
2001085
1375401
1989469
1512750
1908858
1484109
1916858
1327529
1489774
1220518
1945211
1277159
1262246
1263878
2123041
1307848
2144450
1315176
1930939
1358601
1833528
1352234
1992477
1288583
1989532
1405674
1867289
1276615
1987581
1315784
1836215
1252038
2054270
1279559
1923514
1330280
2102752
1352554
2045470
1368970
2000253
1287303
2136801
1353226
2034462
1269254
1958268
1361769
1872121
1261414
1827831
1413099
1917467
1292967
1942684
1380618
1968540
1277511
2150722
1407051
2000445
1282407
1822968
1258278
2213667
1263174
1966364
1242822
2171234
1304552
1830584
1240710
1976220
1282983
1851897
1340585
2000253
1196708
2104096
1345865
1854904
1187204
2009021
1097569
1551023
924796
1994749
896475
1973788
1769014
900540
1447437
886587
1137539
823097
1177476
1320264
1356874
866458
1141315
741719
1980413
1066336
1465421
1055488
2042782
1373258
2043966
1178083
2309542
1533070
2067327
1353001
2319046
1462892
2086048
1361129
2009053
1446860
2051647
1293063
1836248
1404491
2043998
1312136
1957403
1306023
2005341
1283271
1951836
1392107
1861209
1342537
1900282
1337896
2136673
1361226
2073695
1421803
1905658
1188452
2175970
1350250
1937083
1303783
2073247
1260262
2138049
1204196
2156770
1388426
1993565
1142274
2083040
1489838
2160130
1228709
2018365
1374346
1843064
1226597
2230596
1381098
2044414
1191300
2015581
1217221
2253541
1313480
2025502
1389002
2139713
1379754
2005982
1442540
1976252
1390474
2033822
1266503
2188291
1312584
1917018
1401515
2051646
1191365
2028990
1467245
2023485
1376970
2144897
1388874
2027613
1377130
2119968
1470732
2104448
1150147
2196707
1380746
2015934
1143235
1988925
1369354
1995645
1287527
2033502
1469197
1914074
1380010
1984509
1450860
1999389
1368394
1975740
1465740
1964475
1370090
1975804
1429099
2068223
1162851
2080672
1380907
1833720
1282951
1935803
1354474
2015262
1280743
2052255
1445612
2000893
1450860
2082944
1217157
2233732
1304999
2019581
1425131
1906682
1061312
1810551
1490125
2028765
1387658
2104640
1389418
1871545
1415307
2035262
1261254
2019805
1320584
1986269
1232133
2042302
1197892
1943227
1367530
2010109
1169956
2076160
1378410
2079871
1183588
1907002
1422348
2253285
1384426
2037502
1455180
1988412
1378474
2090688
1225253
2168034
1328521
1831896
1353961
2028734
1283399
1867257
1232678
2187234
1368138
1991197
1356106
1866520
1310152
1874745
1479309
1876665
1262662
2147490
1433644
1840280
1270951
2103488
1476269
2011102
1063713
1936923
1303464
1886649
1429676
2115520
1368650
1815287
1171972
2323558
1389099
1983452
1205509
2007422
1453709
1833944
1180004
2248548
1383179
2187555
1366378
2009661
1218917
1520878
1161411
1574736
1150275
1546319
1385930
1841016
1412939
2325799
1422667
2119809
1410219
1895546
1312872
2068671
1430795
1876537
1330249
2017117
1330312
2255813
1398442
2196867
1376682
1713012
1058208
1523023
979485
1363562
1327400
1611025
1127106
1209861
848698
2326503
1470733
2039518
1342345
2131521
1476205
2014461
1333449
2027902
1276902
2037406
1336552
2016317
1408427
1979292
1198084
2269605
1376234
1892314
1282759
2018590
1365642
1858136
1242470
2192515
1379562
1826711
1216646
2028446
1417579
1998589
1367146
2010109
1247430
2225508
1370122
1997469
1371402
2032222
1406027
1960955
1279943
2011517
1330057
1879865
1228229
2030142
1355337
1840856
1252838
2063167
1298568
1943803
1363721
1872441
1191556
1994652
1451021
1956828
1297256
1846712
1368714
2242948
1318952
1850616
1411211
1825431
1199268
2238916
1437996
1872345
1314184
1963996
1305512
2242500
1320200
1963036
1465165
2015325
1311368
1807095
1401099
1826199
1280775
2231908
1426507
2053567
1331913
1986204
1522766
1826327
1338312
1860889
1271527
1973564
1319432
1972636
1282151
1812695
1204325
2252708
1450828
2054174
1353097
1878809
1243654
2194498
1234501
2050687
1433196
2100384
1418443
2046206
1285256
2033630
1193124
2233380
1361130
1985917
1192420
2026141
1353353
1893466
1311336
2077408
1294248
2009501
1403082
2061727
1438347
1943003
1424235
2165345
1363209
1843896
1333384
2000221
1238182
2197955
1292903
1991773
1328616
2030558
1382954
2132641
1338280
1954940
1170403
2211651
1363369
1830840
1282791
1857561
1349545
1892826
1392363
1973436
1241318
2179906
1338665
1995709
1242342
2016574
1312904
1885178
1227941
2190947
1287719
1855737
1236006
2021694
1275495
1827960
1254727
2189987
1367082
1985436
1384170
2099936
1356617
2049374
1540367
1992669
1291816
2029757
1430604
1995453
1245094
2199171
1341896
1853592
1169795
2264549
1371178
1975869
1288231
2040670
1436236
2059231
1340233
2323943
1500526
2183618
1363402
1853400
1446860
1807543
1286791
2236644
1351689
1830456
1154723
2071487
1344521
1970108
1156003
2197507
1359497
1973724
1306152
2127201
1234085
2154722
1282855
1943452
1374410
2133761
1346089
1981180
1402603
1989277
1474093
1916827
1434444
1927035
1150179
2201891
1372330
2023870
1189348
2183778
1257991
1996604
1287015
2096480
1497806
2076287
1210788
2286213
1342505
1832951
1336456
2079359
1446604
1954428
1433451
2112416
1489133
2081695
1182948
2205987
1346057
2065951
1431852
2037470
1428971
2105856
1263623
1967324
1234085
2014078
1299591
1993948
1368265
1959900
1368842
2070207
1226693
2200707
1356937
1902458
1354857
1938171
1299975
1854552
1352745
1950875
1202917
2259109
1377162
1985116
1302920
1890394
1321769
1972636
1341033
1848344
1239462
2012605
1302440
1891066
1409995
1864409
1294567
2172578
1245638
2175522
1287368
1989565
1437356
2021342
1171940
1841784
1822231
2082623
1077984
1446956
1356682
1725589
1053024
2344552
1281223
1954683
1414091
1842296
1373066
2193091
1230405
2065343
1399339
2155298
1374474
2097440
1381738
1938651
1307400
1829688
1321032
2264581
1410635
2089696
1275206
2012733
1301864
2231364
1403147
1865817
1200613
2171394
1373386
2171618
1355721
2082367
1473484
2106560
1292776
1831000
1272423
2231460
1285351
1851576
1371978
1899578
1286311
1945596
1256262
2017661
1279463
1826104
1264679
2197443
1276167
1832760
1271591
2175426
1347465
1980381
1455340
2001117
1391563
1934811
1261222
2170370
1311752
1965724
1423820
1963260
1313928
2087135
1257831
2173762
1328073
1785622
969086
1674131
1280135
1927867
1065568
1588593
1284711
1808024
1316968
1766518
1343272
1998685
1244934
2247557
1332680
1825975
1399147
1858073
1351273
1840632
1405483
1985628
1297928
1824215
1407787
2204771
1321672
1829879
1449932
2174690
1395722
2013629
1412267
1997181
1189284
2243109
1387082
1980252
1368586
2041150
1503117
2057247
1329224
1978429
1271334
2198787
1351049
2027614
1243814
1979004
1286055
1960539
1268135
2055262
1271495
1980253
1241446
2038078
1303432
1983580
1248582
2366025
1005951
1503405
1094369
2128481
1358666
2052318
1099489
1687252
1079008
1535118
1142051
1716020
1278407
1751254
1530862
2069311
1352713
2019965
1340840
2171491
1377770
1865496
1388682
1870137
1267879
1889434
1347273
2088832
1356969
2062110
1450188
2023422
1256551
2090048
1378954
1969500
1218310
2206755
1337097
2033566
1293831
1863577
1319208
1856696
1202021
1900250
1288839
2058399
1325033
1950012
1378921
2008222
1193060
2127361
1290663
1960891
1244198
1884538
1296264
1852472
1220005
2065055
1310856
1867513
1299656
1951228
1264967
2050910
1226053
2000893
1286888
2036766
1268070
2143649
1256262
2079488
1200324
1966587
1292903
1928890
1296744
1824120
1334825
1881529
1215717
2192291
1317544
2031838
1195556
1908474
1252230
1880729
1201349
1957403
1272007
2220964
1242918
1917466
1272422
1883834
1272935
1859128
1266631
1834103
1208516
2233380
1313544
1977884
1224421
2009438
1432907
1998685
1237542
2081311
1275943
2057919
1206277
2102592
1278407
1869401
1221701
2247045
1257478
1873049
1218917
2148321
1318952
1614769
729942
1626130
848538
2041342
962942
1510670
856410
2156642
1476397
1992765
1576464
2146657
1438956
2095264
1410987
2095520
1154243
2161794
1374154
2037182
1305832
2198627
1060512
1745206
1564752
1002142
1379018
977662
1463917
1071456
2328167
1334665
1507054
1221701
1317672
991006
2300678
1342441
1839224
1297512
2299366
1450124
2033150
1391658
2054719
1361578
1985661
1329320
2211427
1370762
2006621
1302823
1812568
1359945
1903450
1185604
2268005
1450060
2035038
1336681
2074496
1319592
2001533
1337161
2113857
1439436
1996733
1396299
2004573
1436748
2012061
1411691
1970044
1466669
1942843
1435116
2070527
1217157
2168802
1291719
1869017
1353129
2003549
1396587
2039262
1309768
2025662
1187108
2069215
1357930
1996669
1405835
1873594
1220101
2182946
1316616
1878521
1230117
1842008
1282823
1827224
1248967
2217956
1287495
1850648
1477389
1991933
1158467
2150914
1380810
1875257
1171203
2197123
1348329
1985916
1158980
1998781
1385930
1877466
1159876
2176994
1547183
1989948
1393898
2073568
1238406
2051838
1260070
2031262
1294055
2027582
1348649
2011453
1322088
2025405
1278567
2027486
1260870
2096800
1364137
2014814
1473581
2094399
1277767
1825880
1245190
2033054
1309127
1840664
1330665
1887225
1150147
2028958
1279271
1877594
1272839
1905626
1213925
1950556
1305544
2038014
1248934
1957436
1285511
2082592
1513166
1984604
1391307
2103008
1228390
2251461
1325641
2167682
1406539
1895962
1270631
1903130
1339881
1904890
1321224
2084288
1438892
2081759
1171428
2152994
1369129
1859065
1178787
1743798
1124354
1253862
960414
1557007
1124675
1665298
961533
1517710
1433483
2277958
1488621
2016829
1450220
2046623
1345193
2086015
1369737
1944347
1222342
1881945
1260006
1990525
1303912
1954747
1345288
1994365
1268071
1880057
1237734
2145633
1297927
1859001
1266470
2028926
1327913
1842136
1390058
1893562
1160163
2113248
1399850
2003421
1282535
1942171
1377930
1842489
1289511
1866393
1230565
1959100
1359849
2005405
1336649
1932250
1185285
2023070
1336072
1825719
1189540
2166658
1365898
1859385
1186052
2031774
1237702
2190275
1251238
2199363
1304775
1986652
1319624
1985788
1195844
1512814
931645
2234340
1301704
2232228
1401994
1904634
1440204
2086336
1376490
1916859
1556847
2055326
1255495
2229508
1411147
2050463
1311656
2054911
1378442
1871353
1169443
2177634
1406475
1855481
1160291
2188066
1479181
1901306
1279463
1905274
1350793
1856665
1362249
2025790
1297767
1846648
1207141
2041598
1372778
1992636
1302695
2060926
1253414
2014429
1345353
1895898
1423052
1862457
1173828
2026749
1342793
1904282
1284103
2094624
1515246
2077407
1302696
1855001
1245958
2068319
1362090
1997565
1377290
1861529
1299015
1960699
1357577
1890393
1197733
2019166
1423819
2023677
1337129
1867673
1280583
2189379
1299144
1965628
1513710
1981597
1326984
1822647
1425260
1941627
1290119
1962843
1413483
2081023
1272487
1990493
1287976
1507406
1002590
1370410
907036
2238148
1150147
1802743
1289927
1933051
1238214
2077567
1358793
2100000
1325320
2034878
1328393
1922587
1307751
2176418
1349577
1957564
1213829
1826711
1377482
1852440
1282119
1832695
1365801
1859641
1294439
1845048
1255399
2154146
1293127
1847960
1240037
1992188
1264198
1818392
1241126
2177666
1295911
1899354
1348585
1879225
1375594
2020126
1236550
2189858
1344169
2031774
1248902
1951644
1369354
1982908
1365769
2067967
1325832
1861912
1244166
2148865
1300295
1984829
1377578
1941371
1192261
2008669
1366058
1954588
1238502
2010558
1359977
1846361
1305288
1840409
1372714
2110528
1444844
2038686
1416107
2049566
1172772
2198851
1457741
2028894
1350794
2011197
1382634
2022270
1340233
2005437
1370762
2021246
1440012
1922490
1371658
1947515
1167044
2020702
1407499
1841656
1172196
1927579
1408235
2113697
1341800
2000317
1325512
2059743
1167971
2009437
1382954
1843576
1173827
1853656
1236485
2031678
1176708
2130656
1245606
1978204
1186756
1814648
1355753
1925658
1192516
2067711
1456333
1991005
1230469
1843000
1343881
1824087
1164163
2008733
1360041
1838040
1180292
1878361
1387242
2209091
1296744
1997981
1391915
2109121
1256711
1986621
1420491
2007677
1373482
1974780
1515886
1942715
1362250
2288102
1324041
2010717
1354313
2208259
1468845
2110560
1215557
2055134
1354697
2006622
1313896
2052543
1450924
1838744
1433580
1958556
1467212
2173602
1173092
2245540
1344521
1601905
1087073
1536111
1347273
1952251
1148643
2203747
1335657
2116480
1318536
1845880
1501806
2129985
1283495
1866105
1448556
1617585
1288840
1863512
1517167
2306598
1409963
2045183
1381482
1857721
1186116
2238660
1367241
2009149
1380874
2147746
1488397
2053214
1407851
2043551
1414924
2124128
1452940
2402186
1562512
1741781
1021567
1550735
798425
1146019
697366
2150049
1572944
2171362
1317320
2007901
1383850
2363751
1309671
351594
510608
106852
290952
189318
107940
1574736
1775638
1183748
1604209
1105858
2301894
1064769
2164418
1079745
1589936
1045120
1524462
914332
1201125
1457805
1369386
994143
1388010
910780
1931131
1273671
2266885
1278151
2199459
1186500
1651506
1063648
1560463
1188292
1821687
1291335
1998301
1356394
1636274
1250054
1336489
842362
1313351
939741
2209828
1009663
1455245
1102882
1720917
1204133
1922810
1374410
1962556
1039615
1922106
958238
1955995
995550
1538543
1243878
2345064
1353641
2022878
1452044
2103776
1315944
2099968
1522479
1939131
1243206
1757110
1342121
2425962
1233638
2030429
1401867
1425515
1037824
1420683
1435147
1369450
1155939
1510382
1035584
1392394
1000574
1756310
1395722
2121025
1305512
2039326
1325353
2203171
1296808
1993597
1313320
1972957
1434988
1881753
1387595
1819351
1269830
2213764
1473836
1814519
1151587
2094848
1375882
1860025
1290535
1933114
1337897
2164546
1289607
2066143
1329993
1983837
1308520
1874201
1345385
1934554
1271878
2025501
1339849
1957947
1221189
2002973
1250662
2149697
1316488
2043294
1370666
1879353
1310536
1985980
1260006
1826391
1355209
2131553
1348745
2169826
1388491
2024798
1423436
1995164
1270375
2150114
1256134
2039454
1321704
1862777
1229478
1846072
1292647
1998813
1373002
1875642
1301928
2008061
1235110
2195331
1183492
2257188
1344104
1877305
1261894
1961275
1198212
2256613
1288872
1863673
1223301
2249252
1284455
1957211
1219589
2192034
1374825
2017213
1225958
2179938
1345769
1939355
1307112
2023997
1351817
1864824
1461420
1850072
1259590
1844568
1244134
1820759
1020255
2189827
1374858
2139905
1345609
1906938
1349417
2086271
1421643
2048863
1367178
1925306
1419883
1951772
1471629
1968764
1219813
2110048
1429420
1972924
1358633
2005597
1206949
2212707
1426859
2083711
1331049
2098304
1286215
2232484
1424587
1958556
1431628
2022557
1445612
2077023
1262567
2339367
1345481
1929371
1226886
2229027
1433963
2001021
1168643
2244068
1373226
1870521
1275047
2147553
1220357
2015197
1286951
1901754
1218182
2036574
1305320
2036734
1201157
2032157
1505550
1502734
953821
1303688
871866
1517070
1106146
1541583
1072321
1742197
1256198
1887386
1297287
2062686
1357321
1869497
1164292
2029118
1348713
1875129
1167779
2017469
1451020
1974780
1157603
2161634
1367050
1994749
1171908
1980188
1376138
2024574
1175300
2145250
1466669
2010941
1165220
2171394
1357065
1992669
1160580
2083584
1405418
1928795
1138371
1998397
1385514
2009853
1281447
1837048
1228166
2123649
1276423
1995805
1225541
2031870
1302088
2025182
1336233
1966172
1342505
2000477
1243462
2120992
1313480
2004541
1430635
1955036
1198340
2175266
1363978
2038622
1323560
2129601
1452685
2018430
1373130
1914043
1445132
2019101
1394763
1999229
1310024
1958812
1367530
1976508
1520526
1955004
1364842
2003901
1470285
1930939
1299911
1858521
1335208
1974172
1270599
2006013
1243846
2051615
1317768
2110689
1341097
2083519
1348073
2030462
1434859
2023742
1360585
1975164
1470349
2107296
1243078
2177506
1375754
2013918
1276422
1874361
1338857
1823576
1136579
2158754
1389195
1850009
1299528
2017789
1249734
2198467
1316808
1863801
1355178
1836792
1301960
2097952
1281991
1990972
1407307
2057567
1320296
2188771
1268998
1977789
1227269
2008381
1351785
2040863
1225477
1981020
1320104
1983741
1222694
2012061
1314024
2013182
1340329
1979676
1141090
2020189
1455244
1893497
1147619
2002845
1380170
1873465
1161380
2177474
1300360
1933243
1284551
2098496
1556687
2021502
1373353
1455436
1358601
1864056
1427532
2014525
1444780
1970332
1421323
2056222
1231589
2171778
1294600
2117152
1378058
2092960
1371369
2031678
1460333
2110240
1154307
2152834
1412011
1985244
1340745
1829944
1342505
1801527
1326952
1880857
1354505
1835448
1354154
1875641
1353161
1804663
1152931
1963964
1373034
1879930
1164132
2148769
1409003
2030910
1261862
1964380
1417035
1869080
1262855
1802135
1254054
2270757
1367498
2022622
1364426
2232164
1289991
1929787
1257734
2178146
1277927
1951292
1402443
1874649
1170980
2199875
1354250
1917434
1176804
2206275
1444876
1967612
1170979
2005181
1361065
1843801
1229766
2021566
1363273
1975964
1318344
2281766
1243334
2006205
1380234
1872377
1364106
1967676
1368266
2025534
1294952
1960348
1318729
1885753
1233158
1942299
1336712
1945979
1351562
2042079
1456300
1947196
1248966
2169474
1392298
2149953
1380714
2049343
1380362
2035422
1447692
2111904
1206885
2258085
1354729
1929147
1309671
1880953
1233446
2208675
1312872
1935834
1209157
2007838
1380394
1987549
1251783
1991453
1321384
1857657
1212037
2016830
1291912
1972028
1203973
2363624
1339561
1885818
1226053
2068607
1327977
1961436
1232485
2000221
1276007
1986172
1232357
2164642
1294471
1859960
1243046
2122017
1303496
2021821
1261542
2281733
1339593
2050911
1229733
2148961
1331049
2099392
1225765
2158498
1320232
1865657
1221221
2004797
1308904
2006781
1366730
1996637
1195301
2046974
1361866
1923579
1197284
2013246
1347753
2254437
1356585
1911898
1304135
2139202
1340425
2000413
1370122
1825207
1285767
1964956
1238150
2038942
1166307
1986845
1322504
1862168
1365322
1840856
1265958
1851032
1144451
1461293
881115
1443916
1356969
1786934
1142787
2055519
1320552
1809655
1296168
2273509
1286471
2028510
1384874
2012669
1308328
1988157
1533167
2010878
1174532
2016413
1387114
1998941
1167235
2009917
1401963
1920219
1318600
1861209
1362089
2214083
1269222
2004925
1378442
2099584
1461229
1950972
1464908
2075551
1173764
2220292
1424747
2345351
1227365
2088607
1289639
1584976
1163748
1619345
1057440
2378376
1254726
1995773
1833527
2135841
1548015
2284133
1304392
2106624
1262855
3843317
1436971
3044157
1344809
2117280
1312680
1959996
1380682
1650450
954397
1510574
1322601
1507021
926012
1440651
988062
2108864
872315
1237062
1423116
1834936
887355
1419115
844282
2238212
1068512
2043678
1089761
1920027
1387915
2099200
1199684
2152194
1360138
1964284
939228
2202339
1403242
2371337
1212901
1871513
1393067
2082911
1220134
1831320
1306856
1848185
1312776
2164417
1362026
1942683
1216773
1955260
1386635
1930715
1296391
1939067
1328584
2022430
1226821
2071487
1305064
1946844
1354505
1868665
1279271
1995005
1223877
2242308
1300679
1962044
1322185
2032765
1255654
2181346
1268071
1889146
1267879
1921435
1367594
1727029
842457
1457612
953469
1991356
1275718
1404106
1392458
1429291
689365
1096513
689973
1296200
737783
1358185
937084
2567054
1167812
1731413
1217765
1800407
1328104
1809943
1222981
1899385
1345992
1771414
1360554
1995228
1376266
1785559
1196900
1822392
1490190
1921275
1263526
1827576
1262502
2320487
1252199
1947515
1370217
2779701
1199525
2143297
1321129
2066879
1300231
1861561
1338121
1805559
1366217
2099872
1336232
1827223
1186916
1910586
1363018
1849273
1385226
1885977
1369034
1958716
1262630
1795799
1497710
2094528
1263623
1833111
1251878
1824503
1174211
2270277
1476365
2106560
1329065
1966876
1436844
1980220
1272263
2004221
1452748
2144129
1262759
1805591
1299848
2059455
1253062
1826936
1247846
1808599
1367561
2451403
1280166
2491436
1322248
2138049
1440940
2021085
1319560
2174722
1545871
2020253
1291303
1800823
1330824
2414665
1226789
2130561
1420171
2046654
1290408
2135265
1415979
2107488
1278279
1848665
1371306
1970812
1297767
1988412
1445996
1855672
1350889
1799510
1400779
1835160
1299144
1829848
1456012
1791447
1332488
1951259
1350697
1976956
1304712
1842008
1329577
1818839
1350377
1805463
1435340
1999389
1290695
1980188
1351465
2221155
1215909
2153601
1322568
2021789
1355881
2012413
1340488
1959004
1276038
2308391
1633169
2092064
1338761
2378056
1272935
1958587
1340201
1989821
1323112
1814359
1186917
1804407
1412075
1958140
1295655
2037598
1448780
1963996
1305768
2190499
1275751
1879065
1262886
1973532
1372778
2235940
1308487
2022429
1349225
1999357
1350505
2205347
1357673
1936795
1339272
2238436
1374474
1987964
1211173
2035518
1459533
2089119
1243046
1936443
1300392
1894458
1103682
1800055
1289383
2227043
1314824
2026686
1446508
2098143
1305352
1876825
1358665
2418729
1434411
2074879
1351273
2358664
1262982
2007933
1364874
2373864
1256870
2001629
1374058
2134497
1189477
2007229
1262502
1899930
1293672
1881049
1333801
1879898
1243302
2331687
1286055
2046655
1322408
2385960
1283175
2123776
1332937
1858936
1374826
2032062
1313000
1931195
1339368
1956795
1269607
1828440
1351594
2009885
1256198
1860569
1393482
1861848
1277831
1952411
1513326
1891802
1269255
1893946
1452396
1953851
1292904
1788342
1364425
2466219
1347561
2274214
1466285
2098143
1294695
2464203
1443276
2223780
1345609
2099360
1355113
1917050
1347081
2151906
1369226
2006301
1211845
1944924
1320232
1816344
1316136
2025854
1346729
1826584
1264774
1957051
1253862
1933978
1357993
2284837
1295431
1958331
1294791
2280293
1281575
1966972
1308168
2273701
1402602
1967420
1299175
2140417
1373482
1971676
1321320
1628402
1142083
1352426
924988
1215461
1483693
1974364
1358569
1988124
1376906
2077983
1290599
2265253
1426219
2161249
1222149
1991484
1359338
2010717
1325416
2014365
1337705
1932859
1210757
1799959
1321896
1863065
1280999
2115521
1276423
2197411
1373802
2113665
1320168
1882489
1272167
1855928
1400587
2153314
1198181
1840888
1415947
1998013
1276615
2053215
1388907
2154594
1295623
1832056
1382058
2011550
1159747
1967452
1354825
1845304
1179716
1841208
1343689
1885945
1290919
2005693
1248710
1801143
1317032
1822552
1250022
1896858
1161220
2388297
1311400
2197827
1418795
1848920
1076673
1398634
907131
1773686
1056064
1693395
1028864
2548238
1500557
2087360
1254118
1880730
1283239
2623312
1223333
2110240
1417003
2649168
1223749
2110976
1369737
2237764
1360714
1910522
1316168
1969852
1192261
1804247
1391338
2168322
1283143
1874457
1320328
1887930
1254438
1866072
1395786
2207748
1269159
1822200
1402667
2034046
1277383
1864057
1367562
1824504
1167332
1847736
1359561
2021117
1281447
1911610
1411947
1843256
1282855
1917210
1331305
1811543
1242534
2207331
1424299
1961308
1333192
2037182
1369034
2006173
1289832
1918395
1333865
2324582
1357289
2196867
1393386
2158338
1480173
1899226
1326568
1877145
1220709
2035581
1248390
1835672
1302376
2256228
1330217
1936731
1265894
1912506
1347337
1911483
1254278
1815319
1374058
1734229
1065504
1430860
1011486
2275301
1372170
2127553
1276775
2030974
1209701
1929530
1525615
2188835
1214885
1927419
1277447
1955259
1217637
1818456
1336361
1867160
1424300
2134945
1324392
2021470
1382154
2172578
1215269
1939003
1256902
1893465
1283751
1839544
1199493
1838360
1482701
1980893
1265607
1820407
1311816
1803319
1383626
2122336
1297096
2228099
1435532
2099872
1077313
1385770
976190
1436364
1476365
1629169
741174
2088959
1453741
2163010
1250790
2444907
1404875
2060095
1244262
1847704
1287879
1952123
1531534
2193891
1396523
1955388
1260038
2021405
1276871
1868377
1220357
1851448
991966
2029438
1007647
1432300
1353481
1883706
1303464
2104672
1407755
1837208
1324648
2196259
1320041
1978396
1423724
1991805
1488269
1966812
1421579
1985309
1265607
2048126
1327656
2067167
1390411
1990941
1212325
1962332
1448204
2176002
1294151
1960859
1521199
2087200
1169124
2200931
1392970
1855385
1305384
1897658
1228389
2208739
1191589
1999805
1246918
2134657
1309735
1995485
1226630
2002941
1369674
1956987
1232902
2059614
1317448
2133697
1206629
2008541
1339529
1988701
1347369
2025726
1442284
2160834
1470444
1921274
1388234
2038846
1369545
2027454
1383147
1914234
1228485
2313926
1311016
1903098
1347529
1860696
1266663
1946235
1353097
1929019
1300679
2181378
1462700
1973084
1380650
1995068
1387338
1937659
1375753
2010110
1480813
1965211
1181124
1954492
1519502
2143937
1308200
1937211
1340777
2260165
1221093
1731700
1072673
2097247
1143394
1403563
1403595
1883002
1399947
1598417
1223749
1739637
1179940
2296710
1431211
1883930
1279271
2006973
1409451
2021854
1425547
2008893
1419275
1853753
1361738
1958012
1267335
2241444
1272071
1891450
1338600
2015230
1367337
2015453
1321320
2219843
1264998
1910362
1487918
1912890
1270087
2191075
1421612
1918490
1271271
1988156
1361417
1824120
1148643
2184034
1375210
1971356
1279143
1952731
1485293
1934075
1473484
2068350
1374890
1967804
1146659
2132993
1385418
2074303
1276263
2013853
1509038
1983356
1330889
1886841
1217254
1926554
1124386
1843192
1337513
1467309
1023199
1776566
1258022
2244132
909756
1240262
843385
1938875
1301319
1493101
1105217
1992380
1249062
1909722
1348617
1935323
1190629
2197794
1409835
2023390
1307336
1833272
1420747
1865048
751415
1885017
1386122
1933530
1422508
1982460
1462605
2000893
1387178
2204099
1480909
2002493
1332169
2216004
1383530
2021181
1275495
1995421
1320296
1898297
1168227
2149825
1346409
2032062
1300647
2087168
1438571
1995293
1450988
1931163
1503341
1980892
1362825
1951132
1465645
2011966
1309736
1838744
1228997
2042302
1284359
1831800
1249511
2002685
1314536
1973532
1276551
2035645
1275495
1997085
1257062
2000189
1398571
2125377
1350793
2228708
1287527
1865561
1320968
1882618
1240902
2177442
1385962
2005245
1170947
1994685
1400683
1988829
1288583
1847128
1238438
2110816
1259047
1847960
1370793
1825944
1316616
1914107
1218245
2129793
1304104
1869913
1318856
1958492
1376778
2180162
1344233
2192866
1403723
2065950
1371530
1961628
1288008
2008669
1239494
2168322
1172323
2246404
1217477
2042462
1300840
2094527
1201156
2083424
1279303
1996349
1311400
2130977
1285287
2069855
1219557
1987229
1287912
2062590
1198276
2075775
1282663
1952411
1324520
2011165
1281703
1877401
1195780
2205667
1290599
1966204
1192228
1683987
1090721
1235430
1495150
2015773
1393002
2166242
1392650
1882745
1295079
1812247
1402315
1862425
1361130
1829240
1290151
2034526
1327625
1847096
1244678
2203363
1297480
1970460
1381226
2094335
1301159
2280933
1502990
2108128
1264550
2294150
1446060
2078272
1229990
2186466
1279847
1996540
1326601
1816631
1321960
1845496
1272359
1990556
1362666
1878489
1289479
1852985
1472141
1996445
1285927
1954780
1341320
1798135
1267559
1851704
1386890
2106784
1295335
1831160
1345737
2244324
1201476
1923259
1287623
1990844
1328552
1522286
948061
2209763
1117794
1690676
1183780
2206371
1292903
2036798
1444204
2301382
1345769
2126721
1398570
2004957
1274439
1795350
1370505
1828055
1260423
2269093
1297159
1962907
1300488
2208836
1385994
1976284
1294472
2215971
1478253
2068575
1276039
1828344
1370986
2255653
1382922
2100096
1424779
2237605
1229605
2002877
1425995
1971356
1226790
2007901
1421195
2038654
1346313
2059583
1347209
1977372
1287495
1974588
1329352
1834232
1283687
1987132
1332617
1864665
1341385
2151521
1390378
2062687
1303944
1843576
1394442
2024190
1258886
1816663
1382634
2216451
1356362
1929115
1360266
2160066
1373513
1846008
1378058
1848792
1268775
2078047
1364585
2362888
1351561
1929787
1305576
2248229
1210405
2008925
1291207
2020222
1317832
2018526
1422827
1997981
1332328
1990492
1383562
1941499
1169892
2212548
1402154
1988732
1174116
2044990
1431820
1986332
1276967
1910938
1377898
2006429
1254182
2003741
1366122
2254885
1248710
2007933
1390859
2260549
1220645
1939099
1351113
2044927
1292807
2002973
1336393
2001373
1269735
1818231
1267559
1951452
1162883
2322695
1338601
1912731
1299111
1953723
1295303
1987709
1263430
1923610
1325288
1954620
1259910
2219459
1275751
1977212
1300424
2013949
1319464
2024285
1196293
2215556
1388939
1951675
1367626
2097856
1318984
2013021
1365354
1978300
1514798
1986749
1178596
2182627
1382986
1872537
1285063
2078431
1454604
1957627
1284807
2200451
1313608
1962587
1290631
1923450
1250022
1796343
1291975
1942939
1369385
2189890
1377226
2019325
1524590
1936602
1370089
2007421
1275559
2268741
1289768
2034590
1444940
2387849
1103682
1428940
1371562
1544911
946013
1377898
978078
1652018
1314728
2205635
1460620
2359783
1244102
2065311
1353193
2015229
1453644
2264005
1340233
1957947
1257798
2973307
1403883
2061855
1255878
2057279
1025343
2174146
999806
1407915
853818
1212485
1269990
1582064
879355
1198116
808504
2003325
1620722
2056510
1323496
1919515
1526606
1957403
1343369
1914843
1388938
1915930
1308904
1913530
1392747
1947068
1309000
2131713
1243430
2238052
1259654
2035550
1398219
2199651
1242789
2030238
1268743
2208068
1225638
2208643
1250854
2232036
1222981
1889946
1260199
2053854
1248134
1925082
1268711
2000829
1388586
1951227
1366602
1930395
1331465
1925530
1453900
2008349
1258502
1853881
1249638
2236932
1237798
2040639
1252358
2243460
1225221
1894138
1245542
2057214
1311208
1581104
1035999
1396299
735319
1669875
882843
1359561
1353833
2089951
1287271
3515435
1411787
2140897
2385608
2283845
1379914
2128129
2239716
2254436
1278087
2013533
1118082
1676787
1133154
2254852
1212805
1409675
943036
1393675
1829591
2069727
1325608
2166786
1430507
1847992
1371434
2008925
1436396
1861145
1270119
2141185
1464908
1988124
1323241
1977020
1428652
1937339
1184772
2164194
1411243
1965564
1212229
1906362
1372809
2047614
1339881
1802039
1405771
1826744
1281159
2201251
1509806
2111040
1261670
1944668
1397450
2262725
1306888
1826328
1381866
2058846
1184644
1933211
1389322
1872889
1301928
1826295
1438283
2260228
1384011
1962556
1218565
1335176
1264902
1639890
1192933
1683347
1242982
1979708
1333352
1916890
1338569
1806167
1346953
2050366
1319592
2145953
1334761
1900026
1253318
1974140
1327337
2296774
1207685
2158146
1362057
2157890
1308744
1964252
1437932
1960956
1301032
1878329
1330569
1800438
1276135
1919418
1416427
2202531
1320904
1903386
1376362
1854425
1332040
2160418
1358090
1799159
1344937
1932635
1244166
1823000
1280519
2280709
1403690
2090623
1327560
2035102
1292167
2119904
1281415
1786966
1362346
2182082
1281511
1937083
1319944
1877529
1359242
1839480
1385674
2148897
1286695
2104416
1424107
2243141
1283047
2084991
1553775
1862745
1218821
1902426
975934
1896697
1055232
2010558
1318920
2199619
1375562
1915226
1397386
2089376
1462093
2038974
1365545
1845273
1412203
2206243
1473965
1973340
1403467
2092608
1366922
1852825
1229829
2257540
1234693
2019485
1325640
2028574
1230949
2017630
1389162
1987549
1354570
1804087
1333512
1813815
1227238
2241636
1283495
1866361
1260807
2036862
1280871
1838136
1261734
2033790
1285255
1875737
1249094
2292230
1300519
2001501
1265191
1887098
1089954
1906843
1196644
1771350
1136706
1598161
1314056
1675379
1125538
1773430
1050976
1291847
1010431
1638737
1345929
2052671
1223205
1854136
1251590
2018494
1341001
1970331
1400074
1840344
1275078
1852089
1449100
1885913
1325321
1910938
1340905
1848216
1282407
1864697
1229765
2183362
1286215
1891897
1377194
2204643
1405162
2050366
1366473
1856537
1322025
2003069
1336200
2033982
1323848
1871672
1349225
1951356
1133026
2084352
1336808
1998717
1294184
2065439
1238213
1981020
1137666
2040862
1376490
1995037
1341609
1830776
1367594
1896281
1262214
1861369
1499758
1993693
1363658
1915258
1402795
2206339
1418315
2067742
1277191
2330855
1298535
1847992
1384778
2120256
1176516
2089567
1397002
2000541
1280455
2018685
1246534
2227076
1288135
1847128
1509774
1981308
1304808
1767670
1346665
2165730
1299560
2158433
1416011
1981629
1278311
2210595
1438604
2065471
1363370
2010941
1371050
1973020
1294471
2203203
1391018
1960636
1305767
1886777
1345129
2039006
1249606
1802135
1312263
1861497
1306472
2104224
1423339
1950204
1282727
1826487
1376873
1821880
1283175
1894586
1257542
1787830
1306024
2229476
1426123
1935483
1164547
1818615
1382346
1816311
1320168
2002301
1250374
1805495
1276327
2219075
1306760
1919739
1314152
2088128
1299624
1758326
1332296
1955676
1377834
1931546
1360585
2258565
1331049
1984156
1421003
2034814
1442284
1977692
1240870
1999036
1300808
2018749
1355337
1948219
1338185
1918682
1208293
2193859
1357673
1985661
1291271
1927514
1357545
2192739
1312296
1861881
1358345
1830007
1363754
1848952
1351401
2180770
1370538
2022589
1439468
2056255
1211877
1856889
1266375
2091808
1395658
1962204
1411915
2095200
1299624
1844792
1394186
2000221
1298888
2139041
1332584
2255460
1354025
2059711
1461581
1907258
1334217
2066783
1544495
2131105
1374410
2131873
1238598
2101824
1323112
1974748
1499726
2123296
1356713
2029149
1258599
2136641
1353641
1852153
1569232
2052575
1288647
2175106
1388010
1962876
1350953
2248805
1363210
1815960
1334601
2019357
1354314
1865432
1153539
2016093
1384906
2016125
1138915
2035710
1374985
1850616
1286727
2059902
1473165
1932507
1155939
2012925
1372233
1999133
1279783
1975868
1399979
2005597
1139395
2208835
1354217
1838936
1143587
1154819
1450668
1978844
1208037
2042078
1371658
1824664
1172548
2049055
1343497
1997437
1165699
2113280
1353673
1838648
1131875
2086720
1336681
1958492
1153539
1994332
1357546
1859000
1141635
2182146
1377514
1887737
1155267
2261956
1384074
1897017
1275143
2036638
1382250
1891545
1122178
2263269
1447277
1439436
1202916
1605009
953085
1350857
857338
1415371
930397
3446153
1332457
3272196
990654
1460908
2047615
1744341
983230
1475853
1145795
2129985
1126274
3806931
1335497
2118944
1365129
2374345
1029952
1466541
1000510
1488429
1010559
1612209
883259
1192805
817145
1301415
916252
1495726
1292583
1948891
1171588
1740789
1409419
1871481
1422507
1932859
1218117
2210563
1421932
2096127
1102434
1942683
1495982
2303398
1183972
1916218
1472397
2194178
1191492
1960699
1300296
1962235
1168580
1861465
1185700
2415882
1279175
1987869
1487917
2273093
1212517
1919771
1286407
1861977
1194693
1861401
1244678
1823000
1448780
2087455
1287207
1844568
1427724
2055935
1371530
1475789
1017183
2390953
1001950
1667795
914940
1741749
1476012
2001341
1215173
1815480
1356522
1872569
1268327
1800791
1453964
1834168
1188996
1839768
1404395
2092192
1226949
1825176
1355401
1808119
1315656
1817591
1260679
2674321
1436108
2388425
1390890
1974268
1260358
1827255
1429580
1916826
1275463
1978236
1345801
1780566
1330248
1955868
1329800
1838968
1313864
2739219
1350761
1916347
1229542
2350631
1259975
1860856
1364202
2077023
1353705
1817143
1274983
1859641
1430732
1882393
1309544
1830584
1318281
1794391
1319496
1776694
1325449
2678802
1371690
1966972
1344009
1805431
1291271
1826231
1315752
1830327
1310631
2013725
1369514
1813751
1263014
1774902
1477805
1935066
1163332
1818295
1343336
1868921
1325065
1992124
1343177
1769974
1283623
1852313
1046272
1364746
827673
1844312
1111810
2910073
1218821
1676787
1439052
2186179
1227973
2121889
1354249
2540269
1342377
1981692
1280775
2450987
1203268
2160034
1420139
2163586
1437132
1960156
1400203
2051871
1258823
1823000
1378058
1808087
1298984
2032318
1438892
1918810
1258695
1910267
1325513
1914779
1338120
2176035
1363114
1840728
1264678
1875897
1338665
1819383
1249606
1812344
1433548
1979517
1327528
1968316
1365066
1958396
1159459
1835032
1372746
1839832
1289576
1978460
1396331
2098240
1332169
2017949
1389034
1981756
1252326
1794903
1344745
1797239
1254630
1842104
1319401
1811031
1278503
2257284
1284327
2007933
1301863
2249060
1426571
2046046
1321225
2176994
1419692
1870297
1259783
1876409
1426251
2364200
1326856
1946652
1430796
1959163
1276582
1790198
1369610
1774518
1272231
2628016
1384874
2068863
1282375
2007549
1426027
1949051
1270631
2250437
1376106
2325575
1301256
2191938
1383978
2039230
1335561
1994013
1270694
1797686
1270151
1849560
1349385
1894362
1255046
1772534
1386154
1806391
1243622
3226242
1347657
1898105
1250726
1812951
1330536
1969532
1269190
1783190
1413163
1966139
1353545
1820791
1316296
1889306
1208420
2488939
1273287
1956347
1266246
1871609
1315336
1801367
1344425
2092512
1255334
1805719
1345577
1985852
1243174
1794039
1282439
1832344
1257030
2642128
1188516
1963836
1325673
1776918
1207396
1948123
1387850
2062399
1240326
1878649
1254022
1776438
1331272
1623121
1107714
1299496
1152035
2583310
855194
1258118
1347977
1677588
987999
1438668
1089985
1752053
1205028
1630482
1102657
1686291
1107746
1692628
1213637
2632272
1234950
1971580
1212837
1859225
1239462
1804631
1437228
1936251
1279719
1837240
1143075
1786486
1247685
1809303
1480557
2242500
1327880
1965467
1157187
2340679
1359882
2066719
1314856
1990236
1391370
2019485
1269703
1987676
1462892
1971804
1233669
1929307
1513486
2204227
1188613
1970844
1296296
1858552
1346601
1986684
1303720
1938875
1387050
2212740
1289064
1858713
1194116
1567600
1058144
2268133
1317384
2061310
893051
1541679
1028832
1346121
718102
938749
677781
1041184
808825
1236901
852090
1314280
846554
2358472
1131010
1978108
1193124
1916699
1180196
1908442
1233030
1810199
1199076
2330631
1397899
1926299
1436364
2241636
1263142
1967867
1167427
1986620
1498926
2186594
1222213
1982172
1280647
2051582
1204964
1885082
1198564
2533261
1363081
2357575
1339497
2020094
1424427
2148961
1178436
1948571
1261766
1878649
1494317
2164258
1141507
1885273
1475917
2031838
1252646
1883161
1239942
1807607
1260358
2175554
1176132
1852216
1490701
2167330
1300039
1961404
1456844
2283526
1253318
1952539
1484461
2152641
1190116
1995996
1286759
1982556
1244965
1840440
1171780
1845208
1538863
1966012
1146915
1970716
1534959
2007325
1177444
1812951
1498126
1979356
1185476
1832856
1508334
1990909
1207173
1957179
1324072
1976732
1101282
1825207
1261094
1928379
1422412
2189379
1494926
2191587
1178500
1930235
1549295
1945019
1221829
1812439
1204292
2567022
1226694
1889753
1256967
2534702
1230822
1949595
1219173
2488748
1178308
1918362
1266567
2519853
1280391
1914586
1515054
2122080
1271398
1852056
1249318
1882873
1079553
2401801
1429164
2007581
1261542
2287078
1405291
2004413
1335209
2022973
1347529
2001341
1332585
1646034
1355561
1604977
1200165
2366216
1458668
2037758
1306343
2138785
1422220
2379304
1248550
1849976
1282503
1875321
1185156
1914075
1372490
1851384
1207013
1893242
1537519
2015710
1297287
2003005
1505325
2048990
1447180
2231012
1301479
1996316
1230821
1807287
1382474
1987229
1100161
1845400
1302215
1946011
1383306
2127745
1294055
1947803
1188932
1831863
1253478
1812567
1300039
1866648
1497837
1736341
858938
1416523
1079393
1707540
1034624
2329831
1322184
4143550
1316552
1881337
1334377
3922935
1387210
2021341
2653649
2205027
1374058
1855193
1147107
1340905
1112290
1555567
1059808
1535439
947165
1903866
930652
1675603
953693
1407723
1116898
2165090
1349769
1844728
1412491
2019197
1322728
1888441
1367018
1829912
1299208
2137985
1371305
1989341
1382378
2059294
1343945
1878105
1188997
2225923
1364394
1955355
1161955
2217251
1402698
1844472
1159619
2143937
1403339
2021342
1340617
2109281
1263815
2201315
1290919
1932442
1264647
2024734
1298791
1977948
1255366
2158850
1278823
2001437
1262566
2206051
1211845
1823191
1408971
1824792
1313928
2001533
1253990
2144705
1298151
1884985
1386026
1871897
1318664
1953436
1242470
2118528
1328776
1986844
1232390
1990588
1317896
1951131
1238661
1978620
1339177
1885753
1360202
2057087
1322184
2033757
1242821
1993500
1333960
1983453
1352329
2086656
1427019
2073343
1386410
1951355
1171876
2248901
1367881
1965116
1284359
2009949
1373354
1997660
1308231
2240196
1350953
1804919
1170915
1997085
1385450
1983164
1166147
2142177
1377737
2080319
1272006
1971900
1360010
1867801
1145891
2154402
1393579
1862776
1187556
1820887
1262982
2161122
1274567
1788246
1379306
1828888
1147459
2179459
1346793
1926426
1302088
1997565
1470701
2063614
1167876
2146689
1361481
1818231
1208517
2012830
1370762
1832695
1373034
2083999
1212101
2007485
1310120
1856472
1210277
2041246
1273351
1930299
1244678
2029214
1352265
1842649
1375498
1889594
1152451
2027582
1380746
1958556
1154660
2027646
1341865
1842456
1169700
2159361
1355658
1970172
1358505
1903706
1220165
2226180
1301671
2024830
1239142
1946619
1378154
2026461
1361898
1942427
1288488
1996029
1363818
1902618
1319368
1881273
1447564
2002141
1296903
2234468
1276391
2056190
1347753
2222979
1401867
2090176
1356073
2213539
1477677
2066911
1291079
1981693
1432428
1926267
1257606
1960988
1357193
1947835
1287655
1891034
1326824
2047422
1273703
1867544
1389962
2209859
1234021
2101504
1325320
2013085
1225733
2197411
1367369
1960316
1213157
2086400
1394187
1848920
1343721
1894298
1262534
1916251
1355369
1896026
1325704
2209091
1384810
2048255
1429996
2034014
1337320
2248517
1349481
2047071
1213317
2198019
1366281
1974460
1141443
2004925
1379658
1817143
1178372
2017758
1351529
2103584
1182532
2094367
1352809
1835544
1167171
2063519
1353449
1840216
1278343
2003005
1353545
1935834
1151747
2220484
1357993
1970460
1312904
1870713
1405163
2047742
1151747
2029086
1386763
1994557
1135683
2328935
1362442
1993148
1308039
2036734
1256358
1908602
1110146
2156673
1422219
1989020
1138498
2041374
1416203
2050655
1294375
1967068
1265127
2012125
1280551
1828728
1381034
2097568
1283143
1855960
1380522
1987420
1164644
2019101
1368073
2006877
1462348
1932603
1342345
2059262
1257478
2624976
1423212
1889465
1281799
1995037
1356681
2108832
1424971
2095263
1268327
2192418
1279814
1855769
1414475
1957948
1317449
1840472
1438187
2020797
1368874
2019390
1384298
1976124
1171268
2076607
1351369
1981148
1292775
2132289
1337353
1903930
1154371
2210212
1362825
1995836
1316200
2013053
1348777
1935867
1250150
2034814
1385226
1830007
1374794
2172354
907356
1737749
1189764
2130624
1540367
1905178
1305096
1816119
1464204
2197154
1315368
1890650
1263302
2036478
1321128
1838552
1280871
2017885
1284712
1835512
1268998
2232772
1300647
2003581
1397546
2232260
1375945
1929978
1433868
1866041
1293959
1902170
1284487
2283237
1303624
1348649
1358505
1838488
1194116
2099648
1360937
1994685
1165955
2037982
1352297
1823768
1142275
2011773
1357001
1864248
1134050
2186946
1353385
1886554
1265894
1873753
1402379
1948668
1147427
2158913
1382858
1869049
1279463
1841720
1390282
2032414
1266278
1932186
1222533
2105088
1310600
1904858
1326440
1817559
1345225
2029885
1327528
2042558
1331849
1660371
1148547
2048159
1302599
2017726
1197124
1593008
1096833
1567952
1239013
2364840
1299751
2030493
1228517
2027197
1327593
1883162
1296167
1996381
1305800
1925402
1359401
2017278
1492398
1957500
1449580
2011133
1140451
2247620
1369610
1995069
1292775
1959388
1352330
1823159
1320200
1930971
1241317
1809335
1320520
2071999
1362153
1817720
1410282
2215747
1321161
2032029
1369097
1867417
1443980
2181443
1297575
1652914
1238085
1554607
1302920
1459980
1155555
1646322
1400235
1451628
1404683
1532334
984958
1689267
1137795
2075583
1424107
2150018
1346729
2277798
1355562
2016061
1372490
1850073
1336488
2204163
1478477
2071935
1196997
2226532
1373354
1838584
1320328
1864696
1368906
1859993
1350601
1832407
1264967
2311334
2208483
1333608
1961148
1315432
2025693
1440620
2016317
1269415
2119968
1433003
2032126
1332361
1976316
1247590
2058399
1321449
2027326
1351081
2027325
1238821
1840152
1398730
1869592
1181700
2191587
1399307
2072191
1286631
1991164
1465868
2053214
1286919
1892217
1366314
2309990
1277671
2006429
1469901
2003005
1290887
2235460
1352586
2284102
1265350
2039038
1264615
2125217
1314984
1961852
1359018
2097248
1391370
1828023
1396075
2244133
1428076
2180867
1371210
1646867
1016927
1230854
1051872
1179108
1308616
2332999
1615985
1864824
1378793
2257509
1465005
1919866
1380138
1935419
1268134
2099776
1917947
2211971
1288199
2028478
1220613
2818934
1389194
1552495
971005
2306022
1006527
1325416
808984
1604977
823289
1453453
1180644
2158401
1336457
1996669
1224933
1829304
1290791
1806167
1301479
1938299
1483470
2149058
1252134
2024125
1307784
2299654
1255590
2021181
1258150
2189474
1331561
1899802
1271879
1831927
1212933
2053438
1130883
1435916
1187556
1665075
1319304
1901562
1409611
2353159
1276166
1896794
1260454
1863929
1286727
1952316
1193509
1956092
1345417
2082303
1231750
1978941
1360394
2062654
1390058
2029310
1248486
2266533
1194020
1921626
1265446
1675282
1195076
1988285
1478221
1909722
1414027
1908698
1281095
1891385
1211045
1848952
1357705
2050943
1216261
1984572
1281863
2010142
1224901
1862297
1327017
1286760
952253
1470700
1352009
1889434
1032223
1748405
1093857
1983612
1222213
1980220
1517742
1988188
1447308
2063166
1252582
2199650
1357354
2160033
1385162
2012797
1359754
1865048
1340009
2239844
1381290
2044703
1398474
2008477
1278983
1901914
1377898
1819159
1339849
2003805
1493422
2041374
1360394
2066783
1480973
1926683
1221189
2242500
1384842
1872792
1348649
1858265
1411275
1955163
1353033
2192770
1500142
2071807
1333193
1980700
1351530
2169058
1338632
1918811
1336968
1948123
1302984
2035005
1298152
1831096
1174980
2205699
1394667
2004093
1388106
1982621
1355305
2063807
1189381
2234788
1418988
2025022
1342665
2230052
1420876
2081248
1164739
2060383
1362058
1918331
1141250
2079487
1386219
1867129
1281831
2038430
1360681
1834711
1377546
1870713
1363945
2034301
1364937
1984380
1360873
1901210
1299592
2204163
1349257
1815831
1319464
1875705
1336008
2053983
1286087
1842425
1348329
1877305
1264871
2190146
1457965
2031614
1360681
1925531
1257318
2183682
1369130
2036638
1178660
1264871
890651
1502765
1465965
1580880
1036255
1619153
1664307
1970908
1228038
2232612
1463500
1981532
1308200
1881114
1403467
2688338
1430188
2046302
1304296
1925626
1362281
1579696
1197604
1543695
1152995
1743573
1198564
1751125
1293319
2322759
1532942
2025021
1403179
2969659
1505070
1887961
1312872
1961179
1446252
2076991
1277895
2275141
1446636
2052958
1365865
1984956
1356105
2027550
1327497
1842680
1346825
2065855
1284103
2204003
1365546
1825752
1323433
1814007
1478477
2130113
1269350
1917499
1362474
1948763
1304200
2067871
1367785
1812471
1279463
1785110
959581
1648338
1278247
1972188
991518
1491982
1341321
1750102
1771254
2204547
1318728
1862745
1382058
1921275
1160708
2021565
1412971
1917659
1281319
2311942
1501198
2063007
1293319
1849528
1414763
1993469
1301256
1939195
1422539
2278821
1347625
2101792
1404075
2039358
1291144
2072351
1426443
1882809
1165604
2070399
1350633
1858200
1138562
1985245
1379210
1995005
1157635
2140033
1455180
1862585
1295527
1814135
1357226
1838424
1290439
1810967
1385290
1937018
1311112
1972220
1403563
1846104
1362249
1795735
1366346
2172866
1276711
1942555
1365673
1810583
1302248
1976700
1382634
1900730
1298663
1842200
1374474
1967228
1340297
1850041
1411275
1926907
1383114
2310630
1426283
2089183
1274695
2122944
1398411
2263141
1202116
1851320
1330729
1579440
1032320
1099714
996094
1138979
777080
1245190
1510286
1689331
1041440
1651794
1501997
2003549
1180804
1943707
1260902
2287077
1308744
2055262
1392043
2006685
1302759
1955675
1393451
2038622
1216901
2204132
1386442
2007453
1273222
1995901
1352425
2029662
1337001
2261733
1320328
1967227
1214373
2213571
1510574
2035902
1261958
2040062
1403306
2121472
1218821
1974460
1268775
1968700
1213093
1813175
1305192
1850264
1205060
1803703
1487854
2174050
1190980
1843864
1264230
1928570
1199429
1870425
1262790
2270789
1293735
1945595
1415307
2202787
1201957
1874329
1352553
1809783
1247654
1962972
1251462
1831544
1372874
2238692
1341289
1933819
1247078
1977885
1406763
2020382
1257222
1815191
1355210
1966363
1360937
2181635
1258854
1874649
1199108
1893498
1275815
2012861
1204133
1878265
1390058
1831960
1179524
2320934
1414443
2070879
1257350
2020350
1443052
2074463
1180612
2227460
1472013
2120384
1204645
2137281
1400106
1859672
1300424
1812311
1356521
1801463
1266502
1833016
1382826
1796182
1360234
1859481
1329928
1800855
1292455
1968156
1469965
1857496
1421035
2301030
1137411
1445612
1142562
1596016
1238086
1980668
1467821
2057343
1478636
2013693
1210437
2048286
1405643
2189090
1251142
1946268
1364650
2399401
1376938
2050654
1349321
1981309
1372970
2352552
1418699
2039006
1281255
2210851
1154691
2986362
1232485
1867545
1298023
1980892
1389002
2247909
1325992
1916538
1204005
2102944
1376426
2109696
1397098
2022141
1235749
1357897
733782
1916731
897659
2889080
924188
1399114
1123043
1608305
1095233
1548911
1152771
1618994
1227909
2953466
1280199
2028446
1355658
2099616
1287784
1838616
1284167
1811127
1302119
2013021
1223717
2529037
1366250
1929787
1332360
1846680
1446220
1921339
1533583
2028030
1505678
1984700
1345833
2256069
1358281
1921115
1235302
2019325
1354985
1962459
1405227
1882233
1384330
1884153
1323368
1836152
1390251
1439948
1001918
2252420
1046271
1666099
897084
1335785
1444300
2321031
1411211
1847896
1423115
1978908
1417803
1902458
1206468
2118912
997726
1762006
1190084
3242371
911643
1380138
856218
3252387
1144131
249960
189286
144165
199046
173477
146372
114052
125284
130628
320905
274569
180902
570897
178629
1449132
1967451
1111682
1449420
1097954
1442380
1282119
1477389
922716
1571120
982686
1807031
1054176
2206051
1596528
1692980
1447948
2211235
1434027
1831127
1330312
1915547
1282023
2126721
1347657
2074655
1378666
1858521
1347241
1923899
1340809
1939643
1383050
2000093
1371338
1823639
1355881
1933947
1368202
2181602
1407627
2082655
1357770
1871609
1180420
2159970
1401610
1986908
1374730
2051966
1353065
2029181
1186180
2340935
1409514
1832247
1224741
2012797
1399595
2013885
1333352
1909722
1365930
2190691
1418891
1979324
1376170
2040926
1207108
2217443
1415755
1984220
1197092
2033822
872923
2062495
1332200
2068095
1351081
1977468
1170212
2171650
1410219
2051423
1306920
1969436
1350441
1838200
1164547
1997469
1417803
1966972
1331144
1920090
1398986
1956283
1326729
1867640
1390315
2256357
1389195
2019486
1298023
2205827
1394538
1984988
1326152
2059679
1313160
1972124
1238246
2232675
1306119
1946811
1354153
1846808
1177892
2255492
1425771
1981277
1346249
2002429
1371594
2229124
1207716
1989980
1298536
2049310
1313064
2028030
1412939
1979228
1210693
1936603
1401899
1912506
1292807
1949403
1399786
1830743
1382378
1853913
1253702
1743253
1110241
2387752
1428524
1808535
1337801
1939291
1364906
1853273
1310919
1986845
1363081
2234180
1297448
2012413
1272167
2246820
1354377
1977564
1473453
2110080
1391690
2051518
1542255
2076223
1321256
1988733
1319880
2007421
1343849
2145665
1403083
1872281
1314792
2244036
1438700
2001565
1332137
1809271
1425068
1833816
1299464
1827672
1348809
2003133
1317544
2090847
1372233
2138945
1343689
2103744
1476813
1966331
1366186
1983804
1403082
2159554
1319784
1918010
1419148
2007229
1328040
1862296
1395627
2043967
1313064
1922075
1427756
1839832
1338601
1860505
1323464
1874617
1207460
2213763
1072385
1925306
1048864
2230436
1255111
2058655
1318408
1994941
1571600
1948859
1456716
1997949
1492462
1988252
1445356
2073183
1318280
2036862
1300743
2030046
1372617
1977532
1261031
2177794
1465901
1985852
1280391
2081823
1503598
2085728
1169059
2164673
1351785
1868729
1155779
1980316
1420011
2016925
1161316
2014333
1422699
2264677
1308232
1948731
1413227
1861976
1173700
1990556
1415851
1977884
1266055
2009469
1452749
1986716
1255174
2035870
1376874
1971132
1294599
2069343
1328424
2012989
1183364
2016477
1363689
1977468
1274598
2015677
1229925
1971035
1354506
1906650
1227717
1971163
1364938
1996157
1324169
1900410
1322632
1878585
1333449
1932858
1256678
2167362
1434572
2009950
1400555
2008861
1378794
2065535
1191972
2177602
1351401
1979612
1185892
2013341
1446252
1856025
1178692
2017566
1366378
1881402
1285671
2005373
1449612
2022462
1274343
2238628
1440076
2015870
1411659
2082591
1446764
1985340
1403787
2200771
1352905
1838808
1336936
1869401
1228645
2015614
1337385
1885017
1231590
2125601
1339560
1997053
1612401
1936795
1317512
2218083
1368393
1829880
1302791
1844696
1305192
1992253
1359050
2053983
1485549
2081152
1200069
2192835
1370186
1984125
1324776
2082207
1416971
1988860
1344809
2004669
1248902
2166338
1316104
1893433
1356521
2045022
1469612
2018237
1444012
2047294
1311432
1869305
1307207
2156897
1311624
2029470
1362089
1960412
1326408
1954715
1334697
1893658
1238534
2058335
1358537
2023165
1308712
1978876
1353289
1989949
1292359
1859224
1387530
1869816
1266534
2189795
1326825
2225507
1295880
1962556
1398730
2210211
1308200
1872281
1419692
1860344
1293991
1835192
1387050
1869336
1270566
2011261
1406539
1991325
1297191
1834520
1355273
1820727
1277991
2003869
1378633
1945083
1349897
1839864
1355818
1817239
1313192
2043678
1377322
1942747
1351369
1815031
1379978
1846264
1336809
1811447
1433003
1877593
1266854
2048415
1390507
2039742
1288167
1834264
1425484
1874745
1234310
2225828
1368330
1837304
1299303
2114016
1430731
1917082
1295143
2146881
1399915
1862488
1367241
2234948
1433452
2043870
1323113
1972092
1308712
2223299
1308104
2017885
1423531
1840984
1312968
1840888
1374026
1811575
1361514
1961531
1378634
2116960
1403563
2054783
1267271
2039166
1293192
2015613
1254982
2173794
1327465
1975356
1353385
1986364
1312104
1826520
1420651
1841784
1205381
1797751
1274726
1890489
1293255
1925594
1312200
2113152
1450060
1818711
1427628
2029374
1305640
2133857
1414891
1954908
1313320
1789942
1395595
1958651
1315880
1944539
1268231
2276710
1352073
2047646
1281575
1828632
1296744
2169762
1392266
1832888
1310696
2137985
1490957
1951771
1280615
1796246
1400234
1964604
1296839
1796534
1333800
1772598
1273542
1814808
1330888
1902106
1333576
2340775
1323016
2054270
1494957
2196867
1372522
1847737
1192549
1932347
1251398
2172130
1271526
2003261
1323752
1960379
1278727
1847384
1367530
1932379
1230149
1994812
1340041
1803062
1330088
2133313
1324968
2039742
1356105
2046302
1260454
2003421
1247110
1684691
1228293
1556496
1239142
1910330
1107458
2025310
1316040
2276325
1496365
998334
173765
177221
113635
1632082
1693844
989630
1426027
1286983
1545039
749207
1226309
1603568
2201827
1509006
2174018
1528079
2218499
1460012
1958747
1378122
1684563
1268359
2059967
1535215
1815959
1123970
2111584
1167524
2227844
1082625
1876633
1446348
1521422
1151747
1640561
1166532
1577808
918332
2403337
1365290
2341479
1473165
2206500
1321768
1840312
1137411
2269861
1456172
2017949
1140611
1822999
1555279
2066078
1124514
1873496
1289799
2260933
1176772
1996861
1305800
2210755
1154883
2057375
1353130
2013982
1110530
2168833
1354409
2014173
1217733
1835864
1412138
2208067
1212965
1948348
1423563
2015901
1164836
1582096
811417
459246
994110
1975004
1469421
2215459
1268839
1790166
1406891
2173346
1274151
1951675
1246886
1908186
1477965
1947675
1255495
1864953
1448332
1986652
1228709
1945180
1272295
1872889
1211909
1931515
1301991
1981852
1372266
1982077
1327528
2196707
1191172
1918362
1340489
2312518
1310120
1901914
1428140
2254020
1220005
1967996
1239046
1960891
1333960
1669618
997246
1493326
921724
1434507
980061
1678131
969821
1341833
861947
1382666
703958
1048864
1514702
1605520
729014
1165988
731831
2163426
1486349
2012190
1342633
2065342
1231782
1909690
1306056
2070911
1122274
1910138
1324040
2166178
1200388
1944923
1365034
2166082
1237158
1932923
1338281
2004413
1116642
1925562
1317384
2108992
1178980
1976028
1418507
2076607
1309479
2286982
1390538
2080255
1199205
2239524
1364522
2008637
1215717
1925723
1322792
2044062
1270855
1981468
1280039
1978300
1212453
1925818
1504974
2049758
1198468
1820824
1482157
2055999
1197508
1998268
1310120
1928251
1171844
2072415
2004125
1144163
1829976
1266855
1827448
1477389
2228292
1276646
1899770
1231461
1842296
1277863
2253636
1356137
1920026
1328744
2225188
1221701
2005181
1244806
1897017
1288039
2211236
1268359
1876313
1109826
2097792
1377258
2064543
1312232
2061343
1338825
2014781
1214789
2055966
1364361
1978493
1211077
1993212
1270855
2146145
1440620
1996221
1387818
2100352
1241349
2247236
1269446
1884793
1227301
1925275
1290599
2020382
1240230
2039870
1266982
2215139
1236421
2113600
1275879
2217955
1227109
2054686
1264646
1981916
1236710
2056479
1297000
2030397
1230149
2017438
1269190
2096639
1237286
1912314
1271399
2195235
1310344
1909466
1412587
2345991
1472205
2120032
1348745
2020382
1213093
2004605
1510926
2265189
1215749
1882585
1281255
1788118
1229221
2012157
1235269
2282725
1365226
1904538
1295720
1941755
1464460
2228004
1252742
1957756
1306887
2317351
1410218
2032734
1224485
2316519
1411403
2071359
1184580
2214340
1403243
2074911
1173028
2254117
1285767
2027453
1269638
1905658
1246533
1847576
1400554
2102944
1276679
1867577
1186852
1862296
1218341
1850872
1138435
1841560
1216613
1799223
1084481
1832824
1485709
2096064
1241541
1880793
1267654
1941051
1091681
1848344
1204645
1856697
1403851
2023966
1238949
2008605
1119842
2671761
1390859
2049086
1120739
2111329
1468333
2173346
1213157
1849560
1233062
1866169
1162307
1863192
1255366
2250437
1174403
2065727
1367530
2200355
1278279
2075199
1396586
1982876
1214373
1840376
1277351
1867897
1403050
2021438
1316648
2011038
1303752
1816792
1334921
2289861
1225861
2062751
1382410
2048191
1229990
1946779
1393002
1990748
1301224
1825240
1377962
1812183
1193764
2009917
1283911
1869145
1307719
1867001
1343176
1907162
1232998
1802551
1406731
2087167
1205893
1806775
1313032
1823224
1340936
1947452
1280455
1843000
1268263
1819895
1374314
1971612
1274503
1888249
1318568
1808759
1350633
2110368
1277958
1859320
1296072
1871929
1396875
2078239
2030206
1338697
1879801
1318568
2258245
1408043
2044126
1368425
2154785
1335977
1930107
1373769
2181827
1032479
1730484
1344585
1907450
1085889
1665842
1018399
1368938
1448620
1894681
1188260
1945723
1365354
1843864
1265735
1965723
1315944
2221924
1358026
2100800
1439340
2240677
1305416
1821207
1372426
2082687
1293511
2001629
1342216
1834616
1254822
1821559
1364202
1930586
1286823
2008445
1369802
1872793
1262918
2471499
1370858
2110912
1302632
1844536
1363050
1910970
1269863
2407561
1347753
2103392
1349129
1954396
1387114
2215203
1191717
2045310
1417612
2179426
1303112
1910778
1134243
1367337
1058080
1275047
1211205
2186339
1022911
1667539
1250534
1683091
1156739
1636722
898876
1123330
773048
2035454
1085857
471950
142724
174598
135844
401773
102595
132996
214215
86883
91171
149700
100899
136452
206311
146148
907771
432590
791512
123652
1458093
1409579
1442251
1023999
1373450
926269
1334889
936316
1138915
1367018
1649714
714357
1044832
961981
1562191
920636
1437612
767575
1368009
1181892
1508782
773559
1306248
1070656
1937051
788152
1179044
776919
1382570
780503
1854297
1192196
1692499
1153443
1978620
931357
1368362
759735
1924443
1188132
1335561
776440
2211907
1294504
1375018
919164
2235972
804761
1176035
768600
1405739
834809
1347529
1353385
2195267
790744
1500526
861306
1311176
1385514
1150659
790840
1239302
1285671
1357290
1185380
2065535
930812
1853848
912124
1265862
1274758
1210949
789432
1366666
1217285
188934
227815
141060
125092
101059
46369
106628
130180
44833
100163
128516
986846
377836
1403851
1419660
1080128
1215397
954333
148229
159909
183973
124228
160165
124068
112772
89763
136356
93507
134116
104644
117859
106371
50978
106307
104323
92291
86850
77378
92099
1107425
1510158
884731
1974780
860154
1344649
872090
1078241
875003
1330376
801240
1374249
1369865
648467
1050784
770008
1472877
876570
1192485
848538
1915098
834330
1748469
766935
1742549
1146179
1367370
1404235
1227558
910204
1267270
1237926
2070207
1206596
1853945
1160644
1884057
917243
1513390
1244038
1922906
911452
1525838
1357705
1251558
925116
1393739
1069280
1402059
731479
981277
838553
1784374
818936
1113954
911259
1510318
771544
1393610
791960
2012925
920060
1870937
907996
1306280
994047
1311144
904828
1289703
916572
1902842
804569
1103618
1282247
1917307
902172
1208773
942972
1299848
752631
1361962
926204
1340680
793688
1644594
915291
1839224
884347
2336359
1645106
1402155
952829
1313800
847417
1260998
747319
2289830
1265670
2057023
1116962
2184130
897851
1369289
779000
1262247
1262566
1207333
1088129
1932090
818969
2063902
742167
1373738
946301
1179268
947037
1360617
792120
1276295
986526
1404427
660244
1293415
886395
1283687
1382218
194726
138628
99843
99427
94115
136549
116740
93219
116292
93506
171237
111587
98179
75778
84483
89955
109667
91267
1396779
1224357
834681
1698708
2043006
1275943
2078367
1427980
1627922
1158659
1308679
1081537
1473741
932477
2245860
1112897
2203075
1278983
1937915
1467276
1956924
1342089
2052767
1424843
2044798
1272231
1809367
1389930
1415883
958014
1317576
1123395
2291238
1321608
1737045
1515246
1900762
1529743
1436171
991390
2348455
1408939
1391403
1056352
1329448
1319528
1954715
1050432
1971324
1019327
1256550
983262
2057791
1170083
1476141
927004
1401418
905499
1423563
1049184
2011389
833017
1544719
1508750
1707156
1050175
1681747
989278
1617265
1232646
2079968
1298951
2143809
1253350
1884890
1291176
2231812
1207141
1845016
1247398
1999069
1205988
1923578
1244934
2049150
1284903
1969948
1366506
1944539
1209157
2050942
1271334
2048638
1223333
1988381
1257414
2245060
1195204
2130816
1289959
1998109
1443307
1946203
1388362
2078239
1322600
2069695
1275623
1848889
1296775
2066174
1284871
1837240
1360041
2100512
1280839
1837688
1251046
1876089
1274822
1916954
1196933
2091008
1374314
2221443
1244069
1859096
1274791
1819767
1204612
1855641
1619025
1514350
913820
1199044
1536014
1651730
234887
518960
291913
115716
171397
258536
120547
158117
143812
82530
158276
274152
237031
76098
191494
110339
159205
40481
131364
184518
2321447
1245542
1971036
1273735
2381641
1426347
2082015
1315624
2052606
1495789
2398729
1267814
1956923
1375882
2156129
1303112
1856792
1309288
2064095
1339976
2032318
1384234
1968860
1469356
2076831
1469549
2027325
1417355
2160417
1470220
1906906
1281351
2084832
1319593
2152738
1312904
1967452
1347017
1794934
1367401
1854392
1308168
2084575
1343785
1838552
1281607
1914234
1336713
1842392
2342919
1446252
1666387
1065568
1190788
1337417
1337384
1266119
1512910
995742
2261637
916156
1200837
864186
1281830
1292967
1820407
1056992
1450092
1157348
1657554
1261191
2266565
1400491
1833719
1301575
2182211
1358921
1852184
1290535
1894778
1318312
2027677
1278791
1871353
1348937
2269029
1281895
2039326
1351625
1977372
1267942
1937339
1435915
1930202
1297383
1851864
1391818
2201059
1290696
2200803
1498286
2015965
1332233
1983197
1435020
1975420
1430443
2112480
1231429
2219043
1324744
1948571
1222373
2170178
1327305
1817175
1370409
1898522
1296200
1840408
1379050
2086528
1440364
1946715
1436428
1998429
1398314
1974556
1470892
2096320
1237254
1972380
1498734
1961468
1412971
2015261
1422828
2025469
1396938
2053887
1373929
1951323
1214469
2087168
1340361
1841816
1170660
2199299
1354698
1870553
1301447
2515052
1290983
1840184
1235205
2189027
1367338
1913498
1301863
2027005
1356297
1925179
1226181
2027934
1411339
1822584
1315112
1880889
1331593
2176834
1237158
1958492
1377642
1913850
1525295
995838
2260677
1024479
1848632
1584400
2759379
1368554
2154914
1358569
2098240
1241030
1871161
1302536
1827543
1225286
1911835
1272679
2198435
1384971
2033502
1330985
1665011
1237605
1490317
1828823
934652
1359689
2267461
1245861
1854744
1309288
1749333
989214
1848440
1406027
2085024
1559695
2274501
1321288
2246629
1381866
2297798
1313992
1866073
1269287
2107008
1383626
1815384
1269287
2070495
1381610
1930779
1367785
1953307
1475501
1943451
1310312
2087872
1263399
1917562
1256422
2264613
1344456
2037150
1303720
1869753
1274375
2009245
1243814
1944156
1274567
2184323
1293863
2055807
1267846
1930043
1212933
2317350
1277447
1987996
1212484
2116000
1294599
1818615
1237893
2263012
1373513
1992924
1260262
2223811
1251206
1940699
1251238
2071743
1300903
1850456
1227845
2265861
1287527
1857177
1251046
1919194
1402027
2082560
1243429
1911866
1276390
1766869
841177
1479725
1281766
1456972
975934
1773302
978622
2215555
1132898
1809879
1282023
2335975
1229509
1909914
1280775
2268453
1217093
1912378
1282311
1899289
1222597
1889306
1377513
2001053
1255303
1996892
1366889
1978717
1243654
2051454
1297735
2153730
1260870
2436043
1263463
1986492
1240326
2149282
1295976
1911162
1210021
2215331
1184964
1926299
1236933
2029053
1279847
2041886
1229478
2118401
1268103
1975324
1235237
1891834
1299912
2032830
1215173
2235812
1292775
1858104
1196165
2282725
1282087
1893210
1191908
1923547
1318504
1919034
1190820
1865625
1306056
2236580
1192356
2194658
1391083
2036573
1224006
2183042
1497390
2165090
1545615
2297062
1308232
1911098
1196548
2364168
1378570
2076735
1383242
2036542
1256006
1991932
1443116
2080319
1349385
1931451
1243398
1821912
1276327
1889721
1200548
1947387
1301832
1871993
1182244
2301318
1407723
1955100
1453324
2199203
1268551
1809207
1191588
1793558
1323752
1951132
1454444
1975196
1354153
2041566
1185764
1853400
1211749
1879097
1427723
2344007
1195461
1906650
1412267
2152161
1276135
2060862
1190308
1946971
1284903
1869977
1161891
2319078
1385290
1939899
1210533
2184034
1265574
2063871
1101057
1923739
1495214
2309734
1207365
1829463
1322792
1844728
1192388
2011613
1368362
1884025
1177540
1882617
1229861
1903322
1435724
2198722
1290088
1867544
1274886
1956924
1257510
1962140
1190372
1865816
1467725
2092448
1243302
1858105
1270086
1898970
1183396
1829336
1288616
1833848
1173027
1874553
1301032
1934523
1399883
2053535
1305128
1976988
1193988
1866872
1350345
1952828
1218949
1966044
1237893
1832376
1446028
2051518
1268550
1932219
1217189
1917530
1470508
2003453
1314024
1815287
1245734
1928827
1078784
1782486
1271174
1777142
1136226
1819383
1252358
2320518
1258950
1897818
1505997
2069535
1156547
1842008
1256998
1778230
1168676
1812759
1182084
1876537
1372362
2065983
1430508
1470093
960222
1493325
949565
1395947
934332
1611345
1546063
2521805
1411434
2111776
1483469
2159138
1358922
2187459
1386378
385611
216999
373131
148837
2405321
1369514
2154178
1267687
1851448
1317288
1977948
1388394
1520526
898267
1625618
673397
1013279
787128
1188228
863898
1715732
1195012
1867481
1260038
2623151
1302567
2059999
1465677
2243044
1188132
2053246
1204228
2466187
1421739
2024766
1454860
2070079
1239173
2036926
1435180
2166177
1226725
1971868
1151459
2425034
1310664
2507468
1317896
2013917
1151011
2361128
1501389
1993053
1404523
2068927
1292935
1873369
1397291
2155905
1261639
1843224
1175172
1871417
1223717
1842648
1178180
1856216
1487661
2100191
1314920
2001149
1195941
1939643
1186052
1890329
1251142
1848536
1448044
2149441
1280903
2193666
1475404
2146273
1358057
1808951
1327976
1832888
1391755
1978396
1302120
1810391
1317160
1825304
1311208
1839864
1374442
1830040
1270119
1846808
1429900
1986365
1180132
1868216
1326888
1910618
1314856
1840472
1327912
1785079
1289895
2282534
1375402
2109376
1231013
2057023
1341385
2405481
1335016
2094207
1369129
2050271
1285895
1835479
1246502
2342919
1215909
2094591
1385002
1981212
1309768
2161730
1348297
1696019
1083873
1439627
1228038
1788310
1067872
1399851
1385930
1828440
1303080
1927578
1471597
1975484
1402858
1972924
1268230
1788822
1293799
2204803
1385098
1827192
1273223
1983036
1328905
2332870
1294760
2251556
1396842
2088191
1394347
2022173
1424939
2149345
1313448
1941051
1379274
2146753
1240166
1998588
1335592
1958779
1294087
1838392
1351017
1815095
1336264
2012541
1355369
2041982
1294568
1830903
1324649
2201411
1330024
2026174
1288199
2029054
1317768
2175906
1425163
1944955
1300071
2072767
1349321
2075039
1384682
1859513
1379529
1800375
1203621
1787670
1368554
1806231
1350473
2484236
1378314
1991996
1253030
1971804
1427403
2013694
1059712
1252038
1006526
1313896
1117857
1616721
1073025
1761237
1186436
1951579
1237638
1848536
1444108
1981052
1367498
1857432
1311752
1957403
1354505
2468107
1276455
2090623
1381290
1831576
1324712
1870297
1367530
1964444
1374922
1979421
1338089
1826167
1258246
1844440
1383146
2104160
1207621
1811255
1366538
1817303
1284935
1990141
1438828
1972412
1709076
1146467
2533229
1062016
1441547
907835
2142433
1092097
1560560
965981
1672563
1026431
1591984
1124035
1669427
995135
1494638
1131202
1879353
1401226
1995388
1345929
1979484
1296904
1934427
1363817
2217539
1387019
2005117
1427468
1987133
1345385
2235972
1436907
1949947
1301735
2006621
1346089
1874233
1345769
2072735
1260934
1836504
1338984
2170210
1374922
1843288
1305160
1812279
1351369
1967580
1251526
2484747
1311176
2044990
1367850
2072927
1390762
2167010
1363689
2111136
1344521
1985308
1310792
2147841
1333161
2030526
1249254
1906042
1397899
2133472
1378474
1967004
1359721
1924378
1275719
2313446
1436651
2056126
1343176
2114400
1394347
1856760
1289736
2032446
1467852
2023357
1275462
1845464
1267303
1909787
1181476
2205795
1410475
1908954
1275271
1897785
1358409
2197283
1335785
2062399
1317864
1824535
1271910
1832248
1367817
1974588
1324584
1859641
1256006
1865849
1316776
1992540
1349705
2029341
1284359
1897145
1337545
1858552
1361321
2016157
1341257
1940955
1278791
1906170
1332009
1844568
1297224
2065502
1360618
1879770
1174243
1815287
1363690
1985244
1264775
2335559
1463021
2212963
1297607
1850457
1411691
2216771
1281799
2015325
1397739
2063423
1268582
2012606
1399051
1999869
1278151
1817239
1398731
2207939
1111522
2163746
1315656
2160161
1345513
1963995
1286343
1782870
1200196
1800023
1338665
1787062
1324488
2286149
1278599
1973820
1379114
2288518
1300712
2079520
1319688
1966492
1375722
1849817
1328424
2008029
1259654
1799382
1225925
1926107
1324680
2475243
1242661
2011773
1333160
1880217
1355881
1979292
1251558
1928730
1213349
1837560
1401739
1946139
1210853
1842296
1331880
1882938
1329992
2690609
1386730
1923451
1276326
1930203
1416491
1823672
1262598
1812695
1271687
1816600
1190212
1796854
1240998
1885401
1350441
2127040
1373770
1871193
1215813
1914202
1315464
1846265
1188580
1796407
1239653
1902586
1321289
2088863
1280135
1859961
1179652
1807415
1383082
1776374
1277287
1819447
1328968
2619216
1216004
1984508
1341161
2315366
1206661
1931835
1406570
2027550
1278503
1836856
1296231
1777590
1205604
1897753
1380746
1990333
1342409
1812759
1372970
1819575
1300808
1798359
1311560
1844472
1267238
2723955
1309736
2067038
1339337
2006717
1355433
1882969
1276071
1813207
1295816
1924410
1195973
1779350
1237637
2670833
1224230
1981180
1403723
1988828
1281351
1802743
1340008
1789366
1311624
2005693
1267590
1886361
1380586
1812951
1245158
1880665
1282983
1768310
1378186
2105024
1323656
1872377
1335528
1843960
1284263
1915418
1310215
1804311
1259078
2621232
1313416
2020990
1292839
1817047
1423947
2030430
1337545
1794614
1350441
1909562
1179684
1858232
1337897
1893593
1297000
2674449
1273287
2002525
1215236
1849081
1134211
1231045
772248
1096609
1388651
2113665
1383498
2186018
1264166
1813143
1287591
1814072
1376810
2006365
1201572
1822232
1415915
2182850
1290727
2144033
1425099
1660882
902940
1356137
1479949
1400490
1074369
1565136
1162692
2298022
1317704
1818199
1399979
2089247
1301000
2080351
1496622
1835959
1317320
1996253
1386762
2065310
1379337
2059807
1444459
2004829
2105728
2075519
1044960
1556335
1007646
1903514
997694
1625777
867642
2157281
1502509
2090751
