3303524
539025
133636
656180
1957276
471470
2452874
1685043
501999
793464
2127616
654388
446637
2159714
663124
541873
2095583
658324
577777
2450634
794872
662708
2181539
683381
672213
2451083
646740
627603
2306279
730742
765623
2176450
789464
2234052
685013
2082719
714806
2179362
762839
2424938
714006
2091551
644020
2136161
693237
2109632
647444
2142113
826777
2205443
671765
2158849
643027
1963835
604819
2301190
802552
2195779
661300
2292837
699253
2273861
737335
2192290
699701
2179843
2320806
870043
2312198
658036
2270309
648628
2224163
709973
2309863
691125
2236708
649588
2317255
700277
2154978
684052
2131200
730326
2208675
647347
1689363
612339
1753685
527056
1457996
534352
1853752
431437
660052
1921306
485775
1562032
687029
2079423
669172
2160898
687317
2379977
707861
2201059
630835
2303974
716277
2482987
714070
2463467
690645
2150241
667636
2403017
706550
2243396
792056
2203523
751255
2167234
649524
1940667
825881
2343303
658196
2095360
696021
2861431
652468
2267589
723158
2284517
784600
2312326
706101
2084640
621363
2174178
683733
2120929
774871
2209859
689909
2210467
686229
2071231
804376
2199107
782872
2074047
751127
2049598
551185
1974716
690549
2482732
695093
2078719
632051
1968956
585682
2544749
592722
213351
394892
1947643
574866
2096480
673972
2283110
652307
2466347
831865
2151457
690133
2399753
789112
2321415
757303
2250820
737366
2438250
801529
2148737
798648
2126401
743927
2468395
673748
2471595
714998
2190019
749047
2146273
707734
2261348
735959
2387368
753655
2413577
745526
2121440
636723
2441707
694293
2251428
712341
2257604
697653
2166210
711542
2253381
728534
2347976
764023
2366856
741462
2287046
646804
2372360
764759
2298214
652436
2292646
784952
2158882
640915
2267525
712501
1947227
617491
2067071
694389
2234308
687669
2158049
760855
2280133
753751
2159297
747511
2424969
785303
2199971
740886
2391081
708085
2454634
846682
2459563
676212
2295206
790936
2329478
628787
2372904
765911
2278821
633171
2210403
744535
2273349
704309
2132225
709078
2511244
664948
2263397
672180
2200354
709013
2154913
667573
2296709
705653
2178114
669141
2350887
675125
2152897
784600
2159042
749975
2186658
745974
2265317
677204
2432810
741398
2265924
717366
2308870
755927
2140545
699573
2122721
743126
2138273
684437
2335847
761015
2130721
635667
2268485
746455
2269861
625971
2421865
761079
2488204
630100
2378921
684981
2223076
712950
2435050
670965
2247844
747799
2183554
787544
2284677
729686
2166305
679412
2387145
699926
2107456
671893
2214916
710262
2124448
662965
2192131
661140
2553550
680725
2164418
759895
1629490
806968
2578286
717206
2235556
817113
2150049
677301
2181123
775639
2469259
726230
2241988
819064
2279333
760471
2243524
798617
2300454
731126
2141889
755063
2097951
696309
2109376
739767
2234820
694837
2081951
759735
2189795
687381
1940059
698709
2394409
707958
2279077
785592
2189187
729046
2090016
733751
2292422
688373
2081951
763351
2305094
704373
2104928
748375
2219171
696949
2237988
738423
2108064
700086
2121600
780216
2109152
695605
2543565
832697
2420394
736663
2479308
745079
2248484
430605
619475
2245509
779576
2414249
684693
2211908
734711
2535981
648980
2229571
729526
2554125
665268
2402057
749015
2209443
715382
2482955
716598
2359623
697621
2491244
769719
2014301
593106
2467051
983934
1777718
751479
2435978
743574
2131393
731798
2192418
774199
2167266
737975
2168257
579058
1879449
656180
1491309
655987
1937115
676660
2667281
837593
2351751
709557
3212962
777944
226598
173765
534768
186309
257128
223558
204550
209574
165957
149861
145733
158757
135588
142148
141829
187270
842426
2417482
700118
249704
195462
249159
252008
169189
63714
166917
248199
171045
229703
152165
159173
488239
206566
764247
170662
2600975
1999549
723798
2127073
780760
2149922
859226
2212291
1124194
1542510
400556
2427850
645236
392235
32417
1770997
421933
78499
1424011
480046
496719
2562093
537936
294025
1522606
751959
2447882
667348
2134465
701558
2133921
657524
2151362
683285
2178882
680981
2438474
664628
2325511
659540
2342759
693878
2312166
727542
2207555
757399
2225092
693621
2155553
694293
2238180
636532
2149697
681204
2117504
766040
2312710
712470
2127040
647156
2309446
675092
2219620
671540
2171266
851898
2329286
619379
2125376
693909
2233316
651092
2170338
681429
2113632
655668
2446826
758007
2179042
707029
2204323
749239
2317991
743255
2325287
721654
2192130
726038
2356808
706902
2166914
757623
2274853
711382
2184483
781368
2317671
743702
2327623
674869
2174146
639699
2292070
634259
2111872
636915
2085343
769751
2184099
706550
2283653
636755
2227588
707381
2235204
633107
2446795
797016
2481035
605171
2457418
707029
2249540
683445
2358439
729110
2457419
678165
2435178
699477
2133953
794648
2253701
746327
2164610
647668
2283109
812152
2196515
665237
2174402
685876
2246021
640435
2106464
812153
2318694
650004
2146337
689109
2135489
629843
2182850
829497
2274565
670036
2250212
716438
2113568
638227
2172322
684277
2100704
624403
2274725
815129
2355496
667028
2140033
637427
2163329
606450
2320903
672405
2116288
656308
2552110
739415
2319367
648340
3706033
710389
2248196
671540
2261573
740502
2316711
815352
2266820
730422
2148257
688341
2121601
848250
2319750
634675
2074367
698357
2082944
610483
2159201
656436
2632112
620147
2857046
762487
2262117
650484
2134593
700501
2136769
636852
2135521
706038
2863735
637524
2242308
681108
2231204
696309
2459402
686932
2905945
701141
2343431
803097
2264804
647284
2353383
714838
2091199
640787
2162178
641524
2083839
648371
2831382
676533
2396713
635572
2114528
644436
2158721
774295
2236836
634099
2181570
597394
2172738
741782
2176802
623219
2872279
723350
2316006
747607
2088511
693941
2855959
684789
2368008
722006
2146881
644019
2087583
689077
2868279
662644
2255269
696246
2431561
633971
2115968
657108
2062782
647987
2822293
762071
2285414
615955
2850902
685621
2243364
649524
2108864
667509
2125345
636755
2877335
714646
2267397
791768
2324998
678165
2205603
649139
2121312
672084
2108384
635956
2318790
672021
2270277
643444
2127808
805368
2221283
615955
2190115
802776
2584494
2524813
653076
2019101
820409
2192931
656500
2137121
688245
2135297
655636
1984029
593266
2346439
815737
2335591
729206
2397193
705461
2302566
618739
2166402
850394
2224515
692341
2112000
700885
2102144
625363
1937691
808664
2396873
563409
354698
2417961
768983
2421002
621651
2544718
716149
2298598
642803
2402249
696885
2379784
651348
2371240
728598
2342120
605938
2389704
686677
2312966
629715
2390665
690133
2318630
656020
2092447
804856
2437930
615122
2315462
806232
2265892
662612
2192386
688469
2137793
594450
2471435
752119
2201698
697750
2200866
752759
2338503
781464
2440971
641492
2153441
739959
2385576
682997
2145729
678549
2126944
682901
2463659
699606
2260709
789688
2384264
639956
2237796
714902
2161057
649972
2162689
675316
2091456
772951
1769749
571794
1419723
692533
1425324
506127
1600369
517616
1647410
500368
1519214
538224
2022078
873019
2163905
612883
2099519
671445
2479980
638291
2252612
767255
2228196
678613
2356424
706070
2174786
784184
2360520
661140
2394312
639187
2214468
683829
2232388
647123
1656562
492335
1517486
450606
1508878
521424
1405899
800504
346058
185510
681813
274280
81603
181701
168837
155556
137316
144485
153093
143461
148517
487023
459662
407276
60578
431533
49698
3307972
756855
110371
2321862
684757
2361832
2040958
668020
3209345
810201
435725
311337
202502
124580
176198
153573
137924
149668
141316
136133
237511
137124
536784
300585
95523
167525
113699
4286306
714966
263336
260200
185926
231687
196678
107268
218855
2481195
775127
2148193
559825
251048
1503661
1631473
393292
285129
1933627
573938
1855128
613650
2347207
2634416
652244
70210
2583694
702229
2142049
655764
2150625
704533
2232932
777720
2434250
708054
2193154
683989
2303750
804792
2131489
811000
2398377
694165
2164930
666388
2356712
714134
3175425
651348
2053630
742710
1559407
562097
1785975
767127
2028094
675637
2144961
740182
2095359
596242
2106080
707510
2201219
727158
2439659
716534
2168066
695798
2396457
739446
2289190
679445
2369096
737655
2268964
653972
2389480
708981
2182690
693013
2166498
697429
2253477
655348
2183523
693493
2270469
623379
1996221
660916
2323687
637683
2189922
754519
2724083
738870
2257093
734134
2348743
651315
2073215
539184
1365930
424173
2230339
477199
266600
74306
118180
161093
2160193
426989
232551
90243
2071647
493935
63074
2123649
600146
2211107
784632
2184099
755991
2401481
754327
2123137
765303
2336007
696437
2167106
658292
2282053
650643
2242148
679221
2223012
700022
2207011
657044
2236932
710037
2340167
654900
2452363
709109
2162658
653716
2270309
746903
2224803
661108
2198819
762807
2495980
602578
277929
2191459
708598
2174850
656308
2156834
682677
2410665
653075
2281958
680789
2249157
658228
2232643
713814
2195331
617587
2354472
707221
2421098
711029
2192834
808729
2170850
659636
2363720
750134
2513452
783352
2356359
807832
2222724
722326
2418665
725974
2454603
776856
2194435
759223
2312198
652755
2168482
701429
2332262
667604
2217283
687829
2267845
608755
2003197
671412
2460555
610323
2212899
833690
2334247
781112
2147137
792312
2171810
711638
2113600
774904
2115872
798009
2135169
773719
2376936
670549
2138976
707894
2100320
741495
2335783
703317
2168385
635635
2325191
705110
2197315
612306
2414473
718454
2298278
669941
2181923
741238
2254404
732182
2462699
697014
2380520
698933
2180258
690645
2274181
656404
2244132
666292
1971324
607347
2006172
715286
2369800
573201
2159906
727158
2180386
698773
1782358
605299
2487500
1060480
1493901
614707
1692659
2332871
699061
234823
223047
42593
2521196
804249
2272709
770200
2152737
672820
2199075
1270215
2469899
670965
2139105
623411
2713170
569266
74818
2520172
897691
1658962
534032
1641330
853754
1965595
712022
1402699
445293
1394570
600562
1898490
515023
2509165
798584
2423306
688501
2255909
708854
2457867
730070
2221059
675829
2152769
734967
2165026
676212
2121088
696597
2398089
661556
2173474
693877
2172834
668820
2170082
776215
2395592
654516
2176834
700854
2205827
648691
2180867
745623
2419690
666484
2349127
704757
2173186
648404
2189763
718774
2407241
701654
2306822
718357
2416554
696342
2469195
729558
2437290
700821
2287814
719957
2466570
705046
2239972
740023
2207779
744311
2300294
703797
2163681
658964
2172258
692181
2217155
677109
2339367
695797
2158498
652628
2452074
718197
2229380
730902
2190019
791448
2477227
675701
2388169
717333
2352680
655284
2404681
703126
2288613
690773
2313830
727158
2234596
685813
2392456
748887
2358504
647156
2240996
768279
2520044
657108
2482444
742039
2118081
657844
2213155
700789
2176802
650355
2124064
729142
2382184
602226
2367112
705589
2202947
738454
2295686
705493
2249477
652179
2341159
700341
2253733
691157
2433354
742135
2370600
833497
2321350
729174
2321767
681717
2477675
734710
2212483
699733
2370344
702646
2231235
653684
2317638
731158
2385897
655444
2261797
657556
2211171
661557
2165249
724182
2160738
636627
2413385
697045
2204067
666388
2467947
704790
2132704
668309
2138529
703510
2397513
650292
2248101
723094
2235492
688533
2099776
694165
2148065
657300
2143041
694933
2122017
689301
2278501
647668
2015422
684117
2076831
624211
1810903
575953
1783158
674836
1929466
542961
1976252
549969
1934363
697429
1899449
599506
2191715
619762
1962780
806744
1895450
524560
1985213
639028
1672659
611731
1974012
524912
1794262
946013
2020670
630803
1917306
775927
2278277
667252
2004349
777048
2083039
620147
1788566
669844
1761269
771032
2111264
565105
71298
2218980
597042
2124064
704085
2189187
676980
2245220
665973
2112065
753751
2177826
667156
2158626
740182
2211555
614387
2377480
753687
2330023
763639
2251205
789528
2242308
666869
2140961
769272
2342663
677652
2162241
765527
2201634
710934
2254149
696373
2114016
716118
2187586
766167
2246340
715830
2187490
739511
2235588
709781
2546893
767576
2283909
728279
2234532
766199
2219076
753111
2480875
755511
2143777
712214
2260645
738679
2265541
681333
2271525
682196
2470731
570609
254408
2465163
807000
1858489
575313
1718388
667924
2072511
675924
2327719
845402
2522125
721110
2118208
720758
2414122
747255
2176962
675668
2232804
702901
2132096
664020
2230531
726998
2320103
740822
2157761
673813
2358056
754071
2295782
662772
2260964
766423
2153601
721750
2153441
813337
2395881
744215
2257540
790712
2102080
721205
2188739
750774
2114624
715510
2160737
743927
2074687
665492
1941051
772791
2392521
689045
2194691
776279
2225059
723702
2164033
742007
2235139
694837
2241892
720982
2161282
689653
2162561
727958
2234852
726294
2278949
702678
1862360
409772
2208227
755223
2199939
703862
2133440
754455
2143777
694901
2115776
725654
1484301
760759
2161089
730518
2446602
788152
2292262
784408
2327686
745494
2148993
749910
2113249
761623
2206787
765176
2078591
738455
2148449
766231
2329126
697846
1689300
686068
1903289
784248
2508204
707413
1701939
551153
1597360
788056
1858137
621139
1735253
702581
2330055
688309
2163362
827513
2445290
736278
2227652
747478
2158050
793144
2397929
701045
2432234
693461
2318406
741110
2229475
656212
2292933
769623
2158018
656692
2216547
778263
2200930
732438
2183490
725686
2427658
752439
2287621
760151
2282501
743894
2169698
760791
2168161
745911
2169985
784152
2425385
908475
2401833
824761
454638
2541901
856474
2154626
864346
2500812
836794
2378984
781463
2370248
925212
2205763
845882
2391272
720502
2274341
772728
2294149
836313
2459434
735574
2295014
795192
2164642
817401
2289894
746614
2417001
859866
2295494
694229
2396488
754775
2131681
752183
2174178
748726
2231588
748342
2305862
727382
2231972
755671
2153186
753623
2265509
747031
2415433
684213
2251685
744695
2126624
707157
2333767
740183
2208835
806745
2150498
837241
2469067
758423
2211331
794680
2385160
774520
2169442
787288
2157890
722710
2366312
779991
2220196
794008
2295717
837178
2192994
799544
2175778
738646
2161889
820696
2483372
783256
2241093
838906
2179106
904859
2378472
838873
2469611
719509
2436201
796473
2150497
789432
2158082
748695
2342599
747095
2221060
734231
2399145
739094
2278982
687637
2248132
744502
2162114
746838
2186146
667796
2372648
782072
2102944
697301
2249156
878075
2362856
710582
2246628
764471
2287782
667668
2357831
762615
2298694
670964
2227491
785016
2140449
696117
2230308
753591
2106560
657076
2231012
1169316
1913754
644019
2444010
699605
2287014
750711
2342759
810553
2177987
792824
2171394
799128
2421353
653620
287592
119204
163717
31361
1821176
628275
1728244
585042
1619346
712022
1908890
622675
1948028
601938
1827896
588786
2427401
719030
1963451
714357
2343623
795096
2200451
671572
2227652
762999
2185410
657427
2318278
707222
2261797
707958
2401161
764535
2295813
755415
2430825
810169
2160161
794744
2391944
695829
2366792
753335
2204291
676468
2249956
743767
2286054
666644
2225860
749335
2171202
702870
2287366
789848
2334055
799256
2174371
782936
2145921
697621
2373512
777911
2345863
701365
2235524
692053
1786870
1787799
627251
457582
2312039
616243
2458219
821049
1651922
840185
1745589
589586
70402
1575023
588242
1745877
679701
1637873
715062
2426826
733398
2396553
711542
2237764
727318
2280262
685013
2331270
839481
2128033
751895
2242212
742839
2117728
845082
2463787
764087
2388041
580913
192934
1592816
2322406
614898
1752373
655028
2378536
821753
2242692
744599
2349639
850105
2494796
777559
2228580
711637
2271237
801016
2299814
794104
3763027
849050
296649
263176
183077
253288
177094
151397
225703
172358
277192
274120
185830
603442
291176
383851
241959
216807
292393
141829
250824
223654
506447
2403657
825241
289353
281577
139204
181542
158757
90691
255400
240263
213799
209510
178661
450798
89858
139716
874075
2101952
662836
109604
2458762
537009
73666
1716276
526960
2597967
538480
206758
96675
96803
1520718
2464107
738390
2547373
824665
2441002
767447
2175586
764855
2422954
761527
2234084
813432
2203683
813593
2401353
766008
2137729
776376
2177922
766871
2293445
787480
2300870
701045
2231300
785368
2313127
693845
2203171
777847
2371272
662804
2451210
748343
2262373
671797
2363304
755607
2105120
751223
2248964
756215
2133633
732598
2197219
682580
2429641
740214
2160162
672181
2400905
754551
2147298
796568
2265093
707989
2381800
794136
2130913
711477
2377097
749815
2268997
812568
2168354
761079
2126465
767831
2372232
805208
2159617
733942
2169122
806649
2452075
683509
2300486
753302
2286117
738775
2125408
691509
2295014
755127
2366280
671605
2348359
835129
2404425
745750
2297414
737974
2340039
695573
2428970
839194
2334439
696949
2377832
748215
2184418
743542
2216355
680181
2281125
784792
2434058
651924
2352775
753942
2278309
820281
2364679
809049
2175394
739542
2117376
738966
2196931
741111
2336423
798104
2277125
759607
2226852
694293
2208835
746135
2211332
744855
2228003
744438
2135201
743191
2212675
684789
2154370
774712
2441354
735990
2380905
798904
2235076
813561
2200963
791800
2247300
731191
2105376
735062
2111489
728758
2446315
789528
2287589
763639
2112000
763479
2125697
759863
2233348
708374
1938363
736022
2428618
735926
2624016
774456
2143969
802520
2333671
798520
2141121
746103
2338759
733846
2221188
784248
2136289
742167
2173794
745079
2219651
756279
2433258
734327
2390152
733430
2275045
772919
2218243
710102
2140289
746902
2137953
737879
2470155
774136
2440778
764087
2302630
761624
2219492
761911
1823448
654292
1534607
678453
1369193
554416
2475691
710965
2225796
763928
2278885
800408
2424010
766232
2126496
742998
2115744
697526
2093312
729654
2113984
701717
1960380
666164
2542925
935132
2439914
749207
2420010
755895
2470155
820217
2451498
754775
2359304
810905
2266533
885051
2179362
794296
2196866
812313
2419562
757463
2148770
782424
2146721
724246
2302694
746486
2240548
750679
2129760
771479
2234116
808505
2412809
752855
2096064
754999
2117088
687125
2366920
762199
2177090
747255
2323783
681844
2289477
760983
2151298
747031
2138657
680501
2389641
696565
2360552
691061
2388969
748055
2148929
681621
2232388
751894
2160994
674453
2232036
794552
2197027
792184
2100608
667189
2048862
699830
2293670
700885
2483404
801273
2160898
807833
2209763
808984
2437834
750231
2154818
705942
2430282
748343
2177634
683029
2333511
733590
2144930
826009
2147393
791704
2174498
758007
2094751
759703
2105791
759063
2105376
744183
2163970
739287
2460043
692309
2170626
749495
2192611
777592
2270117
748055
2124673
775640
2118913
722870
2367047
778551
2091616
749591
2178274
756887
2345160
758615
2310438
730902
2085504
755863
2202659
688821
2298758
766744
2116896
697077
2195875
754838
2128896
738198
2202787
706805
2183682
723446
2243972
690901
2214307
736407
2148482
704310
2219171
690805
2291046
775608
2121633
735766
2119360
754935
2440682
740502
2207075
729174
2313670
755542
2113184
718294
2121824
776824
2140385
760151
2152130
747350
2338759
750327
2097248
749911
2489708
745719
2169666
797304
2460234
775159
2209731
745175
2113728
748919
2095872
743383
2104480
746006
2126432
737239
2183586
743575
2211267
724022
2217283
802553
2238244
791224
2419082
832313
2205859
806008
2707794
773879
2212547
859131
2359624
734262
2385225
764343
2150818
721462
2411337
784408
2109280
749495
2171010
694838
2100224
742135
2094688
696789
2295045
728758
2206851
686773
2337191
759287
2119488
699253
2203107
791704
2098592
678901
2163394
766359
2104864
737494
2161921
753367
2228067
756759
2142369
746390
1812311
548816
2389225
583058
251112
2268357
736054
2202435
693205
2393897
738774
2220132
738262
2070015
745750
2120353
762423
2422025
813400
2458602
700054
2395017
742327
2263140
675509
2372808
748215
2297797
719414
2244420
748566
2165058
664916
2425962
736310
2269381
667284
2241412
800856
2212611
763063
2384777
803673
2161409
681973
2210307
744727
2165762
667028
2263205
740662
2158785
677813
2247461
709877
2328326
820441
2476907
741239
2220771
687029
2293606
751606
2156930
727478
2272741
748630
2132673
672149
2395849
779959
2335847
699221
2405449
804057
2306694
739671
2255109
747927
2295621
753463
2144546
702357
2280549
695254
2409993
694261
2118656
699190
2131393
692181
2413226
708789
2207619
709749
2269636
706965
2264005
741430
2389992
665108
2145313
696789
2203971
724246
2182243
755959
2205507
827929
2322438
687285
1969340
656404
2346247
652212
2153122
783127
2125089
776824
2479788
711733
2455019
697749
2170754
702229
2294853
691445
2228643
739830
2183938
714838
2320390
743991
2326470
684309
2289317
703957
2458731
779480
2362152
708374
2223875
757079
2436362
692757
2165250
784248
2445450
755895
2303494
687541
2311654
780984
2351144
658068
2273253
698261
2117440
801624
2452235
693909
2187874
667541
2322791
677845
2193186
648499
2194498
647028
2162337
820729
2227363
692533
2158561
659348
1736949
472686
1476333
1561903
534320
1705875
510095
1654546
468846
2493996
725750
2411401
830617
1992765
596242
2209603
644531
2651857
742327
2243684
751831
2274565
759799
2415881
824569
2275109
698198
2271365
673173
2232739
706581
2120064
685492
2105856
802777
2222692
697749
2291046
675861
2150177
817721
2356199
682805
2087360
696406
2132961
716117
2045950
700917
1478445
813817
1727445
511183
1777590
874619
1626194
771223
2305318
635124
2147393
680085
2260837
1669267
2396425
743735
2442602
677652
2295973
1563408
2402505
772184
2336615
1096033
1642098
576562
1647058
1648691
622227
1555439
589746
1826936
636180
2370088
734071
2575055
808952
2469483
902236
2211203
686165
2193187
740023
2584622
724502
2205347
697365
1826455
641524
1721044
750871
2560205
589362
396652
2134689
577554
1783542
1875161
688277
2388937
774487
2484075
707541
2178083
702933
2413482
712342
2183811
767383
2400201
709013
2112320
697654
2147169
699125
2393865
692437
2229571
707829
2166818
708341
2137505
691285
2470827
711830
2177122
708438
2154497
786968
2413993
697493
1817976
563538
1940826
526352
2067455
565041
98339
2305734
637108
267912
1760726
579698
302089
758839
361579
120452
177574
265992
367787
109379
168677
445133
247943
223527
84643
113571
95907
178597
201638
173829
454606
2495884
2116416
552273
188102
2454699
610835
2258181
697813
2314887
715222
2392328
729430
2174242
724566
2184866
712694
2422858
744342
2157825
963229
2508012
718902
2481803
708950
2272709
728086
2214724
706870
2135968
743671
2267108
726679
2448619
753559
2139841
697558
2262277
769303
2433514
802328
2305702
716885
2349864
696277
2148289
721334
2131745
685205
2362920
706486
2151265
678549
2328903
695829
2072031
782808
2075583
642387
1786998
634675
1847928
622643
2164034
767063
2274565
716790
2079967
689781
2043646
669333
2147009
729238
2060638
665748
2143585
652659
1842616
604786
1839480
591922
1671506
579537
2463275
641843
2401481
761527
2093215
693941
2298662
712246
2162625
686324
2396297
719062
2140353
686933
2594607
708438
2262181
800505
2445290
710358
2257829
702069
2236676
713717
2276965
682453
2416170
714646
2298950
678389
2322182
722710
2189026
677269
1990653
396140
2254532
715382
2365384
697525
2231587
692341
2317958
703861
2272229
694805
2196035
783607
2398792
728598
2197058
753623
2193123
775959
2397385
703766
2119936
693045
2178018
710389
2189346
694645
2173730
695637
2562190
716662
2187938
686228
2322662
702005
2182210
687317
2320102
699285
2329895
695701
2317990
728854
2251877
746583
2301958
738230
2350727
733046
2331687
728278
2414089
736374
2147458
697878
2446026
705877
1808535
789880
2478476
704789
2172994
731478
2373032
802105
2157410
771256
2137569
772536
2373544
696021
2415209
694933
2282341
700405
2291142
700598
2197666
762008
2126977
726774
2436393
699925
2215300
707478
2219843
693781
2254244
711766
2174530
763479
2120256
777879
2210947
763223
2163170
716085
2163713
770999
2386216
715222
2144385
697110
2152929
704534
2365608
703285
2178594
732406
2262660
714294
1954204
656372
1934939
657844
1951196
703477
1875321
621491
1805783
709973
1773750
564977
1965756
926876
2010461
653268
2159714
684981
2262084
719510
2265060
679733
2481707
713078
2363367
745655
2246116
751959
2217059
727318
2301574
741654
2314246
710774
2267781
681876
2222052
709813
2147041
679541
2396489
707541
2249156
695702
2319206
786296
2102912
777879
2333159
696853
2177250
703446
2272357
709461
2140480
683765
2263813
713814
2214787
691157
2315655
1067456
1995612
638068
1982941
696406
2072703
610994
2492907
614706
2239140
640307
2233892
730710
2304262
746967
2206307
743863
2218116
734966
2402217
740726
2288262
2516140
707318
2263877
707733
2323526
710197
2165250
797784
2196962
868186
2155329
808089
2430025
742263
2268197
741783
2337735
767703
2339655
746678
2296550
738614
2141185
716054
2131233
696245
2240484
703478
2173058
705718
2150849
699957
2167010
683765
2077887
638643
2160706
844505
2180322
643572
2296774
721558
2342472
698165
2139745
711670
2121697
698037
2142497
703509
2155234
688053
2439498
706134
2139457
700021
2418665
725174
2307175
753399
2468203
721174
2159330
750423
2177250
750647
2256357
684564
2300614
695381
2237188
704629
2419305
714102
2194595
691317
2185090
759511
1789431
624531
1682771
534096
1152419
688405
1330057
810649
1502605
522928
1713332
828025
2064447
663060
2076191
826265
2201155
796825
2195747
846042
2193603
693141
2198307
647059
2089216
662900
2217763
694102
2166274
629396
2105824
870427
2233156
724374
2159105
690645
2112129
644723
2160418
650772
2119937
650931
2119264
838041
2310086
655860
2899192
725142
2265669
700854
2323814
745463
2124448
682837
2111840
695637
2871832
688821
2400904
707445
2229508
680053
2118816
644915
2862135
738262
2459466
747991
2197603
680820
2203971
760695
2131809
641331
3132383
716982
2308198
834041
2300774
687733
2119297
688725
2127617
675476
2110336
656660
2116672
628243
1765494
547441
1496109
602963
1728981
446573
1261830
495983
1344713
810872
1457484
519728
114275
1343273
402220
1813047
706037
2397609
620435
2539469
895003
2671761
730198
2187426
701557
2203491
706294
2405482
786135
2526829
838521
2406921
686133
2618511
794328
2001693
760791
1820920
480623
97699
1593520
439053
208038
1461580
352651
411437
277449
136772
120804
81795
259208
188870
145093
92067
100291
852282
301001
367019
766807
2195203
723702
2522124
735254
2382024
703189
2070271
688821
2174178
844634
2331335
704213
2100000
838778
2185666
689589
2111072
819161
2217763
641331
2195042
636755
2235300
655860
2085728
678932
2558254
687604
2270949
720150
2228611
726614
2197027
682645
2300390
808537
2534765
740407
2195586
734006
2289414
711894
2156898
828633
2243876
660340
2163618
713686
2240900
641332
2142177
877498
2306758
662612
2114080
854778
2203459
688757
2180611
684084
2170402
650964
2628432
771351
2311590
684725
2117440
643315
2139553
687157
1774230
507695
1484685
439149
2435018
628659
510352
1986941
588786
2547565
794520
2411145
690645
2399496
745238
2221379
759415
2198754
744919
2209219
750998
2167202
756983
2425674
722198
2107072
683476
2260997
831897
2498092
699989
2313478
710421
2333671
802104
2381320
688661
2149633
799256
2206691
819225
2264964
745559
2289157
665684
2680850
714358
1820055
746007
2227780
610067
1573264
487694
1855832
435885
253544
2220964
2451179
1235494
2367240
711254
2160194
714486
2114016
721974
2250148
705846
2163522
1444076
2359976
716277
2267749
719670
2100863
869306
2387176
772600
1839064
634707
1600880
590226
1733525
557329
215718
2037693
1730228
557105
1507310
723861
1447980
839545
2283013
812600
2329255
764983
2261605
751799
2458954
775800
2362120
752055
2130305
696341
2244004
783160
2199747
671316
2274853
704054
1952028
679412
2050014
918908
2059486
609107
2481292
755831
2400809
745623
2134689
759703
2382248
736598
2266213
750775
2155329
779384
2291333
752055
2269189
687509
2107840
789144
2185570
745527
2303174
705174
2236676
767512
2344455
716982
2217155
735254
2204547
753143
2459978
779927
2405545
765591
2331751
766039
2171618
747638
2141985
738198
2231300
729654
2455467
771512
2429546
752023
2207971
756695
2309638
747350
2281061
780920
2137217
798264
2131265
691029
2464875
815033
2409961
720214
2276742
729110
2518093
731062
2221827
765272
2356231
747095
2213347
685236
2281221
677173
2238211
763927
2326887
711510
2232420
708117
2081023
755703
2311431
771448
2150657
738838
2135873
700085
2117376
771095
2130561
787576
2451563
804216
2221507
762552
2237796
817337
2354567
806713
2251365
644852
2267717
586130
274056
116644
144165
1550351
1266759
1581584
737911
1701652
615475
1912315
826009
2047870
608339
2140673
762199
2091103
617779
1633745
601202
1747157
590034
2399977
762839
2211043
706358
2207523
729558
2360199
775479
2451658
736406
2167330
727158
2187651
767895
2224100
726006
2341543
785207
2217668
726071
2483019
804568
2245445
797112
2348263
803929
2223779
780536
2193891
738391
2368392
807384
2277541
797496
2277125
749943
2370184
799032
1819511
664500
2427978
583090
1649714
764919
1994717
681556
2452394
674709
1681395
605074
1432267
781848
1340265
463214
268808
1199269
567089
2439370
609106
457838
1890266
737910
1953147
566578
1697683
618419
1953275
708661
2275301
801945
2376424
705237
2149985
666100
2104384
809977
2354439
690325
2279142
804344
2352935
706966
2297861
786551
2294437
702357
2162081
778872
2256484
689685
2145121
689301
2203555
664948
2202307
890523
2324966
739255
2344903
644724
2149889
806233
2347271
701526
2098336
685108
2122208
659028
2136193
688693
2192834
830681
2218659
701142
2280933
629107
2326951
700565
2320295
829049
2414474
690229
2212323
716341
2238948
714646
2531565
789560
2298918
720886
2347784
864507
2255333
703094
2480779
658004
2190850
688085
2201826
683957
2077119
679860
2473707
750903
2176162
729590
2217187
742454
2239204
714262
2424618
695573
2378761
749463
2317159
703509
2201507
824121
2274213
656084
2175106
668245
2286533
663796
2491115
745367
2284197
814681
2282053
679925
2348231
685012
2158209
732343
2527053
792984
2357384
840089
2368328
706453
2156705
758583
2161922
679445
2154561
685653
2160802
678293
2167233
653076
2122241
670356
2513452
769975
2498828
828569
2435370
684980
2140769
697269
2150433
683061
2321478
719638
2484587
765399
2397801
721974
2258116
696181
2123745
729718
2502828
866715
2322791
767831
2250116
849050
2415657
763768
2133505
783448
2251685
649844
2466155
711254
2145538
687413
2157377
800953
2320135
703510
2192707
698805
2546670
719190
2514956
729846
2370311
831417
2357256
686901
2140065
682197
2128992
668660
2525197
728758
2473387
652276
2475787
715958
2257732
712054
2436266
662612
2129600
684085
2526124
729974
2346183
826329
2447850
698166
2293766
699093
2324519
711381
2121152
674164
2530221
737847
2381448
806233
2216835
716309
2188098
685333
2098656
638323
2439850
673076
2239524
846297
2348871
693269
2255717
643923
2096032
657044
2237764
642547
2485099
762455
2388873
638611
2474475
714358
2449546
684373
2106976
651508
2482091
735350
2471435
676404
2227524
724950
2106304
668980
2471179
745943
2316743
699350
2184195
822137
2335111
692853
2258853
688181
2177506
676244
2474123
732758
2401033
702613
2410153
603186
1928026
501007
2778068
733814
2268261
624307
1953851
831706
2104416
711285
2180290
680949
2144865
671508
2245220
726166
2139041
685749
2762772
722774
2343431
825433
2415306
670516
2164034
695445
2235012
713846
2674897
714998
2461483
740663
2157697
838746
2286085
691509
2185954
726230
2207811
664020
2101375
656884
2221411
826266
2284646
646356
2214019
644532
2145889
647475
2772372
764215
2327399
706933
2223044
817113
2258789
654356
2162306
728726
2199811
686549
2801877
784312
2584367
684181
2724435
732502
2411209
694357
2145185
818969
2415433
688149
2210083
719542
2255781
680340
2268965
675700
2278149
633908
2120160
676948
2148865
667317
2703506
753975
2378664
685813
2196834
681909
2224067
658484
2715698
737911
2334215
809657
2325414
697430
2156257
679604
2141697
713397
2236804
682453
2513196
835386
2324423
835609
2277317
706230
2141185
730838
2123009
641363
2229795
703125
2440106
776632
2449994
844346
2393224
753846
2306726
729014
2131041
701845
2145921
677749
2190691
649396
2100992
682421
2463339
759575
2158177
704181
2184227
693877
2299750
710197
2430473
707222
2204899
736054
2410857
645332
2440298
726038
2451051
704277
2113632
695989
2297222
863867
2358632
819737
2421161
726902
2130785
656851
2278629
671925
2157090
703829
2477419
754903
2230308
820568
2229668
742199
2441194
735959
2183810
668756
2226500
818169
2409673
704341
2117312
698229
2235619
642676
2465387
710038
2384040
836121
2199491
642867
2094688
695637
2096767
630451
2172450
647444
2542638
675060
2328167
739991
2517036
668053
2437322
699733
2154849
681429
2228931
842137
2239300
693461
2151361
692469
2096416
689653
2078175
857434
2326407
639860
2143137
672628
2091807
644404
2208611
661716
2225156
703798
2084735
783672
2227556
570673
2058142
821625
2370120
946621
2394696
774232
3379111
781912
285896
2365192
2162658
727734
3969816
820057
315241
391372
203110
2484459
1439915
2480107
702613
2261988
725750
2507533
597010
2396072
474542
213318
221095
1874617
550801
1365321
448653
1422603
571345
1632658
482734
193030
137380
203367
131268
50657
155973
232519
53890
109316
257384
118436
99523
93827
155172
206854
172933
201478
647827
280328
230535
369676
129347
749238
223975
231143
222887
228103
152868
775895
319305
2555950
736695
2208419
812280
2221347
734455
2301414
796504
2242660
697621
2205187
773656
2280614
780727
2106464
762327
2333543
784824
2313126
679701
2411593
760823
2189506
771640
2356936
813624
2519948
695701
2259749
774168
2137056
680820
2331558
781463
2120832
762455
2311398
752855
2134753
679957
2241764
762487
2152098
755927
2167842
783608
2144673
777655
2169218
686485
2338759
772344
2265637
755479
2113696
676468
2364807
703381
2225891
677812
2217956
753975
2274245
669365
2237828
752055
2372424
751127
2189666
749111
2197123
738391
2314246
760887
2292550
792440
2160801
699061
2436746
734839
2295909
694101
2225572
781784
2382632
685013
2191938
757303
2146017
672788
2256869
748247
2247012
763640
2112128
762295
2359592
682484
2248164
775831
2322567
766135
2444011
829881
2420522
772728
2340551
801400
2193026
872219
2177410
803352
2172290
745879
2163970
809145
2193986
805241
2435530
751638
2152609
697109
2473515
760056
2154305
668341
2368808
748823
2296518
793272
2133728
782712
2174178
752823
2169890
667188
2273861
754551
2292390
664404
2312359
763255
2214980
754423
2265284
683733
2400521
742614
2163489
678869
2210819
747318
2273829
750743
2374920
728438
2159938
790040
2171266
697365
2408585
785816
2297990
714326
2246148
751255
2102112
662804
2266917
751767
2279557
747159
1793814
839449
2317863
751479
1702868
607123
2417641
722006
2159522
819033
2337831
761751
2448043
766200
2130016
754999
2357160
690293
2392233
760599
2454762
737623
2422378
689076
2307238
756791
2279365
670581
2342439
759863
2290214
738615
2119584
668437
2401608
748823
2156609
679765
2296358
749431
2282118
750326
2342343
802393
2292421
798968
2238180
799000
2244900
799960
2233956
812825
2455946
750807
2212739
767703
2168386
751223
2415561
800216
2168866
733590
2270789
743799
2192578
685044
2226019
750071
2249924
753911
2257957
753239
2138881
740598
2143105
684309
2397449
749655
2154465
679989
2341576
743830
2274341
674709
2265893
789911
2230692
709366
2330823
786616
2293190
742166
1767734
649908
1637426
569617
1606576
841273
1796023
605618
1922299
679988
35329
2057599
692085
2219491
750679
2212195
749559
2287845
686261
2277093
756343
2283781
686293
2264069
752887
2265605
754903
2401513
814617
2224643
801848
2407049
747063
2178274
712533
2472715
742775
2289925
727446
2240804
762327
1686835
658452
1839799
716118
1901817
627443
2500780
683956
153349
1960124
618579
202086
1932315
717270
1910746
627059
2224388
588178
1983964
699093
2009277
632723
1916858
665396
2286022
770423
2211299
818201
2183490
807801
2200035
815705
2243940
877179
2360167
809241
2357736
802616
2056510
853594
1983164
810841
1820759
816825
2480140
757303
2285381
643988
2416873
738903
2279365
694293
2293285
739991
2313767
693397
2335015
748695
2348103
757655
2243716
741719
2282917
737431
2286053
809817
2137312
769880
2434602
820633
2428714
817625
2228227
777560
2230276
752535
2287814
748982
2130688
753111
2160546
746934
2119904
741655
2128480
733718
2326887
746166
2233828
761175
2376296
747222
2193859
707957
2156098
725654
2165058
760439
2597455
754807
2290085
734519
2246148
782136
2344295
746167
2141089
758743
2206115
732342
2306086
741174
2093759
750487
2194819
721718
2133601
750135
2237571
740087
2246277
701973
2109344
765815
2205411
739063
2241796
780920
2279717
722902
2503116
836089
2365640
794681
2333767
786104
2276965
779927
2124512
699669
2107168
738039
2083615
736214
2126432
774135
2153825
696117
2234404
777432
2259524
770840
2291462
760791
2144802
725718
2105727
724246
2240068
737878
2179682
741558
2430922
709621
2190403
742903
2217283
751127
2254180
770295
2412297
781399
2295333
754647
2279013
714582
2241636
735542
2212259
783256
2140481
802649
2476779
810968
2388009
719926
1987836
833401
2157410
791256
2178914
755382
2159234
738999
2497868
794168
2380360
756599
2242468
774135
2260389
755383
2116576
755799
2308326
750871
2107776
747703
2168322
743126
2145441
741559
2156578
765911
2259045
883867
2143073
840441
2197283
752375
2214755
720982
1935419
681717
1970971
691733
2178242
692949
2444234
745015
2420682
749239
2194179
759831
2334503
748247
2160098
745879
2205859
768247
2217635
753591
2213859
735606
2443210
728310
2234020
763991
2441098
765783
2245924
744567
2248708
737110
2487916
728566
2237508
761591
2425194
757719
2193826
756887
2295525
829594
2098272
806776
2109344
792056
2129313
751767
2412457
701141
2087967
781847
2192482
757591
2090496
742743
2187426
740758
2171970
724246
2293062
698517
2483371
771159
2236996
766903
2405033
761463
2253284
752535
2145281
741782
2174434
733622
2427113
785335
2221508
725526
2367368
700150
2149730
802681
2249636
783543
2296006
795608
2126560
733078
2295910
696885
2109696
741878
2199747
772216
2280805
697685
2285573
686613
2374824
746135
2401961
733431
2307782
706933
2308550
771063
2222595
774968
2318951
776504
2300614
776376
2364647
726487
2135937
729110
2174178
724022
2445034
782360
2167426
806617
2171458
805561
2170146
799000
2467595
750103
2266917
762519
2136097
692757
2444906
757943
2171810
691253
2243908
785240
2337351
731063
2160898
765815
2092384
740951
2119201
675861
2360071
752439
2354183
763767
2268229
671701
2393961
678900
2328423
763575
2145761
686613
2381992
824153
2222500
676373
2261668
744887
2221284
781656
1935963
818041
1629618
609586
1600624
504783
1582864
579377
1296744
695861
1904378
722422
3052156
826009
423053
282825
208935
285545
120132
141252
326730
223943
144613
103811
250216
161605
81283
315689
617779
208903
215174
908603
2743283
863610
274120
260456
181669
80482
269928
324202
146885
162117
203974
178086
192934
159365
147076
793688
261000
95075
196934
238855
142052
118051
290441
345450
2056094
583729
3164192
625139
338443
531376
221607
84674
163941
103459
61122
110308
106947
690292
149541
190757
160421
21728
118627
214983
122948
150949
405548
137700
1998269
982494
250216
2919481
640404
296521
235143
131556
165125
369707
292233
160229
246599
171557
130756
201895
166917
821593
171525
322794
134500
414380
188261
188070
270888
121860
179525
81891
171749
2158081
677108
1761237
553009
1649362
1875769
598707
1654290
604115
253800
1754357
2335655
606035
271145
179973
2589231
802809
2127489
793048
2444299
840442
2456490
738935
2240996
757751
2316711
802809
2306982
822841
2218019
792728
2245604
732854
2221379
763192
2214852
792152
2250820
754935
2107904
689685
2434762
781591
2241540
778904
2120512
714934
2247684
785591
2248228
758135
2230532
754391
2111008
677589
2294085
767287
2124160
722774
2220228
781719
2246148
667829
2426698
886779
2330311
818233
2514764
747223
2411721
820697
2314726
821209
2139649
787960
2666480
732342
2339079
518543
101795
1981756
575441
1837656
643091
2259941
702038
2190626
763703
2285125
839226
2472043
744278
2154977
700150
2253669
679636
2173762
689013
2416265
753303
2405929
714422
2251909
704342
2125121
712790
2160994
697845
2193379
696693
2424202
700629
2336935
708085
2173346
689749
2307110
702678
2248741
692693
2361415
709237
2318182
690357
2171970
704086
2164770
692181
2142529
695797
2242212
696917
2305990
709973
2117248
712246
2167138
690677
2290246
700566
2479787
669237
2322502
686261
2461706
820889
2172450
686197
2291877
713174
2268581
715670
2409129
752759
2355752
827161
2261573
744023
2198626
780248
2168641
701685
2403944
697461
2288581
696213
2233539
702165
2155233
698581
2087488
674389
2403721
704950
2180706
703541
2395560
690165
2283942
703926
2215395
698101
2393417
711190
2315878
587090
2549261
759063
2420202
805752
2187042
702742
2180290
823225
2542701
694229
2178370
709365
2331238
706549
2247108
702262
2263973
691413
2130785
701750
2126464
717430
2228515
688821
2273957
659508
2186210
654484
2344743
732182
2269413
697622
2198851
819769
2174018
751543
2154945
697109
2164801
690677
2214275
669204
1973276
654036
1970908
622355
1949180
722390
2272005
737175
2358343
696661
2461451
655380
2254372
707542
2437578
733206
2326630
772567
2510477
713557
2429098
803737
2093536
703478
2124640
707862
2239652
691061
2275749
702741
2179906
711477
2414569
745623
2172482
734070
2316199
703766
2145505
710710
2144865
699381
2452426
705526
2279045
740887
2412586
702869
2232772
716886
2181186
696149
2219012
672725
2200675
757847
2182115
779639
2386281
684501
2253988
713493
2364872
706933
2197251
707797
2166306
711702
2490475
756055
2149761
741783
2273189
792184
2140353
722326
2150401
774711
2381545
694581
2139681
732726
2425513
708437
2150466
728087
2104320
688597
2286565
701429
2109792
684661
2286981
708758
2222915
729782
2432713
725174
2298310
794360
2304198
721046
2179522
770456
2259844
704885
2204195
694741
2266340
725878
2168642
727574
2299334
695093
2127937
771543
2520556
749207
2180994
769911
2151809
783992
2158146
754390
2180162
784984
2392393
699413
2089151
717910
2421097
715990
2261189
706422
2215107
714294
2157730
708629
2115904
722870
2485739
717398
2193570
717462
2185603
764344
2282085
719542
2191427
705014
2256132
749079
2182050
1099617
2301542
761528
2191651
806552
2146913
711349
2080799
865114
2140993
707958
3826548
697141
256872
215463
66946
134020
169605
153989
173894
185701
337674
135044
160261
216198
176997
618834
264968
245192
200262
1565903
829562
1531055
2093568
650580
2043422
695254
2174338
651540
2137761
684821
2240100
883611
2391944
756375
2138272
687925
2134017
1116418
2490668
458638
261736
137412
2532013
737334
2404297
703958
2118176
729462
2322663
649491
2325863
688309
2247908
801848
2355112
712310
2166594
679348
2148737
691957
2465419
747287
2366952
700854
2077247
823225
2296870
693749
2307654
686485
1750901
790168
2347303
483246
252424
219879
1909466
792600
1961468
567089
1791862
550481
1441356
436237
64706
2467371
509232
215879
144868
97315
1547215
436717
2458666
1730132
472782
28257
2193667
561201
86050
2182147
771703
2260100
693301
2160482
701110
2182914
754039
2184611
758167
2406473
710613
2282981
691381
2292229
699221
2187714
814361
2276901
676372
2319815
738998
2259012
757719
2477675
719062
2477995
691765
2388168
820825
2488683
691829
2200354
704565
2238148
716886
2494668
783960
2191106
774616
2207683
726614
2396552
832889
2333191
679220
2297286
686453
2512012
745334
2421866
682581
2118209
808921
2403017
704149
2305797
702645
2116480
795129
2340775
720918
2317606
836505
2181826
726774
2122592
820345
2182979
704533
2142785
794936
2351687
706613
2287237
703221
2160257
696885
2238084
866938
2264133
725078
2260004
684533
2244900
745943
2241156
704854
2112288
661909
2118273
824249
2323303
648436
2153793
697493
2287973
679029
2126144
691541
2247588
858842
2250788
690677
2140065
669524
2200931
693397
2167521
681301
2450218
711542
2207395
711221
2376808
827001
2371624
679956
2510860
755831
2390057
699637
2543245
850842
2389576
845882
2393064
745399
2198338
755446
2216644
654708
2103264
826873
2204611
656308
2231203
813624
2325671
704949
2219076
671476
2235716
651284
2123585
642932
2142561
829081
2224195
692885
2210659
720534
2124128
637235
2256325
656724
2077791
671892
2128929
825817
2339143
698069
1714900
804856
2502252
785176
2197795
743607
2472395
685173
2468363
730902
2374920
709845
2509996
717654
2418281
679829
2537933
733494
2417546
690485
2485964
764087
2389992
646099
2130465
814233
2261413
699894
2243076
711798
1738741
592626
1650578
627443
2501932
677429
2183458
678452
2243716
630163
2115456
845753
2232227
699734
2266629
1909562
2307782
732822
2291397
682069
4438663
788568
337642
200646
2524748
769399
1898746
640275
2052158
514992
1396331
491631
1572400
495471
192198
1534318
734038
2361927
841433
2265349
800632
2127489
811001
2258469
712374
2210692
814489
2374312
659412
2146593
1562127
476110
1395114
718262
2495852
591186
405996
2173410
590546
2467435
694581
2966554
810233
158533
2455754
678645
3486602
816569
2662577
707190
2085535
714453
2112512
670324
2362183
553297
2479436
690197
2211843
646323
1975676
1004158
1587793
627443
1762613
592786
1899513
833626
1343977
551313
1583536
583505
1743668
588178
1717396
721046
2232228
714133
2441066
891899
2301509
741782
2457771
810521
2175906
827065
2357640
764375
2140641
685621
2236676
710773
2270885
708438
2125057
717462
2130400
678644
2232612
714134
2156897
706581
2177442
687764
2302309
666997
1990140
680213
1960987
637972
2351815
676085
2561294
780344
2310726
710037
2133889
712693
2189251
731063
2300262
789592
2283909
745847
2143617
691221
2240771
708758
2133057
701653
2155169
689493
2253348
1024063
2279013
758103
2141441
767991
2161954
697557
2262309
749687
2269701
747030
2152578
707574
2244964
790808
2120320
765719
2356968
770168
2147937
762743
2197827
680981
2268613
752055
2268036
665204
2413481
751703
2256676
671156
2316998
761815
2291814
765239
2164386
725270
2231300
760247
2266981
706037
2223108
767863
2116992
745558
2156193
680917
2452490
706165
2279461
745495
2263972
745015
2347175
681397
2298310
739926
2235908
793464
2361064
923644
2176034
840729
2171554
841850
2442506
723062
2433226
866970
2145185
814073
2236611
666613
2428426
792024
2206787
673045
2274405
757303
2193890
668789
2379432
706677
2223907
751543
2288869
753751
2136481
732438
2185954
763575
2158466
752727
2152929
834170
2167777
754135
2394729
796504
2270629
706325
2237956
792888
2284261
738294
2116481
752662
2111616
762264
2113920
772856
2239236
737143
2371271
770264
2153505
745175
2279557
752215
2378632
761335
2424330
745303
2166114
750775
2310918
750391
2445450
804217
2171458
827129
2155969
795097
2183170
820537
2153890
819193
2366856
748535
2144417
714614
2399561
787448
2282021
782871
2293381
783864
2136353
733366
2158370
736374
2423882
747606
2111104
689397
2218275
756695
2320647
741751
2267365
744278
2123489
725046
2240228
740823
2288806
679540
2240420
747767
2147297
669076
2240580
802169
2178498
703157
2277189
717526
2333511
817721
2151201
820601
2420042
701525
2274309
739991
2271109
757111
2123489
770903
2165986
759927
2212611
720854
2344999
756407
2246788
744278
2254628
770135
2150977
736534
2151329
749430
2296805
761751
2212035
797465
2144450
782680
2457546
849338
2208675
834489
2443786
724438
2254437
790968
2257189
748567
2281445
735414
2132865
715382
2368776
752279
2311910
669941
2449482
818425
2313574
749686
2403848
679028
2387304
760023
2244708
669716
2225732
754871
2244388
741079
2314758
670805
2197282
756407
2141217
683605
2249829
742327
2305382
679988
2251845
750519
2154497
737334
2244004
805209
2185602
708118
2256869
747126
2179906
735798
2290917
682485
2151233
719286
2362696
755671
2136897
685141
2253060
739670
2174626
678196
2227908
778039
2278245
795064
2317190
794168
2305254
753687
2273637
743958
2275365
686325
2112832
710997
2166914
709173
2322823
710901
2289862
700534
2281573
707382
2435402
766103
2116961
759991
2138017
765111
2161346
762295
2421449
698069
2258757
708182
2248772
688981
2256324
702773
2171586
738070
2244356
760471
2167490
767255
2125728
768919
2129313
765176
2149057
763799
2431081
718262
2391625
709653
2119168
700917
2121696
741910
2162657
765911
2314534
697013
2386633
713078
2142593
748247
2386537
702677
2137889
705493
2256869
712213
2181091
727862
2314950
707990
2221859
710870
2262564
710997
2426729
730358
2201123
708118
2264293
794328
2301062
793272
2355912
846458
2230243
837945
1916250
630900
1549935
688148
1668691
661557
1723412
635892
1718004
769367
2223908
748311
1940571
707317
1930843
736663
1929723
656724
1816951
672852
1894329
674997
1680531
670964
2042174
745303
2230596
697237
2260676
648851
2198882
711509
2146177
727862
2374952
778776
2358248
772024
2319847
730070
2244260
748407
2228227
682613
2220291
752503
2237540
681845
2331815
754518
2220324
759255
2380456
796632
2423401
695285
2254948
760823
2142401
673941
2346151
782263
2169698
766551
2257924
759479
2153634
745207
2409417
832090
2148418
725078
2235364
789816
2285222
715061
2367144
803577
2349415
821753
2304902
801624
2362119
705750
2218115
790616
2175074
680885
2204995
766520
2244996
751223
2113600
705654
2374952
765975
1855448
604947
2228739
466670
329354
1792247
640788
2407273
729302
2442698
769111
2182754
707478
2408041
756727
2168450
680309
2358311
749111
2150529
749238
2119392
709397
2083327
676596
2084352
691637
2274469
754679
2162306
813785
2223523
798968
2188483
807673
1930939
644180
1721621
569969
1625105
1147459
1489229
552689
2263205
615251
1408715
625682
2044735
528688
1606320
570513
306441
1805719
612371
1831480
576369
2420906
700629
2165314
700469
2270245
705685
2294085
698581
2129377
753431
2230979
749783
2132225
759959
2117600
772823
2131745
752887
2444138
775863
2374920
713654
2198434
755031
2138017
766295
2097632
700629
2072351
700149
1961499
984830
2327655
831514
2223492
776087
2483787
813976
2141889
746390
2411913
801592
2247940
731894
2189154
713173
2207139
746999
2365480
792248
2238852
768759
2402985
702422
2390377
706805
2136225
690485
2265508
750134
2176962
696661
2192995
751575
2234052
743094
2197987
758071
2173762
742199
2280070
781431
2155969
767383
2222755
792152
2342567
745142
2158593
756758
2128192
731926
2246116
749367
2277221
756919
2119136
694037
2247076
752375
2262693
737398
2265284
679477
2251717
747511
2155009
770615
2138945
692629
2240740
750647
2223587
740535
2159842
763671
2267717
761591
2269893
733334
2405257
746007
2220163
697045
2235236
767736
2153314
702997
2240836
769655
2319782
725174
2164354
816249
1617905
643156
2487340
622867
449325
172453
148933
152325
211335
2017757
519248
1303463
1611473
564337
54945
2894968
798872
2105344
796025
2176290
1548527
2442218
716758
2197443
1877113
2278789
721238
2232580
709333
2322119
691381
2180227
1008607
2307238
657684
423917
1781014
596914
1660466
580786
1947131
791832
2455946
938012
2298405
725494
2177282
737334
2296038
740631
1664755
691445
2216675
672084
108195
282985
184230
262312
226278
175910
197926
150117
175782
151236
241864
155812
155525
805369
90819
353675
213895
206278
54177
43329
263880
135684
174246
133668
151909
270281
285993
100579
282344
159012
718294
112612
266152
2444682
775639
2273317
719222
2211075
771959
2325447
698134
2393480
761431
2236164
760855
2122529
690965
2233636
779064
2197923
760503
2412521
800408
2173442
801945
2140833
806745
2174338
802680
2443306
699765
2242564
853978
2324487
674420
2376424
761591
2291398
748502
2486539
746742
2129569
695413
2236036
792056
2133601
722678
2239300
779095
2204739
782200
2229540
800441
2455498
826425
2426793
732758
2397257
815289
2223523
780440
2369096
857146
2199107
723062
2129856
750839
2091487
744342
2090943
739159
2084255
682133
2048158
710133
2361415
644403
2124288
801400
2129216
740374
2111488
692341
2223748
750039
2092863
707893
2211875
744694
2204259
716885
2251941
733430
2122049
752055
2118304
719318
2226979
800472
2406793
770071
2449514
776280
2128064
795032
2094847
696565
2216899
741495
2263620
752215
2210307
757079
2184098
699157
2120192
749687
2143649
690389
2226115
740886
2140769
762679
2220644
777976
2207779
826137
2120032
769144
2410345
703701
2331495
733078
2444010
800056
2251108
775352
2213827
827642
2436170
695221
2394473
761751
2141313
734230
2339335
792536
2120128
717302
2385576
736982
2356104
819193
2441450
793784
2429962
797112
2273029
790840
2243524
735990
2186498
686005
2386920
445102
2185794
673140
2271813
741047
2205091
827993
2116000
743094
2138721
713334
2388008
774711
2131873
685877
2347783
744599
2131393
714326
2170818
753655
2230852
746423
2206787
752727
2101344
767448
2200802
748631
2380808
792824
2411113
704470
2116640
755735
2442346
746935
2135712
752855
2227555
756311
2130881
753943
2256165
725110
2139073
781944
2316806
876666
2299366
754135
2168130
751127
2108000
702742
2388393
782840
2211203
639508
2205763
566961
2219044
917820
2242148
701013
2252997
708213
2240036
746550
2109440
746615
2840630
731574
2269477
703702
2853462
698197
2338375
701141
2054046
742006
2121569
784407
2119616
690677
2203139
691669
2138753
693365
2483371
707349
2242916
763639
2251141
757463
2217059
736982
2406985
831961
2253956
787576
2137665
688693
2190946
726198
2089087
734806
2403433
771960
2205859
754583
2176290
748790
2408905
746422
2406089
747574
2382153
747831
2420233
717845
2350695
777943
2359752
747959
2365000
670516
2154657
684981
2220228
741943
2244804
689781
2328070
754167
2201827
814392
2195170
715222
2153122
695029
1525967
618067
1724884
631795
1741621
590866
1968348
604754
1715092
558353
2043742
805624
1988157
687413
2144129
693077
2182754
748791
2142176
828505
2114752
777944
2213251
744823
2233924
777208
2232484
732086
2173890
796120
2205891
722166
2247588
686101
2201666
765271
2087231
702229
2405064
759543
2274117
778808
2305862
704790
2113952
740631
2095680
688917
2293894
691221
2146369
770903
2206435
766743
2392488
744151
2240452
745783
2591503
719126
2407945
775352
2214403
756695
2201251
727446
2156481
712438
2260388
719381
2063583
681620
2099392
769239
2258789
694421
2354088
746455
2144161
738198
2147233
732503
2782836
701589
2373736
748183
2127616
772727
2195619
751543
2141601
765688
2143457
728470
2674033
856314
2472139
746198
2711154
704245
2455115
739062
2271557
768439
2218563
730998
2279173
864954
2160546
770104
2796244
715286
120580
1480877
748790
1347433
848634
1677683
787992
2143841
734102
2104736
664820
1925627
687093
2483243
690901
2213060
784056
2237796
753431
2169026
746582
2167554
827129
2125121
755191
2116608
772888
2160513
668020
2315206
731990
2087679
679509
2415946
773367
2278853
761399
2344167
801464
2262948
687572
2194787
730934
2302309
718101
2130657
737782
2161698
794072
2393865
740566
2140929
774903
2171202
747479
2251428
767799
2376200
749207
2276965
690837
2168865
746743
2400489
777176
2330023
742423
2104128
762839
2375752
740022
2263205
734006
2422826
730486
2179362
763384
2224964
703254
2155009
761015
2420554
765015
2213059
764120
2160802
750967
2433642
725462
2418953
761975
2232548
699989
2440330
738262
2273477
751831
2287174
751799
2265092
722326
2379144
756823
2445738
765655
2292486
718133
2407753
781560
2235972
772887
2296038
749879
2115456
747319
2134305
681077
2310503
736855
2181890
772632
2334502
762039
2126880
731094
2443691
865691
2364392
799321
2454347
752439
2283525
798328
2350312
730230
2165281
770359
2144033
743799
2090879
744951
2200258
766999
2378152
751255
2147969
760695
2254084
728246
2484364
768536
2226372
716982
2439146
782168
2393353
696437
2333798
750487
2377160
718454
2155873
770360
2168290
758839
2196995
789528
2117504
793880
2198403
816665
2156097
706838
1910490
748630
2051646
686580
1796278
677749
1775446
635155
1813271
737526
1786935
645876
1642321
656212
1593200
605458
1929050
560785
2029469
702613
2006813
628499
2368999
881755
2463307
818424
2142849
733719
2461163
798040
2143297
810392
2268965
713558
2131873
769399
2129889
691669
1685235
463950
1439980
424205
413804
1756566
1051712
1564911
435117
1280615
496175
1487213
547505
1436876
538736
1704852
575378
1690419
825593
2402696
741175
2443050
613042
2177506
836730
2092768
722966
2240643
647540
2432714
730038
2496620
697653
2199427
805753
2393769
675476
2150977
686741
2153634
689461
2421514
704277
2417481
685461
2394312
770616
2319751
692885
2379496
691093
2463819
660468
2498924
631411
275336
1742293
591058
194118
2092160
555728
1849528
638900
413292
1990397
833721
1749141
546833
1549551
2446122
544785
278313
211559
1730869
475214
167525
2477035
465838
148517
129828
159589
2168034
2469803
674484
2503948
785144
2400777
668853
2177794
1765237
2268357
779928
2226371
722678
2176546
1479789
2263557
718838
2301766
672980
1931419
543888
2524173
2042270
480367
376076
2333191
516144
40417
169061
65666
1435980
490479
1806711
752182
2406953
717174
2108032
729878
2134049
756567
2353319
707062
2264709
765079
2217955
794393
2401065
703637
2374344
711574
2181442
687989
2243460
679893
2430378
759319
2381192
708053
2365896
657492
2344615
710741
2243364
759607
2229763
731318
2418697
764631
2322534
792728
2381000
744503
2131424
891227
2431498
701238
2138080
629939
2165057
1072545
2394696
772471
2112480
775160
2125281
771127
2120801
841946
2453259
712949
2201410
823321
2275205
679860
2379656
751767
2180930
711893
2155073
741591
2423561
733207
2299878
730807
2233572
723414
2233636
703317
2170178
707381
2131616
675988
2124448
755223
2379208
694837
2118880
726518
2318438
718934
2198339
712246
2132064
658196
2443018
716342
2255525
752727
2363176
841786
2462891
645844
2129281
698485
2210659
779480
2189923
724790
2241060
702133
2250564
721302
2221956
777751
2161762
753975
2222020
749687
2209859
1154275
1932315
653908
2392585
757207
2097824
676437
2243108
797400
2303398
701333
2284837
704725
2158498
681397
2232707
826681
1771222
790296
1859320
669845
2198947
702357
2271813
692757
2465099
760343
2530573
704437
2238884
691029
2242948
758263
2133856
704758
2431946
751959
2163074
701973
2191074
766391
2144097
760407
2365896
701718
2253060
673076
2221955
699701
2131425
698261
2214435
673557
2200803
749782
2161281
771352
2386825
703957
2213155
704853
2208739
710101
2233316
801913
2443626
757111
2129729
740247
2315046
813976
2485388
720598
2217891
749623
2273669
745783
2134465
709622
2129889
695925
2275269
719766
2308998
694837
2144929
702965
2299014
710261
2217859
712950
2254148
692917
2150818
697589
2176322
728438
2418378
740695
2304133
768151
2312358
753399
2135745
742679
2318470
819577
2144001
786520
2137409
776951
2187587
772376
2495692
782679
2177026
728246
2361063
710325
2111840
704277
2119424
700118
2120608
716886
2161729
694517
2447690
709653
2138273
699861
2090815
646292
1674547
551152
1549615
532081
2131681
730230
1939258
664532
2130561
622419
2168514
728950
2209571
612690
2204995
646931
2506700
703861
2476555
775159
2486476
710486
2398249
772791
2178466
767511
2182722
834233
2301030
812729
2144513
803289
2376264
709525
2095584
712662
2167042
701941
2470763
670836
2195075
700693
2226724
724982
2181922
748375
2153185
741462
2448970
748630
2176322
727638
2294725
698933
2156290
695189
2248804
793176
2435306
714646
2127777
683349
2231076
698965
2138145
682997
2271365
714037
2298918
705717
2173218
710774
2375976
776375
2144609
776087
2181090
709653
2163554
776503
2172034
895900
2449962
718166
2257957
737079
2180226
743990
2224836
800825
2160898
729942
2134209
757559
2145473
773911
2409225
697814
2218243
720053
2254981
730550
2142625
721846
2206274
700182
2114048
715926
2257348
783672
2348680
712598
2317446
679221
2356328
769559
2162210
751638
2175522
782776
2148929
764792
2164034
812377
2453930
684821
2267621
739478
2173506
834489
2366760
735127
2183362
691349
2506700
660340
2151649
697845
2291781
763479
2098464
765335
2131681
769656
2103488
762775
2384809
704949
2257765
788504
2130177
688501
2263717
702037
2184738
709685
2172962
706998
2209635
696693
2369064
719222
2315623
751927
2252388
691861
2271877
714197
2445674
722837
2337862
701653
2147265
683253
2240868
801144
2279174
724918
2276453
707989
2108960
749559
2208771
718134
2138145
738998
2468106
724790
2189794
714773
2433034
737079
2177762
763223
2131937
764791
2430218
700149
2232196
697334
2460746
706518
2138401
711029
2353863
739767
2296870
749239
2193123
744919
2296773
692949
2219203
705173
2163650
696565
2139329
694357
2260453
708246
2303270
683924
2325671
703925
2166338
682485
2311142
711381
2154881
680181
2333927
705813
2148321
731863
2050110
646580
2149665
706070
2165314
706869
2395496
698645
2278501
699829
2363144
803641
2296293
697589
2236452
700469
2210275
697781
2415785
713174
2244548
719221
2242404
744886
2320934
763383
2186594
683861
2322630
706390
2250404
671477
2050590
608435
2033822
637299
1881209
689109
2238116
711670
1974780
686965
2504588
744503
2359143
716533
2306374
687349
2520876
764727
2124416
683445
2257540
657876
2157378
696982
2276645
721142
2119072
682037
2410089
715670
2139361
678452
2261029
719253
2164098
673877
2263269
715125
2287589
737782
2367816
721014
2330662
737719
2343592
719542
2354280
733430
2171234
693013
2261252
688949
2175266
693525
2356712
666932
2174402
805464
2219556
763511
2105247
777720
2104767
774776
2146145
772759
2167714
780248
2151457
782360
2396969
697173
2459210
708630
2158049
731926
2187331
774967
2154753
753015
2402249
738454
2209187
741014
2291173
743638
2117056
700309
2369704
702517
2173922
766263
2479691
729783
2341671
694582
2265188
774680
2385096
704885
2375240
702678
2226084
713814
2315238
700437
2300582
754871
2148162
763703
2314118
688213
2362664
709045
2113120
699093
2125313
682708
2302598
704470
2232068
705717
2337222
708181
2171746
748439
2303142
721686
2528428
399404
2189154
698614
2348136
833018
2171010
805049
2169538
832698
2151617
818073
2432842
830681
2360456
755639
2103968
706422
2373832
762071
2272933
685333
2345352
755383
2289445
688565
2310278
708790
2330246
769879
2168034
760119
2183810
784215
2180002
802840
2238372
750999
2121665
748439
2143329
684533
2182114
693365
1841048
443470
88130
1411019
673556
2000636
615123
1336393
751158
1920090
1208869
2079455
655956
1848920
590162
1578544
860794
126468
2396457
761303
2895448
750358
2277381
1517774
2414313
807417
2155521
759703
2125152
750935
2294565
738838
2387273
745623
2276325
1539246
1906682
593234
384332
2507628
657652
370571
150821
1751125
798425
1425483
522608
164613
1447884
1840311
771000
2297221
703701
2352647
773560
2147873
785784
2302917
677684
1885273
609298
1848152
569586
1407051
865370
2476331
805304
2435914
728759
2526188
1026527
2563886
808280
2381928
867770
2424649
773624
2335079
834042
2473355
816985
2358759
870843
2193219
642771
1995549
2293254
535120
278632
1487117
714773
1551055
752886
2088095
845722
2188835
795672
2173506
762391
2223075
760599
2193891
703061
1976124
683605
2408265
726230
1709780
595602
1885241
768663
2053662
669524
1939258
696981
2424745
763159
2238052
758903
2107808
779864
2118176
760599
2188354
720406
2199683
732182
2067326
750615
2386888
754807
2112576
760567
2162209
810777
1887321
609426
125955
2012605
626419
1528878
784728
2580494
811576
2243813
644020
1402634
594002
2794132
649108
2143969
2042718
632883
2012061
634900
1947355
704181
2471755
704854
2354216
690133
2438794
762519
2254084
758647
2304486
745943
2343239
816377
2391369
760311
2468779
723958
2351463
751895
2174402
760119
2281766
702421
2227747
742743
2177346
762167
2146209
738615
2164450
779768
2499052
775704
2294918
784216
2344455
753687
2084031
716118
2533485
778424
2254468
780375
2427338
780087
2080127
785975
2180579
744855
2162978
749207
2109056
746742
2088863
743062
2200451
684532
2136257
754327
2164481
769079
2321351
765399
2188418
756342
2291334
769272
2113088
762839
1919130
691317
2003005
657908
2559149
795544
2437354
702645
2144897
769111
2217731
689781
2209635
759159
2244836
779063
2404873
815865
2405673
794008
2156225
704886
2433034
782168
2213731
696629
2157281
752119
2151938
701237
2156961
753975
2313798
743703
2173698
782520
2298469
730262
2361896
742390
2160993
699477
2453515
757591
2129824
710389
2380968
746294
2251460
757143
2235044
692245
2124032
809720
2127488
749143
2105152
748982
2111328
740982
2118496
752727
2076607
698005
2291717
683125
2120865
768375
2141281
783479
2073343
744695
2109632
817945
2130625
699925
2307270
819961
2212963
784504
2383848
705045
2410377
694421
2098879
719894
2330022
745942
2337959
739543
2392008
746519
2231748
663412
2293638
825465
2585615
708118
2383305
753463
2149858
725622
2224771
784472
2136673
749687
2094527
749655
2199395
750487
2193827
758775
2273477
749206
2264805
757591
2266884
727606
2510380
754551
2251300
687541
2188418
747927
2142401
666837
2287173
748887
2297126
819481
2404745
690677
2314662
752983
2435242
723958
2402729
760695
2267012
671796
2244292
750999
2274244
741814
2391753
706358
2403401
747190
2265925
759383
2324166
792665
2171682
787256
2172098
726935
2323462
757239
2125601
669365
2337351
751831
2135265
761431
2233891
666324
2369544
745047
2258052
670229
2309734
767799
2302085
755095
2328423
813656
2431689
682517
2415081
746743
2168002
773975
2269605
746614
2394473
824377
2189634
798328
2196418
817401
2423209
671540
2354055
770808
2274565
659668
2418474
762072
2282918
660436
2226947
813369
2196579
704117
2261988
793208
2313734
694677
2111872
750935
2118880
702197
2247844
747798
2366600
805561
2487499
751479
2257828
755671
2167905
669748
2291493
755127
2298950
748918
2313190
722518
2374984
749527
2118464
745846
2296901
820152
2149633
803064
2438954
685492
2372680
748311
2157250
676885
2465323
749399
2355655
674069
2263173
739639
2354919
732375
2146913
722486
2411882
762807
2339079
671477
2416777
755447
2151009
784151
2315910
709429
2372552
688341
2409321
783544
2135713
782391
2119009
670037
2333799
744822
2110912
686997
2197123
747831
2254596
668308
2291749
750742
2199811
749495
2288869
739862
2216995
767767
2157345
764055
2232964
789144
2169666
779320
2166849
726262
2058366
698453
1959036
668244
1782646
659668
2226212
701877
2454570
659828
2368200
770903
2218083
741622
2166914
754775
2142433
746934
2223908
759255
2161122
743799
1950171
771255
1942267
661876
1997469
620563
1487949
577010
2131425
700949
149413
2431817
774392
2130401
814873
2456010
725654
2437386
810265
2361543
807065
2240740
751927
2113088
739191
2185378
685173
2396329
736246
2273637
750295
2246724
760055
2193858
753783
2134848
671124
2377481
757079
2267045
748662
2316135
800856
2473675
677556
2500364
756567
2154081
759063
2286790
757367
2131937
778808
2184098
705973
2299877
735862
2212611
667924
2257829
715446
2003933
689845
2349543
683765
2217187
662388
2336999
751415
2331911
769783
2263684
740471
2165186
753399
2268389
740055
2177538
763255
2248068
789208
2366568
790360
2194307
676501
2434218
807352
2443466
745590
1850937
601651
2178370
608498
1893113
544529
1988349
561970
2460426
653267
2240356
608147
1927451
605362
1899641
713525
2282597
980893
2044702
716758
2218883
711446
2112096
705365
2183970
692533
2451818
702901
2285317
694837
2370280
700373
2295238
686837
2257252
704213
2296261
688085
2401672
696213
2171746
721878
2341607
749815
2324615
769463
2382696
744535
2350632
750550
2312518
839226
2156706
767127
2144449
778168
2414377
706902
2263781
726614
2148354
695509
2354728
693877
2158049
704341
2248932
708054
2278341
691701
2264740
702037
2119424
727830
2419690
727478
2469067
790264
2359848
703286
2147681
694421
2324551
670484
2172706
720822
2329286
791864
2217731
776760
2416329
717013
2274757
659220
2174050
738646
2206659
661620
2094464
702485
2230180
712630
2256388
710741
2133537
693397
2254436
701173
2331366
693461
2302726
708149
1716788
445550
213895
248648
151301
179910
152388
186790
118115
134884
143140
112803
136420
81506
161125
112452
142628
118180
159045
122852
131588
504751
157252
188997
130724
512016
360555
2273733
564625
1552143
677364
1505837
808729
1477069
459054
1578096
434157
272712
159205
142852
138692
491087
282952
43938
116356
116931
99107
75107
204391
107459
403244
90339
535632
294921
117508
96035
145092
181446
103556
93059
142404
101859
140708
116804
400556
120420
106916
591250
1917978
848826
2118336
649844
1570735
626483
2034974
609906
1871896
972126
2163073
686004
3446088
777175
308681
160036
3728113
798009
288841
310186
169669
99395
2420362
693717
2130816
1137538
1776438
540913
1932987
515344
2060255
563633
2123489
465326
1191716
505711
2757971
577361
316905
1445228
814809
2410537
686133
2522892
817945
2182498
761687
2178594
773176
2225251
765175
2352104
703797
2199778
803416
2246437
775159
2178786
682772
2131712
709653
2487852
767832
2425706
691797
2293254
806008
2347815
758359
2214500
743319
2191170
738198
2398761
737271
2414633
713398
2287526
698773
2537805
745206
2264804
731063
2378152
705077
2483788
748407
2489324
692533
2249316
813720
2337095
713366
2267013
674773
2235428
691413
2234948
705653
2189346
660692
2519820
743190
2407753
747095
2218404
762807
2219203
680020
2412553
748663
2366856
824153
2495532
709333
2222052
702101
2164066
671061
2228643
686389
2093759
691765
2153665
692757
2170658
800312
2261221
725558
2148641
735030
2490379
752438
2523884
742422
2411081
755415
2347655
730966
2418218
712022
2349607
737686
2478987
777816
2413161
677621
2403689
780439
2418313
682836
2467659
708309
2472907
690421
2318279
833530
2318246
696437
2324294
744054
2127329
715318
2162850
688245
2090943
791032
2355464
706165
2269893
674900
2187458
794136
2190722
706037
2285893
679797
2275013
697942
2144769
825817
2251300
707125
2123712
806520
2420745
652052
2297510
838938
2385640
722518
2168194
777496
2213603
684212
2225635
815448
2235108
700373
2153089
701494
2288965
667956
1374122
385388
1385546
595666
1864025
614099
1807830
668085
2086975
804632
2544557
768120
2384873
742359
2306374
696917
2297286
720790
2170785
710517
2148481
706869
2153634
763160
2256004
706998
1949083
643443
1927131
637331
1798422
617075
2417801
817624
2299206
712726
2303334
709142
2170306
676212
2381801
662708
2192387
820120
1815767
647347
1997436
491983
184838
2012381
511792
1737205
656180
327530
2320935
620979
1802135
509551
33185
2777524
462286
184453
109188
152325
68194
1339849
730870
1610865
404972
1427307
1142883
459310
123588
1363754
403949
1272679
817913
1651474
410797
1466380
1485261
835769
1502061
497903
287817
237607
173861
90115
406573
131556
76162
115428
191622
116708
94275
160965
121060
106723
251559
152933
105251
150756
757591
99203
210662
151205
156197
185030
2004317
561041
2070238
837562
2250020
675189
2125696
719861
2132257
628723
2098240
652500
2103936
818137
2317478
661844
2171106
693365
2142305
657332
2171202
695125
2166753
824697
2217764
649748
2271909
825145
2267172
688757
2481899
738199
2208738
708310
2215715
717398
2368583
682164
2172930
822649
2381192
716214
2369992
689717
2115552
685236
2431145
742166
2321927
807288
2369544
704150
2145057
644467
2304070
1554127
2267685
670549
2098240
644947
1983004
819001
2362023
651956
2111361
716022
2154177
707254
2214083
648884
2110208
673237
2456842
685461
2454410
707317
2118721
815833
2249284
694965
2148257
646132
2248357
695413
2210435
641651
2473291
750295
2404457
691957
2293958
825113
2324934
681461
2259812
652884
2144225
675989
2133953
704182
2490380
789016
2368168
870458
2386760
697237
2174498
731830
2129121
645683
2265669
650803
2140737
685077
2090848
828570
2307334
667156
2210531
694741
2190115
665172
2233700
828186
2360968
702806
2154529
688373
2246212
746134
2110656
711926
2091903
674452
2138304
654868
2440490
681813
2427081
695477
2126657
811736
2320966
669620
2213699
714646
2255236
638996
2163617
686837
2176034
849081
2404841
637524
2134689
875002
2095327
633555
1996124
549392
2211267
686901
2199459
640403
2092608
668917
1209253
678485
2225188
836474
2187138
702070
2097088
678741
2148610
652788
2241060
777591
2148705
666388
2513132
699669
2434250
703157
2249540
634516
2216995
688469
2493132
717014
2471531
818905
2399337
733846
2162177
719669
2138113
690165
2336167
656724
2448874
752727
2522188
861243
2369416
732247
2161441
694645
2114048
686133
2145922
690133
2117665
809368
2307846
719862
2091295
706262
2179618
669460
2266117
698805
2150369
675892
2461131
785784
2453547
837562
2296133
732983
2187586
737782
2161889
679957
2460971
745879
2503372
692437
2104192
676596
2407593
697429
2376648
806265
2277957
696437
2291781
670164
2435561
745239
2409033
662644
2273829
807960
2482636
695573
2120128
654771
2337255
654580
2432106
705973
2211779
744375
2458955
798616
2416233
676917
2289478
692373
2130977
673365
2258917
719125
1629585
733334
1572976
724150
1604465
573490
1756117
950877
2416362
719350
2151329
872730
2236515
701973
2232611
812729
2341351
711958
2324326
687669
2339079
748759
2272037
830361
2414953
754167
2133761
681717
2513900
845818
2204739
773816
2205795
734871
2151489
718326
2208771
699605
2171362
738902
2183490
737207
2288997
708917
2135488
827097
2339335
678069
2284645
707765
2133888
662900
2200227
648308
2153601
650740
2133601
864058
2257028
828729
2284421
697461
2332583
682356
2139681
677876
2134016
676917
2714226
697653
2327111
804376
2444874
715477
2124385
707318
2309062
664596
2248260
654164
2492139
733366
2372616
850233
2255012
708150
2125280
665236
2108736
702453
2136257
641492
2519596
735190
2426378
656628
2232035
875450
2357447
662452
2129921
687445
2146305
673621
2092799
648275
2073055
854266
2297285
705238
2187043
666996
2130657
704662
2230692
678709
2262276
660724
2252388
663957
2249060
671637
2219843
638227
2637264
694677
2312134
703958
2329990
716470
2242436
699925
2277605
741335
2386216
688949
2286822
858650
2239908
691477
2103583
654580
2109600
678549
2154593
845849
2161505
753975
2089343
665204
2057982
664436
2173186
656148
2102272
681845
2616975
675252
2376648
682452
2125344
698101
2527373
665620
2406537
704789
2177986
711669
2144417
678804
2503820
740758
2220932
707798
2437129
697685
2203427
680277
2211939
639828
2426570
795064
2449354
705974
2435786
712374
1871801
560849
2329415
1830168
800665
1798167
662868
78114
1638930
712854
2213156
651412
2518540
673973
2541805
838681
2471979
1199781
2226691
724054
2346408
704694
3401063
761527
274089
164389
2514765
878363
2505356
778615
1553551
544752
1543567
741559
1844568
632724
1527631
636403
1766902
454830
1724340
597106
1825463
709686
2169538
908795
2248517
684469
2141441
716150
2272325
689205
2109952
725238
2219364
700118
2140769
696181
2288741
703477
2307590
703413
2166978
699317
2216995
730550
2295686
733750
2209219
682805
2329479
694293
2151810
1141507
1950331
653524
2000700
679605
2441738
732598
1972988
704789
1987549
643347
1972476
735831
2495980
725238
2369352
726166
2274405
701398
2327430
709013
2468139
762519
2365256
709909
2402024
699734
2363432
704725
2236292
710325
2295430
680181
2519596
704693
2316167
692309
2417098
701462
2210275
719798
2388968
704758
2185954
734231
2168834
693301
2157825
708149
2182434
678069
2365992
1069664
2126080
713045
2217924
770935
2358215
704310
2220291
709014
2118496
702198
2195427
788216
2190115
698357
2287877
669237
2013437
645299
1931099
632243
2237284
757079
2247140
698357
1984092
655668
1977020
612050
2254533
691317
2320870
810905
2156930
799736
2442602
738870
2077791
690165
2258276
706997
2141345
725942
2394857
666068
2165954
704373
2268741
659796
2354983
696821
2430698
721525
2183362
841241
2456938
812249
2472491
717846
2312390
712725
2430762
691253
2170274
704885
2328422
750103
2137345
797432
2383785
693813
2226339
692853
2271717
704181
2256740
698550
2310438
710262
2178018
739350
2243556
804120
2172290
816889
2185090
699478
2458795
719638
2387976
720918
2140065
701366
2140289
710261
2109728
710837
2213795
799769
2420618
696661
2277957
690644
2235587
703573
2159777
691637
2295973
804697
2261957
713558
2173985
698709
2445642
716790
2253925
797208
2190595
725174
2199523
796120
2171778
794520
2462443
757303
