1703897
827612
700535
688215
724185
675063
680279
679991
661462
665654
671190
667767
671062
679927
678198
679479
675126
691735
652533
656725
661654
666678
668470
689143
678711
672727
669463
672822
666902
670902
685879
663190
658326
664246
663703
666327
663958
674327
659894
733529
700823
693335
669782
700343
686007
669975
668502
677046
676854
682231
690935
650262
656982
724824
732249
688439
669239
680183
681687
666998
657270
666998
671063
658678
701272
655126
656726
677847
693047
671415
698584
729784
661878
662390
657174
668119
668598
669623
681335
661078
657590
659926
665974
663478
686071
665430
771034
677399
672567
672759
665782
679382
684599
663798
676887
661046
666359
667383
695703
665207
663927
699896
678007
688119
679767
707672
673431
666647
659862
666454
674070
663446
694519
659638
666903
665622
671895
671671
669526
681783
661302
672726
672247
675191
656118
672214
677367
660182
660790
666198
656374
672438
680983
660022
661686
678294
665910
673910
659350
671574
658678
659606
663094
685879
658710
681398
668438
659062
671030
666550
657302
662838
674711
658518
654774
663542
663542
661142
683159
676695
672598
700312
667638
687959
660502
675927
657270
668407
673943
659030
660790
692760
679062
664823
652949
668983
659126
674710
677271
668279
657718
672534
665718
659158
680663
652886
667702
665014
663799
662326
660246
681495
662582
650358
650134
658070
660438
675639
657430
657558
679222
671350
667446
660534
680823
653526
654614
658326
665015
671222
688408
685687
654358
650837
660470
660726
685847
679991
656918
654102
663382
672758
674103
669847
660534
657558
670103
659510
668151
671702
681879
668918
663382
679127
673431
681655
691895
662006
672215
663927
668151
669270
668406
688247
666262
660342
667382
665494
664374
674967
665686
663638
660054
662390
669911
682071
679191
664726
664406
671638
667350
672374
672951
659990
676310
664598
672983
672758
672950
688695
659158
661942
662294
670614
677750
674743
692823
661430
668246
669015
668694
705176
693047
673655
669366
669847
669174
665399
663062
691735
662551
676502
668919
664438
665206
688471
681559
646230
658742
659446
671543
683670
712536
659414
686967
667222
668918
659030
675863
707896
667063
650838
674582
660086
667991
679671
655990
645686
665462
667702
672023
686423
651638
735736
720920
671383
659990
671350
676887
669110
662358
666038
659798
675222
652086
679991
661110
656150
665463
674422
671670
689687
663382
665942
659574
674966
673751
678039
657110
653046
653558
665718
671767
662710
684247
660214
658966
666263
664086
667127
686839
665078
661942
652918
670966
671415
702679
685687
667159
661814
666070
663798
685239
686039
669207
668566
674007
665014
676790
659798
687159
655894
657910
655446
672566
657974
682039
654966
659286
685974
663543
673590
685207
648246
671286
666774
668374
665014
662902
684727
668759
664950
678294
671478
671991
681719
663446
668471
663670
696823
669174
676375
686679
662071
658198
667222
664502
671415
671127
688471
636917
653205
668055
677367
675223
692727
667511
672695
675991
675735
673782
675511
676407
659830
671798
673014
670199
677335
688375
668566
665622
668438
673751
664054
669366
688471
656470
664662
668470
666326
656054
676471
659638
662774
680503
682327
668886
671414
689943
672214
661718
668855
670934
669590
677015
696887
675511
663862
680247
679414
675830
684566
667831
660918
661206
674999
685431
673590
683415
670999
681495
683575
667255
684247
685335
660822
667926
681175
668087
670934
678646
693495
662806
678999
673879
685047
669558
700312
684599
671190
661302
708472
693719
687447
685591
657142
669687
668342
669526
670775
668278
682327
658998
668470
658326
671799
665878
671255
693016
663254
667926
667542
673719
666102
671735
681335
665398
672310
659510
676918
676727
687991
652310
674998
669591
674391
676054
681975
682231
664406
670134
672407
664694
669846
677175
666615
651029
660982
655318
668279
676119
662007
651317
668983
666583
662262
680055
666966
670102
659830
666070
668758
668502
694264
667831
659350
664534
656662
690167
676215
660342
665110
661366
662422
669623
666454
679735
674807
655446
661910
694552
645685
673334
643030
667575
671350
671447
665206
666774
677174
662806
653622
659959
668790
676951
680887
657526
668791
675959
667382
666807
678838
699383
670070
671574
672342
682295
674582
676951
681431
660566
661462
663510
661526
665302
687511
664631
669111
674519
678647
662678
682679
645653
662102
659382
664471
668406
654069
685303
649973
657526
669270
663351
654614
674262
649622
681270
670391
667382
667799
667734
672855
658870
660918
670422
662614
667446
687287
662870
658646
667958
667319
663478
681559
697367
661751
657302
661110
660758
682743
694360
668535
669910
669782
675767
666422
675735
690263
658806
678871
665590
666263
665622
678679
654485
669910
674295
673878
663094
651542
692535
669014
664407
656214
667926
670934
675158
662870
677527
672822
663511
668439
665622
688951
668566
673751
675414
669655
669143
678007
669271
666870
683671
668247
678103
673750
689175
665494
664918
667862
678647
663862
666294
731512
645334
664823
665687
682743
673398
674454
666679
664214
667095
668406
671414
674646
685271
661974
676311
668182
668983
674774
678423
678966
659798
657174
660310
662774
671766
675799
654070
662391
675639
657686
664182
669430
659414
668726
665078
673143
679287
683223
690903
671030
713144
661206
666358
665782
662166
676022
665750
668918
667766
666070
674231
698135
676982
664407
668887
673302
672119
671670
681463
729752
693911
682359
680055
669238
678807
681654
662358
661814
665462
667990
663542
676822
643989
646486
662870
653077
669558
699319
662230
651926
692727
667542
672151
682551
693943
659894
662870
701592
671415
670838
680407
697720
664022
659990
657302
681207
665686
696280
655797
657878
675190
670102
667959
662294
682295
668471
659254
660887
668375
670582
683031
669143
664887
658998
657590
661878
669974
674710
675319
652534
668854
666582
654038
683638
668374
640085
664502
668022
658710
697816
654005
667638
674391
675734
675894
683511
678230
669911
666358
673046
675319
664054
672855
667958
663831
676631
663286
662967
660374
677271
656310
669847
669942
661751
662646
678103
663798
668566
667095
685591
675414
689080
681399
661366
663670
667766
667062
684055
674775
685303
670678
654742
661846
656374
667574
678967
660214
664694
662806
674902
672886
669174
678902
666999
666294
668854
669750
692759
689527
689847
660310
660406
665014
672983
664726
689047
666422
668758
664758
671414
669046
694583
687831
669494
662486
668470
670359
664886
684695
668342
660726
683223
666806
658774
683671
657398
658966
673590
663287
674039
667350
701976
662838
667606
664502
658774
661975
677751
684247
654646
660246
660983
660950
664887
680311
667863
672471
658614
662390
662710
644149
658230
681015
653109
657238
665174
659574
678519
668023
653430
659478
662102
661430
673078
661494
676311
661494
662774
668726
666999
683383
652438
654998
651062
653846
659798
676439
661655
697495
664246
676535
678903
675671
699799
668823
674710
673655
683767
674999
670710
681303
668150
665783
665110
661270
652534
685367
682391
677559
676054
671222
664310
665366
688439
680023
663766
658486
674551
676119
669654
694743
668886
668246
673334
666775
663446
672726
657206
663062
660246
669847
689175
679543
681687
667766
662199
650390
658102
670934
669622
677366
668791
662230
662774
668662
669238
684823
657846
658422
658774
665399
667286
668951
691544
669335
666679
695127
674262
668694
669783
670934
674135
672182
671863
670326
681783
716632
674486
738777
688439
675638
679639
682135
690455
649782
669110
677750
768826
677271
668790
699255
671734
680438
673687
675447
673783
678678
697880
667318
685142
662998
663222
663702
666262
686263
654485
649718
685142
662166
656950
676215
652790
663510
664342
670678
665238
656630
695575
665814
655862
650166
674039
661782
661174
680599
653622
657366
668822
666871
662678
682967
657398
659510
670006
661078
648438
659062
671863
663158
653398
672311
675799
677527
690743
661302
663159
673590
661718
663222
692535
681751
657398
657238
666070
672439
675190
674903
652406
649174
676726
672311
661814
670615
678839
670070
656214
661878
660567
659158
675511
657654
657526
668150
681687
659798
662135
674839
655638
657878
670711
681655
662294
684599
657462
681399
677399
669430
665430
662486
686167
669206
663126
657526
663158
668919
684375
668758
672374
664150
660374
666870
668151
673463
663414
658326
669110
662262
661878
693303
650582
648597
648822
652886
651541
679799
650870
650102
667414
686871
671062
665590
680311
654230
655382
641845
654293
649237
655670
675254
649206
648630
661334
653110
649461
661590
659734
653782
664886
656630
660279
662198
645941
648214
690583
655990
654966
662134
660182
659222
676791
659094
656694
668407
657430
661142
663638
661718
662614
655446
682198
659798
666998
669527
660438
643094
682838
653494
658326
670710
664598
657366
673207
654006
670199
670807
670039
661558
683095
691479
645078
649878
669495
676247
668631
675350
653525
657910
662391
658038
665399
675287
661974
668567
676247
657718
675511
662295
691287
656246
656502
663638
669590
675831
698072
657622
661494
663862
671895
669623
660534
671670
655254
655029
670198
670103
674199
684663
719192
689719
673431
672343
665975
666038
679767
653014
662774
658870
670646
651894
689495
690808
661046
650102
675511
668663
667607
690327
668630
673367
671255
658486
661718
661718
682423
658166
656598
679063
664502
669079
681238
655478
656726
656534
655350
676855
659511
677047
659414
657270
673910
673335
682039
667990
675959
662710
661399
667158
666295
666902
686455
657750
659030
668311
662455
664951
686455
676918
659478
656086
668630
665655
684823
696663
666487
657910
666806
647798
677206
676182
641813
672503
654966
703000
676695
665238
698039
663862
661494
671255
656214
670678
700952
686327
656246
653206
671575
663254
667702
685527
645078
661526
665399
664406
667638
679414
646741
670615
688855
683479
677046
675319
682423
657974
668182
658614
667414
654998
676759
670423
671094
674486
670390
673398
672118
684983
659030
655958
669334
664758
666358
683799
663894
657014
657622
664022
651990
659990
680183
665078
666966
657430
679063
664599
674199
652118
652214
658102
666838
670871
667287
672502
656630
662838
683831
669366
687735
678935
649366
660182
656534
660054
672470
661558
684343
650294
641942
668982
668823
663254
685783
659702
662775
660086
666742
661335
664790
681110
666390
657110
656694
658646
660631
683191
664022
654934
653141
654646
662390
666774
684599
661366
666134
665654
669687
693015
735929
761849
706871
705816
664054
667670
668022
669591
674806
666007
667702
660790
680598
686135
667990
667414
692567
664086
663510
664982
660950
671510
690423
665815
663126
658614
658262
682423
685111
658102
652982
657782
659254
659702
670358
679574
654805
653206
660502
657014
670614
681751
660631
664022
657110
670134
681431
653718
665494
654293
650037
663670
665559
656854
688759
661719
665399
669270
663094
668214
666679
686327
655734
667766
665079
662038
657462
678167
675287
654614
659318
671959
668407
674134
691959
668758
664919
669014
662870
666390
665462
687447
667062
661782
675382
673814
670583
681398
667062
673047
671959
662646
681335
668631
670870
669366
666199
683575
671606
680215
692087
672854
661718
651958
661270
663702
662487
676119
661751
672118
662102
665622
676310
689399
688087
642581
657590
658294
650646
668950
693815
658422
653654
661430
656758
659158
651957
705815
665079
659798
662838
669462
667575
688759
654646
666295
645206
668534
662262
672311
679927
662870
660023
665846
663638
669622
692087
672022
671638
667510
672854
680278
670774
688471
669239
667606
663318
676790
669846
702135
654229
656566
672823
666998
660214
669718
685463
663639
667863
663958
660790
653014
676918
654518
665526
652694
663862
661142
663702
683991
658646
653814
661398
650774
668534
699095
653846
660470
649686
674039
653910
658774
667670
652533
655702
678935
670454
665398
685431
657334
664982
667735
668342
661814
666327
685559
663606
671991
669911
665367
663190
674358
701720
673047
683735
667798
665591
667862
668023
684503
661527
652182
663094
660982
665750
682678
656150
656662
656918
665302
659030
670742
684567
667607
662326
662550
661974
666230
670582
657046
663350
670998
666422
671575
653718
671095
653302
647861
675863
665687
664567
685847
661590
661334
661846
657206
657686
676054
648502
656118
659382
669238
664694
657590
667574
657974
668087
660630
649238
690071
688887
694423
662486
654326
663479
656758
662006
687703
660182
665398
663830
658134
666262
692087
681015
665943
658678
667127
667254
662935
679511
657238
658806
667415
663830
662806
678391
692631
661334
652182
661366
659286
677623
678999
658295
667831
667959
667030
679318
663222
673462
661334
677399
679063
677078
668375
667318
671191
654037
656118
657558
663254
675063
678390
656822
656470
669174
667126
668374
685271
680407
658454
655638
665527
655350
664086
689783
651734
655094
655318
678103
663862
656054
676855
654102
654870
659094
661206
663958
681431
662070
657590
659030
669015
665334
669430
676406
652310
659830
670678
666294
666487
657206
685495
654326
648278
666198
667862
662135
680471
661590
655158
664662
672790
663062
663350
674551
671607
657654
660631
660982
665399
707576
659478
648534
659574
668631
662262
672726
670870
642549
660374
697912
663958
667446
682231
656630
665846
654870
676726
661814
661462
666966
656214
660758
666454
674550
664182
682486
655093
655766
653366
674999
686615
681655
679383
656022
659318
664342
666327
658006
657206
674102
650262
661815
663862
662934
667351
685687
694360
658166
652661
664215
663735
664375
687799
666038
661110
667094
662998
674038
662646
671671
653493
656406
668150
663126
674679
673911
659830
659222
668886
659670
661590
660182
683159
659830
660598
665015
671478
662806
685111
663351
671414
659542
669975
665014
670230
689207
693751
656534
670231
661782
664823
675223
679959
654518
654326
658038
660854
668407
692344
664566
660758
665943
668822
666518
665014
699064
650582
648118
669302
670007
668310
703031
651510
661302
663958
675191
664086
657462
673015
657366
663894
663063
670775
673046
683127
661462
662358
663639
662518
678071
689719
689720
658134
667510
674614
670231
670519
674263
684151
650997
659734
665558
666359
672822
680151
655318
660310
666135
666358
665366
663574
682743
656886
662390
672470
665110
660758
673207
655158
661942
662262
671542
661974
665047
680918
680855
658870
667158
667575
671062
677431
668023
659959
661142
671447
663158
666326
686167
682807
674294
661270
660662
673462
660118
681303
657430
662166
656918
662327
659606
668118
674038
653494
650582
655478
658038
664566
679511
656182
656118
658614
673238
673046
659511
676374
666006
657078
662262
663735
660406
680982
658582
677974
657910
657110
654326
661334
678967
668535
658742
671831
660663
661143
688375
672822
658262
661591
659798
659190
695671
702935
658422
663030
656118
661046
656918
666455
682423
648725
667158
664662
674742
699128
660758
672919
660630
657398
666455
667926
663062
683191
662294
665303
660790
665462
672535
671382
702039
665206
660982
666263
670838
667671
675735
656886
655766
661974
663670
669078
660982
671031
653462
648438
668855
661238
670295
670231
659350
667959
666134
664214
663798
667511
678263
662102
656726
659958
659254
660374
680471
652053
665462
664503
661974
667158
669014
656534
656950
654550
661142
682423
657942
665943
654198
649141
664566
673271
676599
702103
659606
652662
664215
657910
662231
690839
655094
657366
663383
672086
674614
660470
681559
656214
663767
660886
659638
672406
682903
671543
675030
681942
667446
664822
657206
675254
657142
647382
651126
658966
658390
667446
641685
618229
620725
621844
625781
642646
619189
633941
646582
630901
667830
654102
624821
637269
632373
631349
634709
638326
648341
613652
625813
633590
652374
618165
627125
647349
641909
629749
639606
618069
633429
628405
635477
638102
657014
623893
630133
622645
624180
611669
624181
613237
609396
616628
624565
634230
608405
603700
610068
619413
618357
631477
621621
609620
620981
612181
635062
606164
618933
612948
619253
622933
637173
618612
617652
617813
620661
631413
613845
622741
619573
621652
619061
647062
605685
614196
624213
620789
619284
646165
614453
608692
616884
620533
638453
601908
617300
639862
647157
631157
703255
693912
669111
656886
657270
656021
664470
689655
656182
662710
655830
655542
677495
664502
680503
650677
652758
663318
659542
649046
693271
655094
659670
668407
662038
660342
660278
679638
661910
665430
657782
664758
665879
683959
660086
657974
662294
660983
666742
658646
668086
661078
652854
668182
673943
668343
675382
654614
666678
672246
664918
675254
672343
679927
659606
654933
671127
672439
668246
686935
647574
667127
656598
666966
664246
670295
684599
658518
668214
661046
667063
663511
677110
655766
662070
671030
673687
663030
660918
684951
662390
656854
661110
671126
668534
673750
662263
667990
672054
667927
662358
663382
669974
679094
661366
665463
660182
665174
712984
688375
674103
661238
663511
661846
661398
687095
659862
665398
658678
667574
657238
676406
689527
650614
653750
660598
661814
661206
669271
652565
656822
654389
658070
664054
661078
680566
650710
654902
663511
660246
673847
722168
642742
668278
655894
660310
651798
681527
654550
645557
676759
674487
666678
668278
688087
663478
648949
658230
656182
666486
664790
664758
657398
661014
667478
661686
716408
679319
659222
658038
712024
693367
659798
758169
694231
709687
679286
683479
668471
648214
675575
664534
661558
697047
688119
689623
735992
697656
693432
685143
662870
657046
653430
673783
676663
665014
663702
664471
653206
656342
659894
681430
652598
649526
661143
666294
677142
700151
679447
678071
723544
672055
664054
654038
685655
653974
673559
669111
708375
736185
684951
696663
672182
661686
648949
635605
658390
666742
698167
666167
668886
661814
661046
678967
686423
666358
645749
662966
669142
651029
681079
656214
655990
663222
658262
703767
679766
725560
665782
651158
671638
668054
672855
673590
676471
677943
729976
684503
676855
707991
667574
695991
664727
671671
670423
656470
665494
698103
647414
663286
661206
664502
662998
659990
680407
667062
661622
664470
674103
669046
676630
668054
670519
671735
673559
676406
660694
677879
658742
664534
684471
666326
665238
666774
664758
666518
675670
670614
672567
668086
672119
661494
653333
655573
670870
662198
701687
664342
694872
681015
715544
695800
674390
693111
667062
665110
674518
679287
659510
670967
681495
664342
667094
674326
679639
673431
679063
697240
713496
668054
656694
681207
668918
686391
657878
663574
662071
662678
678679
671510
682518
651094
668471
662998
658774
669398
676599
658102
661239
655990
652630
669687
677143
682647
658454
660150
654550
661718
660567
678935
678934
659382
664982
659062
652918
657622
682486
659350
662615
664310
666902
660310
665398
682391
667895
662102
667159
664950
655158
676470
657334
659446
667063
666742
683255
663734
671766
656566
664087
667799
660502
671958
688471
657814
660694
656342
661014
667862
663894
692375
673655
661142
677751
677559
673175
690679
674519
670902
689271
681207
709272
669462
705624
654614
652214
659702
670903
671926
663350
686871
659286
652950
656726
673622
660310
678390
688951
662710
664438
665879
663542
671222
686679
656566
667735
663542
670647
667990
661239
673623
651062
656726
660855
659158
672951
679895
657398
656182
664022
670358
667798
666231
674582
661334
665463
667030
665494
648310
680055
652694
651798
667319
663382
656086
682486
663862
662102
648438
666103
665206
660246
671222
664983
683415
678871
661334
665687
689239
664022
661366
676087
674455
675991
683351
651830
658838
650998
646805
660918
663606
676118
666838
663190
654742
651222
685591
682039
651254
664534
679255
670326
667862
685335
659895
662294
668790
659287
675223
700184
697752
686455
657878
686647
664758
663190
648822
687767
654422
666358
669526
646230
657878
690775
698199
668886
661750
666871
659670
680854
686039
662358
662999
667798
662582
664566
678614
658710
662070
671895
661399
666582
663606
673335
653846
655478
664183
659479
669238
677687
662615
663574
661207
672118
670583
690008
655670
661718
653141
676119
672086
668055
693239
703672
659894
656918
673847
664950
674518
683607
660694
661686
675255
657814
659702
677142
653718
643541
656182
672502
667959
684823
663510
666678
650933
667575
663958
680247
675799
655830
656406
671510
663158
653142
673814
655350
665654
654454
661462
661751
659318
693688
663318
660054
668694
665526
667063
680151
662006
679990
681367
698328
664886
660662
679959
675542
665046
665814
668566
662486
660598
677559
655062
659063
660950
663190
675510
661430
663414
680279
676439
655606
662166
661398
716984
660726
655254
663510
675063
664790
672055
685911
661590
664598
667446
649654
660758
687863
653078
660022
676695
663414
665398
660950
691703
747001
694200
673302
669078
670199
666871
680791
671831
656406
668470
659414
671575
669974
660150
656886
662486
658038
666582
664406
686839
666807
660438
663222
668055
664374
676247
685975
669174
655510
670646
661750
662806
676886
660854
657334
661334
663190
660822
676886
675862
663830
649525
666103
660598
677783
683959
654838
656086
661303
669303
679319
669046
649206
653110
684983
679287
695608
678967
655894
683191
658102
657590
663222
660278
661142
677366
656886
670742
663926
661718
656950
661750
694775
662838
671830
697943
674262
664150
681238
663318
675095
658774
665622
665366
673014
675831
670998
661335
661591
661494
669590
689271
667191
658550
661815
665079
666518
663479
685335
662934
650902
664982
666486
675030
693592
664151
663191
661494
662134
661911
745465
701495
670615
679639
680023
668630
670358
692760
663671
657494
674967
686295
668534
668983
688023
664663
668726
666230
670071
664054
677238
693079
669878
668823
680343
679447
682743
695543
672598
672758
677367
664150
673111
681398
679543
676919
680854
669814
672470
672758
688695
667990
672982
666102
686647
678967
684727
688087
656086
665270
671447
667702
668950
671958
699511
658038
653334
660054
666294
668822
684887
656854
668150
656342
655926
656438
662742
680535
654166
658102
663606
669206
669526
720696
663766
660310
661366
661783
686231
666902
720408
658006
673015
678967
680727
674518
683415
686871
686231
671926
666135
667286
686807
674487
706456
666390
667383
683383
671959
680119
678039
703416
672214
669879
686167
670390
663414
688631
662806
660950
659766
662806
659350
665654
674582
652214
657430
664055
666295
682487
672023
688023
662806
659510
665751
673590
666710
675415
655925
659350
664438
662006
662262
672151
678647
648534
661078
672406
697559
661750
678231
655574
648630
664758
691191
675958
681015
677847
656054
656726
664855
665750
663095
661334
676854
658102
652950
665750
667862
661174
677206
659926
663831
692727
667830
663606
658390
680631
671510
661591
664694
661335
661398
670615
688759
664278
657270
666070
667766
670295
690583
660662
662006
664983
656278
664374
667446
686487
658838
655382
660950
669783
672662
684886
661558
664214
652438
660758
665974
664342
681814
655446
668982
667862
668919
674391
674678
647286
654262
662966
668823
667799
666966
687031
663958
668087
670231
668502
666102
678678
662903
673911
663991
667510
662902
666487
685942
677303
675702
663894
662422
671478
681271
689623
671190
673782
665782
675159
683575
721656
673270
668215
665654
680150
692919
685719
738040
675382
671510
665367
673078
678007
676182
686199
667382
667606
668790
672727
672470
667255
672695
671798
661334
664662
665366
665078
684983
660118
670103
664406
668663
670454
686295
674230
663447
664342
672438
668086
674614
682327
652182
657398
663894
664406
668790
659414
679063
666518
674326
674775
669238
683927
694551
671222
673718
660310
675510
669815
696311
688535
675607
677271
675158
671414
679511
686231
679063
664342
652502
690935
668118
669654
683031
662614
677783
659190
667222
655190
661719
679063
676599
656406
655253
666326
659254
689847
661654
670486
668182
671670
675958
670070
685559
661398
660855
666422
666614
670230
685559
688439
658198
660470
681687
665686
685879
692439
690391
663863
657910
662038
662998
660950
719000
665046
663094
669014
675959
667638
668694
676151
650933
648949
672535
670838
673590
680599
662102
674550
652278
661814
660438
654102
676567
654358
663062
671158
673206
685207
686423
668022
657590
655478
664343
664918
665014
675159
650166
659414
662550
658902
666230
693207
677271
660246
653974
663798
666454
672854
696567
664246
664790
665942
668950
668055
674742
693784
667287
663350
671287
667414
665270
674294
664342
662070
664151
655286
672502
667031
672631
658614
669143
667798
666006
660374
681527
686967
669206
665238
667478
665366
662423
676342
662679
667223
663958
673431
657334
657654
675958
668599
669655
669494
669846
659830
709976
665815
679574
657398
665015
660406
662838
675095
669430
666679
668758
666711
665366
680567
659830
655382
657878
661974
663286
664086
694264
662358
657878
655158
658742
664727
671927
657206
650102
652054
697335
667127
666454
675318
658774
661526
668246
666646
676183
654742
682966
658038
650261
660310
660694
661046
688599
658390
653942
658231
656437
675063
673719
682391
667127
658966
676887
669174
677366
686327
656630
649589
657942
652469
658486
665911
679543
654294
664662
659670
665110
659927
681367
664822
659990
668503
663734
669174
690423
686231
663382
654230
664182
671639
662198
688503
656598
664822
676919
665750
681719
676919
700248
674359
669719
665942
668470
665110
673111
655222
678422
670422
703224
672598
668438
674263
658902
658006
663030
667190
665143
664502
713144
658966
655478
659958
667383
669239
682166
701175
669879
653045
661303
665718
668854
673174
654485
652054
664023
660822
681943
679799
649205
657014
651382
664662
650230
657046
668919
654453
661270
659126
674198
662998
685015
655414
654134
670454
665591
674007
683607
662358
680406
660406
686455
674614
667927
691287
663478
673847
660631
659158
656118
681655
674423
660054
666518
672374
661942
668086
705304
658070
660375
682295
682390
673206
669655
654357
665975
652534
663510
663030
655958
663798
652406
653173
656726
657206
663222
681111
665046
658230
661302
658902
659574
687735
660310
658678
660534
660278
682871
677046
701944
657846
659254
665174
666262
673879
677463
680694
668535
662294
671447
668279
677527
679223
663671
659606
663446
661590
655318
664054
682327
664150
657110
675126
660919
662070
679895
711672
656470
656086
681815
670966
668214
687863
660566
661622
666998
667351
671031
668791
681719
660278
662838
672502
661814
669430
679671
655638
651510
654742
663511
666966
670710
685975
660311
657238
663926
673399
676023
693687
665686
671959
665878
668118
662102
681815
688599
662998
664471
660854
662326
664502
669686
682519
657782
657622
670774
669527
672694
682166
665846
662870
664150
666327
669110
685495
682231
670711
697912
668470
675222
667222
681367
667254
673558
656533
664086
668246
699895
700280
682679
673463
657718
661943
658487
658646
675031
663958
656406
658230
663511
661206
686519
656694
653590
653238
667414
698808
682038
675159
662966
654614
653526
655094
691735
688535
655510
667062
657942
657878
650742
657622
677238
647509
655446
665942
660470
657814
693432
645589
652342
654838
656086
659702
678870
658070
648758
650806
653622
659702
668854
690423
661270
654294
654389
662006
668598
686455
663254
661046
674038
668918
662614
691063
683095
662263
657430
665270
663958
665270
691639
663543
662582
667446
667222
669398
669047
684407
690007
658486
667382
665718
671126
695255
667318
663574
667511
664438
683223
664023
682327
659158
661174
683127
668854
657526
677111
655413
690296
664726
671767
665398
678775
707639
693559
671190
666902
681559
684727
682839
686263
670902
659446
656694
658102
670038
677271
713655
684183
662678
668854
685367
652726
660182
680439
661878
665782
676726
671062
678231
690327
650613
658966
657366
666966
655638
678487
663766
661878
664630
659958
672726
678166
671190
661782
660438
665654
660854
662614
687255
659254
665782
666006
664214
662646
677495
653558
666230
654230
672183
664118
657750
679959
666102
658262
664630
712568
664438
696312
660726
658870
662742
660727
670838
658966
672726
650358
655926
665879
663478
663542
679639
658582
652214
664374
659542
662422
668758
655286
652374
657206
664342
663959
667830
685591
661014
668054
664758
674327
667990
683799
696536
656310
665014
668278
661686
662518
657526
677558
711735
662486
707480
672086
656598
664630
688919
661686
742169
686199
659606
745113
668502
676183
667478
669942
674007
670870
668567
668214
683511
663638
659446
716024
663702
660759
682263
671478
658102
662198
664310
662358
664598
697943
656534
655798
671318
662358
667414
674711
665622
653654
656342
665334
666423
670423
678903
657590
659222
667638
660822
682199
681847
655414
653718
657942
659990
659990
661974
696215
651926
662455
665270
664503
661558
669719
675414
668310
658326
682103
651894
676183
680726
669366
664022
667543
666294
663766
678871
657013
658774
661174
682903
665047
698008
694679
688279
669655
654262
680631
673430
670838
666519
674678
655222
648150
672278
663671
668086
659638
669814
652950
664566
668758
678583
670551
682807
658038
681719
690775
688439
660310
659382
676407
655958
658998
669655
662806
663574
665718
666774
655798
659158
676503
669207
665974
697943
660854
667894
660406
670455
670071
691384
678262
654614
656822
666422
664023
661206
689623
678294
677878
657014
660022
691800
655286
688247
750585
711544
661238
656854
659670
669846
671991
661302
662198
662711
664598
666998
661910
665270
654390
666743
663190
661046
659350
670007
653462
676887
674935
676567
672599
673623
676727
656822
649301
659030
659830
658742
674935
652117
661590
656725
676599
664534
662647
709016
656758
665334
686743
693752
679127
666774
687863
658486
663254
665526
658934
667574
675830
661014
658454
655766
663766
663126
670551
684343
659638
662550
677910
667767
664534
669366
694839
660278
654294
663606
668694
665655
677687
677622
650870
658134
663574
668918
670006
680951
661655
660854
665878
669174
667766
684087
692823
657846
674710
671127
668054
671894
683927
661110
658678
667158
654006
659350
671734
665206
659254
655254
665046
669494
660118
732056
677143
669174
671350
651574
671702
669078
694231
656278
660118
664278
660438
675670
670551
645334
651894
663126
659830
676439
670359
684087
660534
667350
659638
656662
652822
683447
665111
662007
676855
655830
658070
660854
651958
647606
664919
660694
682423
669366
686199
666391
654646
669655
758938
678422
667767
783546
700568
664598
660950
674327
677623
663542
690807
664663
665462
665142
664438
668919
665654
678455
670102
668470
695927
666294
659126
668438
660694
661526
662454
665014
657302
656053
672150
659414
669910
648278
664054
655638
674775
656822
655350
661974
660343
654902
692535
649654
654389
657366
649237
657718
649238
666294
649974
660086
664406
657814
657975
672311
650454
672567
665334
660982
661654
686487
709144
661686
660438
673911
671510
664214
682102
666135
653014
654486
655734
660374
660631
693335
656310
654326
665943
664695
657142
691575
668471
666326
663671
662838
663446
660726
682039
666806
667862
669399
665334
665719
682135
672407
677815
660759
663318
667255
669751
685463
660374
670358
654198
673623
670742
658743
680727
663767
671510
663542
660054
664759
685111
654230
682263
658646
658742
651286
674582
702232
654934
658294
665590
668214
669910
689111
678359
675543
681079
660758
671351
666103
689495
662070
657590
669623
672182
672919
668919
697400
667702
659254
668726
673559
670294
694552
653238
659862
657462
658038
669623
665910
686775
661910
651062
653078
659958
658902
682518
679191
653430
646582
660086
656374
656118
682295
666487
663702
652246
656534
658518
690935
691959
662198
657782
669174
658806
661398
681846
665239
660470
655510
663191
669750
661622
688951
657206
652917
660758
657942
661366
697751
703575
669942
657078
661878
665207
659062
667382
656470
660918
659446
669847
660630
656565
697015
669399
660950
670135
659190
668502
679831
652278
658838
676822
665526
660438
662550
678167
657302
658902
665302
655862
663126
675446
664118
681623
658454
657974
662039
661750
677527
660406
666039
662838
666934
663990
671094
662198
655414
646934
673750
659894
668310
683831
674582
660214
659350
664503
671799
719320
673015
664374
663286
666006
669814
671062
688727
655734
663831
668982
678583
665014
704056
684662
665526
665591
663766
666102
683159
654870
657846
667351
661590
673142
669110
677431
662678
669014
672727
671254
669687
696024
668279
673526
658038
685751
673206
671063
670263
654934
666614
684887
676055
672694
701207
684567
655414
642006
663606
663798
674998
679255
654550
660950
662870
667478
666966
677462
660246
661846
678231
663062
678999
667286
686583
664183
662358
665271
673015
665654
677719
666230
662486
667510
666295
674582
666262
706808
652534
661366
658454
666711
676823
675447
660854
661750
673975
665015
669334
678903
658422
654614
669367
669974
699000
671319
692151
662614
676439
666038
670390
666934
682199
656342
659158
660022
671478
674679
671671
691735
660438
660342
665750
664758
669334
671382
665590
667351
664534
671446
676279
682007
677014
650966
662806
665334
666550
663958
699863
658166
666391
657622
663734
662934
671799
676087
663606
654870
667062
663190
660118
708280
716280
661558
655958
654614
659702
662358
681686
660598
668023
667799
679447
683287
669655
682423
658998
653110
669718
669623
663446
682679
649493
655734
667030
676727
663447
670935
652438
655158
657462
663095
672982
668854
677911
658358
660534
658966
661815
676502
686262
664567
662006
666359
672054
666294
674262
673559
666583
657910
664086
679510
671062
685783
688535
681815
670519
678487
678679
671478
688503
659318
668822
681079
677334
679190
673975
680055
669975
668278
681431
673303
677814
689207
673910
670999
671318
678615
672503
664566
687447
662806
669015
671222
665463
666582
664982
686647
663958
673495
664726
660534
661718
723161
655350
655350
661655
672726
667286
673367
683478
695576
682391
656790
675799
661079
664630
678295
653686
669463
674166
668342
664758
668310
676215
673751
674007
664822
662806
660726
677303
665270
663158
684535
667286
667222
661814
676727
664310
659830
672055
676695
669334
679383
659574
660118
665302
662230
664247
667862
701175
661527
666934
686294
669814
669815
691800
674006
651862
663606
675447
665686
664502
692151
654198
673270
680535
672663
659574
671831
657462
667959
662678
669463
665974
665494
683318
665270
659798
657494
667638
663830
684375
678711
659607
660054
670902
670486
665654
681078
673110
661014
673815
659158
684151
671255
683895
664983
669463
674166
697335
673910
689751
668950
665174
672823
674710
674327
673814
695703
667926
690391
688503
678838
674934
672406
691447
672790
671063
673686
670102
667191
677719
663158
673366
671991
672119
671703
669623
679766
663190
666583
668630
666806
665399
685495
682583
664278
674390
684919
676534
673495
684151
664950
668278
673335
668246
668086
675191
701175
673303
664150
679319
676887
673783
691160
659030
662998
657142
688439
680950
666742
681911
663926
670998
663510
665558
670102
676503
664279
669047
661942
669591
676727
681495
681559
674327
666518
682231
664503
661622
661462
684439
668247
673846
676919
677527
675671
699127
661750
664790
667415
671479
676118
670486
682295
664630
666358
692664
671542
670518
682455
649750
667318
673559
675799
672214
668022
688215
671990
664374
685879
685847
676631
690967
695576
658710
654262
671255
670039
671542
689207
653750
650453
661238
669111
678487
681015
683671
665078
665430
676407
677335
671670
682102
660758
669494
668598
680438
674711
674679
690679
669047
670903
675894
671383
677078
690968
655830
665846
657430
663639
667830
678231
696631
660342
665047
666230
661462
664119
680887
672311
660022
657302
664566
661942
689623
692791
662903
671959
662006
661911
663958
664758
682199
650326
659542
671926
669206
658870
681175
661270
669207
673719
688887
659350
665494
650453
750585
713304
712856
722584
719672
724793
752249
762457
702904
719928
734424
712408
730680
721017
718520
739001
714072
713720
719992
729176
717720
692280
694487
687479
687575
675350
703767
665750
657494
659319
665431
670199
670966
660982
676535
665270
684055
688887
675254
655766
653750
676887
698327
698871
685207
657686
650614
657814
666135
670999
712376
663478
652694
662294
666326
663702
671638
658806
659094
655606
657622
662166
662390
665366
656790
660310
654582
651478
654166
679575
666070
670710
668663
664086
645622
687671
655830
644598
671286
661782
665046
701655
653878
648470
665366
657110
661622
658230
678518
652053
650518
659446
660694
667255
682871
676119
668374
678455
668599
674742
663542
668375
653654
656278
661622
671158
663126
689559
651957
658838
651318
660886
659862
696728
687575
657878
656758
669046
666902
676374
683830
649013
659862
667862
661974
667414
669431
684151
666743
664342
670070
669143
664662
662710
673078
661622
652342
667382
664502
666167
688503
656246
654102
668534
665206
669815
660439
689687
662518
654166
657110
661302
658838
684247
654294
658582
668087
658870
667094
670902
693079
668662
664022
667766
668023
664822
680407
680854
668598
659254
667383
672150
668022
675703
663575
661238
663510
660406
662998
700984
709592
669174
660086
668278
673974
681367
686551
657398
657942
648246
665014
666742
665398
680823
665590
658742
668598
667862
664758
679543
671478
657782
673142
666807
670166
668918
691863
668951
679287
675031
675830
667734
699159
697400
665462
668278
666102
667798
677718
680599
654486
658774
659799
670166
670678
670646
689815
657942
662774
668918
669335
669622
664215
682359
654133
655382
669686
665398
664278
690071
657942
659382
660406
660662
653430
670070
678326
664822
666454
671286
657654
662102
680439
656886
654710
653270
659350
664118
659030
684919
661430
659734
679767
666935
661174
677238
660342
664438
659286
663415
671158
666870
684247
660566
673719
659222
652758
659414
676087
647158
651830
673974
665207
668375
668630
681719
658710
652150
665015
663190
666871
688055
666071
660086
662486
662070
675575
657494
695160
651126
654966
662870
678007
673942
663223
682455
661718
674454
661686
660278
656662
691864
662327
659446
654230
658550
660662
671286
684791
655317
652726
668758
666615
670199
688983
658646
663734
652630
663510
660374
666454
670294
653462
656246
665911
660822
672215
683575
667702
660950
668310
669206
664886
659254
683447
680119
660310
669494
663254
659030
684855
666198
658166
666039
663383
671958
672279
678583
661334
652053
680183
667254
665110
670614
654422
649685
668438
653142
664534
662934
667830
649174
659606
674486
674998
652150
684983
656662
671318
660854
665943
662294
668951
683319
665398
660118
670583
672886
666135
678774
652086
655317
665591
670710
667382
663766
678711
657974
659478
671030
669430
674550
684503
664310
665047
662134
671543
669142
650389
669527
645749
650102
663190
662230
656630
689047
669718
657750
666071
656758
647062
700119
659158
667766
622804
623861
618964
623221
615092
619956
623637
624149
628181
644725
620661
609844
620981
615733
616277
604564
618613
620021
614357
625429
628149
602228
604244
609364
621012
617492
609492
617204
626357
629013
620276
648533
608852
613589
618773
624565
617781
627957
609813
613333
618325
613364
643126
607989
621749
615189
616212
615349
625525
608725
617653
619605
667926
654646
611157
613589
621685
627029
617876
664534
611188
604116
616117
615476
641750
613717
620789
614932
620565
616788
636693
612981
613012
624661
619317
639989
612276
613525
628757
626069
629109
634325
612117
615316
621717
616821
613748
604692
623701
621877
635637
619413
634645
618100
623988
621332
614261
614964
598100
619669
609748
620181
619988
631125
609429
612725
619316
623092
615604
642710
616597
618932
632405
622933
641494
614933
612884
615253
614773
622069
631797
624437
615829
626740
625333
623605
622197
624917
623764
624469
625525
643542
614101
628885
617236
621141
615444
636917
610037
622229
615285
624405
641141
617781
618133
622260
626613
626197
645686
616404
614709
618164
618996
623156
615157
625301
637589
634645
643862
657238
625205
617364
621941
622037
623573
639702
615285
619285
626772
623797
644725
613621
617909
625685
629525
633077
645557
612500
627989
625140
616500
626677
629813
605844
615317
629269
627573
642261
620373
620661
624437
616949
619605
640566
617557
611029
612820
618837
631541
628469
618868
622773
617557
625781
645429
619092
621461
624532
624341
624501
645750
618933
628053
619477
617589
635093
614453
614581
619957
624789
613684
633813
612436
611893
610196
618580
650134
621301
622965
627861
625205
620885
645878
620660
616436
629077
612948
637238
615445
620117
623829
623797
619413
639702
618069
621173
619189
619413
631221
605332
606997
620404
628917
625365
646678
628277
623733
619477
640661
622997
608949
612597
626293
626069
612468
637078
616949
621333
627733
631254
616692
630837
612309
610836
618613
616469
644630
606388
617333
622549
620149
622869
626997
610420
613236
623285
622965
632309
609269
616756
615444
614421
612693
634005
614900
620533
624629
616853
609940
646262
612692
616884
618965
615540
631093
602804
608629
619860
641781
624885
625973
609845
609045
614932
623349
631381
607860
604340
616405
629653
620149
631509
608244
605844
613589
608724
627413
597108
606836
608277
614197
613972
643797
606260
606740
617301
618869
630325
605717
608661
619380
615220
611253
635061
632757
610100
616052
614484
641365
617621
632117
623349
623124
615477
645270
603252
606740
671222
626837
608884
631381
611668
616820
618741
614869
633109
604789
613780
623317
618293
616597
647798
608692
603924
610356
622005
641814
607029
612980
618997
615988
641782
635574
614389
612468
616661
621653
637589
606164
613044
610581
611572
625269
636886
617813
615668
627125
657078
700504
644790
619733
633237
609525
610964
618708
625045
610741
603668
627285
621045
637077
604660
606836
624501
626485
611477
628757
608917
605972
632950
621141
619701
604788
609012
625845
626452
622773
640341
611509
612116
620757
623957
615925
609236
617236
612149
617589
613748
639830
622933
612981
615093
620405
613461
640245
621940
614612
610900
618164
640118
610357
617269
690231
688695
679543
693175
688951
657910
656918
663606
690775
665399
684695
655414
660151
656693
666647
662326
659670
684823
655190
660534
659670
664374
830364
744985
706040
662134
654294
699384
670775
673846
666454
693271
658102
657430
666711
667574
660918
663830
679287
658038
656342
661302
680503
667254
678839
657142
670774
666294
665143
663190
659382
687511
661238
664630
668022
671223
666071
684343
683318
659414
668086
663478
676598
669302
692503
664502
655190
660822
655830
659670
657622
694808
653270
650390
655222
655222
666903
681175
656982
659158
666582
657078
661462
654742
690807
663606
657206
662422
664534
662487
691287
660694
661975
664118
711320
668662
672086
693463
657302
665878
665718
679446
666678
674742
647765
652758
658678
670102
660822
671351
679095
659894
662294
672023
711128
660406
661270
682743
656406
657910
660566
666455
660854
681655
656342
670199
665687
684663
664502
662326
683927
669110
660630
665558
661942
662838
672311
650773
654006
652822
662006
666166
662422
679735
658166
661814
663094
680375
669974
654870
669462
653942
660086
665270
660790
670327
685302
655926
658806
653398
662102
662710
655254
679511
665526
656022
663030
662678
661558
687575
655382
659574
665558
667383
662998
667190
707287
666198
664151
671959
667766
667574
680567
659158
666007
662678
676759
677687
681239
703992
666166
660502
667094
664567
674166
662774
677238
667319
685719
664598
666454
673302
682199
709720
674327
670806
688919
676054
673815
687383
673623
669590
673910
667799
665559
670039
685207
664246
662518
677430
682071
665495
680023
659990
658262
661558
663095
667702
663510
705752
659670
665559
674166
676407
681143
678294
657974
663382
659670
691063
673430
666422
682391
659670
663222
676023
654038
666422
662871
719736
684663
669814
667350
678327
666582
665686
675959
666838
671414
669110
671094
675990
678743
669014
657238
664534
663158
670838
661814
669558
654870
669270
670710
670678
666710
667702
688439
663158
672311
661622
664534
671671
694103
675095
659862
663254
668598
664950
662678
687575
674967
658646
663638
662518
664182
681815
689623
671223
653846
654902
675863
663030
680791
655094
797819
700056
708663
702679
680919
681047
688023
660278
651542
660726
662038
668022
694839
661879
666390
663799
680215
672471
661078
683639
666391
663574
663670
665718
777146
678423
697239
659702
674519
657206
658582
676599
662966
699000
666230
689367
666934
670646
659638
677239
691255
681431
673814
674679
678198
684247
676567
701047
654998
667158
661047
688599
679543
653430
698232
657078
650549
767289
714136
677655
676055
704056
668727
653942
679511
679062
673302
671799
693240
661814
692215
669783
678839
685815
679158
690519
654582
659062
669174
668054
664822
656310
672278
649109
652086
654582
664246
656534
675511
653558
653398
669271
668215
664534
662550
683447
657814
651382
661302
668375
671543
695543
659318
668342
661910
660278
660502
657046
692631
655478
667126
666550
670007
664406
679863
667991
667862
665367
661910
667351
670038
683479
658102
667638
663030
660470
666326
671159
677111
660502
782331
703640
778842
713912
669462
661846
681366
648117
659862
659798
655158
657750
684279
678743
654710
653877
664758
669814
662934
680951
652310
662486
674230
655830
661846
681335
691543
664823
661687
659126
664790
673527
685879
659670
643638
648502
646869
652470
675606
676727
666614
666518
665782
662263
657878
684503
669142
658102
671030
665206
662070
676854
663030
662166
653494
658934
651157
694551
664694
656182
666678
657846
661526
674871
675927
661014
657526
648310
657622
653910
665718
668278
652342
652022
656662
661271
689335
653462
649270
646582
665942
670070
678327
657014
669047
664150
670518
652054
662934
690615
654710
648501
664406
663158
670807
680726
652182
665015
665302
673462
655606
661046
696343
663446
709464
674711
661014
660694
671543
679543
648917
649366
661974
660150
662166
681271
647701
656662
656086
655413
653430
681303
651605
650070
647829
679607
665046
660342
670775
659830
660886
658134
659894
670999
678390
663383
670903
658198
662359
663734
665078
664886
658934
660310
664438
671639
674006
673591
656534
662422
664375
653142
659478
677782
675255
659414
653686
670391
653398
661718
674583
651989
653046
644085
665846
656598
681047
657045
658390
668438
668375
662582
694071
655094
661078
654198
662870
664183
669207
675159
661238
659766
679191
662902
657814
687735
656182
654422
658166
663991
659574
666710
698903
667223
653206
664534
672150
667095
670615
650581
667415
660758
662327
664342
662486
678230
660918
654838
662199
670518
659158
676310
653398
664214
670198
665910
668887
671542
692791
663222
645526
662359
658966
657366
684406
650006
651638
668631
660598
661846
680054
652470
679062
652821
654549
665334
665942
665238
658422
664822
651670
668790
654710
680535
656054
654870
671062
667223
660726
680247
672566
653878
658486
665750
664535
661814
677015
660086
664023
664310
664342
672342
684471
651638
661591
661526
669367
662102
664438
679415
656278
664022
648566
654550
660118
678135
665207
654965
670326
663510
665046
667382
701944
654230
647990
657238
664214
667095
695703
662166
661398
665462
666070
662486
664950
687031
665270
653430
661814
659446
670422
690487
655286
653942
658806
662838
661238
661110
687703
650070
658582
665270
664886
674838
677207
680534
662615
653590
654198
658454
677078
678487
659350
654198
658134
658454
673239
663510
669622
650742
658870
654262
661366
657462
686903
656470
660918
653237
683607
658582
659158
682071
651190
657494
671223
670102
667767
677046
663702
662006
661430
668310
665399
668438
673911
657974
662390
666934
663158
708440
668983
664182
660982
652502
656982
658326
662454
671766
658166
656758
668759
667223
664663
694807
656918
655670
656566
667895
667382
694168
689143
652630
659222
659670
664182
671958
676567
658518
653238
682711
678870
670774
682006
678999
659670
660854
662871
672534
663350
672567
676791
660598
654006
660406
660438
665846
675991
664054
665814
673782
670615
669910
664822
682999
658486
672598
672695
672983
672791
684343
669591
671319
656918
669718
671639
664182
705240
662102
662294
658198
664982
667574
666167
694775
660790
651446
669687
671542
679735
685623
661686
664695
669623
678006
665654
669462
688183
657846
658838
673430
664886
658294
672534
654006
663191
669142
669751
662711
670070
690807
662518
663638
668055
667383
665558
685751
658166
672950
666198
669654
671318
676247
691831
667447
662518
666454
673207
674615
687351
693399
659318
648693
666070
660982
664086
681878
653046
659030
669974
670038
664726
684823
667158
661431
655669
659574
664694
673079
685879
808827
702327
689175
689495
663574
681431
679223
679159
668855
665110
688983
663286
673527
693687
690263
672790
668598
658486
677751
657654
729688
667670
655062
675927
665622
684439
668246
683959
667702
670871
666167
666646
660406
669174
680631
660246
657462
674807
654806
664502
677239
692823
677879
661494
659702
658902
658518
705239
663382
676502
664214
680119
666167
683062
694711
677078
669302
671510
677622
674358
670134
704535
670391
674679
665527
671287
659446
677271
704760
675734
658423
670422
676663
661398
675031
652661
658550
660374
668310
663830
670262
690103
654070
654870
666423
669398
670934
653014
675351
653238
643125
646486
697623
701687
709912
686679
653942
674774
673143
679255
667862
711512
672119
674487
704344
685879
684086
685270
702263
710680
674390
673462
671766
680119
671799
664022
678871
663222
667863
664855
663287
668790
662614
673590
667191
653046
663062
652053
665654
670358
677239
658806
658006
646165
669398
661270
675095
657910
654357
658358
671798
661174
686263
661142
663926
658166
672087
660150
679095
662199
654806
667575
660438
669591
670135
697176
674166
659286
663926
662711
656438
671606
639061
697272
745881
700216
721848
767802
783322
848445
776122
753113
667415
654934
665206
664278
666838
684503
665591
656822
661782
660662
662262
676375
653014
659670
650902
670870
667350
662806
679095
653174
651990
667991
660535
684855
679447
666262
675063
671287
664279
653526
693079
680343
657430
649365
658198
661526
670967
685399
655158
654838
678838
659638
668247
660822
671766
659830
659606
667383
670007
665463
669495
648885
652630
654742
664503
661846
662198
682167
657398
678775
661974
660758
663158
667255
653046
653814
665430
655638
660023
661302
684183
660982
657334
664503
656566
652022
686807
653750
661750
658358
663766
661014
658486
685015
664694
655862
667351
659318
664022
678903
671735
660374
661302
673527
673911
690455
682135
651477
650646
660694
676983
663894
682295
678775
653077
662006
677399
678039
670775
672342
652566
649974
662902
672470
678295
678295
685559
657910
678103
677750
672983
672758
691639
694039
673015
666071
676727
681175
681847
683671
657974
650037
656502
661366
659926
661174
695607
668759
663703
672886
678902
661462
684919
644918
663958
661270
667478
665814
658518
675575
661431
669335
663350
658678
661750
673175
650774
657078
645941
675543
661463
691287
689623
661686
659222
673527
663638
670550
690839
674935
660567
665494
657526
666166
657174
681719
654582
645877
659894
670550
662070
692791
664054
662806
669046
667703
666614
666294
667990
657110
651382
662679
664694
665303
673719
646358
658006
666038
657558
660374
660278
683319
658198
658646
687159
662518
661814
692087
658006
682167
662102
665622
661335
657846
691639
659990
654902
663126
643701
684183
687703
654518
657174
657942
672311
662582
660086
679415
668278
658870
671830
667767
662966
680983
678359
662038
661910
648022
669335
668470
682262
671703
664374
665974
662966
676150
688119
686007
657846
659190
665399
668566
655478
688407
656022
671063
670966
666838
671990
676951
683511
659414
659703
654678
670102
658998
683287
663702
693432
669974
670870
672630
666038
688311
674326
662966
660950
664854
673655
683607
673238
666102
665815
676150
667190
665111
670518
654966
652374
658486
668374
671735
687415
663286
670007
658934
689463
667158
670519
682071
657942
679351
671638
663030
662166
682230
672599
653270
655989
659670
672918
663254
692279
665910
668023
665687
665302
666775
671447
678742
662198
659382
669750
663222
669814
685175
660214
662422
669782
660022
661142
661302
674519
669174
664983
666710
665782
674166
687959
654038
665654
665206
670870
666806
666262
678967
674838
653974
665366
661142
669271
666262
686231
667510
663574
662711
671223
668151
680406
664182
664982
673015
669366
672406
669910
681911
658550
658230
672791
669366
686487
684279
664310
658710
667030
666774
669654
665142
709048
666966
664439
672631
669558
667478
692408
658966
660214
661366
669783
675159
677527
707704
661142
661526
667735
659766
654390
685623
660438
664055
666326
672535
663382
665078
680886
672470
659638
659190
656470
665462
674743
689688
666391
653078
663478
673335
677399
693847
657942
657462
662486
671222
656790
679894
684791
665686
660470
667831
663542
665782
688151
660470
655798
669814
682647
674679
682583
662486
661335
680279
663030
652182
678806
684183
676919
669430
671191
661558
686039
680567
655126
664854
671222
691799
671607
676759
694391
654742
670871
671446
671575
665942
698583
682743
683383
660182
672567
661462
667863
684151
660150
649365
672215
671350
655286
686007
658262
665302
655894
663254
665558
677143
654934
645493
654646
656374
658038
657430
680727
667927
662390
667543
671798
665526
677719
657366
651766
685590
664214
664951
664823
680630
653878
675863
675383
670775
666934
672183
660982
663126
662294
660311
669111
687799
662807
660406
658198
647733
650774
682679
681559
659446
664342
677078
675575
692311
688407
664535
663510
670358
659190
667862
666326
684823
650613
657494
666359
669367
666422
673142
673878
662710
664214
672950
674007
675031
682423
673527
665078
667190
668950
668246
671799
682583
666710
666583
665750
672023
671607
706264
652950
663510
652790
654006
669910
665206
676887
667095
661014
668662
662391
678902
676279
690551
658134
659606
667126
673910
680790
685175
653974
661078
668279
682743
669750
655350
681527
655157
655766
665974
675894
665014
677975
659254
658550
664823
669303
658454
662934
682487
652470
657526
654741
659190
664758
685783
661110
654102
670871
672406
665430
675095
674711
662486
653174
658870
664950
666614
692663
656982
653077
665815
671190
663830
657206
676470
655318
658998
660310
655446
663990
689847
666422
668823
654294
664631
664758
660214
674967
653558
649270
664342
659798
667478
666071
683863
659574
654806
659478
672791
660022
689495
661302
659158
676951
669046
670486
665462
685911
652278
656566
675191
653558
662294
688183
652470
659638
657174
645942
652630
676119
648790
652310
659894
662966
662294
645590
681111
660662
650358
666519
674998
668023
673046
656854
655926
675318
664950
663670
686839
653910
646965
668182
660502
660598
660758
681143
650838
649558
645206
651446
646870
688567
648213
647157
647318
646325
657878
669014
652438
647638
667254
665911
657782
692567
651606
660599
649942
645973
659574
685239
686199
683895
654742
664726
662774
661878
677942
670231
660790
670358
677111
680407
667574
679990
651990
659734
662230
654838
657398
688119
660502
670038
656790
669431
671383
670934
687287
655573
669879
659638
663511
671735
695640
653526
660886
682199
669110
680791
672566
678007
661110
659734
676567
664726
667734
674807
666294
669878
665942
678519
676983
681238
672566
665654
666390
676630
678743
670199
691831
665015
667447
668246
674518
676503
674519
661430
659062
666582
663318
681367
662934
686711
655382
653334
658006
662230
662134
682263
663831
657814
665591
666839
675223
683511
669590
667446
664054
674294
672343
676887
688984
664118
665302
667479
672246
672823
714136
678295
677879
665847
677399
693751
674710
679895
654133
659574
675094
681046
666615
676598
696759
674710
677431
675702
667862
662198
677110
664151
671351
674263
666071
671767
661974
682391
672726
663798
673655
675031
664887
675223
685751
658166
666902
675991
673750
678358
693783
651798
672055
715384
696087
681143
673110
695927
660886
667702
651286
655702
650806
686519
661078
658358
649622
666102
701687
692119
701079
664855
655510
664055
663095
669463
679415
687735
665110
670807
686038
669367
657846
681015
645750
651318
679223
667094
664982
676791
645750
647286
691607
658390
667350
686231
669495
667287
662806
660630
652502
643349
680758
652598
659062
649142
644470
662263
679830
656118
661846
660086
659287
678070
679511
651574
668727
668918
659638
662774
666422
676438
663158
654613
672183
668598
668822
682199
654934
661590
669174
684951
664087
668503
691991
661879
675831
666070
676182
662422
680823
687351
670487
672630
687927
668695
669782
686103
660150
666614
675223
670134
676183
666902
682647
673014
664694
663159
667766
665494
681239
659446
669430
658486
670871
668566
666294
686199
676951
665174
676631
677847
680055
677078
698584
652374
655542
671574
673623
669527
690519
664406
667222
665847
668022
667607
667702
688087
666199
663350
664694
664503
671830
678039
659350
677591
668119
656630
672439
679383
675607
659510
660246
661430
666678
662135
676406
648726
666934
667735
665238
682967
678486
697975
659318
658422
657238
655350
661462
679063
663158
661271
668727
676055
675447
691607
651094
663414
663670
667446
664375
687767
680887
665430
655766
665238
666711
666167
679767
651254
654486
668086
667159
674518
675287
651222
658838
657622
659670
675350
663446
680823
659542
651414
684951
662102
666807
675766
660886
664054
673015
663702
659254
658422
696887
667991
663158
664246
666583
671254
686391
662455
651030
652758
666999
670678
669526
684087
659030
655318
663350
668502
660983
679543
669654
660406
652534
671350
683447
666678
687223
666999
666198
675542
665174
653398
683447
655958
680982
666774
683671
681079
683063
694423
672631
665174
681399
681463
678167
694871
690039
668374
673367
677111
678775
680663
695223
665494
660022
658070
667607
659414
675574
674743
662870
664694
665206
720633
690807
669686
680183
688151
662902
662870
656854
672406
672599
665942
701688
676087
679223
675478
681143
681943
667606
681974
665782
667319
674039
684183
679830
692631
675479
662742
662454
663511
677463
678615
687447
668534
658326
674967
677207
654710
699927
659606
667255
663222
668566
661846
667606
690327
657558
657782
662742
671767
670583
686039
686359
662166
660278
671542
664471
661334
685911
660534
651958
680119
675350
674198
677495
678935
664598
657654
670326
671383
672695
676631
658966
662070
664630
662967
669654
682935
692760
675894
669782
671190
670551
663062
679543
665686
663158
660214
678614
659190
664343
694007
665751
668471
673942
668279
671862
683895
662774
674071
664406
674807
674038
669079
686647
667190
662038
679735
663702
678710
654582
680503
660214
662710
671735
665174
664023
686263
672022
661046
671223
664342
665143
657654
673654
658934
661302
679319
674742
669431
686775
659126
659222
654966
667991
661366
660534
682007
659031
661782
663862
668535
667574
676887
651477
661174
664278
676407
671414
665430
683671
670135
662134
676055
676662
664086
680823
650198
657974
660278
642261
672951
667894
700855
664631
663735
674870
666999
678263
682359
681175
652662
658326
665270
666774
673686
679575
656502
661686
656790
659958
658966
678199
656534
666230
653782
666550
665910
660982
681047
658262
664855
675350
666422
671319
664822
672983
654742
658070
664342
659062
656373
678423
661974
657494
659894
661782
662966
657142
691799
662390
662902
661078
671223
662518
690871
656694
670006
656534
657430
658775
656246
683543
649078
662934
663222
667959
663190
683383
685687
682647
652918
655414
662038
664374
679031
657558
662838
665206
666454
667607
661366
671926
643574
647445
669910
666935
664918
684567
662774
661047
666390
663574
658134
658134
696215
663639
655702
659414
654646
649174
673879
648566
654454
646741
652758
647573
670614
650294
722136
720408
681367
633077
631573
645462
645109
626389
625685
667574
658806
645174
635797
631221
619893
621748
618581
650998
606868
614997
617940
626421
626677
616660
613333
640277
621269
617205
639926
602324
602549
612724
620244
612948
602292
613268
616533
620021
615380
647382
619957
611413
617653
617460
611157
637781
607476
615508
617333
613685
628821
611828
622101
618292
614388
616372
630197
620789
610997
624724
623253
615765
604468
613877
612660
624917
627893
636054
609460
614996
613173
608852
612692
604180
610516
619957
628821
628149
642613
617972
621461
620116
627989
625333
621972
609557
612917
621077
613909
640021
613397
611573
617653
618805
625109
647637
614517
610836
617141
621237
629557
613492
622292
622644
625013
620660
628501
614452
621973
624789
625013
624149
610964
615668
620053
624437
617172
627701
613332
609140
610485
614196
607445
631829
630133
621045
617909
615093
638197
630389
615605
619413
621141
619381
642517
624117
609876
617429
617365
630774
617493
617653
625813
625493
629333
660150
613300
606196
613172
611508
612725
624981
624724
614773
613588
612149
635797
605844
603412
618453
620501
614421
624885
621748
620661
621365
648277
637494
610228
611988
617109
645621
626036
626837
603157
608949
618805
614196
653046
626133
612181
632821
618453
614356
622581
611253
614261
614965
618132
618549
630294
608692
614836
619189
620981
641622
612276
611956
617780
618260
628085
639861
623989
618484
620117
612085
611509
604116
609941
619380
622548
622421
636886
621333
627861
623221
614805
611572
609685
615285
645974
624629
623380
635094
611604
609429
624660
618452
616533
656182
611093
609044
621301
612180
646838
610388
609493
615157
615733
612372
653782
614005
611476
616213
615093
619029
607060
608116
632373
625397
625333
642837
616244
623124
624469
626165
616244
637013
609908
607572
618165
619413
651126
608404
613781
635157
621653
623605
634838
609557
608724
612596
614292
664150
613268
611124
620469
618453
616533
643126
607157
611636
613301
612021
622645
608052
612693
613045
617973
614517
643285
612660
614612
610356
608469
612852
631797
612116
620116
621717
619508
642742
609717
618197
615157
620436
616341
635702
612533
608757
621973
620693
637653
621589
617268
621140
628565
624021
637365
611861
611732
622357
625045
635157
606004
614132
618005
624405
619189
632022
610804
605556
626229
622772
623412
614836
622197
615316
621653
638198
640630
612789
615957
617012
620148
617813
645269
610965
612821
613557
619605
636246
616020
620437
619733
619188
616436
634357
615957
611924
628405
620820
635477
613461
613972
622261
622101
616437
628277
604660
608692
614229
616949
639765
608181
609429
612500
617365
614484
641045
613877
612372
611893
620789
622773
606613
610516
617972
618836
613845
627861
610260
613813
619125
628469
619125
632245
615893
622453
619349
622965
654998
616213
623477
620469
621909
616341
633429
614612
617781
630741
617493
639062
616245
613717
624820
627957
628213
639157
612916
613972
617428
609909
616341
640885
609364
618805
621781
621653
633557
607796
620725
614517
621525
617364
628181
606676
622069
622645
622964
629781
639605
612084
615925
618292
619925
650198
606901
613716
617076
617588
618645
642133
613780
609525
617812
633621
630454
600564
612820
619605
619988
627893
635830
609524
615381
613045
631701
651350
609268
617364
628213
622100
620117
636853
630421
615476
630230
624117
638709
617813
619061
626165
630101
629717
673047
613109
622293
623893
627765
622101
635253
612341
627317
625301
624789
636342
611797
611540
628469
624949
632757
626645
611061
612020
622389
624597
630390
636629
606804
610452
617973
609589
634837
608020
616500
607285
610676
620949
634005
607956
609716
612884
613333
630197
607797
618325
628117
620085
615669
624693
615189
603124
610804
610389
640853
609332
612404
620917
622325
627189
630357
604404
607573
616020
623125
611348
602516
613077
613973
622261
624437
639061
624757
606644
615349
618837
624853
614324
625781
625620
631957
627413
646453
618677
619381
631189
628149
620885
635157
607637
616565
618581
630869
640182
619797
613268
618997
618421
621269
647926
614613
625941
625333
624373
618580
601364
619348
620981
622517
621621
642357
610773
620277
622005
626133
623125
637781
608084
616981
616853
617141
649942
617973
612981
613460
621268
616661
635446
610004
606164
616373
618517
673430
612564
616149
617685
623509
621589
638997
625237
610548
622165
624628
627477
637910
617845
629045
632309
631893
645910
618293
627989
623893
624021
620308
638869
616244
627349
629301
640917
630517
641046
611188
609652
616244
622708
652438
618677
616660
628725
624565
633878
656310
613109
614004
619317
626677
625909
633973
623509
619125
640949
622228
648085
610292
616884
625109
626933
634165
637621
615028
622517
622997
629589
624117
623541
600052
612884
614068
621685
642261
608468
605621
613908
624981
618005
643509
610420
615669
628821
616629
634261
607252
619285
621524
615893
608372
629365
602260
611956
615701
628117
640757
618804
619413
627605
613780
613269
627733
613045
637045
611349
606645
634229
606581
626389
615668
611701
608181
604596
607988
617397
628085
616853
627797
602772
609300
628277
616341
608213
602196
607796
610581
617076
611604
631093
605172
610292
618900
619989
616021
631765
604468
617396
622037
622100
634582
609876
614324
621268
626005
613205
606900
605716
613940
643573
622357
631541
609364
609845
616117
624277
617236
597908
608981
620405
623829
616949
631829
611540
612372
615221
623157
620020
605300
610868
620980
620309
617844
649429
614197
621973
625813
631317
624885
648629
611477
618196
620693
622261
636373
623220
617013
621173
623893
624821
630933
621653
616053
626517
617429
629717
618388
622644
628789
625748
617108
638069
606357
606420
611604
613684
623125
612084
612021
620789
618293
619189
633141
599252
605364
610356
614357
614484
600596
610357
621525
619060
619477
626197
606388
614324
611892
618005
616244
605461
635701
617268
620117
631990
657878
631029
608053
609588
619701
642966
641621
611348
611765
616884
616757
613972
609620
606324
614644
618101
616725
636245
604021
605236
623669
618676
609140
610292
612020
615125
616885
619541
633717
615989
613172
618133
610997
631478
605652
614549
624117
618581
627413
626421
606708
612852
620469
620629
638197
618325
608692
619125
623669
615125
639350
612628
610773
615733
628757
635669
614421
614549
616948
615284
614037
637237
617236
628437
620821
625781
634389
604404
616021
614293
628917
611796
640117
608693
615605
615316
628021
626869
606804
612052
621141
635349
613013
637013
611573
615828
622069
638037
965568
717304
672439
656502
671063
670998
672759
670934
676375
660599
657270
669175
667318
646485
696663
650966
659446
664407
668727
667926
669463
649398
658327
666679
662678
665655
672150
680023
653078
649141
663095
656790
669910
675639
658998
658614
661302
653366
657558
668726
661174
644374
652758
655190
652213
658710
683607
650838
647638
666262
672278
664630
680342
672758
653686
665974
654486
660790
674935
654486
666678
656214
665494
659958
664695
680214
664790
653174
662166
666742
669398
680119
667671
655381
654902
671895
666487
660822
683607
669911
658454
658486
664182
659286
666902
651509
660950
659862
660823
663222
665015
687799
664535
670103
666294
669014
670391
667382
651318
657238
655126
656566
652182
673078
682615
652693
656342
665174
667062
668790
682295
683094
640757
653878
661846
689143
671351
685047
653718
656245
666103
670583
665174
659831
683607
657814
672087
658486
666422
668470
685399
656310
671734
664054
663382
667799
666039
680247
653622
656598
660118
688983
663030
658006
691735
658262
655606
661558
662774
662582
689655
665238
666167
676022
668406
675927
657302
674007
663511
657046
669398
663958
666806
680086
662198
659606
670262
670231
663222
662326
685591
660406
664342
667191
663254
670294
674199
654102
646773
668502
667446
665815
677654
679287
667830
663062
665910
669974
666102
683831
670295
686071
658230
667766
675127
680631
681623
673943
666102
663126
664631
691415
677942
680279
656502
656534
657302
670262
676247
684983
657718
672022
669622
679447
670838
675606
696568
673015
676791
675702
666582
672759
681462
666359
671991
663094
669622
669142
674039
677846
670935
664822
657014
659574
697687
681143
684663
663095
657654
668790
670679
661142
678710
656054
663030
656213
679447
663671
676855
659382
656278
675863
674647
669846
670071
695159
660278
676406
675895
664086
662166
671030
697016
657206
658390
663894
666902
665750
692599
656406
666902
664342
658774
675831
693623
680214
660439
658646
661910
684791
668822
688343
666838
660023
664502
665783
674487
663542
676087
658326
657558
670838
661718
664310
681815
660150
654134
662903
669078
659574
671894
681719
655254
658902
677399
679479
680727
688631
670678
668790
669942
666806
675862
661782
689111
665110
664023
671575
673975
678327
668022
696663
675575
669142
670518
674487
670646
685687
658838
657974
656662
667031
667350
669047
695160
665750
667126
669815
661718
667862
696536
664086
663606
658998
663286
669367
671798
684119
664791
657142
668951
659766
671351
664182
655766
658902
669814
664950
674711
673431
686647
672374
664982
668854
667798
674198
664566
684375
673399
680791
673559
665079
666902
675510
658998
668311
657270
662006
671191
668343
686039
662518
670966
669943
673014
653045
684375
684631
665046
667222
680567
667191
671062
687735
669142
673975
674679
672406
678775
666454
696087
659574
679063
680791
692888
678774
680279
689847
671062
663830
677911
666710
665782
679799
680663
665526
667638
666839
666518
661558
676791
660855
666935
670102
676055
670807
672375
691895
673367
659830
681655
675063
672502
690551
650070
665238
659446
675190
670358
668343
675831
657142
657974
662934
661206
668342
699736
668183
674167
666294
673303
666647
662711
678614
667958
675126
671511
669302
670646
666423
682839
662038
660694
676439
676855
672214
679094
663158
661654
681303
671287
677239
672022
678967
652598
664406
667159
669751
665782
687991
660471
668694
669270
675287
670454
661910
680183
664534
665206
672822
675990
666678
671734
686295
666295
669463
670262
669271
666615
679830
668598
674614
665111
663734
664694
659318
688663
659158
665335
670583
667126
667606
670934
672215
659959
659318
669558
663542
671958
684855
656726
662774
666774
670007
657878
664503
681527
652918
652342
662902
652885
662967
688151
655382
672150
666166
665174
666678
673206
674230
656758
653238
666422
696215
666103
691160
662166
662358
659574
654230
665175
660854
683287
664182
665878
670710
673751
667638
676758
654230
678326
660918
661942
673623
668406
672342
647382
659511
671671
662422
663670
682999
670870
664886
661462
652053
671702
663382
674071
658742
664726
665750
661078
659094
689079
682166
659862
664631
660887
663574
666678
693815
669974
657494
655926
654230
658038
673655
656566
664119
683382
661718
666710
664535
684311
659606
651893
662454
664694
672343
