2565462
1481234
1160583
1174471
1159559
1196840
1473074
1492498
1688697
1598678
1686040
1361005
1135494
1135110
1103429
1125286
1126982
1135750
1132166
1145734
1103717
1314796
1241449
1323564
1175400
1174951
1076420
1185447
1083460
1190792
1119622
1074852
1070531
1117926
1086565
1366830
1181159
1068260
1078564
1102341
1088357
1075940
1081220
1069668
1089700
1235913
1283243
1244457
1112517
1048195
1063396
1104933
1082948
1063619
1060580
1103781
1073476
1130182
1297451
1074436
1095141
1297068
1080708
1091653
1112005
1050595
1078372
1234793
1244810
1220585
1078980
1057347
1045187
1047907
1080644
1052227
1068932
1092069
1097348
1089252
1047939
1090500
1065540
1076900
1083652
1081509
1053731
1041891
1037539
1091493
1104261
1057027
1189512
1173800
1144518
1097509
1105733
1072548
1114533
1093285
1076516
1095620
1142982
1061124
1140198
1097380
1079172
1093412
1053027
1124422
1195816
1139846
1137702
1137158
1095877
1148454
1073764
1075396
1111621
1096837
1182503
1194888
1124837
1085477
1105189
1087044
1051555
1069732
1088932
1126246
1221992
1130022
1085989
1078660
1135814
1117670
1140870
1140070
1125030
1130310
1154310
1096261
1101381
1143942
1132262
1093508
1120134
1106085
1100293
1098277
1267050
1103685
1094660
1041667
1052963
1049475
1070276
1065380
1068676
1064612
1175559
1081412
1063811
1066788
1059460
1042563
1045027
1072708
1055459
1074084
1047555
1065316
1052548
1065156
1062244
1054084
1091716
1089732
1150535
1066724
1062436
1092805
1060324
1057091
1059875
1061635
1055683
1057539
1075684
1095173
1039619
1073060
1066596
1399599
1081284
1068259
1077476
1061188
1038563
1042051
1074307
1076068
1056899
1085828
1058563
1064547
1059587
1068803
1064164
1057027
1059011
1062883
1054851
1039171
1048227
1058883
1093892
1058467
1160071
1052771
1039843
1047939
1093476
1084004
1043075
1050179
1072356
1054915
1054691
1081156
1053988
1021794
1016066
1052515
1052579
1032930
1048867
1083748
1019619
1019138
1065283
1021986
1022306
1050659
1046883
1011874
1019938
1016322
1055011
1019458
1137126
1031651
1046371
1034242
1017218
1056259
1025506
1051651
1022658
1038627
1014914
1014914
1028963
1032162
1010306
1007809
1012353
1035075
1009794
1013218
1018210
1034339
1026306
1021314
1019106
1038947
1023042
1025858
1038978
1053027
1013730
1025090
1019170
1045251
1042883
1006081
1027394
1162278
1178919
1028994
1056484
1023586
1059907
1031171
1036163
1072644
1036195
1035587
1036099
1049699
1017538
1031234
1018114
1037795
1010273
1008194
1016610
1032898
1009122
1009313
1008738
1050979
1006722
1024898
1040035
1036579
1019106
1015426
1024290
1057731
1027010
1021122
1004641
1050275
1030563
1003489
1009537
1042915
1021826
1019586
1010401
1035810
1008706
1042978
1005345
1055235
1009441
1014594
1010305
1027939
1023106
1079748
1029731
1058339
1034083
1036419
1065828
1058308
1053988
1069283
1072420
1068036
1061124
1068676
1084164
1070691
1078436
1060035
1084804
1056867
1071492
1082788
1054756
1055107
1049699
1084900
1075844
1066916
1052996
1101157
1056515
1062915
1073924
1070500
1054467
1081060
1073315
1060995
1062403
1056580
1086564
1056196
1058883
1066628
1089476
1077252
1095780
1092548
1061731
1072068
1063812
1076644
1043651
1045954
1065155
1064931
1058595
1058883
1085092
1077796
1050595
1071076
1100068
1074916
1061732
1057220
1095813
1064771
1054339
1064899
1068548
1056931
1044803
1098853
1051011
1056803
1052708
1091140
1067716
1069955
1023459
1079460
1045219
1055204
1063043
1068900
1045699
1040419
1051459
1040227
1058756
1051940
1075812
1054179
1056387
1069252
1060804
1054435
1046306
1052291
1089828
1060195
1077892
1036002
1075588
1047587
1059940
1054083
1063747
1072292
1061731
1072068
1069603
1109125
1094820
1084452
1089924
1048675
1065092
1047587
1085796
1065027
1097029
1063876
1075140
1078244
1100132
1082244
1067876
1049635
1068643
1070372
1063812
1095877
1072356
1078596
1074948
1182472
1083909
1043651
1063204
1077764
1087333
1131749
1182151
1066307
1052803
1090148
1062915
1055587
1058211
1071748
1076612
1079972
1207688
1066052
1062564
1052483
1100485
1057955
1050211
1095269
1075012
1052708
1054883
1076836
1056579
1062916
1087652
1057411
1074948
1076484
1092388
1092676
1048803
1034594
1076132
1067780
1060291
1134118
1071940
1068964
1067907
1081444
1067716
1076036
1066500
1088772
1063875
1096068
1070980
1053123
1055491
1085316
1097413
1064036
1055299
1074147
1078212
1056324
1057251
1059427
1090756
1061219
1058019
1062980
1097093
1067684
1064675
1082372
1088676
1067172
1050051
1082308
1151623
1064707
1063523
1086436
1121285
1071524
1150599
1055748
1127718
1111493
1090340
1115622
1169095
1079652
1120709
1098469
1155366
1069380
1066787
1073380
1192168
1289099
1228009
1125286
1175847
1076804
1110437
1214985
1147399
1159687
1225640
1115493
1136198
1073379
1126822
1148359
1155974
1172583
1140678
1117510
1135046
1139686
1079684
1109477
1069284
1157031
1210248
1175335
1190887
1085861
1125318
1150758
1092996
1084677
1120486
1102501
1168904
1099781
1144647
1134342
1094885
1125894
1140902
1108869
1133029
1121862
1239658
1313580
1168551
1054563
1092677
1094788
1070660
1050755
1089604
1060420
1056132
1074148
1068579
1077156
1074660
1069252
1076228
1060388
1052195
1095684
1068356
1082212
1053380
1069923
1084804
1070788
1078500
1069092
1064643
1070468
1079140
1076644
1054947
1043395
1078916
1055203
1074660
1042979
1062051
1057252
1058692
1076452
1084548
1069252
1064515
1093220
1078852
1058307
1066052
1085188
1055555
1051235
1059875
1050275
1056131
1078180
1068772
1058787
1059332
1053411
1128038
1260810
1091332
1062724
1053187
1153382
1065252
1046115
1061828
1053955
1079076
1096229
1069699
1046435
1073828
1050915
1100484
1135814
1149415
1060324
1077060
1054403
1040259
1074308
1087013
1060803
1070051
1100325
1083876
1086052
1074564
1093092
1070852
1076804
1056676
1082852
1060515
1090788
1118790
1199720
1124997
1106405
1132582
1045731
1070084
1058723
1046435
1105765
1125509
1063459
1042307
1089957
1192327
1149607
1130565
1167239
1149575
1137350
1130406
1189096
1090020
1103941
1088004
1121093
1107269
1109797
1088004
1091108
1143366
1210504
1169351
1174600
1148518
1157190
1177991
1155591
1136390
1097477
1065155
1094981
1096069
1055075
1045123
1044962
1093860
1056259
1042115
1093029
1067204
1046019
1091908
1091205
1046115
1056195
1102917
1071076
1045059
1067140
1073508
1056963
1045443
1046371
1079972
1051491
1058531
1065444
1087269
1058820
1059971
1079460
1058819
1064452
1079108
1095397
1128582
1088196
1131526
1098180
1074820
1040291
1074468
1053955
1049251
1093700
1057603
1066659
1064515
1088645
1066723
1076324
1053891
1074084
1080900
1051491
1045154
1052035
1060163
1065603
1151623
1093349
1138054
1063492
1076804
1056068
1061123
1070948
1089572
1057187
1048227
1092484
1082820
1044163
1047683
1094565
1075299
1054115
1051075
1088261
1088645
1058691
1072804
1051491
1077700
1049763
1088837
1047459
1050915
1047011
1084324
1066532
1064771
1075396
1056675
1061764
1065316
1090341
1065828
1058723
1051171
1077764
1062340
1068484
1055428
1081636
1058083
1138502
1069700
1047939
1079524
1051107
1069572
1107045
1086404
1044003
1077700
1060996
1088868
1082532
1057987
1051267
1056547
1080452
1055171
1063268
1064099
1118214
1072932
1059780
1068260
1061508
1095332
1079268
1087780
1063555
1076740
1065731
1076452
1070212
1061059
1056675
1090628
1101861
1058947
1066276
1056515
1070212
1056707
1081540
1093221
1076452
1092260
1079588
1074180
1055171
1069027
1039458
1057124
1075140
1081892
1077572
1078500
1060931
1065668
1053507
1061571
1082789
1050595
1051331
1057059
1067076
1085221
1048131
1046563
1065636
1052644
1075492
1053315
1087908
1067460
1073668
1087076
1064164
1067396
1059491
1104517
1071556
1060963
1060195
1096197
1078980
1080453
1058020
1061188
1054084
1048739
1069315
1068291
1069476
1062659
1084132
1052900
1043971
1085412
1096165
1062564
1065380
1075332
1070052
1069667
1056387
1079172
1093445
1067140
1058083
1093796
1046019
1050020
1043779
1073668
1058051
1050115
1068387
1067172
1068804
1060356
1075076
1059459
1054883
1094437
1076548
1087364
1076580
1090821
1093476
1083748
1051267
1094596
1077796
1075684
1088740
1069763
1092357
1068740
1109829
1087812
1088004
1055555
1075140
1052899
1055715
1058467
1055075
1072932
1054403
1177671
1080036
1108229
1131782
1136613
1104677
1146214
1118085
1107973
1134822
1180904
1060164
1046563
1108389
1061155
1074884
1075940
1049667
1060547
1059331
1078276
1057060
1053412
1073956
1105893
1074500
1071876
1086757
1060099
1050115
1058083
1075012
1053571
1064580
1080932
1113734
1057764
1104549
1063171
1056195
1055843
1044739
1071236
1061731
1095588
1061155
1105669
1066596
1070564
1094084
1065443
1060355
1073956
1078244
1076292
1051107
1043395
1081253
1052675
1062403
1050563
1093061
1059523
1058628
1061283
1064899
1071332
1041186
1066916
1053156
1059908
1069763
1076452
1056868
1059748
1084548
1082756
1075620
1075684
1081572
1073348
1071299
1054180
1098533
1127493
1162599
1070788
1078596
1070852
1043043
1070244
1071172
1063459
1069796
1056931
1072515
1044835
1078276
1056387
1063716
1068996
1058980
1049988
1077508
1046403
1089316
1067908
1131846
1146118
1039202
1059492
1042691
1062723
1054307
1047843
1083588
1046627
1065540
1063780
1081860
1058500
1071523
1062916
1121734
1073892
1061123
1057923
1104389
1057028
1051747
1077668
1089157
1064068
1076131
1094501
1068228
1077988
1038659
1079268
1056707
1078084
1070148
1058307
1064803
1060900
1074180
1045827
1065187
1056003
1095269
1074628
1086181
1071075
1136806
1061187
1076068
1089860
1068292
1060452
1077636
1095237
1082244
1058020
1061859
1068324
1074308
1074820
1110789
1064772
1068260
1067972
1091909
1069380
1068196
1070788
1187944
1145063
1097573
1125094
1109893
1092516
1101829
1063364
1055044
1047267
1087301
1072099
1072452
1063236
1062660
1050659
1043715
1084260
1044643
1041251
1085605
1076356
1061731
1060867
1053955
1106053
1084420
1060612
1074276
1040003
1077508
1182471
1080228
1062628
1069956
1085924
1071715
1092709
1051459
1087525
1064035
1074052
1079972
1073156
1045474
1052196
1074372
1069092
1053731
1042211
1082916
1054148
1058148
1056867
1100549
1058692
1055363
1076035
1069252
1056676
1055747
1067204
1063235
1067203
1062179
1108357
1097764
1082244
1090469
1081540
1053283
1062211
1095589
1076708
1071364
1046051
1067780
1085028
1063812
1042178
1074916
1084228
1078500
1101445
1097573
1077316
1059203
1089477
1080484
1058115
1059843
1077540
1056931
1044515
1073796
1049987
1059587
1087364
1086340
1055172
1169671
1233961
1102981
1084868
1074500
1075300
1064739
1115621
1116037
1054115
1037923
1055748
1190952
1075172
1053635
1064547
1067715
1057443
1051075
1037762
1048451
1040291
1064516
1024707
1031298
1027170
1046083
1032899
1032035
1000737
1037283
1022946
1024098
1015074
1025091
1004994
1017826
1047907
1026210
1015266
1016322
1028003
1024322
1024514
1026818
1030691
1009762
1020290
1018434
1066340
1048707
1035843
1025026
1072324
1048835
1023266
1023010
1048867
1019746
1032706
1008610
1031938
1012578
1017442
1035426
1022882
1022339
1018626
1038659
1029987
1036323
1032354
1033059
1018018
1022018
1043011
1046307
1026786
1020802
1022914
1040802
1020930
1016514
1020354
1025698
1021410
1045218
1008962
1052676
1016354
1019907
1064036
1091365
1058723
1054339
1052771
1034114
1060836
1052899
1071108
1032803
1026338
1032227
1030754
1015106
1021794
1032450
1031106
1020290
1024610
1033539
1015650
1022338
1034338
1060516
1053763
1026147
1017570
1037283
1041571
1070308
1077412
1048740
1026498
1027811
1054243
1042755
1042563
1023490
1032195
1042499
1015906
1022850
1123621
1018306
1021250
1016930
1047267
1024450
1026274
1023330
1050723
1027234
1028674
1013121
1040003
1009505
1009569
1024930
1040354
1023906
1028611
1027266
1045634
1017890
1011554
1009122
1028963
1039010
1017922
1021282
1042819
1026146
1032227
1008194
1065667
1032418
1044707
1055107
1061860
1026210
1029155
1046531
1045827
1049859
1012897
1064099
1035555
1041923
1018402
1058468
1034146
1029282
1019970
1036803
1035235
1022210
1010914
1050788
1018306
1019138
1011778
1069892
1057188
1103717
1041027
1018434
1017506
1040003
1045347
1022754
1031875
1025347
1057732
1017858
1010657
1002177
1041283
1052515
1021731
1034882
1058116
1023586
1024098
1034658
1022627
1023139
1012546
1036962
1038403
1029538
1018082
1070435
1037346
1021827
1005665
1031330
1022146
1022563
1034818
1046403
1025794
1019010
1019970
1054980
1010498
1011362
1021827
1037123
1015394
1022754
1011874
1050531
1013890
1021378
1009410
1049635
1015362
1003585
1031362
1045155
1014146
1013346
1053763
1040515
1008898
1021090
1044355
1036226
1031491
1034658
1027330
1025507
1015618
1011202
1039139
1034211
1009250
1024162
1033250
1016546
1016610
1027778
1059267
1011778
1014274
1026179
1052451
1028931
1018690
1023202
1039459
1021282
1049571
1018338
1041123
1022658
1020002
1029027
1053859
1022306
1021091
1015426
1063012
1016962
1076548
1034499
1054595
1025794
1023106
1156038
1036067
1032354
1044163
1046147
1032579
1041378
1042915
1035491
1048835
1012098
1045667
1030051
1015810
1012578
1041539
1036195
1032611
1037571
1071684
1036803
1033730
1030467
1046531
1021442
1029667
1062724
1045795
1029283
1034339
1063747
1035074
1048419
1038147
1057283
1060739
1081860
1111589
1066627
1170792
1105060
1083204
1086725
1037443
1053475
1037347
1072515
1105157
1047203
1062499
1059459
1056131
1050595
1043874
1080260
1111333
1120261
1046883
1084228
1032898
1064323
1064515
1056900
1060580
1048931
1064292
1030370
1081540
1102437
1060612
1024899
1029570
1056707
1061667
1079460
1051587
1087812
1046499
1030051
1068771
1052259
1046691
1054787
1048419
1048035
1030786
1027458
1058787
1027874
1026594
1030114
1053156
1028643
1022274
1021730
1066980
1015362
1014210
1010402
1062531
1024162
1015490
1044323
1028739
1027746
1033219
1036738
1047331
1019554
1058628
1129606
1096901
1084644
1055364
1034915
1018786
1022562
1035971
1029154
1019074
1017026
1048451
1024642
1012866
1076996
1062051
1015138
1034467
1012994
1045123
1024546
1021187
1016290
1035619
1025986
1015394
1025026
1046691
1028099
1026178
1031107
1045027
1001122
1036194
1089156
1089860
1039779
1038627
1062948
1012482
1011073
1009570
1054979
1016034
1008162
1011010
1034371
1016610
1019522
1030658
1078788
1072484
1038050
1019522
1046403
1028386
1022114
1105253
1065188
1080996
1056420
1148454
1061603
1053572
1059428
1093413
1066019
1062404
1072291
1077060
1064100
1087364
1095908
1081028
1078500
1072580
1090660
1075172
1079652
1067428
1068964
1062627
1061955
1084357
1044515
1055011
1032387
1071780
1072196
1053796
1054179
1054691
1057635
1067940
1089604
1064451
1082661
1065796
1072644
1067939
1053923
1039907
1069732
1063748
1062948
1096996
1066916
1067171
1085028
1089124
1052740
1052643
1049987
1071427
1048355
1042627
1087525
1076644
1070308
1058947
1090084
1073028
1062980
1058019
1078596
1063812
1057252
1079044
1087684
1065412
1051331
1072963
1067780
1087364
1064068
1081828
1082213
1059683
1062532
1087172
1067203
1055587
1092196
1082628
1058915
1066884
1082500
1076163
1066148
1055620
1074116
1044611
1052899
1035171
1064164
1083716
1187368
1208904
1103717
1166247
1074468
1063619
1078884
1081733
1087780
1094053
1081924
1113573
1069284
1052964
1100548
1061060
1074884
1075972
1088740
1078148
1065731
1063812
1076292
1056579
1039939
1058852
1078180
1072324
1059011
1126821
1071524
1068323
1076068
1059171
1037475
1063331
1067044
1074563
1080836
1078052
1074180
1084420
1071427
1075172
1082628
1050787
1060612
1043683
1111526
1047587
1067716
1051011
1078468
1056963
1068484
1070468
1047235
1067332
1159047
1083748
1052963
1067204
1054755
1064804
1052612
1075300
1077956
1093509
1072132
1058467
1076420
1051363
1063939
1049251
1091493
1065475
1065507
1059076
1089956
1082564
1048003
1082373
1088292
1077636
1070660
1103653
1071140
1061284
1070276
1072324
1075908
1078084
1059843
1050851
1053060
1046306
1065284
1066404
1052611
1032642
1073668
1052963
1066979
1098437
1093956
1072036
1075876
1079716
1052067
1049955
1066244
1073668
1065444
1049475
1058436
1067235
1041795
1051331
1059492
1073828
1054051
1071204
1068675
1083332
1067524
1067107
1091749
1057571
1058979
1054819
1070691
1048547
1064515
1036514
1066468
1043171
1064611
1056132
1086820
1078404
1065091
1090917
1081540
1067844
1058468
1067556
1079780
1069252
1088804
1065316
1066980
1070180
1066564
1088325
1086276
1098085
1127174
1105925
1098789
1073219
1087972
1050467
1052771
1055971
1076804
1071492
1065188
1056227
1077892
1049891
1054212
1050275
1035843
1052835
1069187
1078660
1041187
1053859
1048675
1068708
1045283
1056579
1046883
1089476
1053924
1063492
1049891
1069860
1076004
1082596
1080804
1063524
1069123
1079076
1104965
1044899
1055971
1055300
1062435
1062436
1059620
1088580
1068580
1052579
1028706
1090373
1069700
1056771
1173735
1074692
1045891
1043139
1112357
1086821
1059683
1042946
1084004
1077924
1071780
1084644
1068355
1066499
1065156
1079620
1073796
1073508
1054019
1082148
1045187
1068964
1048835
1073732
1068292
1048355
1056899
1084324
1063299
1047651
1086916
1056515
1057763
1059460
1074724
1059428
1029379
1051299
1080901
1090468
1067843
1068100
1075396
1059363
1075428
1086757
1090629
1048803
1048227
1074948
1050371
1055331
1105029
1107781
1071876
1081956
1040259
1053732
1051779
1053283
1074820
1059396
1051971
1050147
1067780
1063684
1046787
1050499
1068387
1066948
1048803
1058115
1065027
1057059
1055043
1095908
1070852
1049507
1044291
1052644
1056548
1068100
1039651
1069348
1051940
1043619
1068771
1116901
1094340
1085476
1087268
1066275
1066691
1045955
1068356
1059108
1069796
1050723
1073412
1058724
1047875
1046691
1069540
1066628
1044771
1076868
1061860
1057539
1064196
1075844
1060899
1070628
1085700
1053859
1049155
1056995
1083428
1054115
1062692
1049699
1074340
1060899
1056035
1064612
1093605
1046179
1051683
1040803
1077188
1098917
1061315
1074148
1066596
1085381
1062148
1067236
1055556
1048451
1054819
1101701
1052132
1207912
1096101
1060419
1100165
1074372
1064132
1051620
1060131
1084261
1065475
1056228
1062436
1083172
1096868
1067460
1067652
1061316
1059011
1058051
1080804
1096900
1090596
1082020
1116006
1087877
1134726
1151847
1052131
1072323
1043458
1077668
1076100
1088484
1098404
1079812
1073924
1080548
1092484
1089413
1071140
1063107
1106565
1066660
1070500
1061060
1102277
1069572
1070564
1099909
1118182
1078052
1064452
1085125
1078500
1063235
1069860
1064036
1066052
1057283
1106181
1135526
1089860
1162983
1088581
1052739
1052195
1099909
1061443
1063651
1060036
1108037
1148742
1058500
1087780
1051843
1055907
1074531
1072452
1064611
1076260
1075652
1058915
1072356
1064451
1079140
1057123
1059875
1062979
1107077
1070052
1057412
1097828
1091236
1067715
1080516
1088805
1071556
1067556
1042242
1174024
1087172
1065795
1072771
1065892
1065156
1047939
1086532
1061091
1054212
1077092
1065508
1065955
1060420
1214888
1104837
1105924
1072323
1058564
1053027
1123845
1154375
1056099
1052931
1066884
1060931
1063108
1076548
1078596
1132710
1054916
1057539
1062020
1054467
1056579
1093541
1065060
1065348
1081093
1088612
1062532
1050467
1050115
1102373
1051235
1049827
1136006
1092292
1061124
1041251
1077316
1054020
1089252
1083364
1071396
1061347
1069315
1085284
1073572
1076708
1067332
1099717
1070148
1101349
1084069
1067555
1071651
1064036
1090372
1056291
1100869
1066948
1062980
1053667
1071652
1079396
1046019
1052643
1056004
1090692
1072484
1051427
1051556
1083812
1072100
1053507
1061476
1055555
1060740
1057507
1078724
1083620
1057188
1052420
1104709
1072644
1054211
1093860
1090084
1062724
1072900
1066500
1045699
1064291
1062179
1069668
1060803
1074020
1056259
1052675
1057923
1050948
1063172
1057539
1062372
1053603
1074756
1071716
1059939
1045315
1068004
1061892
1062212
1096197
1067492
1067460
1058468
1064324
1069603
1065764
1063363
1081156
1058499
1073988
1068964
1061923
1090116
1044643
1070819
1077188
1050755
1039011
1093381
1046819
1094021
1059812
1060259
1079204
1054564
1079556
1057219
1069156
1058723
1082820
1062019
1066435
1255626
1204008
1089380
1093381
1063460
1049123
1049251
1078628
1050787
1078404
1052227
1133478
1102181
1080452
1084388
1095493
1179431
1137190
1202888
1228233
1188648
1072740
1087428
1089796
1111493
1228425
1152743
1105765
1066371
1048355
1079652
1050435
1068803
1078533
1074628
1076036
1118406
1089348
1116998
1087077
1070788
1101508
1076708
1080964
1094981
1075460
1098469
1121349
1074660
1075588
1101125
1119813
1067299
1106693
1086052
1085252
1083652
1117414
1191464
1171207
1083556
1136998
1082500
1089476
1117157
1150087
1102916
1129254
1117061
1093093
1133574
1110981
1099205
1103429
1119621
1092100
1117381
1137894
1249162
1187464
1083332
1053027
1072932
1073219
1055011
1055172
1069252
1088324
1102373
1069156
1065828
1072388
1036803
1057123
1073732
1070180
1058243
1070788
1084772
1062788
1062788
1062979
1092228
1050371
1046883
1083812
1062691
1048419
1055555
1101445
1076964
1061540
1069699
1099908
1080228
1071748
1091492
1098245
1071875
1059716
1092389
1085604
1064227
1040099
1083108
1071268
1067267
1085220
1083620
1087333
1083460
1098020
1053315
1051171
1054979
1085220
1054115
1046275
1046467
1088772
1081284
1060099
1069092
1062340
1073316
1054180
1062275
1048003
1056515
1037859
1064868
1028611
1060580
1048515
1068900
1071460
1067619
1083972
1065700
1072004
1077540
1079364
1055780
1056003
1066467
1096068
1074596
1057379
1073412
1090244
1062692
1057988
1085380
1073540
1078084
1055331
1107461
1083685
1059555
1075972
1069284
1049699
1046307
1048163
1068323
1057092
1062276
1102308
1211913
1118598
1129446
1058819
1079108
1049315
1098085
1082148
1056132
1276811
1090084
1052931
1049699
1094052
1076228
1041474
1076036
1041154
1048803
1059619
1089476
1064516
1063587
1043554
1093093
1153223
1060003
1087972
1052227
1049667
1054563
1096229
1072420
1057348
1080356
1063524
1048835
1044867
1140326
1064611
1073636
1054371
1062756
1050627
1034530
1043523
1090820
1040451
1042498
1054020
1055523
1029282
1023587
1045987
1057572
1028610
1017730
1045155
1017250
1013922
1019010
1038211
1011906
1026466
1026690
1039875
1027298
1013058
1016386
1045347
1015938
1009505
1001698
1130950
1054211
1038179
1083716
1081892
1055108
1072580
1082468
1069444
1050627
1037027
1072996
1061859
1064132
1058211
1049251
1043842
1059460
1075652
1064515
1058564
1058755
1096292
1045187
1052323
1067876
1083396
1059460
1072516
1146022
1066724
1060899
1050916
1085413
1058756
1059875
1074692
1085701
1059172
1086053
1081348
1064900
1053539
1044226
1086564
1036162
1057668
1062212
1091653
1047715
1053347
1090340
1071171
1066308
1068260
1096132
1078948
1049571
1040707
1065988
1050595
1056387
1082052
1098469
1072964
1059139
1068835
1047139
1063971
1088773
1083973
1069796
1072836
1064067
1075844
1058819
1078340
1061636
1049156
1076196
1053507
1086308
1058084
1080708
1085188
1103493
1092260
1071332
1097381
1092708
1078212
1048547
1065764
1050851
1049667
1056323
1085732
1061316
1059204
1028642
1098532
1083524
1070531
1060356
1079524
1065636
1044067
1069284
1092356
1036483
1064836
1070500
1079652
1069540
1067588
1095717
1057284
1062595
1059971
1080228
1057220
1069412
1082309
1072452
1055619
1052227
1085380
1063427
1069924
1076644
1091365
1073444
1072900
1059619
1080452
1051587
1061284
1043907
1115141
1075460
1082340
1088804
1078980
1063811
1059651
1079204
1064484
1047011
1043939
1062820
1054787
1064708
1087685
1072740
1065571
1071012
1100005
1091684
1090821
1063075
1082436
1062403
1056260
1044867
1085893
1062147
1049955
1037315
1059971
1044450
1067235
1072356
1053315
1051619
1049795
1069892
1061059
1056004
1050339
1076228
1065635
1074884
1062948
1100484
1077060
1048163
1067235
1050179
1054212
1069188
1087429
1071492
1059747
1061315
1089028
1060740
1067363
1030371
1093509
1070820
1074084
1079396
1073988
1058979
1073156
1072644
1101253
1075876
1036067
1062596
1075300
1081124
1089092
1062819
1032930
1053859
1084324
1060771
1057347
1048259
1068900
1048771
1054403
1045283
1077796
1081412
1048323
1075587
1054755
1061763
1062244
1093893
1080932
1070308
1074564
1123237
1078372
1063075
1078404
1071780
1076867
1075780
1090373
1072644
1061731
1106853
1087876
1080068
1055395
1059491
1083812
1067491
1050979
1092869
1056260
1062179
1082340
1071044
1066436
1080804
1091621
1077668
1084997
1062436
1078276
1054916
1058083
1068579
1096388
1055587
1079076
1082405
1057284
1050659
1070883
1099300
1071044
1084164
1076612
1090405
1088580
1082148
1079780
1082084
1076836
1051971
1078724
1066532
1066723
1081348
1077636
1073124
1070500
1081892
1078500
1054371
1052516
1075236
1059811
1068132
1066500
1084356
1073187
1054819
1080804
1076580
1088101
1057347
1083685
1080100
1069124
1060899
1070147
1061955
1106181
1074244
1058531
1075620
1063107
1080676
1061636
1055075
1029347
1111525
1052483
1060516
1077380
1053795
1060260
1047683
1065283
1064420
1052195
1060387
1084260
1080388
1055331
1051395
1075524
1060579
1052356
1056291
1072036
1058244
1060644
1069699
1052163
1052835
1056899
1083396
1055908
1043939
1034882
1129445
1045891
1048771
1219240
1104165
1106821
1119365
1102533
1088452
1062755
1071396
1045251
1057251
1075972
1079396
1049315
1048099
1086821
1062403
1054083
1057860
1098661
1053283
1052547
1071236
1072356
1066564
1059652
1093765
1052195
1059844
1053923
1083076
1061316
1067972
1055619
1077764
1057827
1062788
1065284
1089156
1079012
1044643
1072452
1081444
1063619
1077956
1076996
1093157
1051779
1053091
1083429
1063811
1056228
1079140
1063876
1071939
1091204
1078500
1067780
1071524
1052643
1078372
1061220
1053123
1067524
1064644
1060067
1049091
1087204
1061443
1059971
1063875
1081956
1068228
1094981
1052899
1081348
1064867
1050403
1071364
1077284
1055684
1047779
1073604
1057284
1049859
1059107
1180231
1062148
1053443
1095556
1048355
1071812
1046819
1092389
1037570
1056067
1082308
1101796
1041794
1043043
1058148
1057731
1048548
1034307
1094117
1091332
1047043
1036227
1073476
1043907
1053155
1040931
1092837
1047171
1032739
1054819
1044355
1032194
1048259
1056067
1053091
1050627
1051363
1081444
1056867
1051395
1076516
1110533
1071748
1069860
1089541
1059907
1051556
1072420
1080324
1057603
1062084
1032770
1047843
1047587
1070692
1048067
1068483
1066724
1076292
1084836
1046627
1059940
1046851
1059044
1047907
1062499
1068739
1104389
1076516
1081572
1044291
1070212
1061923
1056100
1187847
1068836
1052515
1053059
1088709
1068452
1055011
1051236
1069156
1043234
1044067
1055524
1084964
1067972
1076740
1058691
1048003
1046499
1041411
1055203
1048835
1045795
1045346
1105381
1057443
1050435
1080868
1125381
1063299
1119494
1096933
1074212
1064771
1069892
1099397
1060004
1083300
1082821
1075044
1125477
1044802
1063619
1031683
1064899
1053059
1054179
1050211
1043171
1142246
1076612
1059715
1080196
1068868
1040355
1046179
1055204
1029827
1045027
1056932
1153382
1074244
1050531
1089285
1068195
1054563
1054595
1087141
1065219
1057827
1087397
1066052
1052996
1062147
1082372
1068708
1066308
1039299
1078916
1056995
1048803
1052163
1102405
1070403
1061348
1094660
1047843
1059779
1058180
1069060
1061572
1053731
1043715
1057092
1051011
1070404
1038243
1084388
1055299
1056163
1074820
1053379
1083045
1057667
1076516
1057892
1060004
1062436
1077188
1035779
1054307
1100613
1138918
1061668
1046115
1084325
1067364
1070596
1074020
1096676
1072804
1045219
1107749
1105477
1107621
1069763
1070051
1067427
1064611
1068772
1070627
1060067
1033218
1103781
1073380
1079588
1079940
1049091
1032514
1138342
1138662
1053091
1041443
1045635
1074148
1056388
1050947
1071012
1044419
1061860
1044963
1095525
1073092
1057251
1091301
1065059
1042018
1046979
1071428
1052899
1075492
1039331
1075108
1051907
1051812
1063235
1072356
1067204
1057347
1076964
1073476
1071396
1075876
1110469
1069540
1080485
1066948
1060899
1050787
1134181
1182632
1116965
1053411
1083492
1080676
1058243
1048675
1059491
1077636
1068931
1053155
1073956
1068612
1051427
1046051
1084133
1068260
1048515
1078148
1073924
1069412
1051332
1191976
1068323
1082149
1091332
1094757
1077316
1049571
1084900
1083300
1060740
1066084
1084773
1062244
1065444
1049731
1087876
1052771
1057539
1061923
1050883
1055011
1076324
1069827
1057668
1063428
1067524
1069604
1050339
1082884
1073444
1089604
1084196
1069412
1095397
1073060
1066243
1052515
1095844
1065380
1054307
1065315
1088708
1072579
1064836
1066564
1118917
1065444
1049347
1067684
1098309
1090213
1062787
1093285
1070468
1055587
1079652
1091492
1074276
1062212
1047139
1084389
1062211
1054148
1102213
1082468
1083940
1055843
1090885
1075812
1078244
1069507
1106277
1067396
1049603
1051843
1073636
1044771
1062820
1093221
1068868
1049859
1036195
1085508
1043555
1070340
1054308
1070948
1060323
1060260
1054371
1090756
1060324
1055747
1077348
1079940
1065252
1046979
1054787
1087716
1067267
1043587
1086181
1060771
1057699
1079140
1098053
1068227
1072483
1109253
1076292
1077700
1080388
1105733
1103077
1086341
1083396
1088485
1066179
1067620
1101028
1080868
1061731
1080708
1084933
1096932
1072292
1055459
1091301
1054179
1069507
1059139
1087812
1071940
1083364
1073348
1080580
1075684
1076036
1080388
1066852
1059012
1052035
1103205
1071716
1067428
1060131
1115910
1062947
1071780
1082180
1068548
1072996
1080964
1085956
1052387
1055011
1049763
1069988
1043234
1064996
1050148
1067460
1064644
1063203
1085284
1075236
1066563
1052772
1083172
1069252
1072068
1043331
1072452
1050723
1082788
1089413
1050179
1046723
1047011
1117029
1108005
1051876
1042018
1075204
1076804
1108005
1095045
1061443
1054467
1057891
1094437
1072260
1095973
1069027
1082660
1102661
1076516
1076452
1098532
1055844
1043075
1095685
1053187
1064771
1069252
1057028
1052067
1061763
1077060
1058532
1070404
1067332
1080164
1054051
1052419
1085636
1095588
1065539
1069028
1073411
1059459
1061475
1086948
1082436
1072740
1063299
1057859
1067332
1065795
1056196
1076484
1075652
1069604
1061603
1068580
1051684
1057924
1046051
1101413
1048707
1079172
1087940
1083364
1055939
1053251
1069892
1062084
1052611
1048483
1074756
1065859
1071427
1037891
1087876
1060003
1056100
1069540
1050180
1062884
1055876
1080901
1048131
1056836
1044035
1101509
1045763
1054819
1053892
1102885
1063876
1047107
1065091
1081093
1051331
1070051
1083396
1074276
1051459
1085349
1091716
1065988
1061987
1089860
1053987
1044579
1058116
1073508
1078020
1053027
1050659
1080836
1064675
1058499
1050499
1080804
1081092
1056099
1066115
1064196
1088901
1045763
1077348
1076260
1087749
1052227
1078500
1057796
1096356
1041763
1074084
1056260
1061732
1088100
1059971
1063427
1068580
1078149
1061283
1069251
1056676
1089253
1061123
1077892
1090596
1073572
1067236
1060835
1076324
1054436
1055971
1052643
1097732
1049027
1050403
1064803
1065475
1069124
1093284
1087780
1063140
1056452
1072804
1098117
1084997
1082053
1085540
1053667
1051011
1079620
1074211
1065700
1064387
1053283
1083556
1078276
1078948
1076964
1106469
1086628
1068868
1074628
1045859
1081252
1070116
1085925
1076580
1086244
1087652
1070019
1054627
1076868
1079620
1076964
1069732
1085189
1092997
1068419
1075588
1044802
1093925
1065540
1100645
1084324
1074692
1068036
1055908
1069380
1051299
1055235
1033186
1086053
1085700
1063235
1053059
1077444
1071747
1065028
1104036
1065764
1054851
1056740
1071780
1067396
1056292
1070180
1074756
1069956
1070691
1094308
1084132
1062372
1049091
1058723
1075940
1050723
1052836
1066276
1062404
1074660
1046243
1077220
1068388
1064900
1091589
1086116
1088452
1085476
1083652
1068900
1076068
1070980
1090501
1035203
1041698
1069988
1048323
1067107
1060579
1068292
1074403
1068836
1057731
1069635
1062276
1065027
1069540
1078596
1074084
1069188
1081572
1057156
1062947
1097189
1084516
1065796
1064931
1053603
1087524
1060003
1073860
1073380
1062852
1060772
1065444
1097669
1080996
1052419
1065316
1073891
1045827
1055491
1107109
1071140
1055875
1080196
1086948
1069124
1045027
1041347
1057955
1070084
1046275
1035170
1067075
1045763
1054756
1076484
1057636
1060068
1078436
1091172
1079076
1057187
1064451
1076612
1056227
1063428
1035426
1113382
1064612
1057923
1052067
1068708
1077796
1047395
1051811
1044451
1051075
1050788
1091364
1058563
1062564
1045346
1082628
1061411
1066244
1054243
1116453
1065763
1074692
1085220
1082628
1070307
1057027
1074436
1066628
1052355
1050979
1083045
1069220
1072292
1065699
1066500
1090373
1063875
1091460
1077796
1059107
1050147
1081092
1057795
1054915
1063268
1060899
1082820
1060740
1072516
1072900
1076132
1069923
1097220
1077796
1075684
1049987
1084421
1080132
1093796
1078724
1076836
1061028
1061891
1065444
1060515
1063683
1067044
1086820
1056163
1065603
1083044
1050275
1064612
1060195
1073476
1059684
1057731
1056419
1081828
1044675
1056324
1079940
1049379
1049443
1076324
1073284
1047139
1067908
1068580
1082052
1059811
1072100
1054467
1081764
1057828
1081060
1080836
1057635
1050371
1056899
1072259
1060932
1049219
1069476
1092517
1062115
1045571
1065956
1071908
1056676
1063491
1080901
1090692
1047363
1060900
1082052
1066500
1065188
1055748
1085284
1079941
1050499
1081701
1060163
1070660
1059299
1107653
1085700
1065828
1044515
1112037
1057188
1060196
1092837
1069956
1058915
1076068
1066564
1053891
1065476
1057955
1083684
1086629
1078692
1089541
1060900
1061284
1064515
1070499
1065956
1072515
1058467
1074499
1049252
1058531
1044322
1068196
1042307
1051171
1075460
1062628
1066020
1068708
1127558
1060419
1058883
1091204
1062403
1038659
1063044
1078180
1052035
1051683
1083812
1060099
1065508
1066084
1080996
1051843
1053123
1075844
1063971
1048227
1054596
1076804
1053155
1055555
1051491
1079876
1055235
1070627
1058404
1097445
1077188
1068643
1063140
1097029
1084388
1088868
1081988
1067427
1069603
1099780
1092548
1060420
1068996
1058115
1101637
1080997
1072612
1088100
1076068
1055139
1047235
1073796
1043138
1067620
1048195
1067332
1072164
1056483
1091204
1062531
1072388
1065828
1077860
1060579
1052291
1057187
1103109
1065380
1065604
1088868
1078404
1052836
1049571
1060675
1060739
1069220
1065380
1088581
1068260
1062148
1096612
1069060
1080356
1079396
1083236
1064771
1056868
1078116
1082628
1085700
1093221
1087652
1066468
1065444
1055107
1066884
1062020
1078052
1048675
1076452
1060579
1075684
1070052
1101156
1092900
1069348
1090532
1076964
1068420
1074468
1114566
1097540
1091269
1082533
1057571
1064612
1061571
1082245
1043971
1065412
1057924
1074852
1057412
1059427
1067876
1058723
1055843
1055844
1098181
1068836
1063684
1058532
1089477
1065028
1069252
1076228
1072612
1060004
1074020
1068772
1071812
1071236
1077828
1084101
1068932
1074052
1108101
1080772
1066371
1066788
1093796
1066820
1052419
1045827
1073476
1057859
1074884
1055203
1071395
1082564
1055396
1061603
1064963
1051843
1060003
1064580
1064740
1065124
1059395
1088004
1064739
1077252
1051715
1094692
1079812
1052963
1069636
1040739
1047715
1078468
1093348
1080516
1074308
1073316
1096932
1073571
1063204
1086724
1073604
1055203
1058340
1070148
1063812
1058243
1066660
1100581
1088452
1051907
1058531
1088292
1070755
1054819
1064323
1051299
1067908
1034434
1078276
1059523
1059172
1056932
1074276
1052803
1056356
1071268
1049283
1045699
1053283
1066788
1046402
1094532
1058883
1087588
1070756
1067652
1071300
1047907
1059875
1063620
1084004
1064644
1058659
1049668
1100101
1066435
1064548
1057027
1092996
1067364
1069956
1074148
1072836
1069123
1074916
1098084
1088581
1090788
1075748
1106437
1092164
1069028
1100741
1075268
1077284
1082948
1073219
1076964
1085573
1072227
1081316
1055300
1055268
1086308
1062883
1052739
1046627
1081253
1063907
1065923
1044835
1107525
1053859
1055267
1031363
1079492
1066308
1060099
1066724
1078468
1061220
1067780
1089988
1080837
1085093
1098245
1089317
1027779
1072612
1066276
1088100
1073348
1056963
1087108
1066372
1058115
1065827
1097893
1073188
1068228
1080036
1093060
1069252
1061667
1063203
1062148
1063236
1044387
1084164
1057411
1056451
1041731
1070275
1060163
1062436
1050468
1066884
1057763
1070628
1080388
1057187
1052931
1071652
1068451
1037090
1062148
1063779
1070596
1054563
1057892
1066051
1089349
1064964
1067427
1090852
1063907
1064803
1084101
1094916
1059395
1056772
1064868
1073572
1071908
1069092
1050243
1094981
1057635
1054755
1149222
1053443
1054627
1076420
1097445
1075012
1068004
1092132
1084292
1052899
1062692
1077348
1059075
1072068
1060004
1073923
1057411
1068324
1076612
1109542
1097797
1092324
1070884
1050403
1057987
1055427
1076964
1060547
1056515
1034371
1109382
1076228
1079813
1097381
1089957
1087044
1065027
1065252
1066339
1056707
1062820
1085285
1074628
1083301
1072708
1071363
1063524
1048804
1082340
1059684
1056323
1063460
1089668
1071108
1090309
1043587
1078212
1085317
1078276
1102693
1059268
1061540
1071780
1084517
1065091
1069572
1066884
1095524
1084068
1069763
1084612
1084005
1065156
1062403
1084644
1074596
1051363
1081732
1089732
1074468
1065763
1064740
1074180
1069700
1066403
1084804
1078276
1076196
1085124
1114694
1079556
1070884
1107077
1078916
1075556
1075044
1090501
1083204
1082564
1073028
1086469
1046371
1054243
1076932
1060996
1077476
1080932
1406415
1087940
1050659
1041187
1074116
1074436
1081732
1099396
1064260
1051203
1050403
1068996
1038851
1050211
1029282
1067780
1043523
1060388
1052003
1106757
1069572
1061315
1094661
1080004
1053540
1060324
1087268
1050083
1053155
1049379
1091557
1065540
1064387
1063939
1079204
1048803
1057667
1086661
1103140
1053603
1046883
1063780
1047779
1056355
1039299
1080356
1041443
1059459
1044899
1078084
1056675
1061091
1093956
1063908
1059364
1068035
1094533
1052931
1045699
1052100
1072644
1066627
1038274
1060676
1084708
1042211
1051140
1081284
1044515
1055971
1064356
1097189
1062084
1059076
1063652
1080740
1052227
1072900
1087269
1068932
1059299
1062179
1089829
1067876
1060003
1060035
1092772
1067524
1053603
1076612
1050979
1054371
1065891
1062915
1072451
1076356
1051235
1122501
1058787
1049987
1067652
1050980
1062211
1047203
1072132
1056003
1062052
1041827
1098148
1063972
1070244
1106277
1060611
1046499
1059171
1096965
1066884
1061251
1055715
1095525
1053891
1053283
1040355
1101445
1078820
1072452
1090277
1074980
1084196
1061603
1078788
1055491
1051267
1051043
1098085
1052675
1170919
1098309
1073988
1146054
1176391
1117093
1157127
1140934
1077476
1040163
1089284
1065380
1055651
1074724
1083685
1053155
1064067
1069348
1054915
1055523
1056772
1062723
1045539
1059907
1090053
1058595
1064260
1073348
1077988
1062275
1060964
1044739
1096069
1074116
1082948
1079332
1067492
1065348
1071012
1088740
1040419
1051875
1042083
1074723
1057444
1088292
1069155
1086052
1082660
1054243
1064260
1047875
1050467
1056740
1070116
1064228
1081828
1075428
1116069
1069188
1043427
1037986
1090916
1068131
1058339
1086788
1068836
1071012
1056067
1075364
1056867
1064548
1061924
1071939
1057699
1043651
1064291
1067076
1050787
1057508
1103301
1098373
1080516
1081028
1067619
1056707
1053540
1048035
1069892
1072196
1080420
1073252
1078308
1065220
1070244
1059620
1098756
1083492
1099428
1079588
1054756
1055492
1062596
1083556
1054115
1080868
1064675
1103525
1061603
1062787
1070308
1053123
1040291
1094693
1080228
1049987
1064740
1052099
1087492
1048547
1047075
1038722
1074628
1065988
1054436
1106213
1047011
1042979
1173511
1193672
1111621
1097252
1133254
1162055
1148486
1108389
1063299
1050403
1087140
1063940
1055811
1072836
1063843
1063267
1061027
1089380
1054595
1065731
1039427
1075556
1060899
1053316
1044898
1074500
1074180
1063524
1057251
1050884
1052259
1046051
1062116
1049187
1051459
1076708
1087589
1050787
1038083
1041379
1077252
1058084
1053923
1052003
1066499
1067396
1054820
1063012
1050019
1059364
1050691
1059747
1068323
1059907
1043107
1084260
1062819
1048899
1063523
1073924
1055747
1049859
1049539
1083364
1047971
1052067
1071364
1067588
1055491
1068612
1078884
1062372
1049475
1060900
1089285
1063652
1060803
1057923
1082437
1053827
1052963
1063459
1088484
1063428
1067556
1075268
1068195
1044354
1056707
1081572
1084164
1060195
1068612
1098373
1078756
1058787
1043683
1064036
1055043
1057731
1067204
1052483
1045059
1056547
1073540
1048803
1054180
1051747
1074180
1046435
1068228
1038179
1065988
1059204
1066915
1061923
1071267
1037315
1053251
1068995
1075428
1054819
1068932
1092901
1066627
1065763
1052579
1074436
1068131
1060931
1061892
1080709
1055267
1076515
1092357
1072900
1058020
1055043
1107077
1057219
1054788
1069668
1077860
1063011
1052323
1044515
1078852
1054595
1074628
1083301
1082628
1090340
1056099
1092516
1069636
1075012
1056931
1109637
1057635
1047459
1066659
1080196
1061252
1049347
1083812
1066788
1078756
1057411
1085220
1069380
1058308
1060420
1080132
1069987
1054019
1048099
1079493
1059651
1053827
1032483
1081285
1049443
1060324
1083236
1059939
1056740
1071716
1083332
1064739
1042307
1050947
1079813
1057892
1052739
1059043
1072836
1053187
1045795
1076708
1058595
1062115
1048419
1083108
1059171
1066884
1061571
1088132
1063556
1063748
1050275
1087012
1064483
1060387
1097317
1048291
1044099
1052803
1057956
1067524
1059267
1076548
1077220
1068004
1092261
1056931
1084004
1056995
1060836
1056931
1072003
1069476
1075524
1073892
1046115
1053283
1039522
1070275
1050883
1046819
1071812
1080228
1053379
1070051
1074436
1088741
1071588
1062339
1073508
1079556
1059140
1052611
1059843
1064996
1059075
1061411
1093381
1062692
1069828
1074532
1104933
1066627
1065316
1090916
1082564
1063235
1057316
1100069
1082181
1049891
1049955
1078596
1055971
1053059
1088612
1051235
1048515
1062308
1087781
1076452
1056355
1056003
1083877
1060131
1057540
1073188
1069860
1069635
1048035
1086628
1067299
1048355
1039747
1070755
1056708
1045763
1048611
1069603
1052771
1063620
1067651
1063716
1062435
1080036
1107013
1066979
1062051
1070948
1086596
1066371
1063972
1070308
1077444
1074020
1033794
1069348
1055075
1077508
1051971
1069412
1065060
1066052
1040995
1065476
1062467
1058947
1107077
1057539
1049443
1047651
1104453
1070852
1057572
1044227
1084644
1061923
1054084
1054883
1085956
1052035
1058660
1101573
1070148
1069796
1076196
1071748
1054212
1053283
1048419
1071108
1055716
1050531
1066787
1043651
1074788
1060003
1082020
1068004
1095077
1069796
1085188
1076996
1066051
1090180
1080068
1064195
1054275
1081284
1088996
1078820
1074916
1104869
1072420
1082117
1045091
1097316
1055523
1052643
1080420
1063428
1096836
1069699
1102757
1063716
1092932
1087237
1095716
1071460
1033890
1075396
1078276
1081125
1067299
1071908
1055651
1066755
1048515
1071556
1078020
1077924
1083524
1051523
1053060
1053155
1090340
1093028
1076004
1045347
1101541
1076036
1077924
1066052
1088804
1064036
1051555
1073604
1071875
1059779
1061027
1081892
1080068
1066147
1066659
1082916
1075908
1081316
1095845
1083780
1083364
1075684
1070980
1071588
1085380
1075204
1105509
1065380
1079140
1097925
1090181
1071076
1063939
1079268
1064963
1065091
1064708
1089893
1082500
1088452
1084676
1106085
1083140
1082532
1086917
1062979
1054148
1056804
1094085
1070339
1070116
1050691
1101125
1075620
1063492
1080580
1071492
1059396
1059843
1089668
1069636
1072004
1060771
1086532
1067460
1071620
1099141
1068932
1052515
1059651
1067171
1061123
1091493
1058500
1100229
1094885
1076644
1068676
1051459
1067619
1072996
1079332
1057283
1057155
1055556
1082116
1057668
1074372
1067044
1055683
1063715
1069828
1082980
1095301
1064292
1044867
1088964
1078532
1076324
1053315
1075396
1082981
1085189
1092100
1064644
1078436
1057668
1092453
1056931
1082021
1070788
1091877
1074276
1070468
1104517
1069284
1068228
1066980
1088004
1065795
1085956
1059683
1078628
1075972
1054436
1102661
1067364
1055075
1065795
1071780
1060612
1067972
1079684
1071460
1076516
1067044
1069732
1066084
1090661
1055523
1077316
1057123
1051299
1055427
1075140
1055588
1066307
1087268
1043811
1064899
1064867
1081412
1059395
1057859
1049315
1090084
1055748
1050563
1078468
1057987
1052483
1059555
1073412
1046435
1046083
1056547
1064132
1041891
1046979
1041379
1079620
1059555
1071364
1052387
1087876
1051363
1070307
1071267
1044867
1061987
1044131
1061027
1084036
1061412
1053635
1081156
1058051
1056355
1065252
1057571
1069763
1059651
1059139
1070340
1063908
1052836
1098661
1055843
1056324
1038787
1096388
1047907
1042755
1063587
1066948
1056547
1056771
1069220
1070147
1068771
1058468
1065667
1053187
1062276
1055171
1087748
1070787
1064100
1063876
1056643
1067716
1049796
1069923
1057635
1045443
1050148
1089765
1058532
1064995
1077028
1065699
1068804
1063876
1098981
1062916
1061539
1043075
1086276
1056164
1068772
1061956
1078692
1081732
1040931
1066051
1071907
1056451
1059332
1074692
1061859
1059523
1062211
1092133
1048355
1044739
1049539
1071748
1055235
1065252
1072452
1056260
1075812
1045251
1078500
1060804
1060931
1078660
1083972
1052643
1053187
1078116
1071716
1074308
1066371
1083588
1071972
1056323
1075012
1097061
1077924
1074148
1104165
1067492
1066020
1058019
1074596
1060484
1071844
1055619
1081284
1050115
1057667
1066916
1056996
1045187
1055588
1086021
1065603
1052708
1044899
1073700
1044514
1079268
1037539
1088292
1060835
1049955
1061763
1066051
1055908
1055651
1053891
1065540
1067075
1052067
1070788
1048003
1063012
1042307
1087780
1074692
1049635
1063587
1065795
1040258
1049027
1073060
1082116
1056963
1043299
1096453
1067299
1041635
1038467
1072612
1063363
1079268
1070115
1048707
1069316
1052899
1072803
1055172
1057859
1053219
1079876
1060067
1049284
1049827
1082084
1059395
1062147
1083588
1066435
1055747
1050211
1080996
1051747
1055171
1046307
1081988
1046499
1045219
1060547
1068356
1047491
1046659
1098661
1062788
1046435
1051555
1064868
1064804
1043330
1044611
1058307
1045347
1034434
1086180
1080740
1058020
1053411
1104773
1077636
1073059
1065603
1081860
1052963
1053092
1086117
1054787
1089509
1082789
1096580
1081476
1076484
1056195
1099653
1079428
1070436
1104293
1090405
1081317
1078116
1100837
1073668
1075204
1069348
1100997
1064067
1098725
1066020
1059011
1058115
1053380
1075812
1070500
1060355
1044387
1065860
1066308
1053475
1044291
1064996
1057315
1071396
1066563
1050531
1061603
1051331
1068324
1060739
1077124
1053156
1098501
1070564
1068932
1063491
1088676
1058083
1055843
1066756
1060132
1058179
1055139
1076164
1068387
1066916
1059587
1087365
1058500
1047139
1040162
1103237
1052931
1053891
1087172
1081700
1045923
1054244
1071972
1048547
1069124
1078340
1099909
1082916
1075684
1140678
1064419
1071428
1065923
1096228
1071396
1074244
1044259
1072324
1049859
1053891
1052612
1073860
1056963
1069571
1069860
1070276
1064195
1054147
1085060
1075972
1061187
1137126
1095940
1085796
1052067
1074660
1079684
1058819
1067107
1090820
1073028
1066532
1055299
1098853
1086340
1079204
1087588
1062403
1058884
1058691
1094533
1055395
1052963
1048739
1086564
1064099
1048643
1080420
1102373
1061091
1048611
1074020
1086309
1054563
1079044
1064771
1060035
1058084
1096229
1050883
1058467
1044771
1072067
1055587
1053283
1089797
1068100
1075780
1079588
1075620
1061539
1057604
1051171
1080004
1059236
1054467
1045251
1091493
1049347
1046979
1072068
1066819
1072644
1055812
1065571
1053795
1070147
1055588
1077732
1060036
1048483
1047587
1081124
1057796
1064035
1075716
1064932
1068708
1062723
1082020
1061732
1050659
1078628
1074340
1062084
1061283
1089956
1066403
1066564
1071972
1064483
1071299
1045859
1049955
1083205
1057187
1051651
1088196
1069316
1059267
1061571
1076004
1055747
1078308
1056355
1081348
1055043
1056451
1062371
1090372
1063939
1082628
1088260
1063715
1063460
1059972
1081445
1068963
1050915
1035299
1079876
1063588
1073540
1086276
1093893
1059203
1059076
1084517
1048899
1057379
1030146
1075812
1050403
1057155
1069572
1098757
1074916
1044355
1061603
1089444
1062404
1058339
1089028
1073700
1049891
1060708
1110693
1084484
1076612
1056611
1083012
1066692
1064131
1072068
1056771
1087268
1058051
1071268
1065699
1087780
1076964
1121542
1064484
1076900
1084260
1073700
1069124
1080100
1079332
1068580
1063907
1054243
1102981
1109957
1051971
1104293
1095749
1053444
1060195
1078244
1078596
1086276
1070851
1096484
1069924
1070308
1087236
1075524
1075652
1072484
1080228
1095012
1075044
1068452
1100421
1091556
1101733
1114085
1097445
1073156
1047747
1092709
1066692
1057156
1072836
1081700
1057795
1057156
1084196
1053252
1042371
1062723
1081348
1078596
1083940
1086053
1120454
1095717
1066020
1072164
1079972
1056164
1063972
1121317
1090021
1092037
1064612
1075300
1050787
1068100
1093637
1080293
1056516
1053348
1086629
1077444
1072419
1068963
1113125
1082660
1075172
1072580
1045763
1065411
1075364
1083460
1101285
1085636
1067908
1091397
1060931
1084548
1081829
1055108
1061283
1077156
1086692
1066883
1053988
1058435
1101349
1083620
1064035
1097221
1072452
1091365
1055236
1057443
1088740
1075876
1060324
1091205
1101573
1087492
1101157
1111461
1102692
1094532
1112613
1061315
1087364
1081956
1087492
1064579
1069828
1088580
1091269
1074852
1082756
1095428
1092325
1069507
1065796
1078244
1068708
1055940
1086372
1054595
1074468
1064484
1097541
1080260
1059075
1048195
1100260
1088196
1073732
1082181
1071171
1080228
1086660
1081988
1057315
1079332
1075652
1104229
1061348
1061220
1080900
1072003
1073060
1071140
1106597
1074372
1071268
1059459
1084420
1075716
1074852
1088517
1072068
1079108
1054659
1086212
1062851
1061604
1049955
1074820
1055331
1058756
1077476
1062852
1063555
1065188
1087268
1068900
1061219
1059780
1088485
1056516
1064611
1084196
1057123
1058916
1061284
1074788
1066244
1057795
1041731
1065860
1071780
1059716
1050211
1078148
1066180
1063300
1074788
1060675
1064483
1061091
1080036
1081444
1074244
1060195
1080996
1054467
1059972
1044354
1080548
1084516
1060996
1073668
1058243
1073764
1060899
1088548
1063524
1062532
1046595
1085796
1066372
1079268
1068260
1073444
1050851
1045891
1088197
1067268
1055684
1045538
1078052
1050051
1071524
1081028
1071812
1077924
1061379
1066404
1051651
1050787
1075140
1075459
1058596
1059044
1057219
1089316
1073475
1062596
1085700
1070692
1054787
1047459
1084292
1039555
1055299
1057859
1060548
1069284
1045475
1079652
1043075
1046627
1057699
1095141
1058244
1069603
1058307
1066980
1071715
1061316
1087012
1070691
1062435
1070084
1094885
1055587
1047043
1066980
1089764
1061475
1079812
1074116
1083237
1047971
1063428
1071075
1061444
1057603
1064740
1073923
1060067
1073955
1051907
1089636
1064708
1063556
1090053
1053411
1061828
1069508
1072996
1068516
1045891
1048739
1084196
1060259
1049571
1072484
1081316
1068740
1071076
1088612
1055555
1055683
1044163
1080516
1086340
1053475
1048163
1078948
1054948
1077956
1061124
1062307
1051555
1042659
1066148
1076228
1064771
1057028
1080932
1074404
1074852
1094372
1058691
1071588
1057955
1080004
1050755
1068932
1069796
1094693
1075460
1069507
1078660
1068228
1066244
1064452
1060099
1060996
1054243
1059972
1083044
1056963
1068196
1106309
1066211
1069668
1067811
1080964
1095044
1153543
1069731
1074596
1062628
1071204
1106533
1059076
1054756
1058595
1076612
1062947
1071268
1052227
1070276
1048419
1051171
1072388
1056195
1053667
1054659
1070052
1075363
1066243
1067716
1084485
1052323
1070660
1086212
1083109
1066980
1071939
1092292
1075524
1065796
1064355
1091237
1052484
1055811
1057219
1080773
1053475
1050819
1073092
1059299
1067939
1077444
1066819
1063684
1069348
1049955
1075812
1069188
1085732
1082436
1100325
1114949
1052419
1068452
1067876
1089316
1067523
1088965
1058211
1074500
1060068
1051652
1049667
1059876
1079460
1069572
1062563
1053795
1077892
1044450
1056772
1086980
1075844
1053028
1082148
1096005
1077380
1048931
1061508
1070116
1063363
1059683
1053028
1097669
1067012
1055939
1072579
1060740
1085604
1054884
1111429
1093925
1036770
1045027
1086981
1048707
1082821
1099237
1078596
1055043
1050691
1072580
1059619
1051619
1057187
1081636
1076963
1058595
1041827
1089125
1054147
1055747
1072228
1061060
1084484
1083268
1098533
1072580
1057795
1064804
1109061
1081797
1079364
1076068
1065060
1060612
1062691
1074020
1060196
1075140
1066084
1117669
1055171
1052579
1071556
1055747
1063139
1061796
1105925
1057219
1058564
1071940
1092996
1069636
1076548
1084517
1049764
1062052
1055204
1087108
1058371
1070756
1072260
1098212
1055139
1061860
1083428
1046755
1059107
1059779
1074308
1059107
1061123
1071908
1081796
1070788
1080772
1076900
1092517
1067843
1061316
1090469
1050787
1062820
1050948
1100869
1072772
1075172
1062083
1094212
1073540
1076644
1077476
1078308
1083940
1060195
1099397
1074628
1081188
1078084
1099653
1066980
1070820
1083940
1060035
1060100
1086340
1102724
1071235
1072004
1061636
1110309
1083140
1058116
1063043
1061188
1057219
1063715
1070948
1066148
1053219
1056387
1100612
1058147
1076740
1081604
1086117
1052483
1066948
1076292
1080260
1065123
1049603
1063204
1074435
1067428
1050371
1078533
1053572
1078372
1086597
1062627
1043939
1045379
1106309
1061956
1070243
1063780
1135430
1077636
1073860
1066596
1079556
1065156
1064355
1076452
1060740
1059236
1051971
1064900
1059523
1063203
1051107
1094757
1064771
1053667
1093764
1055587
1097765
1040770
1063268
1038370
1051811
1034723
1078180
1052163
1047459
1062052
1056931
1062403
1050723
1032354
1058051
1047363
1053859
1067683
1058884
1045059
1049667
1078660
1061700
1061763
1071492
1085604
1063747
1059716
1059203
1072132
1044323
1043395
1057188
1075620
1055139
1063523
1088836
1063300
1079108
1053475
1073796
1027714
1040675
1039299
1072132
1038883
1037955
1038755
1078532
1065347
1055683
1058308
1048835
1060003
1058851
1070435
1062787
1064995
1061891
1084292
1062980
1082276
1076996
1073892
1056420
1069348
1096644
1081284
1056931
1061988
1077604
1057604
1062467
1056611
1080292
1076484
1082916
1075428
1115813
1053827
1040803
1037795
1087716
1059075
1095076
1093349
1081284
1079972
1078020
1087173
1074884
1077508
1078468
1059556
1071236
1080164
1089732
1067907
1074276
1060228
1086501
1065252
1082404
1080612
1047267
1074083
1080452
1078116
1072004
1070372
1054852
1082725
1070595
1085188
1117509
1060963
1057891
1052196
1073732
1071204
1068708
1051427
1078180
1055428
1067203
1087749
1076004
1049859
1048419
1086181
1066819
1063011
1085732
1093284
1060227
1058148
1052771
1098085
1088836
1069956
1102053
1063108
1055651
1066788
1104325
1076900
1056804
1040579
1074628
1046371
1055011
1074980
1065796
1064676
1095524
1098565
1066084
1070020
1040707
1095077
1064260
1066916
1073188
1068548
1065028
1074820
1110085
1060483
1058148
1050883
1083652
1067812
1072644
1088740
1066308
1069380
1069028
1096037
1061220
1054275
1068996
1078212
1059587
1060484
1057827
1059235
1084709
1062180
1064964
1047843
1064068
1073412
1091365
1073476
1068772
1061668
1079268
1067235
1089828
1075300
1062692
1058915
1047171
1084100
1058243
1058084
1070020
1071652
1058275
1050179
1075236
1070372
1068068
1051171
1075492
1057603
1066052
1059811
1078788
1054243
1056899
1081412
1076772
1061156
1057060
1076612
1048323
1049091
1057123
1086884
1053251
1052483
1047715
1086436
1091365
1056547
1084164
1054179
1047779
1053923
1069571
1066243
1046499
1060740
1090949
1061156
1051939
1090917
1067492
1064964
1049507
1072868
1061859
1056196
1054435
1088068
1077476
1076868
1072644
1071492
1078980
1071908
1072932
1065891
1090309
1081892
1112645
1088292
1083525
1103269
1108517
1085124
1083012
1115685
1060644
1060035
1055940
1067652
1080324
1057283
1061956
1075076
1059555
1066755
1070212
1064707
1079525
1082628
1092869
1067107
1062275
1081860
1065124
1085477
1074180
1074948
1063940
1063587
1066308
1072804
1061124
1075748
1091556
1081636
1086949
1063428
1074212
1062500
1049187
1060451
1074243
1087781
1050819
1074500
1053891
1060707
1055620
1079172
1058468
1063460
1067940
1088869
1072644
1067460
1083492
1111589
1094404
1083108
1096580
1075716
1069763
1067492
1076900
1065315
1070916
1090501
1090788
1071556
1066211
1079876
1073443
1058116
1057700
1086788
1078468
1071716
1060676
1084100
1073220
1087461
1096772
1066852
1052323
1061283
1092516
1094277
1064099
1061284
1089028
1093125
1068483
1080868
1079684
1076612
1074851
1085381
1067491
1076900
1077476
1075940
1080964
1067844
1070276
1068164
1050851
1054595
1082788
1082788
1076484
1063107
1093412
1072771
1085828
1091044
1070980
1067876
1071971
1073571
1069539
1085284
1063811
1077796
1068419
1053443
1087172
1059395
1048419
1051747
1082949
1042307
1060420
1060003
1063396
1048387
1050723
1056356
1068196
1057539
1073124
1085061
1062020
1047107
1042659
1060548
1059012
1058180
1044771
1076452
1062915
1064260
1059971
1078116
1080388
1069699
1082020
1062948
1064419
1062851
1087940
1077412
1097220
1087908
1077252
1069379
1065891
1077476
1063331
1058500
1040163
1073796
1058212
1056388
1095717
1085317
1064196
1050435
1069860
1051812
1071395
1043202
1089412
1064388
1060068
1056579
1074532
1048707
1051523
1062627
1060547
1060867
1061924
1089220
1063236
1056451
1051747
1086884
1066148
1066947
1067716
1111078
1067716
1051171
1074628
1061924
1074916
1051907
1083588
1072836
1059652
1063267
1104101
1067940
1066532
1063811
1061188
1066436
1050403
1089860
1073284
1057988
1043843
1101380
1048963
1052067
1055619
1078276
1055044
1059299
1085061
1065603
1107461
1069060
1087076
1071780
1083460
1069411
1108325
1054179
1048803
1095685
1070116
1071811
1049347
1085988
1062052
1063555
1056579
1087716
1068516
1071363
1068068
1059683
1061123
1053891
1064867
1064099
1048387
1044259
1071940
1061955
1056931
1045891
1070884
1040003
1063908
1086788
1052099
1049475
1049091
1067459
1064804
1052932
1050979
1097988
1058916
1058019
1057635
1087908
1069860
1064483
1092196
1052643
1050884
1069668
1074660
1057763
1068228
1059588
1078948
1056611
1058403
1154630
1076772
1070372
1051716
1061284
1068004
1063940
1057251
1081124
1049347
1057891
1070980
1078116
1063044
1068003
1071812
1063459
1057699
1068324
1104485
1069924
1069667
1065795
1099909
1080996
1063619
1087973
1069220
1064164
1053443
1073284
1057956
1065187
1060323
1092612
1060195
1069604
1083557
1057091
1062467
1067171
1093028
1065892
1062019
1066467
1064420
1049891
1062595
1076580
1080100
1052707
1037571
1084805
1054851
1055556
1051299
1069316
1049411
1063363
1046659
1079044
1083141
1072100
1091461
1080356
1077924
1082180
1109285
1044610
1054019
1053059
1074500
1070532
1086021
1077732
1085156
1065572
1053443
1074436
1058083
1049380
1063235
1075556
1055811
1063267
1055811
1085764
1079620
1081189
1089797
1062979
1065028
1059620
1073124
1073092
1059651
1056419
1085988
1066884
1061827
1052579
1071876
1060228
1070819
1083556
1075972
1061892
1056419
1078308
1056131
1047491
1043747
1083268
1082468
1067683
1084516
1082021
1071236
1067684
1086628
1076996
1057316
1072804
1067843
1051971
1046562
1058436
1052643
1057700
1046690
1075908
1063396
1061700
1050723
1076772
1043235
1045539
1057507
1058819
1084836
1057411
1066852
1067172
1057091
1055619
1066404
1070403
1071716
1055779
1110022
1073860
1049379
1067940
1086404
1070148
1057571
1074468
1065828
1059363
1055747
1080612
1057892
1049315
1044195
1079492
1057667
1054788
1047298
1080164
1047875
1068644
1085828
1085829
1054851
1061796
1082884
1050467
1062596
1055043
1079396
1062724
1054916
1076996
1085669
1072292
1062307
1080612
1056675
1068164
1052643
1089189
1054307
1075012
1084324
1054883
1075876
1067427
1092453
1055875
1053027
1075428
1081829
1073027
1066691
1081828
1070660
1085956
1069603
1067363
1058179
1060228
1049603
1085764
1054435
1055427
1065924
1077028
1047747
1057667
1073540
1050275
1046691
1062404
1065252
1065988
1084516
1040706
1077956
1058275
1083013
1048515
1073060
1060868
1052163
1097349
1090341
1090564
1093220
1062595
1053315
1081956
1090596
1078756
1081061
1080580
1083332
1056099
1049379
1058692
1073092
1057508
1063172
1064836
1064228
1078340
1058403
1078276
1055619
1054916
1051171
1075556
1049731
1060547
1047939
1076004
1079300
1066308
1087237
1070980
1061731
1055011
1075812
1058083
1075716
1058947
1098788
1075364
1076004
1088100
1072100
1056771
1081893
1075267
1053027
1049347
1071555
1078180
1068388
1060483
1057123
1088740
1087012
1064132
1091460
1070180
1078404
1051267
1089316
1057539
1065987
1068804
1075300
1045827
1053347
1083684
1062851
1063396
1073348
1083172
1071492
1070403
1055011
1089956
1080164
1071588
1080868
1052483
1064291
1067107
1071683
1063364
1064292
1063395
1084260
1050595
1057539
1030595
1084100
1054947
1063523
1064804
1112581
1066947
1060484
1085412
1067363
1045635
1051139
1072036
1071620
1054500
1038498
1077348
1052707
1062372
1093988
1059268
1056900
1061827
1101380
1082628
1075684
1078180
1078916
1060196
1063940
1090341
1073604
1074276
1073956
1091396
1079588
1082885
1058531
1077988
1074436
1084037
1077892
1096165
1076420
1047171
1069668
1054275
1068612
1060419
1074596
1066500
1062627
1050851
1090596
1071172
1053059
1038531
1096645
1055715
1059459
1075524
1052515
1040259
1043907
1079044
1066211
1063940
1069732
1063683
1047299
1067875
1076164
1084644
1081316
1082149
1091621
1079876
1084388
1064772
1101733
1067684
1062019
1045282
1082564
1067043
1068420
1104261
1075236
1063844
1060451
1124901
1080356
1083716
1065444
1068228
1050692
1098117
1075012
1072196
1073860
1064356
1068292
1048227
1060387
1053763
1067012
1062404
1078500
1088772
1047619
1042498
1055171
1084516
1058020
1074596
1055395
1074116
1052931
1052803
1049987
1077476
1050148
1058627
1061444
1075299
1057316
1050659
1056483
1072676
1061988
1059172
1070628
1059715
1063044
1080164
1086692
1069347
1066627
1066179
1104741
1076804
1062659
1062948
1062787
1077828
1079684
1095141
1061891
1062243
1057571
1092100
1070211
1062468
1051044
1097445
1060419
1060579
1045891
1068324
1058979
1048675
1054820
1061827
1052067
1055267
1065252
1051843
1082468
1064580
1074404
1065060
1080708
1051011
1064228
1041411
1041699
1034883
1064131
1041699
1075812
1083973
1099524
1082788
1079012
1080516
1068036
1087397
1101668
1114245
1068099
1076548
1099461
1077892
1090916
1045730
1077188
1049571
1066468
1052899
1100420
1072740
1075748
1081253
1052579
1055556
1080900
1068164
1058339
1072324
1069124
1097253
1064451
1050019
1102245
1096548
1079621
1054915
1085828
1088101
1079844
1049027
1082692
1060227
1066723
1076932
1044066
1073604
1068899
1075876
1050244
1053763
1052163
1077284
1059395
1057827
1061827
1085092
1055779
1070340
1086596
1078116
1077796
1074148
1075012
1055427
1058468
1055587
1085540
1068836
1060131
1071524
1071268
1080068
1071844
1095748
1049219
1056131
1056195
1085252
1071172
1080772
1072771
1088293
1058595
1062308
1091620
1060995
1057123
1050211
1072804
1074436
1063139
1050563
1101284
1052771
1078980
1083940
1065828
1054819
1049699
1090437
1055971
1071780
1043747
1078276
1056963
1064644
1066052
1057827
1053443
1082084
1078500
1058212
1067524
1063715
1063140
1054627
1059523
1088741
1058531
1048803
1071204
1081221
1069220
1074372
1077348
1109893
1072420
1072292
1102341
1091493
1074436
1034371
1087588
1080516
1065412
1053763
1077188
1061283
1062148
1074403
1060548
1065412
1062563
1075716
1073892
1062979
1056835
1082852
1078404
1080100
1096644
1072932
1076676
1088517
1086596
1064004
1065092
1099781
1062179
1069508
1066436
1077220
1065060
1058531
1055011
1086981
1057443
1055299
1050243
1059812
1048323
1048355
1062179
1047651
1050979
1046467
1060644
1053028
1076388
1077636
1083108
1051459
1066692
1058851
1093221
1070596
1067683
1101412
1077572
1073956
1056355
1074340
1057667
1082756
1052899
1076036
1068004
1055811
1047043
1076164
1050947
1050787
1077444
1058115
1044675
1062212
1074724
1060291
1066820
1046083
1079908
1068676
1064900
1060132
1080325
1056516
1064931
1056131
1078116
1082628
1075844
1091588
1075012
1077508
1071396
1073860
1070372
1054083
1062915
1060324
1061571
1052163
1070628
1101733
1052867
1065155
1079044
1062148
1056740
1049763
1076772
1073540
1062915
1071204
1086724
1094085
1074308
1073796
1087492
1093669
1071108
1083524
1067012
1070468
1065987
1071780
1063748
1071715
1059747
1084964
1063428
1059172
1065827
1100613
1082980
1059395
1057315
1048035
1046883
1035522
1080293
1061924
1075172
1073508
1105765
1049923
1049955
1075812
1089988
1085668
1078212
1095525
1084676
1064740
1072003
1086596
1053827
1076996
1079332
1083716
1055204
1046723
1043011
1092933
1051043
1056675
1050595
1087493
1088900
1053987
1159015
1058307
1050627
1066051
1095909
1074531
1080581
1101221
1088933
1084965
1085668
1102789
1072612
1065412
1078724
1112102
1059843
1057603
1051972
1107557
1063331
1055875
1050403
1086052
1083716
1051683
1070371
1058980
1072644
1063267
1089188
1054051
1071428
1047683
1073412
1043363
1054499
1062499
1080452
1061315
1065700
1043106
1074372
1072740
1075204
1078628
1060516
1064196
1063939
1072708
1054147
1074500
1050947
1075684
1058244
1059012
1039874
1086789
1072612
1078116
1090852
1064196
1063428
1067012
1077188
1069316
1061284
1072036
1090436
1073476
1059236
1076388
1080420
1045795
1061892
1082884
1073636
1064612
1132934
1085156
1044387
1052803
1048900
1075972
1044291
1075268
1057924
1085285
1069732
1047875
1075300
1058179
1038659
1056388
1092997
1053283
1046019
1054307
1094981
1055779
1043875
1034307
1090916
1074180
1069604
1074884
1098309
1091556
1068324
1095556
1070660
1070404
1065668
1069187
1050436
1085956
1058564
1087684
1074820
1087044
1095716
1113638
1049091
1068164
1086724
1055011
1052227
1075012
1096388
1049955
1071460
1068772
1094725
1077252
1073892
1102533
1075556
1085252
1067364
1077604
1072452
1075140
1066372
1096261
1062148
1066660
1061476
1090692
1068419
1061507
1064835
1043299
1051651
1048387
1080037
1062915
1062084
1065956
1072548
1061571
1056835
1059940
1112422
1061700
1057123
1074596
1066595
1049827
1061507
1080324
1067331
1066723
1057156
1088997
1060739
1061284
1054627
1075620
1078916
1077764
1064867
1088452
1070851
1067044
1083557
1065220
1072643
1060772
1067108
1050467
1065283
1065667
1086052
1060067
1057379
1062116
1099237
1051843
1048419
1060515
1057892
1054979
1061156
1074308
1082372
1047459
1047235
1082244
1059395
1063811
1075844
1091588
1063876
1058691
1093829
1062659
1076964
1085860
1088100
1089124
1082308
1054019
1076516
1051171
1043971
1033635
1089957
1061604
1067268
1070852
1062531
1051715
1060579
1080996
1073508
1080164
1052291
1062275
1060388
1057796
1061123
1092324
1066019
1052579
1085636
1082660
1070244
1048387
1057316
1058820
1059652
1057347
1062339
1072708
1061603
1059363
1086309
1072163
1049892
1076068
1071876
1070916
1062564
1082085
1064707
1071491
1068484
1084580
1054339
1058211
1064612
1079813
1054980
1056739
1054756
1067492
1053987
1045378
1077924
1073859
1043362
1053475
1068996
1077700
1051300
1049059
1072580
1061828
1062307
1059556
1071620
1077444
1055139
1058820
1078084
1083013
1071108
1093156
1068867
1068995
1068452
1104069
1053091
1073380
1082212
1102533
1083749
1088292
1071972
1084452
1075332
1076676
1088548
1088708
1096453
1084420
1113733
1067300
1063907
1059331
1101829
1082788
1182471
1053827
1057988
1047139
1076131
1064100
1063044
1060068
1059396
1051075
1072388
1073827
1043363
1063684
1063171
1101925
1064356
1061731
1058915
1088997
1084997
1071908
1086084
1067492
1051331
1055459
1063908
1067395
1080388
1077668
1088164
1072100
1076484
1076068
1071715
1065604
1071172
1093957
1061571
1051875
1052323
1085028
1080644
1085604
1094533
1089348
1055268
1086852
1073795
1103557
1077924
1064963
1091748
1082404
1080516
1067971
1083332
1060867
1045347
1040610
1090212
1052899
1047459
1045603
1085636
1047971
1073828
1108261
1053187
1055236
1066212
1074276
1072356
1064804
1065092
1054819
1054883
1053667
1048355
1102917
1063844
1052707
1045315
1072868
1050339
1040034
1060579
1050372
1049155
1048835
1055395
1056547
1063971
1071396
1098501
1083140
1037347
1041155
1089732
1087781
1076868
1094533
1056131
1054083
1060323
1082757
1084677
1056068
1072228
1091077
1069476
1073284
1070884
1080708
1069636
1048291
1056195
1053795
1056964
1047779
1078244
1065380
1062212
1049187
1083876
1071683
1082948
1076964
1042659
1060963
1067364
1106661
1085124
1089157
1058468
1051779
1056963
1062500
1073892
1078692
1049315
1054372
1056963
1080868
1079940
1061796
1078276
1049603
1061956
1068868
1092708
1076644
1089476
1084260
1085541
1070148
1069316
1069124
1089220
1051299
1068292
1096773
1086404
1062691
1062499
1106277
1084804
1078340
1077572
1101444
1079972
1080644
1101253
1101381
1092165
1044067
1089092
1073316
1077220
1057091
1074819
1051747
1069764
1069220
1074340
1062372
1090308
1083525
1075812
1063331
1053219
1092293
1068452
1072804
1078629
1046691
1050691
1062436
1070532
1048291
1044514
1059843
1068836
1050979
1066403
1038915
1088612
1061316
1075876
1053923
1072996
1044067
1043074
1049891
1053731
1072964
1038915
1061027
1080068
1064259
1048163
1069283
1063363
1053187
1052291
1082180
1050947
1078308
1079557
1054179
1069412
1047619
1081924
1043811
1053603
1055139
1071268
1047395
1059268
1047459
1061059
1070340
1058116
1060739
1080516
1053156
1062979
1058947
1055299
1081348
1049155
1069252
1076164
1062851
1053411
1076324
1070404
1068388
1066052
1112741
1074852
1089861
1082820
1057059
1051427
1061379
1085188
1056612
1047907
1048131
1088549
1073508
1076484
1063203
1112421
1080036
1060964
1085124
1065092
1069156
1058915
1093956
1074180
1064740
1069699
1077828
1053603
1064868
1063236
1081380
1072260
1059396
1099205
1059908
1057827
1065827
1084548
1047491
1060836
1055203
1072164
1049411
1056771
1049571
1072932
1057027
1065860
1075620
1095429
1066788
1066052
1076036
1043491
1075108
1039683
1059875
1059875
1077572
1047971
1072196
1050979
1045027
1084741
1068227
1041411
1046979
1063140
1053219
1038147
1061732
1108709
1073188
1047363
1042691
1089220
1047619
1053283
1067300
1056451
1056355
1050851
1095108
1055812
1057763
1062723
1088068
1065956
1058755
1069540
1082756
1092868
1102629
1078404
1084613
1075876
1088164
1086533
1071907
1080324
1067204
1099076
1048963
1065411
1072132
1098596
1087588
1056675
1072260
1072771
1048323
1052547
1085444
1060132
1056003
1048515
1068579
1064356
1068100
1043395
1074180
1048067
1050947
1044835
1070499
1045059
1091588
1082212
1061091
1078820
1068068
1079940
1056387
1063683
1066756
1103205
1051139
1066083
1048515
1082820
1064387
1044931
1070020
1051299
1053540
1068804
1080644
1059331
1056547
1079300
1076676
1092452
1051395
1060804
1073507
1059172
1064580
1078244
1065059
1057795
1049507
1075460
1054243
1048515
1055587
1060324
1051715
1057923
1038338
1074340
1049796
1049475
1070467
1075972
1051171
1051075
1047587
1097957
1036707
1037635
1059939
1080996
1059716
1041699
1067460
1067012
1060484
1065571
1081764
1061027
1072932
1064387
1077412
1063107
1055747
1052868
1093540
1049251
1042243
1059235
1053731
1079204
1078724
1085060
1062211
1065379
1071908
1089156
1051619
1067300
1077156
1093509
1056803
1062435
1062819
1079076
1058627
1069572
1076868
1065379
1068803
1058115
1050019
1054947
1079076
1040291
1070724
1055843
1062915
1057860
1074692
1061603
1069060
1092196
1071652
1041026
1046627
1068164
1079332
1065220
1070532
1069636
1061924
1061059
1071556
1072100
1067236
1063011
1081828
1067684
1036675
1065251
1085252
1060387
1056804
1043779
1075620
1039874
1051043
1040771
1090565
1085956
1075364
1084068
1052707
1047043
1053475
1060035
1069444
1054467
1062340
1080708
1065284
1068388
1061539
1082852
1069571
1060099
1054563
1091108
1063779
1052867
1064068
1043523
1050563
1046339
1071044
1060227
1059779
1071844
1071523
1067267
1047843
1052643
1088165
1041859
1058148
1052452
1064259
1066595
1070052
1087428
1070404
1065635
1058052
1058084
1049155
1061604
1044099
1067396
1046627
1078980
1046947
1071524
1053667
1058148
1070244
1099013
1061667
1056355
1074756
1066148
1066884
1058723
1081348
1051907
1046787
1044675
1071556
1052388
1059427
1077540
1091172
1065347
1087108
1101861
1101797
1082725
1049539
1070404
1056547
1060483
1062243
1092100
1068579
1075652
1059748
1079204
1062212
1053187
1067748
1078148
1063940
1073732
1104037
1088292
1051075
1038307
1070660
1071812
1058052
1045059
1102021
1085604
1072324
1085508
1083844
1084900
1085220
1091172
1083684
1081605
1075300
1101157
1050243
1046531
1033507
1091845
1076996
1053539
1035075
1077604
1048963
1056515
1058531
1051939
1038594
1055268
1070724
1057443
1059972
1047299
1063300
1048419
1075940
1053443
1069348
1075332
1074724
1073092
1077220
1056675
1070339
1098373
1054179
1037795
1048547
1071588
1053188
1056643
1050179
1111269
1059204
1063299
1064804
1065699
1046979
1049187
1044131
1083300
1051620
1049763
1065028
1050115
1073092
1048163
1071300
1069796
1045091
1055139
1173575
1084324
1081348
1073796
1080292
1070372
1071619
1091684
1052260
1058531
1048035
1096804
1060483
1053251
1060324
1090949
1075812
1059844
1044675
1093604
1048707
1097765
1066659
1049699
1049059
1077380
1073796
1056003
1057603
1060931
1067011
1058947
1075236
1033570
1053091
1058116
1053507
1037410
1383534
1067140
1052707
1085924
1065188
1060067
1061539
1085060
1061923
1072708
1050947
1056803
1050787
1056067
1036419
1085220
1064580
1058019
1063876
1078180
1082116
1073796
1078692
1069092
1068164
1057923
1091909
1060580
1054628
1047715
1080996
1054467
1052067
1080900
1047907
1052227
1064675
1081541
1093508
1069764
1048995
1087620
1065731
1069764
1060195
1110373
1059491
1069860
1079588
1067012
1065700
1061892
1077732
1059043
1048355
1058564
1090564
1091044
1052291
1046819
1081732
1064355
1072611
1076868
1071940
1073892
1092357
1074500
1065603
1076772
1065220
1081284
1053347
1064388
1048291
1055075
1077443
1071780
1096101
1105861
1096965
1104805
1080868
1051587
1053667
1077252
1088101
1088484
1086821
1076036
1061827
1078212
1070180
1091588
1080548
1064483
1079396
1104005
1080868
1066788
1041475
1076068
1072196
1065796
1072228
1065155
1061507
1062403
1069124
1094404
1058915
1054691
1084933
1061444
1055395
1042466
1080004
1083492
1088772
1056355
1072452
1046275
1046019
1065508
1063747
1055875
1050115
1078020
1053219
1046211
1035459
1085412
1093220
1066915
1049475
1075908
1072100
1059779
1063204
1089412
1066628
1052804
1063076
1071396
1046883
1049827
1072548
1048291
1065091
1077380
1095684
1066723
1098756
1113989
1090629
1049539
1048195
1080292
1065763
1050915
1086820
1082628
1064067
1070084
1082116
1086597
1092324
1095684
1104549
1059011
1048771
1063972
1096868
1063748
1069412
1041090
1091684
1060739
1065732
1048803
1086436
1062628
1059875
1087461
1063619
1060355
1060675
1094469
1064579
1061187
1052995
1070660
1026594
1047363
1040035
1068324
1052483
1048131
1061892
1055331
1061763
1045251
1069988
1036770
1056867
1052932
1065444
1063620
1042754
1020354
1073220
1049411
1063875
1049091
1066596
1053604
1060035
1102789
1068676
1065572
1061955
1113318
1058851
1041859
1046243
1053603
1056899
1056068
1044963
1065635
1041987
1046755
1044227
1070500
1046339
1044290
1052483
1046499
1060643
1047107
1051428
1041443
1052291
1052292
1072068
1060259
1043459
1047459
1066595
1050755
1046883
1068708
1079556
1090981
1061347
1083492
1063939
1074116
1057923
1072356
1037699
1042307
1061060
1069571
1074596
1079684
1073892
1112965
1096837
1096869
1051139
1072004
1056771
1055108
1065156
1061668
1072516
1055812
1076611
1044355
1060900
1071844
1093765
1061827
1055972
1044227
1083748
1036738
1040355
1060964
1056291
1045891
1059235
1071107
1065124
1063364
1062787
1064643
1066276
1064707
1060899
1080292
1064195
1055556
1067332
1079428
1057027
1068548
1067300
1064163
1049443
1062916
1074756
1070116
1063843
1065795
1081444
1089605
1056323
1045731
1072067
1090436
1051363
1067811
1057219
1051843
1051459
1081605
1047010
1052163
1051075
1066659
1055459
1054339
1045027
1124581
1068003
1073732
1062660
1071076
1050755
1075428
1069028
1054275
1053987
1051299
1065091
1070596
1048323
1042435
1077028
1046051
1048291
1067076
1085061
1090436
1056323
1076388
1060739
1076036
1071556
1095332
1051491
1054627
1054371
1086500
1060131
1062275
1051363
1075876
1048963
1057315
1063204
1072388
1061987
1080004
1085637
1085444
1089413
1092389
1101125
1082948
1058787
1058531
1066147
1041251
1062819
1085572
1069859
1071620
1070692
1103397
1097156
1091492
1071972
1100357
1065572
1064932
1408815
1101221
1077028
1056035
1075268
1054531
1053315
1045091
1097605
1059491
1059395
1095684
1065507
1035715
1036706
1117893
1157255
1035842
1026178
1039203
1078436
1035875
1073348
1051491
1030179
1026403
1030467
1033922
1041955
1079908
1120325
1054627
1054819
1053283
1081860
1039715
1046019
1069668
1060227
1055300
1086276
1068196
1050019
1035842
1049635
1055299
1045635
1050499
1041251
1065412
1045411
1067364
1067491
1089253
1079620
1067076
1085380
1073700
1073316
1076772
1093604
1068355
1090949
1070980
1102661
1080708
1075012
1076612
1073060
1063076
1091269
1117573
1084484
1098757
1067940
1081668
1059203
1065700
1090020
1069219
1065380
1076324
1075012
1059139
1044035
1071428
1077604
1051171
1062083
1084196
1059748
1055779
1070948
1082564
1071396
1074468
1048643
1087813
1080964
1064900
1071492
1067428
1060291
1071971
1092260
1062660
1074180
1055171
1098852
1063491
1085220
1098245
1100389
1092676
1092132
1095141
1077284
1068707
1079556
1093156
1063012
1057187
1083140
1070820
1059140
1051523
1087396
1068579
1055459
1049027
1089540
1063331
1063972
1092292
1092036
1052995
1061604
1064675
1062468
1060516
1057379
1078788
1064227
1068068
1090628
1118661
1074756
1067140
1097221
1086212
1063075
1053795
1097029
1072036
1083685
1063524
1093380
1065123
1081572
1082661
1086980
1087012
1083172
1089317
1079460
1077316
1083588
1093604
1075748
1081220
1177191
1071492
1048163
1062211
1095301
1072964
1070116
1079876
1117381
1074244
1069955
1075140
1075812
1081828
1068196
1121573
1078308
1080772
1098788
1087460
1091141
1062563
1104645
1094052
1091972
1068228
1077924
1064516
1068356
1081285
1106661
1085252
1092357
1130725
1069316
1047683
1073379
1101669
1085572
1089445
1064227
1109989
1089893
1099909
1082180
1071780
1079588
1079876
1118501
1099653
1093605
1075428
1048131
1055843
1073188
1106501
1080421
1065859
1072676
1094821
1062755
1073252
1126086
1066212
1064035
1046883
1083492
1077540
1068771
1052483
1074276
1069795
1081764
1096485
1056067
1065443
1058211
1089797
1073316
1067459
1045250
1087844
1069635
1066532
1091812
1072708
1069700
1072356
1093701
1072004
1070148
1064099
1074020
1078308
1068292
1092293
1093029
1053795
1086436
1114021
1077348
1054595
1070659
1117222
1053667
1053283
1062756
1084196
1061155
1063716
1074211
1058724
1069572
1084932
1089829
1079140
1064580
1094469
1065508
1073956
1069604
1088581
1086405
1058532
1051747
1068132
1055012
1063588
1084068
1094501
1078052
1105765
1099877
1060004
1076899
1056259
1079364
1063651
1064644
1065059
1085829
1063011
1065764
1075460
1053379
1069284
1082276
1074724
1058051
1068419
1044419
1089060
1070820
1055363
1066723
1065380
1059203
1067619
1063812
1077412
1067492
1066468
1081060
1067844
1079588
1074564
1080804
1075428
1070148
1084100
1058628
1062883
1061924
1076548
1068580
1064196
1059268
1086468
1071268
1076132
1086309
1072868
1069475
1076324
1076708
1078884
1069539
1065508
1061155
1057763
1064739
1064708
1092356
1084260
1065828
1080132
1061924
1088420
1075460
1103525
1067332
1083556
1069347
1075812
1050691
1049603
1075236
1083013
1053859
1064483
1087204
1069763
1052067
1087780
1059587
1055299
1072548
1096517
1069956
1071748
1085060
1086052
1054627
1069060
1059907
1085284
1052067
1062340
1078116
1062083
1097540
1060675
1082052
1078340
1070180
1092709
1073700
1052227
1052996
1090436
1058116
1074692
1052579
1099364
1072420
1081764
1085188
1059171
1066372
1067076
1080068
1065379
1059844
1056387
1088613
1057988
1067044
1047107
1107621
1058947
1072964
1077412
1063779
1077572
1057347
1088645
1063427
1073220
1062627
1106981
1081028
1064676
1094533
1073572
1072132
1065571
1072036
1062947
1056196
1039715
1090053
1057572
1062211
1101765
1063875
1057796
1060260
1070820
1087141
1058691
1048099
1080516
1073444
1061892
1057123
1080036
1057860
1054308
1068387
1063971
1059555
1066275
1097092
1077028
1082148
1087525
1085060
1073188
1087460
1083012
1050531
1067172
1058563
1097316
1078372
1066883
1057732
1080996
1088645
1050659
1066692
1059268
1060963
1079876
1070564
1061412
1070436
1057859
1094980
1059908
1067396
1055843
1072900
1054115
1083236
1074084
1061380
1069860
1060132
1075716
1065092
1089188
1046723
1073603
1062691
1068740
1080356
1055587
1056163
1061860
1069955
1076132
1084388
1069572
1087780
1055107
1065508
1050691
1097989
1062532
1056899
1062052
1089797
1054051
1071588
1102245
1078116
1066243
1053091
1072132
1054372
1059203
1065380
1083076
1051715
1079300
1089797
1092389
1052131
1044419
1070468
1077156
1059587
1051075
1088900
1071876
1080196
1089509
1082884
1079876
1076132
1090308
1068579
1081924
1074308
1085733
1051235
1069476
1085541
1088356
1077316
1085700
1098149
1103141
1073892
1066564
1091780
1056643
1074404
1114469
1044483
1061571
1048163
1083108
1048803
1063844
1061507
1081124
1058403
1079748
1051523
1096197
1087717
1062180
1092580
1075716
1065796
1089637
1108773
1059300
1072227
1063716
1095333
1079076
1084996
1075076
1084421
1050211
1048899
1063395
1055043
1076036
1039682
1116357
1088676
1082724
1076804
1062788
1060643
1065284
1075204
1067396
1058979
1051011
1087108
1063780
1064452
1062115
1062179
1043779
1064931
1062499
1081956
1073444
1068516
1062499
1099364
1067876
1063907
1070596
1058724
1062211
1068803
1082884
1070756
1066756
1056099
1094437
1079941
1082468
1073828
1129829
1082564
1087493
1086244
1053251
1066339
1071779
1073603
1062371
1064483
1061379
1083812
1067492
1081284
1103621
1061476
1046243
1046051
1080164
1072036
1060580
1054212
1094309
1064804
1067651
1057155
1096708
1077892
1066788
1080612
1044259
