2728223
1475507
1522260
1198665
1153192
1216458
1126470
1112359
1077190
1082053
1052324
1119655
1037796
1063141
1024548
1031139
1077861
1060517
1041636
1079813
1028419
1040388
1011779
1013251
1013987
1071781
1012451
1021700
1033604
1086278
1019683
1012707
1026755
1081190
1021315
1026660
1019619
1019651
997058
1047556
1021956
1023972
1019331
1031427
1035172
1054180
1031875
1051076
1054276
1030660
1014531
1035172
1042020
1015299
1086917
1037700
1070693
1028835
1025444
1064453
1155624
1054628
1035268
1001730
1021027
1004579
1036548
1015427
1031620
1041508
1047684
1020771
1040100
1023139
1040004
1023107
1046980
1041476
1050596
1039396
1014019
1030307
1044772
1027588
1008131
1026724
1027779
1040068
1027332
1029795
1022499
1050564
1029443
1022307
1043652
1026244
1031108
1012227
1040932
1020547
1040452
1039460
1053381
1143304
1133031
1151272
1046948
1036516
1021444
1015427
1027907
1044900
1017603
1026212
1041636
1033412
1014499
1008067
1022948
1031523
1018595
1029699
1044356
1019459
1040708
1055108
1038852
1003938
1026467
1023075
1041700
1025251
1032676
1031363
1078150
1030500
1015491
1007875
1034436
1011171
1037732
1018532
1039587
1026627
1046244
1044260
1009219
1010883
1020387
1037220
1037540
1024324
1015267
1025283
1008643
1012099
1028451
1059973
1031652
1073317
1028580
1045668
1021123
1013411
1020355
1020323
1012643
1036420
1029412
1048804
1079622
1040292
1037284
1026531
1021028
1015107
1054468
1027523
1024068
1017891
1124999
1045572
1042628
1037636
1057828
1022243
1036484
1030596
1063333
1032259
1005666
1031108
1047524
1032611
1031076
1032260
1054853
1086086
1060357
1039396
1060036
1024387
1069893
1088390
1081477
1023652
1037636
1021379
1041924
1024771
1030404
1030948
1125127
1065988
1033220
1036068
1044036
1010658
1028036
1015652
1036996
1019363
1044804
1029348
1096262
1021891
1028388
1037604
1048644
1034019
1055013
1023235
1039459
1015395
1032323
1037092
1017956
1029731
1012259
1021060
996834
1013539
1031076
1061668
1015395
1017188
1032708
1126759
1101606
1052165
1016195
1022467
1001027
1004195
1017475
1025284
1015459
1024548
1014851
1047492
1012131
1054788
1029796
1001155
1017859
1009186
1040995
1027747
1025059
1010307
1031492
1000899
1013955
1002691
1013443
1011203
1008802
1055300
1016579
1011139
1015620
1106342
1021475
1005506
1014435
1025763
1016035
1005955
1014979
1026212
1017059
1017699
1043172
1007459
1020931
1011587
1038404
1023043
1027428
1049380
1035108
1037252
1017091
1107943
1086213
1042052
1033283
1004130
1026627
1005283
1030819
1026115
1043012
1024227
1028547
1026883
1047044
1078821
1029667
1004707
997090
1017827
1016547
1026244
1013955
1067589
1014787
1035460
1013347
1015555
1013379
1051716
1019043
1013219
1032964
1030371
1025123
1024611
1035524
1006691
1044644
1061156
1031556
1004291
1008675
1008099
1031492
1002754
1011939
1034692
1030340
1105127
1053252
1026083
1034788
1003267
1039619
1016771
1057733
998307
1004099
1009155
1032003
1005379
1023364
1022019
1054949
1014723
1024675
1022148
1028771
1017347
1006659
1111591
1023588
1031812
1030179
1036772
1013187
1013987
1013187
1025411
1045156
1024676
1016227
1043396
1016515
1071493
1021796
1026531
1019587
1034852
1040292
1015587
1020067
1019043
1110534
1043236
1030788
1011299
1048197
1050212
1031236
1111175
1070405
1044101
1023364
1022275
1014595
1019747
1013347
1015491
1029220
1013603
1051749
1024867
1041892
1028356
1032516
1026691
1049860
1025220
1036836
1008323
1031267
1007331
1032804
1010595
1040100
1007715
1062117
1027684
1007010
1023107
1036356
1092550
1023939
1033507
1017348
1025636
1029859
1029636
1021475
1033796
1008482
1052100
1018019
1020195
1014147
1034948
1069957
1046628
1016867
1021475
1037476
1036964
1035396
1008675
1010755
1031396
1016131
1031587
1019684
1001314
1007842
1017795
1040452
1015459
1039076
1009922
1027652
1028131
1023747
1007203
1028484
1007715
1018915
1031748
1012163
1013091
1049380
1038308
1023940
1018947
1028483
1039620
1138504
1172200
1115526
1169545
1132327
1030852
1025924
1022756
1051300
1043748
1041860
1163112
1205194
1232138
1247307
1267564
1093446
1126599
1044836
1055396
1018691
1011715
1040356
1049028
1035075
1026787
1018499
1036483
1023460
1025635
1035108
1069637
1017603
1013475
1025220
1041891
1019843
1014467
1167976
1094854
1053636
1036676
1051076
1076517
1059556
1022052
1010051
1027075
1010787
1033028
1025188
1048677
1011075
1012867
1017923
1011811
1017123
1016483
1036068
1010211
1077733
1041732
1053220
1033796
1064581
1038211
1060805
1030179
1040484
1102630
1073061
1030468
1013187
1007971
1029508
1009794
1019268
1040132
1030531
1032068
1051780
1027267
1041444
1018947
1028836
1036675
1027012
1040580
1076869
1029924
1017667
1011907
1016740
1037059
1021603
1017379
1044932
1034915
1018499
1029124
1018595
1031523
1018371
1013059
1037380
1015459
1029251
1027620
1044004
1035908
1043172
1026275
1059429
1013859
1033891
1046756
1054916
1104646
1063621
1018500
1060068
1021955
1028324
1006691
1044644
1011907
1028067
1019875
1049156
1046980
1036004
1021924
1059781
1031236
1044933
1031972
1055557
1036740
1058692
1146056
1081445
1013539
1025315
1019300
1039172
1036228
1022276
1025540
1010179
1017699
1019620
1122887
1072101
1003075
1008066
1041220
1007107
1031875
1017955
1055684
1005474
1006115
1014948
1029316
1013603
1040580
1026467
1038947
1024708
1016291
1032068
1047652
1026339
1034084
1041284
1025668
1060133
1026244
1053636
1023043
1036804
1012963
1037699
1016771
1019075
1005699
1045284
1033059
1021155
1017699
1098854
1033987
1010339
1015715
1038340
1066437
1091526
1026756
1029123
1000963
1019460
1014691
1048356
1006915
1005667
1016579
1033828
1011971
1017763
1028387
1014563
1022211
1019652
1031075
1032547
1027012
1053348
1099046
1030051
1007779
1029380
1061893
1013315
1070085
1028643
1038596
1017187
1020611
1030819
1047012
1048900
1026340
1078886
1061285
1054277
1041220
1051524
1041316
1006563
1026211
1083878
1052453
1024963
1051460
1038468
1061925
1019619
1119559
1035396
1042916
1023747
1020643
1040036
1039363
1018627
1012611
1025475
1026051
1008387
1012003
1032387
1019299
1036420
1012675
1048485
1015459
1011459
1013155
1051012
1009059
1024419
1015395
1034372
1011331
1022467
1015875
1022819
1012739
1015683
1051973
1012483
1027267
1022084
1052549
1018691
1014435
1038180
1030052
1020963
1018179
1037188
1133799
1050213
1018531
1027715
1062404
1016867
1009059
1035971
1011395
1083206
1019011
1055492
1008291
1021027
1023043
1036388
1016739
1023299
1025732
1036643
1042276
1016291
1023779
1051364
1028100
1035172
1118439
1086213
1035908
1030563
1015427
1049892
1020323
1019620
1017955
1069989
1018372
1056676
1020899
1040068
1012547
1027012
1036548
1066309
1036964
1030084
1064933
1034531
1020227
1021603
1060069
1026659
1031460
1029764
1192841
1062660
1051396
1023651
1014915
1026915
1025251
1205385
1234410
1313901
1367312
1300173
1114022
1052676
1028164
1048484
1032260
1062373
1036100
1028003
1015587
1045060
1045220
1054309
1012099
1032036
1031140
1057381
1035107
1041188
1034340
1053989
1011203
1023171
1024964
1067109
1017476
1014083
1028548
1049156
1028707
1060357
1050244
1021347
1023907
1032228
1055268
1023811
1010723
1013987
1024324
1013379
1018275
1044068
1040356
1007875
1012099
1021987
1029028
1025732
1027556
1053508
1020579
1039588
1015875
1029891
1007555
1010691
1005314
1045380
1047812
1046244
1115111
1071909
1006755
1009859
1011523
1046149
1060484
1028644
1011587
1021155
1003619
1018691
1011523
1049988
1013315
1041732
1045732
1044356
1019555
1028227
1032899
1042372
1086949
1040004
1020964
1048548
1019267
1032260
1037124
1034884
1019715
1030083
1023523
1051748
1027076
1019427
1019459
1040035
1015651
1020196
1034820
1018499
1043940
1026660
1032772
1011043
1033668
1034052
1048069
1036580
1027908
1051588
1036036
1025219
1013027
1020035
1034884
1040068
1013347
1038116
1007843
1015715
1010115
1053188
1005635
1035619
1030051
1052708
1028100
1030243
1030275
1056452
1031107
1055300
1018499
1084261
1014147
1017347
1020451
1040740
1038084
1033155
1048612
1029187
1056868
1033540
1042052
1025219
1029988
1037539
1033124
1005570
1033476
1031555
1047652
1013795
1029443
1034084
1056196
1028196
1099686
1068261
1051748
1026467
1032227
1014243
1028451
1011555
1017315
1133095
1061253
1024355
1035684
1011683
1025348
1011139
1019172
1011971
1080069
1035044
1008035
1027748
1018627
1009699
1018435
1021892
1035332
1024803
1016451
1043172
1019811
1027492
1020163
1074021
1068293
1128999
1051428
1043109
1052100
1048324
1022435
1004387
1048708
1013187
1022019
1036324
1023364
1033859
1031908
1036836
1005219
1018179
1014531
1040548
1008067
1068325
1022659
1037348
996995
1098886
1038340
1057092
1035299
1046404
1097062
1087493
1123303
1072517
1021220
1024483
993795
1007907
1019203
1034916
1006627
1049668
1026211
1025251
1018659
1026148
1028131
1012963
1022500
1030820
1041412
1060293
1046116
1008739
1030596
1007491
1013219
1013059
1065893
1016611
1016547
1003971
1040452
1014627
1047652
1027683
1120999
1061381
1015875
1028452
1042468
1012675
1013475
1022371
1039876
1051812
1050597
1022915
1026915
1033219
1005154
1160168
1155752
1053508
1036356
1061445
1066597
1080197
1156039
1138536
1118951
1099206
1074725
1033284
1056357
1136072
1208874
1162888
1093094
1096294
1146376
1137544
1142823
1128519
1144743
1144327
1143527
1153096
1189865
1128007
1132552
1118822
1091750
1077829
1040356
1124743
1039172
1020547
1023203
1016547
1247307
1118311
1084997
1094342
1055780
1064741
1050116
1099014
1171976
1081126
1030372
1026372
1022532
1003650
1020611
1010755
1026403
1021187
1024067
1066757
1069413
1036708
1001219
1007171
1048164
1024643
1034212
1044100
1024036
1021059
1015907
1032068
1004994
1021764
1017091
1040868
1044356
1028259
1016579
1030307
1022788
1045956
1035139
1060676
1036068
1022883
1071141
1073029
1018723
1019140
1042500
1032900
1005282
1006627
1016707
1050244
1031620
1034308
1011074
1028579
1008131
1014851
1030564
1039812
1046020
1043876
1078629
1030211
1026435
1120199
1090790
1016771
1025251
1008227
1022307
1013635
1063749
1039524
1046468
1031427
1043428
1057668
1059845
1047332
1062916
1043012
1065828
1015491
1033827
1039204
1059525
1046244
1037892
1036579
1032163
1010403
1020611
1036036
1031492
1007555
1033764
1040452
1070309
1055140
1059877
1055748
1067077
1016739
1017731
1046596
1010019
1065093
1011683
1033348
1010339
1019075
1018563
1040580
1046756
1027204
1014531
1041444
1039812
1051845
1020644
1032419
1018147
1023844
1048900
1039172
1036996
1040740
1079589
1059300
1010946
1016227
1042884
1031395
1044164
1045636
1058789
1041252
1049828
1054916
1089766
1056388
1114022
1090438
1041540
1041156
1049861
1069573
1063493
1042436
1049700
1042468
1030532
1011139
1013795
1034883
1025828
1044292
1023075
1021859
1031428
1018659
1016707
1038595
1018019
1057541
1032355
1031523
1003394
1014627
1012995
1050532
1032131
1058661
1046852
1076357
1050149
1093510
1046212
1072741
1127015
1070501
1032644
1049572
1043012
1019171
1006466
1033348
1018595
1031587
1048676
1051748
1051652
1124007
1302701
1172905
1086918
1073957
1097253
1055621
1039491
1089030
1102662
1237675
1110982
1149224
1426545
1105702
1042948
1118055
1149767
1163112
1195849
1148231
1157480
1230891
1201034
1114343
1147496
1212618
1182089
2459509
1121799
1079429
1056612
1031459
1031715
1024099
1037188
1029924
1053700
1026788
1056485
1030500
1037316
1020708
1045060
1020548
1041540
1009091
1063012
1004963
1348815
1101958
1011843
1005891
1006243
1029699
1003907
1032420
1019651
1053188
1014691
1026052
1021635
1043172
1020547
1033156
1022500
1061796
1029283
1010147
1024963
1015683
1082565
1017091
1033828
1033091
1010979
1026787
1034916
1020611
1021315
1033924
1035171
1006051
1012067
1019747
1087717
1029572
1042340
1013443
1026308
1007843
1018755
1013058
1040068
1011587
1043108
1028547
1057380
1031715
1030467
1056069
1032676
1029572
1039492
1067717
1007683
1011746
1014979
1045380
1028996
1017667
1011779
1047268
1006946
1020067
1020355
1044004
1032547
1008707
1014915
1009282
1017539
1020931
1046756
1009315
1044132
1017219
1064133
1015843
1016132
1013315
1054245
1013123
1016355
1012931
1045956
1013187
1022788
1041284
1021699
1016484
1013955
1043652
1039428
1021188
1011779
1075397
1054340
1016419
1136423
1069125
1030308
1018531
1021443
1021539
1029603
1008867
1007907
1039332
1012195
1035556
1035844
1048100
1028643
1029572
1030372
1062020
1037572
1041988
1032259
1064645
1022692
1019812
1012227
1033828
1034980
1034980
1033091
1058117
1041412
1021284
1043140
1003970
1012643
1013699
1037315
1032900
1014179
1012643
1049348
1018531
1019908
1024228
1042692
1007202
1030404
1023043
1049188
1014979
1044228
1025827
1043300
1041316
1006371
1046149
1010947
1007971
1020003
1082118
1011843
1022211
1017859
1054629
1024195
1030212
1025891
1056676
1027012
1048740
1015971
1066533
1017411
1007843
1004994
1079878
1028995
1043620
1036804
1025955
1043780
1036868
1058180
1041060
1021667
1000962
1054564
1017347
1027715
1044132
1067493
1048036
1051108
1046693
1082662
1021315
1014595
1021027
1107334
1029956
1136391
1082822
1045284
1010467
1038308
1015907
1044164
1023043
1037540
1022467
1048517
1018307
1022371
1018627
1061893
1049988
1038212
1029187
1067589
1046884
1061765
1054597
1136167
1054596
1056004
1048964
1072517
1050276
1051876
1068133
1031395
1007779
1007331
1032291
1049636
1014435
1031300
1016515
1050532
1008579
1033508
1014435
1008515
1011043
1021892
1053348
1022020
1049733
1012387
1035268
1011203
1027395
1028324
1044516
1017347
1023939
1026147
1068997
1027428
1007651
1053604
1044964
1013891
1013763
1037828
1013667
1026308
1016227
1043940
1014499
1042084
1022787
1036612
1119782
1032580
1007203
1027779
1041796
1030596
1037603
1061701
1033828
1031588
1037572
1071429
1027043
1012291
1040643
1020675
1019747
1022499
1044260
1012162
1023428
1016771
1085029
1015171
1018563
1062373
1045668
1101350
1048548
1023748
1049732
999298
1013699
1070853
1072421
1009026
1030083
1031428
1050725
1024291
1049157
1016323
1039363
992258
1005475
1006179
1035684
1006851
1036739
1035396
1017155
1018787
1026723
1050276
1022596
1020099
1035331
1069157
1036356
1009827
1024515
1054660
1021027
1041572
1048612
1041988
1030339
1003235
1052421
1003779
1016643
1041124
1059173
1017636
1030979
1022243
1066373
1026692
1027652
1018499
1073893
1010243
1011171
1014915
1052132
1005155
1023267
1065412
1014755
1015491
1013475
1036676
1003939
1009602
1021412
1039684
1014595
1019267
1010403
1061957
1013699
1076069
1024611
1032356
1009571
1015267
1020035
1035268
1016227
1081029
1091974
1008355
1000035
1002562
1031044
1004131
1014115
1008515
1037828
1007171
1033316
1014467
1047173
1005154
1018115
1066725
1039428
1104102
1060965
1018499
1095078
1011939
1022916
1009571
1065861
1012739
1018339
1024740
1061637
1031780
1045381
1014083
1041444
1020163
1054116
1023203
1050116
1008323
1016003
1076325
1049988
1007907
1019427
1036259
1027140
1037123
1019331
1049412
1014275
1033251
1027939
1058053
1026852
1051684
1021572
1071045
1027203
1028068
1078341
1058500
1022915
1036803
1031555
1067301
1023940
1019683
1016900
1045540
1013731
1036836
1028163
1052389
1025891
1013955
1050341
1010019
1033732
1033732
1054181
1006659
1015619
1004386
1045060
1019971
1014723
1009154
1036996
1017507
1016452
1019460
1043940
1015619
1035428
1010915
1046948
1015043
1020355
1042148
1025987
1014115
1021507
1048357
1017955
1026436
1051044
1048900
1007203
1016323
1014403
1040516
1017764
1018244
1028580
1049156
1021027
1067429
1023012
1111559
1044548
1034051
1021892
1037860
1008451
1006947
1013187
1053348
1019395
1028964
1040484
1069637
1012611
1016131
1028291
1049988
1030243
1056260
1069509
1023971
1028771
1037764
1085221
1028196
1027235
1038340
1091269
1037444
1006883
1002627
1041444
1019619
1023044
1024932
1052677
1038980
1044548
1015235
1048997
1011331
1019203
1053604
1060869
1016483
1021795
1031236
1055717
1034692
1040900
1137608
1059973
1004419
1004290
1018979
1059077
1013155
1014883
1023779
1010467
1017891
1034276
1040420
1006371
1015267
1029412
1034404
1034211
1049509
1025987
1055749
1034596
1030724
1052581
1035235
1010051
1080581
1034212
1056932
1018467
1029987
1033572
1050180
1031395
1031555
1035940
1054085
1014627
1020867
1041476
1014179
1015907
1020324
1066053
1010403
1041348
1030724
1044388
1064901
1031715
1184681
1080006
1032899
1044452
1013603
1009699
1042788
1040388
1040516
1071973
1211050
1081926
1030275
1017059
1031907
1007171
1042500
1019907
1031460
1017571
1027652
1090566
1072805
1016899
1013507
1016291
1063909
1030980
1024612
1030691
1063877
1027939
1037956
1084294
1010147
1037028
1028803
1062020
1049861
1065669
1068101
1045444
1005827
1077510
1060773
1044100
1001379
1019876
1031812
1046916
1021443
1021283
1028644
1057157
1030052
1031267
1012835
1047332
1027011
1034947
1061925
1045668
1038339
1039716
1079781
1039108
1014179
1017796
1062692
1030307
1030820
1016707
1048900
1012195
1008419
1051716
1059877
1031268
1029955
1042052
1047908
1010819
1017667
1041092
1067973
1050149
1021636
1065061
1020675
1050500
1016515
1049029
1029988
1039396
1042852
1052388
1011235
1019139
1081478
1064293
1108998
1050180
1022627
1029059
999203
1035139
1003427
1030979
1005603
1017379
1065701
1052613
1013763
1031876
1016867
1045828
1032292
1027972
1012611
1047780
1040355
1043012
1042884
1068037
1012962
1039396
1045925
1138312
1055909
1034628
1019651
1037156
1023524
1055076
1027396
1052677
1015523
1025475
1038948
1031747
1017219
1021827
1062725
1032451
1029411
1034276
1047428
1012035
1032996
1015875
1047204
1012067
1014115
1058980
1128743
1029956
1150472
1075845
1043876
1002723
1026148
1069125
1038084
996226
1028707
1019747
1216906
1137511
1023107
1015011
1001283
1036836
1012035
1012675
1038852
1045956
1014883
1074661
1040835
1051524
1025347
1026595
1032228
1059141
1031364
1052196
1021507
1035140
1024132
1049348
1033955
1036579
1001987
1006850
1050628
1006211
1004162
1006531
1069573
1007203
1046020
1023427
1036164
1000675
1005058
1007171
1057605
1010275
1015427
1019683
1037732
1018947
1010179
1050052
1028324
1012483
999715
1043908
1004066
1004515
1006627
1041219
1037700
1130119
1031492
1033220
1001987
1006563
1013603
1060741
1006499
1014531
1002563
1063268
1035300
1021828
1045828
1014563
1024964
1024323
1048612
1029027
1007811
1010787
1024163
1013475
1040516
1014595
1026660
1005283
1016131
1017379
1058468
1021860
1011651
1061957
1024771
1038180
1029380
1040323
1021060
1027363
1024068
1076997
1021892
1021251
1022051
1048868
1044964
1009955
1017827
1035844
1008707
1013411
1043812
1009027
1047524
1010370
1042148
1012419
1007234
1012163
1067013
1030691
1038916
1021892
1047588
1018595
1032355
1021443
1050469
1008483
1009827
1039876
1009571
1029539
1014180
1052421
1070757
1043364
1073445
1037220
1008835
1015555
1032388
1022819
1008003
1013283
1014115
1055204
1004483
1008994
1069989
1035140
1012739
1043972
1008067
1040580
1034468
1031299
1055972
1057028
1101414
1022659
1021219
1038372
1009987
1022147
1038692
1026275
1043396
1036899
1054244
1025475
1020004
1031332
1056260
1033060
1041508
1029796
1066757
1034116
1045252
1044868
1073637
1033443
1030244
1123079
1064741
1010466
1013379
1009859
1038212
1045092
1022947
1011587
1040867
1019139
1017955
1054596
1044132
1019395
1018083
1059749
1024772
1028996
1024227
1080357
1054117
1020867
1011299
1043812
1011363
1023556
1023588
1063397
1024195
1025443
1081446
1016579
1083525
1041220
1040388
1017859
1039620
1035011
1054212
1039140
1055012
1056548
1043780
1005859
1023940
1036836
1065028
1036164
1034308
1046244
1107302
1044709
1074309
1038468
1046116
1019427
1002787
1011459
1038020
1033348
1017827
1017731
1042084
1047077
1019491
1021731
1037348
1020163
1021219
1019012
1042276
1020771
1018916
1058725
1015843
1034244
1023171
1052676
1004547
1006979
1028483
1047589
1009571
1019331
1011875
1049829
1018435
1037252
1016931
1038500
1001155
1037028
1043972
1017827
1019492
1020131
1060549
1025635
1025155
1047173
1079846
1012226
1008835
1008291
1040996
1023396
1036836
1042308
1057701
1044516
1050724
1048580
1078373
1058149
1021860
1027908
1003042
1028675
1018563
1036132
1000163
1008834
996514
1050149
1034500
1043812
1026628
1025763
1002978
1005986
1012899
1058340
1001762
1018115
1019715
1033828
1006274
1023715
1055237
1029348
1024355
1037507
1035011
1010947
1012835
1015491
1041508
1014019
1015747
1033732
1075110
1008451
1052005
1014115
1048612
1007587
1002786
1007683
1038212
1015043
1031971
1030243
1048356
1026595
1026372
1054277
1084517
1064133
1039524
1048229
1148680
1060453
1047972
1014307
1113575
1021956
1012867
1013315
1045636
1042116
1031971
1052004
1065669
1033700
1034916
1036131
1059748
1037348
1041412
1054084
1076485
1009443
1017571
1075526
1016643
1035012
1026564
1082341
1045124
1037892
1041156
1086470
1037348
1041572
1012515
1060196
1023556
1026116
1015363
1065861
1001091
1007170
1026052
1080325
1043812
1019715
1012771
1042724
1021764
1027811
1029604
1083974
1021379
1025379
1035875
1035299
1019747
1017571
1034019
1023588
1042756
1028676
1041316
1026051
1078502
1029731
1054564
1015203
1008003
1011331
1054084
1026659
1035844
1031972
1048836
1014435
1033060
1038116
1062820
1035364
1063813
1036868
1164136
1025571
1018499
1029571
1053092
1018915
1031524
1022883
1061861
1021315
1053124
1009763
1045764
1001346
1031844
1029924
1050469
1038564
1020707
1015139
1034340
1008515
1083750
1059717
1047972
1040356
1028291
1034083
1058181
1033795
1040324
1050052
1036740
1011139
1010915
1036900
1016451
1020100
1015811
1049316
1001890
1008867
1008579
1035043
1012227
1021507
1047941
1050469
1027619
1031684
1049956
1057573
1014467
1026403
1021987
1026980
1018371
1020579
1045572
1022403
1025636
1043460
1049861
1009666
1017123
1017699
1055556
1016195
1021700
1008707
1046052
1001474
1008387
1031171
1067141
1024612
1046533
1019235
1051365
1014083
1015683
1038468
1003394
1028644
1155240
1065413
1041892
1025539
1017987
1043972
1042308
1023268
1024516
1041572
1006851
1013411
1010115
1036003
1059524
1029060
1049476
1032323
1005763
1000323
1016931
1038756
1013539
1012579
1029156
1049221
1014979
1026147
1017283
1041348
1020035
1023203
1025252
1082821
1008034
1024067
1035556
1027524
1025763
1015523
1034372
1003939
1034756
1028867
1066469
1027619
1027748
1027460
1059077
1022051
1035108
1036132
1068101
1026116
1018275
1013475
1046276
1008675
1024835
1038308
1005667
1024675
1011267
1061189
1022467
1002754
1021827
1060261
1012227
1022691
1015491
1040708
1018467
1030180
1043844
1060836
1022595
1025892
1025603
1054948
1022787
1030819
1033539
1040772
1018755
1050564
1037604
1006787
1022947
1020099
1041124
1052644
1015011
1013347
1043140
1031460
1025603
1031331
1067557
1021091
1023363
1035396
1024963
1012355
1035332
1049028
1013155
1018019
1014115
1032067
1027107
1019939
1021219
1042372
1059877
1015331
1069093
1052292
1030852
1003555
1041700
1030787
1000131
1001731
1022468
1038563
1003907
1008483
1031524
1049732
1027427
1048612
1018307
1045444
1015075
1009027
1045604
1032483
1012739
1120134
1044388
1045732
1012291
1021603
1050053
1042212
1014691
1009539
1062404
1012515
1016451
1019907
1051780
1042052
1015459
1016675
1050116
1018340
1013091
1020035
1077925
1022819
1018691
1044324
1044068
1015299
1009155
1042276
1047620
1007203
992098
1022339
1000259
1032676
1008227
1034403
1001155
1046308
1013923
1041316
1010339
1011843
1009603
1052292
1023555
1031076
1034787
1018371
1013155
1018979
1068773
1008259
1005059
1021987
1050469
1020835
1041796
1020995
1040835
1019235
1018340
1019843
1039300
1016323
1027012
1082150
1040675
1014851
1010691
1056677
1016451
1034052
1023236
1067397
1075142
1033508
1082277
1058564
1025379
1019043
1009315
1041732
1012355
1023715
1018788
1063365
1013763
1041924
1025380
1057828
1017571
1021123
1019972
1062308
1023555
1042756
1125127
1071141
1018915
1017635
1007810
1037060
1010819
1039716
1018339
1036483
1006115
1009507
1004866
1012771
1022019
1014595
1061893
1015747
1017155
1025668
1048420
1022116
1023459
1019139
1046564
1025252
1018212
1028867
1048709
1025475
1045188
1023203
1037508
1014788
1014211
1020259
1034596
1026403
1020899
1038244
1005443
1013283
1013475
1032675
1024579
1028611
1027716
1080390
1016451
1017347
1015683
1049892
1039172
1014435
1023363
1045220
1010691
1009347
1045189
1020867
1025283
1026531
1064933
1024323
1025636
1054340
1060964
1012675
1036708
1009987
1030499
1006595
1025188
1017252
1048516
1041188
1042691
1049732
1107015
1040196
1142792
1050180
1047300
1022883
1036324
1016931
1034052
1020099
1034180
1017699
1035076
1014083
1009155
1035620
1052997
1022019
1019779
1015203
1068293
1025347
1007363
1063396
1045764
1007075
1039236
1027556
1049829
1014627
1025891
1034692
1067140
1019811
1018659
1019971
1048228
1029571
1034116
1035683
1038820
1013347
1005955
1025315
1073893
1050052
1026307
1031908
1053060
1007811
1016739
1060100
1024803
1020964
1016419
1042628
1017380
1067301
1029827
1046180
1026308
1049509
1012419
1033156
1009570
1032707
1034627
1050148
1046852
1015139
1016771
1039204
1033699
1030179
1059781
1008003
1012738
1030020
1058885
1034115
1032740
1056389
1079078
1026724
1016963
1021795
1050149
1035716
1009155
1017795
1048580
1017763
1022499
1033860
1059941
1124743
1047844
1024099
1037668
1013251
1059364
1019683
1131111
1063173
1005091
1002435
1017955
997571
998723
1039780
1043204
1025188
1023907
1032420
1045285
1019171
1026308
1032772
1050020
1011043
1027044
1040420
1010243
1082373
1050532
1067685
1000003
1005475
1008003
1035268
1006467
1022819
1017795
1050788
1020675
1027524
1031012
1060804
1057669
1028292
1020739
1053637
1036772
1025603
1057412
1058405
1031363
1013315
1047364
1016259
1025923
1021603
1040676
1018147
1030724
1038116
1026755
1011523
1028708
1021027
1036964
1021507
1021027
1043652
1024836
1027588
1042980
1048260
1011427
1015971
1012163
1082406
1023939
1015331
1028964
1042340
1022692
1047877
1039140
1055653
1023396
1037892
1032995
1063652
1006051
1001603
1030052
1004579
1012611
1011363
1036676
1018595
1077478
1046180
1041796
1019043
1017763
1024580
1064229
1039364
1064837
1023204
1130247
1037923
1021188
1048164
1030180
999330
1011043
1010531
1034596
1048260
1023844
1021187
1049252
1033603
1034884
1045220
1041892
1013827
1011427
1027875
1027843
1074213
1043780
1037508
1050756
1037604
1036740
1043556
1057957
1028387
1011683
1045252
1004739
1017284
1009955
1066020
1008899
1011939
1020580
1053669
1003811
1026052
1048324
1039620
1012355
1023491
1016995
1033604
1019235
1037956
1026532
1010402
1015747
1021731
1033604
1017603
1012355
1101926
1044548
1037027
1017859
1020707
1042916
1022148
1021699
1061125
1029923
1011651
1013795
1023332
1036260
1018403
1016579
1044484
1036195
1021283
1011715
1036675
1045509
1050500
1030788
1062980
1026756
1050212
1048068
1056356
1025315
1037764
1029635
1055460
1011523
1026436
1017636
1048548
1021956
1040068
1032772
1064357
1069765
1034308
1140616
1089829
1046084
1017955
1000963
1040068
1004899
1012995
1009411
1033059
1029219
1042660
1022979
1098534
1013315
1022947
1013219
1051492
1047460
1011587
1017379
1050309
1006211
1019780
1063397
1062532
1006371
1019843
1010819
1043460
1015875
1020515
1025891
1074310
1015011
1009539
1016643
1037412
1014883
1051268
1040420
1012323
1029315
1028740
1050948
1026979
1034788
1007075
1026531
999298
1013379
1015107
1028419
1160424
1051204
1026276
1036228
1011427
1142183
1065669
1059941
1027299
1032964
1030275
1028675
1028259
1011523
1012611
1072581
1018915
1024771
1001634
1022691
1007491
1025251
1031683
1072901
1025603
1023395
1029188
1069508
1031492
1030244
1024259
1044580
1027299
1023844
1042372
1030980
1020003
1014499
1045124
1018212
1021187
1008611
1036132
1044900
1018851
1044228
1036899
1096774
1042148
1017220
1033315
1009827
1038468
1035012
1055172
1032515
1038436
1034051
1065381
1028739
1040579
1041060
1061125
1012483
1016803
1017763
1048933
1038276
1024707
1118151
1062916
1016067
1010243
1014179
1058436
1000578
1010147
1016227
1037124
1003939
1015811
1046020
1011779
1013347
1014083
1056132
1017668
1031107
1024291
1040932
1002947
1023908
1050532
1036964
1024804
1020323
1032259
1052101
1024995
1020739
1048228
1014179
1033156
1021059
1064068
1015715
1079205
1015683
1029956
1021603
1018819
1006755
1035556
1022051
1011235
1010723
1035875
1008707
1013187
1012067
1015972
1022371
1027972
1060036
1039396
1024707
1016771
1044420
1016067
1021987
1019523
1043940
1039940
1017891
1020323
1037700
1012642
1020035
1031427
1048004
1017955
1026180
1055268
1024900
1042884
1088293
1044516
1159528
1063333
1042532
1019715
1035780
1015331
1027940
1054853
1051332
1011331
1018787
1013603
1033668
1040580
1015875
1024035
1033475
1013475
1010243
1046756
1019587
1027140
1029988
1138120
1033443
1039108
1033700
1033892
1000226
1004195
1004674
1039779
1009955
1022211
1006275
1028388
1003138
1045924
1018499
1046884
1017795
1017443
1015523
1042308
1023652
1017411
1040356
1011971
1041348
1015875
1040900
1016547
1021412
1019619
1033795
1033764
1022563
1031364
1035204
1019299
1029539
1060005
1034435
1016163
1026915
1055300
1026500
1032900
1022819
1039268
1009570
1014435
1021027
1064005
1015939
1024068
1032612
1047717
1001795
1017731
1018435
1037252
1014627
1019459
1031939
1042212
1046692
1023971
1032355
1007266
1008866
1016324
1028899
1030435
1053029
1010595
1030084
1002787
1050341
1015235
1133223
1051365
1012259
1006083
1024292
1004419
1007331
1011906
1038788
1045092
1032227
1026051
1040676
1021347
1023139
1031588
1053285
1028324
1035716
1037219
1002659
1043556
1008002
1040612
1029732
1028772
1016579
1052389
1021187
1038500
1022916
1053540
1032739
1072197
1008707
1017891
1005475
1021635
1011075
1057348
1008035
1021123
1024675
1039556
1010499
1021635
1130343
1068293
1003683
1005506
1018051
1004610
1027683
1036388
1033028
1010723
1011426
1010787
1037092
1022787
1021507
1052805
1085030
1021347
1008835
1025763
1055812
1040452
1045412
1055076
1048964
1033828
1027812
1039844
1058628
1035843
1041860
1057925
1031396
1039812
1032452
1069637
1023683
1041348
1038756
1082245
1023364
1016963
1005923
1030499
1028067
1039683
1038788
1044132
1014115
1129319
1066885
1068453
1059332
1039428
1144808
1062533
1045765
1031716
1037220
1065285
1038660
1057317
1020643
1031396
1024003
1036580
1031652
1063205
1025347
1045636
1047300
1043588
1004643
1033699
1013251
1033988
1072101
1020131
1000354
1041476
1028963
1038596
1031524
1090918
1014179
1025092
1027043
1042180
1014179
1019811
1017251
1064165
1021539
1012963
1041828
1012035
1025667
1036771
1037668
1032963
1026243
1053092
1065636
1045604
1019268
1008163
1029892
1038020
1046469
1050149
1059589
1043460
1055268
1049604
1061060
1040836
1049924
1056836
1064548
1055844
1020323
1030980
1006306
1018499
1020387
1034596
1013699
1022819
1042660
1050052
1011779
1020803
1018019
1042596
1030276
1041476
1015395
1036868
1006370
1017667
1065925
1014403
1011555
1018851
1040036
1019268
1018979
1018627
1040292
1033315
1060645
1028132
1057444
1009923
1127174
1054148
1060325
1008323
1013059
1015939
1037188
1018755
1061669
1018147
1031236
1015075
1032388
1027972
1052485
1016579
1018019
1031523
1063620
1044772
1009539
1028931
999139
1007075
1009443
1054884
1008642
1020676
1023939
1044484
1008739
1016739
1032420
1037156
1011587
1013027
1032163
1007171
1123142
1045028
1061733
1139079
1045349
1036708
1019971
1050724
1025796
1027587
996643
1044548
1029092
1131111
1042468
1020451
1052965
1003011
1024675
1015203
1034244
1011875
1036388
1029891
1056036
1046564
1011811
1021476
1044932
1008931
1007235
1028836
1006019
1014531
1009186
1044868
1009059
1008227
1025636
1033412
1006786
1018275
1018883
1038468
1010242
1029188
1017412
1038724
1011939
1047812
1044452
1019171
1015107
1014403
1041636
1007170
1015075
1012899
1047620
1037220
1049988
1008195
1115238
1028643
1009859
1008387
1032355
1013475
1014915
1014755
1050180
1044516
1017379
1008866
1050628
1016259
1020067
1015748
1046532
1014243
1020196
1021315
1076229
1024196
1016899
1071141
1055653
1032963
1038308
1072421
1031779
1036836
1038659
1134375
1014307
1007459
1012451
1041636
1012003
1063236
1020579
1060357
1010723
1011331
1021283
1054437
1016515
1027172
1032836
1065285
1022051
1028452
1068101
1011491
1007619
1012291
1052229
1018179
1044484
1032772
1050244
1021604
1024547
1020899
1046949
1021443
1047204
1023396
1036196
1012995
1009123
1098374
1064933
1047940
1044996
1075589
1045796
1041060
1014243
1045156
1001186
1019779
1015236
1047845
1037700
1022467
1016355
1041220
1008899
1012067
1018916
1047941
1006082
1017027
1061956
1043012
1036196
1005923
1042404
1005346
1092165
1030788
1112358
1059333
1010850
1043780
1021475
1036196
1006850
1012227
1010051
1034435
1027428
1013315
1015011
1036388
1009443
1025636
1034595
1046853
1002978
1018052
1022691
1012131
1025667
1023171
1045381
1016547
1020099
1042244
1052036
1040740
1009602
1022851
1042020
1011363
1015171
1059141
1044324
1016964
1007746
1017603
1055364
1026627
1022691
1034372
1052004
1045508
1029124
1057220
1075941
1050885
1042084
1045412
1058117
1031556
1037444
1050373
1077190
1051525
1092070
1063301
1060612
1048644
1045828
1057380
1079813
1105190
1069637
1025763
1036740
1016323
1019363
1022179
1038596
1024515
1023075
1026788
1034468
1012515
1025828
1031044
998915
1004643
1010691
1044772
1009507
1030851
1015651
1041508
1012739
1024292
1056005
1056548
1027364
1037796
1034723
1047877
1057060
1031204
1077637
1053413
1115879
1054308
1020963
1059236
1022723
1039652
1011874
1037348
1012067
1019460
1024740
1052644
1021155
1033667
1010979
1034148
1013571
1027363
1027683
1013891
1019908
1023684
1040228
1024931
1038052
1026692
1029220
1010435
1024804
1013218
1034435
1019139
1036260
1033091
1030467
1006883
1007747
1022851
1030948
1016579
1020131
1020100
1034467
1008067
1023651
1049252
1012515
1032996
1019235
1051813
1024707
1032547
1010659
1033956
1005859
1010403
1010531
1035748
1012035
1010339
1030276
1034980
1027780
1017539
1041604
1017091
1013507
1024740
1057701
1007522
1010435
1013315
1041188
1012707
1054500
1018147
1043172
1003235
1014211
1020099
1039364
1020739
1016387
1019395
1008642
1016771
1020995
1055461
1022627
1048260
1025443
1068037
1021699
1036643
1060709
1048933
1016099
1058436
1057125
1046852
1185929
1116614
1042116
1021507
1037860
1006595
1009987
1010531
1032676
1004643
1014819
1016707
1035556
1026499
1014595
1018948
1049412
1025923
1034052
1054148
1056805
1043844
1043972
1077477
1051684
1019716
1013155
1027908
1002370
1017027
1018979
1048388
1019107
1018403
1028899
1051973
1020163
1021988
1030820
1050468
1022019
1005635
1038371
1002467
1020931
1017283
1066309
1016067
1020420
1013955
1044708
1011459
1032036
1028099
1069317
1037123
1032516
1028996
1052197
1033092
1022052
1020739
1002755
1010947
1017347
1029411
1039236
1033891
1023203
1021155
997538
1004450
1013443
1035524
1017699
1055524
1028963
1056901
1006691
1019267
1007394
1030692
1024707
1023395
1063173
1021571
1026084
1027747
1047108
1013187
1036836
1053220
1044100
1014243
1014787
1020803
1058629
1028643
1092710
1042020
1135815
1068517
1015267
1017059
1042884
1016867
1028867
1030980
1048324
1017603
1033348
1050564
1070629
1038755
1040772
1047845
1069829
1044420
1052100
1022787
1008035
1012547
1006915
1048004
1006883
1035140
1007491
1051141
1037764
1036004
1039524
1072453
1015427
1012227
1015875
1045796
1012195
1047781
1072133
1026532
1037764
1042596
1080933
1040228
1045604
1037348
1064069
1005603
1008771
1007395
1034980
1012803
1027908
1013987
1038724
1008866
1014147
1048325
1004610
1044197
1017699
1055589
1023427
1032227
1027300
1057284
1008226
1021475
1023044
1074853
1011267
1011235
1017155
1040420
1010851
1022692
1087398
1020995
1020547
1025028
1048741
1019235
1014435
1042724
1053605
1037252
1036579
1026979
1073477
1022660
1042628
1033188
1060453
1059140
1004547
1011587
1041700
1017091
1026884
1028611
1131047
1035300
1026500
1027108
1056389
1041828
1047620
1050020
1064132
1025251
1022980
1048452
1043812
1004258
1010371
1023331
1044964
1016259
1032612
1032675
1019555
1052708
1046788
1059877
1017604
1015587
1004771
1120871
1017156
1031780
1034116
1048740
1014723
1031555
1020451
1055556
1037604
1022947
1027427
1066437
1023331
1026180
1030244
1062149
1029507
1038660
1067493
1041060
1012355
1019620
1046276
1020195
1027364
1034659
1052612
1016003
1022787
1040132
1059365
1036804
1040580
1051685
1066533
1034211
1023748
1065541
1058980
1020931
1011747
1013059
1033827
1015555
1006499
1073125
1044708
1026979
1008579
1056421
1025348
1012771
998403
1049061
1003107
1021571
1052932
1073701
1022787
1025795
1052133
1098214
1049540
1044676
1062117
1041700
1008003
1018019
1037252
1010883
1078373
1031203
1112806
1051333
996770
999042
1008291
999554
1045156
1043428
1041603
1010979
1032419
1032483
1052517
1010530
1020995
1020707
1044612
1033667
1051492
1013251
1040772
1029988
1032291
1041604
1046372
1026403
1025059
1049700
1025476
1031907
1053157
1048421
1006627
1019747
1012131
1058468
1011523
1022339
1015011
1056389
1028676
1035652
1032964
1058405
1007139
1008419
1008995
1037828
1042691
1012739
1022051
1052389
1014019
1028227
1055909
1029219
1030499
1034468
1069285
1043556
1012419
1011971
1041604
1010659
1016355
1025380
1047108
1038564
1032772
1027427
1059333
1026820
1023747
1035716
1094790
1021476
1019395
1039396
1017571
1047908
1035780
1061252
1025123
1038564
1030179
1074501
1031203
1013603
1023811
1050276
1025923
1009795
1026852
1055237
1032420
1034467
1044132
1061253
1019268
1021187
1140295
1066789
1028579
1008546
1010627
1035139
1008035
1031108
1018116
1049924
1045668
1017731
1012227
1050660
1014147
1014851
1048676
1011939
1038500
1039396
1047204
999778
1021283
1021187
1062565
1044548
1018915
1012067
1048484
1025604
1037604
1032772
1062468
1036803
1022403
1027555
1052965
1021859
1025508
1023395
1053668
1025988
1035556
1028004
1048708
1022115
1031427
1033539
1055140
1026756
1048676
1022819
1047652
1026659
1042084
1047140
1036132
1022275
1034532
1049508
1023428
1038372
1058244
1068709
1022980
1029028
1033476
1057925
1025604
1028708
1022723
1065061
1040163
1022596
1014179
1051460
1028547
1037636
1031747
1050212
1019939
1024644
1015139
1036388
1026756
1043044
1046117
1065861
1041828
1044516
1015267
1004899
1016483
1016835
1032579
1002211
1011618
1033572
1045092
1012899
1086309
1024035
1028388
1011747
1034180
1008931
1028292
998883
1007843
1027043
1037476
1004995
1011811
1011555
1024675
1016291
1024516
1020867
1039844
1042180
1026564
1049924
1018435
1028195
1050756
1041124
1004131
1010851
1010275
1040804
1028419
1009763
1007170
1058373
1010531
1018915
1016643
1051172
1020483
1031971
1031011
1060964
1012386
1017699
1025092
1012195
1013411
1041572
1030563
1021059
1025283
1022724
1062276
1031619
1036516
1009474
1052837
1035908
1032292
1056516
1056324
1041796
1038980
1036132
1067013
1044932
1047876
1059909
1046628
1033924
1039524
1039236
1061797
1039940
1039331
1081957
1016611
1011682
1003266
1057541
1006083
1054564
1008706
1054788
1021347
1036100
1026404
1059237
1023971
1039268
1030083
1029923
1004547
1015459
1038948
1047684
1017795
1016227
1060132
1018755
1084805
1040164
1015395
1042308
1016611
1024324
1040068
1024452
1028611
1060069
1029347
1005283
1013251
1023075
1043844
1010403
1043588
1033860
1040868
1007939
1012739
1025635
1036899
1024708
1009539
1074757
1029571
1038212
1041380
1070149
1033539
1043460
1044068
1080517
1036100
1051236
1031011
1057637
1012995
1017379
1011939
1046532
1036164
1046820
1013859
1038564
1006243
1021027
1017443
1047876
1018435
1029443
1042500
1054020
1024739
1021411
1037892
1017219
1027748
1026051
1045732
1028579
1020707
1025667
1035012
1064261
1034211
1038756
1064260
1038500
1069349
1071685
1092197
1073317
1077446
1093286
1087397
1054180
1025092
1025668
1047748
1051621
1020068
1022916
1033188
1029604
1030403
1041732
1006530
1024067
1018851
1054980
1011555
1015299
1023172
1052516
1017763
1044036
1048900
1052676
1103014
1054597
1030052
1054116
1026691
1041700
1031940
1051205
1009378
1019971
1023716
1053092
1026180
1026660
1035908
1055173
1039012
1031107
1035396
1065061
1025284
1031524
1049092
1038308
1015683
1046404
1061573
1025603
1024227
1034500
1054980
1031332
1029956
1035940
1063460
1024323
1060452
1021699
1041316
1012771
1016579
1044132
1048324
1020484
1021252
1019651
1040580
1024036
1024739
1048421
1048452
1046725
1035684
1063589
1025636
1048516
1016259
1050917
1024035
1036260
1044260
1039812
1024995
1031683
1020676
1048804
1044356
1021635
1007267
1038244
1008770
1020036
1049572
1026884
1013155
1010627
1039555
1000291
1029604
1012227
1042276
1014467
1024259
1027523
1051717
1016099
1031299
1014979
1047588
1013667
1029539
1052836
1006883
1012803
1016963
1056292
1011555
1013411
1108870
1072357
1063525
1019043
1006531
1027172
1034307
1014883
1007683
1040260
1019683
1024547
1032451
1045924
1031844
1035684
1031715
1050212
1025859
1035012
1049764
1042692
1021571
1018019
1020771
1053444
1028036
1029636
1038084
1021251
1019299
1013251
1054341
1005859
1023140
1022275
1045412
1023716
1041764
1040292
1064452
1033508
1016355
1019171
1050372
1041604
1036419
1028516
1044740
1023331
1026788
1030691
1051172
1006851
1010659
1026404
1005154
1015171
1024771
1055429
1006499
1019235
1010147
1023012
1002083
1036387
1016227
1028003
1005955
1018563
1050404
1008835
1020067
1006371
1032228
1014659
1013763
1046020
1054244
1032483
1029443
1026180
1077925
1037220
1043140
1036547
1029572
1008931
1015363
1024195
1067525
1028835
1010243
1039140
1013603
1037412
1016611
1037892
1041284
1028163
1020516
1038692
1081030
1026628
1001538
1027363
998402
1012067
1027395
1047684
1022883
1040068
1029795
1053700
1021476
1041348
1024067
1060324
1026692
1031363
1030180
1062661
1025476
1040035
1012131
1042564
1011971
1018819
1043044
1036996
1014755
1018723
1050789
1015843
1018883
1025156
1045956
1040996
1019395
1012451
1047460
1018692
1022787
1031524
1055749
1016867
1023427
1034083
1046948
1021379
1023651
1053572
1030307
1035172
1012387
1034436
1011426
1021187
1017059
1048932
1045349
1021539
1013731
1044356
1007682
1029892
1007746
1046564
1007715
1016227
1051012
1012995
1022852
1009666
1039331
1007491
1009571
1011714
1061093
1015139
1016772
1015875
1044100
1010851
1010434
1057348
1054180
1026820
1027011
1062052
1033764
1067813
1025475
1043396
1011875
1028164
1018595
1070053
1014115
1018339
1018755
1045956
1076997
1055493
1002211
1028707
997954
1011939
1004098
1025155
1032228
1021155
1024611
1051749
1005539
1037476
1028900
1049828
1027556
1040548
1060229
1076773
1012771
1013763
1028547
1013027
1014467
1021091
1041476
1013955
1012002
1013987
1040196
1011075
1015683
1024388
1039364
1019844
1019460
1023619
1047716
1021091
1018563
1053028
1013219
1026243
1012451
1062245
1008674
1014243
1011395
1040228
1007459
1013923
1012003
1051876
1035587
1027044
1010915
1045316
1012323
1023139
1017251
1049924
1025795
1028004
1049732
1018755
1033636
1008355
1041988
1016259
1029764
1046788
1055269
1018468
1017124
1018755
1042500
1010179
1011171
1021603
1040388
1027043
1033252
1044868
1049156
1030628
1030852
1044292
1010563
1013443
1006467
1031908
1011011
1055557
1015491
1037444
1019139
1025731
1038628
1055781
1105478
1047748
1014083
1053156
1014275
1026276
1028899
1067141
1024292
1022211
1034884
1059621
1024099
1030307
1041476
1059557
1027555
1022980
1066629
1087622
1017411
1019619
1039396
1013155
1008483
1038276
1037668
1006787
1022083
1020899
1039076
1016324
1013251
1033348
1046052
1045540
1033924
1032931
1054052
1034372
1030115
1056740
1044068
1010883
1029283
1074085
1039172
1048100
1055557
1063621
1035811
1042660
1032676
1061380
1031427
1017795
1013571
1039076
1007715
1020547
1029572
1037764
1016675
1018051
1019715
1038148
1033188
1012579
1030980
1009890
1010179
1011843
1033892
1009219
1012482
1009027
1074565
1012611
1020867
1015843
1057509
1025956
1033828
1023395
1036068
1018019
1032740
1037315
1004963
1014627
1047877
1037668
1007810
1018499
1012803
1030819
1012643
1016419
1035300
1041988
1138407
1033187
1003107
1040644
1016291
1050085
1031012
1057892
1009603
1027043
1021732
1040292
1015427
1022787
1030564
1048836
1026372
1023459
1026627
1018147
1042308
1022435
1038500
1021348
1027811
1029987
1038852
1033956
1047780
1054372
1069509
1042468
1044868
1048548
1070533
1014147
1028516
1005027
1021955
1006339
1021188
1043172
1008610
1015491
1013891
1035108
1004579
1009699
1009795
1046212
1011203
1015715
1056708
1054980
1003907
1017443
1044932
1012899
1050949
1025251
1033188
1006627
1023044
1014275
1043492
1015875
1020355
1019043
1034372
1016003
1017635
1021603
1038052
1016419
1018211
1036580
1033379
1013923
1022276
1030692
1064261
1024163
1019715
1031684
1005986
1021507
1063748
1073125
1001250
1014339
1009027
1033475
1008163
1017763
1020419
1036580
1029444
1015459
1022147
1051653
1096006
1043236
1028611
1083494
1002370
1002723
1005635
1026723
1008739
1017155
1014051
1031267
1008323
1039971
1021124
1033028
1010147
1014595
1029988
1055780
1053252
1019236
1042884
1005890
1014755
1007331
1045732
1006691
1023907
1011203
1044581
1043556
1024579
1040740
1051844
1036803
1021667
1018051
1040067
1035268
1027460
1016675
1045796
1011843
1008419
1018436
1039588
1016707
1015267
1020579
1037123
1012419
1007971
1057701
1009283
1020099
1017347
1032900
1002851
1018596
1006274
1060357
1009378
1027363
1014051
1036676
1006851
1014595
1016355
1069413
1011747
1019043
1038628
1012451
1012611
1019523
1042500
1009699
1027267
1021795
1042340
1008450
1015267
1025059
1034980
1008323
1021827
1037252
1039204
1018915
1008354
1024644
1003714
1017059
1027651
1060421
1013731
1023779
1056613
1045765
1044292
1025827
1003650
1047812
997731
1009795
1007939
1048900
1016131
1014947
1045092
1046724
1003779
1020163
1007043
1041604
1002019
1017315
1022083
1044036
1008418
1027940
1026916
1011555
1018755
1014339
1036419
1015651
1043396
1030820
1050340
1041188
1049092
1043076
1061733
1038660
1037252
1043300
1067205
1045060
1033123
1038852
1058661
1032260
1021412
1057093
1027043
1065029
1019171
1032964
1007395
1013283
1009955
1059045
999138
1024035
1014179
1037284
1029987
1017956
1014819
1058789
1022307
1027651
1033443
1028003
1026371
1030435
1055972
1013923
1037604
1044036
1064485
1016387
1024195
1027843
1061348
1026500
1018915
1030468
1064068
1021188
1027108
1038116
1077126
1036548
1057444
1050084
1042276
1017763
1007907
1041092
1022339
1049828
1015395
1037668
1009379
1022851
1029892
1054533
1091462
1035555
1017635
1052005
998531
1008131
997058
1037347
1021443
1025763
1033284
1055492
1030628
1051364
1017827
1043172
1018339
1023427
1043684
1012099
1055781
1033188
1033316
1023267
1008131
1025219
1024195
1008547
1011011
1014051
1039140
1014307
1035555
1025155
1028547
1006691
1011619
1053797
1024931
1038020
1058596
1042308
1009315
1036580
1010371
1062564
1006850
1022275
1021667
1063557
1014211
1032387
1033891
1062053
1022627
1042180
1025380
1043524
1037828
1032260
1027364
1050084
1031427
1041892
1029828
1070213
1043524
1038372
1054597
1054181
1039972
1039971
1071237
1055876
1032484
1050916
1072357
1037924
1057604
1054628
1073861
1020707
1016067
1027043
1058085
1037187
1025892
1019779
1055141
1019139
1031588
1039268
1067845
1050916
1025412
1013955
1042148
1025859
1045380
1043780
1134663
1026627
1016963
1018660
1032260
1014947
1027139
1032100
1075333
1036932
1047621
1051236
1076741
1040484
1045924
1082725
1084037
1039556
1014723
1059141
1027588
1032836
1047620
1071621
1027908
1035779
1061989
1098182
1057093
1051077
1015395
1042180
1000483
1008995
1016835
1045316
1008771
1026051
1018083
1039204
1011235
1019331
1021347
1008451
1045028
1018851
1076869
1022467
1034499
1039940
1068037
1032196
1040708
1035908
1068677
1037028
1009123
1009795
1045444
1005986
1006531
1020867
1042340
1008867
1005155
1080197
1009475
1013827
1003395
1035556
1000291
1021891
1008483
1049508
1023363
1061444
1011139
1037636
1016323
1020739
1023940
1065861
1020739
1020708
1023331
1047556
1034819
1034244
1054917
1024835
1029380
1021668
1056004
1023332
1032164
1032996
1031780
1017507
1039619
1034500
1147015
1090150
1005378
1006211
1021987
1040867
1023395
1022276
1038916
1020515
1021796
1030948
1061316
1019235
1019299
1011234
1036932
1025251
1035524
1075141
1028484
1035172
1042660
1072837
1037795
1050789
1047876
1067173
1006690
1013283
1016515
1047845
1005058
1044996
1035779
1039268
1013955
1018339
1023747
1057733
1031076
1056420
1026596
1007171
1008130
1005186
1045412
1050116
1022211
1017475
1050532
1021699
1018531
1037508
1058309
1033443
1043940
1037219
1023427
1019331
1017219
1024675
1032484
1046468
1058949
1048740
1002371
1004291
1007715
1038500
1037892
1051909
1045636
1073701
1011971
1025188
1034500
1059556
1030372
1022851
1033796
1053829
1039236
1024708
1018115
1019044
1024771
1042276
1081157
1042756
1035940
1045476
1093894
1031939
1037572
1038948
1066277
1045604
1043684
1030019
1134279
1037348
1024035
1027811
1063557
1026436
1032611
1035524
1073829
1027523
1029955
1033315
1075493
1051204
1019683
1030756
1076517
1010179
1003171
1018115
1045828
1010307
1010883
1012547
1040900
1028195
1002979
1070309
1014851
1025283
1020323
1060100
1029636
1047940
1032228
1086854
1021123
1040356
1029220
1056933
1032355
1029444
1016835
1062277
1041700
1020675
1015651
1049348
1006050
1025060
1014371
1012835
1010563
1011427
1073605
1022083
1010179
1051012
1049669
1014435
1020291
1025412
1048132
1031716
1030596
1005475
1020227
1020067
1011555
1058309
1039843
1023012
1019267
1027971
1026435
1020451
1039492
1043012
1006562
1007011
1011171
1071045
1022755
1019619
1008131
1055909
1031491
1042180
1031972
1072037
1037284
1044772
1059461
1037316
1011362
1014691
1038436
1040708
1025956
1020452
1089925
1056037
1031299
1009795
1007970
1036931
1017283
1048420
1036900
1007075
1001859
1008227
1034820
999330
1047300
1031716
1068037
1039396
1044164
1042564
1063972
1032772
1020259
1021764
1048260
1043108
1013475
1027428
1050788
1034020
1039684
1037540
1060932
1035523
1060196
1032932
1044996
1018371
1019299
1033028
1019587
1026532
1046980
1032420
1004803
1014499
1030660
1058693
1026819
1036132
1036228
1067301
1041732
1037635
1016963
1033124
1005731
1016419
1043012
1048548
1021411
1009571
1038403
1002915
1038916
1036036
1051556
1032451
1052197
1015587
1067077
1032708
1047460
1050372
1076645
1041700
1036899
1031492
1040548
1037892
1035075
1043012
1066501
1029923
1038244
1060004
1038052
1010915
1018787
1052068
1019043
1070661
1043364
1043460
1011042
1029572
1025763
1046756
1039396
1030244
1125895
1081925
1039172
1043780
1051780
1072325
1040100
1051205
1042372
1083334
1013731
1023460
1016355
1047204
1017411
1037827
1007139
1048132
1043364
1044228
1044740
1064421
1036004
1045956
1044644
1058372
1087302
1058756
1024900
1043556
1032195
1029155
1054500
1030340
1025187
1030691
1054340
1029763
1040548
1037796
1053668
1034787
1037220
1045540
1066373
1042852
1050149
1047908
1063588
1046244
1062149
1035140
1045252
1028132
1031396
1057668
1090150
1055429
1017603
1019715
1041604
1031523
1042596
1052580
1044068
1035235
1037284
1048293
1054980
1048836
1042084
1047460
1067685
1040196
1042660
1035364
1053956
1038692
1042020
1043108
1058404
1039844
1030820
1058981
1040547
1022979
1018467
1063077
1042596
1041412
1023203
1045668
1009731
1022819
1018915
1070981
1023364
1029892
1059780
1074277
1124838
1058052
1046116
1027140
1027779
1002786
1007555
1035780
1011203
1027652
1027203
1052260
1014339
1021476
1018339
1054116
1016707
1020900
1023875
1057060
1017891
1021572
1039652
1083302
1021796
1035236
1031940
1070853
1022468
1032708
1056709
1061253
1041220
1050372
1060677
1035812
1040740
1017955
1026627
1006595
1006563
1041572
1033859
1010819
1043812
1044612
1051525
1038916
1026787
1029347
1055109
1019203
1043876
1016803
1044036
1015011
1012451
1047332
1003971
1028484
1024099
1057476
1010659
1025732
1026659
1049029
1028003
1037220
1036324
1069957
1039651
1045508
1039044
1061317
1034468
1047844
1042180
1081477
1007715
1004483
1045700
1029796
1027748
1033924
1065093
1032515
1032004
1032099
1071813
1032707
1023908
1043076
1057797
1008483
1063749
1024931
1039748
1013475
1034660
1035332
1127111
1048036
1020483
1031587
1067045
1031716
1034723
1037828
1099238
1010627
1003106
1012483
1036932
1011107
1011619
1023267
1040900
1043620
1013827
1038500
1066852
1034468
1033668
1044260
1064037
1059588
1049188
1086406
1044388
1040836
1012419
1031939
1001731
1042755
1034148
1059973
1033412
1038532
1032772
1084549
1014307
1011811
1012387
1041540
1003939
1011011
1034756
1012643
1006242
1017571
1070469
1011875
1041252
1016227
1047044
1012291
1014179
1025187
1034723
1023203
1011459
1015075
1033124
1013155
1016803
1061189
1004419
1011875
1018915
1054660
1017667
1024611
1014499
1071781
1017699
1025667
1024259
1069061
1016323
1016067
1013379
1049412
1011459
1040100
1044612
1037988
1032772
1041124
1071845
1032580
1039364
1010755
1041956
1012323
1019011
1061573
1054372
1045669
1017155
1018947
1124038
1035555
1012323
1022499
1030020
1002754
1004675
1007235
1025732
1007043
1014179
1016644
1037860
1017315
1016995
1031332
1002786
1022691
1022659
1057188
1025667
1036036
1039076
1073381
1052996
1018179
1012611
1045476
1000706
1023171
1015139
1050692
1015011
1013699
1017251
1043972
1041444
1011907
1051813
1011746
1011523
1019619
1071237
1040004
1041092
1048869
1066820
1012579
1028068
1018883
1050501
1021027
1022212
1068836
1064677
1026948
1039908
1049220
1050629
1005538
1012099
1023779
1056901
1024195
1043652
1050468
1009763
1019171
1013283
1044644
1010051
1060133
1026403
1052356
1021603
1048804
1046468
1081221
1016675
1023587
1024643
1062085
1025827
1041444
1029315
1075621
1049124
1040228
1041956
1068581
1033443
1035107
1047909
1064164
1032195
1043588
1044068
1068869
1057861
1054981
1075589
1047877
999426
1020931
1028579
1045028
1013891
1045764
1015939
1032996
1014083
1057668
1022691
1041892
1024355
1023203
1033572
1032324
1023267
1044804
1058373
1052837
1042276
1060965
1039172
1000579
1019139
1026019
1046724
1030435
1033252
1029188
1049732
1049956
1016676
1021348
1029827
1018723
1014115
1016035
1029731
1012547
1031651
1039652
1015363
1024227
1025860
1056549
1018787
1023395
1025316
1063716
1036899
1042052
1040740
1051844
1023940
1029603
1019235
1041572
1014723
1058020
1018915
1033380
1007075
1019491
1041572
1014435
1023491
1031395
1051172
1041444
1047236
1043300
1053252
1041188
1054820
1070565
1064996
1041028
1030276
1027300
1044900
1039108
1033251
1075013
1033060
1011267
1014083
1042948
1018211
1028867
1020835
1055685
1044292
1037412
1035940
1056548
1042148
1043460
1105190
1086726
1024259
1036260
1036932
1069957
1036932
1045604
1051077
1067429
1030275
1038307
1029956
1056421
1031268
1045668
1037891
1057860
1036388
1060004
1038596
1045316
1030275
1046660
1039460
1051813
1035555
1048644
1019203
1030307
1032836
1072005
1045892
1053381
1034468
1036228
1062821
1036068
1035332
1047204
1055300
1035812
1049412
1040932
1077093
1013379
1007138
1008899
1055621
1025412
1028995
1029284
1044068
1029731
1052644
1057092
1055364
1009091
1022179
1026884
1042052
1024099
1021955
1055493
1017347
1038148
1030308
1058085
1024484
1053604
1036228
1036676
1010818
1014948
1022020
1038820
1014307
1052036
1012931
1053861
1016803
1030276
1048260
1051013
1016803
1041636
1014179
1050180
1018915
1033059
1032100
1057956
1027363
1041860
1063109
1033988
1033060
1046052
1054116
1057732
1130215
1063972
1045444
1034755
1001794
1027779
1028035
1037092
1034275
1016803
1032420
1007139
1022371
1013891
1032036
1009859
1020067
1042500
1065092
1010179
1009827
1016323
1033700
1044932
1034563
1018435
1041604
1023331
1019971
1035204
1034276
1026436
1035267
1055653
1021923
1028643
1030499
1065125
1024195
1029795
1046916
1085861
1047108
1045765
1057860
1053253
1009251
1029731
1034051
1067109
1028516
1045828
1030564
1056164
1037028
1036516
1042436
1065957
1039651
1041924
1048996
1074629
1047813
1060741
1023875
1048100
1035011
1031364
1044484
1022020
1065284
1023043
1035748
1020291
1026660
1015459
1056100
1036324
1045188
1023043
1046564
1026755
1039428
1039652
1051940
1023395
1034500
1050468
1036484
1012003
1022180
1030116
1034532
1021956
1040899
1050564
1010210
1014947
1038916
1035012
1081190
1015460
1002978
1021124
1018019
1019555
1009731
1032932
1011235
1010466
1014211
1060740
1015555
1020323
1029764
1045828
1036132
1024739
1026755
1052549
1027203
1030020
1029443
1083493
1024579
1032580
1037380
1071685
1029156
1053604
1025795
1060005
1030884
1041188
1048292
1069477
1045156
1058949
1059236
1069253
1015811
1029731
1033188
1051492
1060836
1024963
1028452
1067620
1018499
1013347
1059173
1017571
1009795
1034819
1077669
1032708
1041508
1035620
1085253
1049188
1085413
1041924
1060965
1032612
1044708
1045188
1083398
1034468
1031139
1027811
1072869
1016547
1046692
1012675
1065029
1018403
1039908
1031172
1068677
1025571
1037924
1031875
1071941
1028195
1031780
1067301
1065957
1028035
1031492
1027940
1067589
1037636
1031171
1042052
1072709
1038788
1054020
1086758
1109542
1034820
1116423
1058981
1051012
1031332
1045828
1042916
1068357
1014243
1010307
1009634
1042564
1022147
1029187
1060005
1067045
1053061
1009315
1053796
1029027
1030308
1027812
1060580
1032835
1069925
1040484
1059908
1023907
1035172
1026340
1069508
1022692
1046756
1027299
1066725
1037156
1040132
1047652
1086118
1049380
1031556
1024260
1063172
1032836
1047652
1038852
1066245
1030147
1035587
1032804
1060708
1046116
1035524
1059653
1026659
1037988
1039075
1073445
1015651
1014435
1017539
1037316
1030596
1027363
1034596
1064997
1017795
1015619
1029220
1023139
1013538
1009155
1040132
1041764
1037795
1029156
1056453
1022052
1027780
1021604
1063461
1034052
1049380
1033027
1068965
1031459
1040228
1011299
1060388
1029380
1032355
1040100
1082437
1030787
1052548
1013795
1035524
1002595
1010275
1042020
1054821
1152200
1063941
1028900
1062341
1023363
1054340
1029763
1063460
1024612
1030692
1032131
1066309
1026275
1028355
1049732
1101222
1015459
1017603
1053637
1016227
1022628
1017123
1040324
1013731
1016675
1053861
1049284
1013571
1015588
1012770
1038212
1009763
1009827
1011427
1064164
1009859
1011523
1024899
1020195
1053764
1045700
1066277
1027012
1037444
1029316
1072293
1025795
1027396
1025220
1058565
1020099
1032004
1021283
1060260
1023939
1040932
1028868
1076453
1048100
1030275
1031075
1060101
1028740
1040803
1063172
1039428
1043172
1043204
1052964
1003330
1030916
1034756
1069733
1029412
1035332
1047012
1078501
1014179
1014979
1029283
1059908
1030339
1025187
1071077
1090182
1058244
1057861
1062789
1092774
1060293
1061444
1069925
1096486
1068965
1035012
1048324
1024355
1040196
1049957
1048772
1188681
1061604
1035876
1041604
1056997
1004291
1020451
1033475
1057028
1031683
1044932
1034596
1076997
1048324
1042372
1074374
1079397
1058501
1064900
1025635
1042756
1012131
1003682
1040932
1004355
1017187
1014915
1051525
1006275
1021699
1014531
1044068
1042308
1021315
1011234
1047300
1009154
1022019
1016771
1042116
1013314
1019715
1020900
1042916
1010979
1037412
1052004
1051172
1010435
1010179
1014659
1044196
1008707
1042692
1034180
1005890
1010370
1037540
1055621
1039523
1080838
1049412
1057700
1028068
1027395
1017507
1034820
1026884
1027716
1037316
1076613
1028228
1015523
1014339
1026179
1009698
1017987
1036932
1026916
1021667
1005635
1046629
1004195
1018339
1013283
1057764
1017379
1041796
1034211
1039876
1007747
1017891
1020100
1051940
1012131
1018083
1052420
1057669
1025540
1013539
1115750
1068165
1018275
1041732
1018467
1042852
1020163
1035716
1029700
1061765
1024739
1051973
1043236
1089541
1020291
1037796
1036196
1068037
1025924
1032579
1064709
1008739
1025987
1034820
1066596
1034339
1044964
1042884
1063205
1028291
1027940
1018211
1040068
1039716
1046148
1042307
1059685
1030627
1039108
1020228
1042404
1004867
1018915
1026147
1070533
1036356
1049636
1043044
1025252
1039652
1045765
1075493
1052068
1056036
1023491
1058629
1037572
1041956
1053860
1075717
1056420
1038372
1052421
1099078
1055364
1010531
1003587
1052580
1026308
1028196
1032644
1058533
1045444
1042372
1004386
1048420
1024707
1024323
1030852
1055845
1022883
1029699
1071269
1017763
1037188
1030852
1054821
1026883
1022627
1029379
1052772
1024132
1026595
1058180
1058501
1017507
1020867
1029892
1077797
1036484
1135143
1057381
1068133
1034628
1062117
1021635
1060164
1009411
1008515
1027683
1060228
1038563
1016580
1020195
1050245
1014883
1012483
1018499
1037828
1017219
1010531
1095206
1014147
1024548
1030947
1036644
1012163
1013507
1038436
1040324
1021283
1026692
1027011
1049669
1024227
1032228
1019683
1031843
999106
1017315
1015971
1032579
1020067
1014723
1071365
1004195
1008130
1012419
1034307
1010115
1014147
1012803
1028388
1000354
1030436
1016419
1039364
1006563
1012547
1020099
1059045
1025251
1031588
1078405
1057956
1031588
1044036
1074982
1038756
1046341
1052773
1105638
1007587
1016867
1019619
1051780
1021763
1025123
1027748
1064421
1032100
1032484
1029156
1071365
1028515
1040900
1028676
1035652
1001410
1029219
1033220
1056581
1034403
1016164
1019363
1044868
1010915
1015651
1036388
1057989
1114311
1031299
1013155
1046500
1004834
1003395
1012483
1040484
1030115
1021764
1056036
1019107
1043204
1041828
1064997
1051556
1026884
1007811
1040228
1007715
1035140
1023427
1033316
1010563
1024356
1024740
1057316
1034403
1037508
1043396
1068677
1040548
1039652
1065573
1031491
1044869
1042276
1069605
1014371
1017380
1021283
1053445
1013443
1012547
1017379
1060037
1006051
1011330
1014819
1032868
1005987
1013731
1023523
1063365
1022883
1024996
1061669
1031972
1040996
1072261
1047556
1020100
1034532
1029860
1084229
1027555
1030883
1044164
1062693
1022435
1024451
1020227
1069509
1031716
1026595
1029987
1062852
1025668
1040036
1029251
1049380
1021315
1033028
1032868
1075013
1031459
1034276
1047716
1046244
1014723
1030115
1062277
1031076
1047428
1016675
1045284
1003971
1027299
1052100
1073445
1109542
1054757
1020675
1053156
1044228
1043556
1005314
1030596
1006274
1015715
1014915
1042692
1006051
1017123
1035267
1050276
998819
1034820
1033123
1063172
1025411
1036676
1074181
1049124
1019940
1036227
1038820
1030051
998787
1003778
1012899
1013635
1038436
1007747
1036164
1011395
1050052
1017923
1043716
1020228
1028483
1034916
1072101
1016035
1014979
1030948
1064805
1039364
1046500
1054597
1050853
1012867
1051781
1028996
1035011
1026500
1024676
1032355
1050468
1026435
1024739
1058789
1023940
1009187
1012163
1058757
1003106
1006723
1010339
1049061
1022212
1024931
1035075
1069893
1033891
1056868
1017635
1057925
1021539
1029956
1030180
1061092
1027555
1029316
1053476
1030275
1019107
1019012
1040932
1011842
1019716
1014499
1047364
1018307
1021188
1026596
1057892
1017508
1042436
1036676
1134983
1054373
1029315
1019107
1053764
1022083
1034084
1037156
1039491
1012611
1025507
1028195
1039780
1045380
1010467
1018115
1042628
1008643
1018499
1052868
1020196
1027588
1024548
1053124
1023907
1045124
1042340
1058693
1008579
1024964
1022819
1052996
1017283
1026244
1059620
1049028
1008131
1007523
1013667
1006467
1011779
1070021
1096390
1013443
1026051
1017347
1064517
1024132
1021827
1021540
1066116
1025987
1027139
1021507
1060196
1047588
1018691
1016675
1035364
1007042
1009379
1027588
1062949
1038628
1027171
1087078
1041284
1006147
1008418
1020067
1018115
1035844
1024228
1057124
1013795
1031524
1035332
1052164
1025571
1032227
1057412
1058501
1028324
1028452
1025603
1070245
1025923
1035108
1028388
1055492
1022787
1028900
1057188
1079365
1036003
1041796
1032388
1062436
1053604
1043716
1147880
1088614
1033380
1030851
1000514
1031940
1008323
1015812
1024036
1059364
1024771
1056516
1051013
1083461
1049764
1041732
1032996
1058341
1026916
1037892
1052068
1049636
1025252
1031843
1031844
1049156
1025060
1028707
1060389
1038340
1034660
1054244
1066693
1050180
1053381
1067525
1081317
1016291
1020931
1024323
1046340
1024612
1021763
1026883
1054340
1030276
1048900
1039876
1035651
1004707
1014307
1024260
1052133
1033060
1032100
1074021
1034883
1041924
1029763
1057861
1034564
1018723
1038852
1080390
1070597
1088293
1076773
1122695
1065861
1055941
1031715
1062725
1026435
1033124
1030724
1076933
1035140
1018083
1003619
1040132
1003267
1014019
1019459
1055108
1014467
1026724
1022851
1101606
1016323
1026756
1021411
1059493
1027364
1015299
1058341
1075333
1034916
1042756
1061668
1058181
1141032
1059749
1031396
1066085
998979
1023971
1011331
1053252
1006755
1046308
1014948
1116262
1032707
1027012
1039843
1071077
1037923
1052548
1050244
1079621
1044644
1058885
1050084
1079334
1046596
1051876
1049348
1088262
1042468
1048996
1050468
1073605
1047556
1056933
1048612
1079302
1045188
1018435
1017891
1036868
1013987
1014723
1020324
1059429
1051109
1055588
1020387
1038052
1007747
1025539
1029315
1057316
1026180
1045668
1028707
1060741
1029668
1024099
1054917
1024323
1030563
1026403
1044676
1045732
1042308
1055460
1061733
1008003
1011075
1005219
1023556
1006883
1031940
1032260
1052741
1049316
1022179
1013347
1064292
1011075
1002723
1024260
998051
1009955
1005763
1053380
1016291
1027076
1027875
1048612
1021347
1031524
1027203
1041347
1043108
1016740
1020292
1051045
1066917
1030659
1108999
1061861
1010339
1027268
1027043
1052581
1036356
1039364
1037667
1056260
1040196
1042980
1038468
1066853
1033188
1028260
1040068
1055652
1033412
1046116
1043300
1067877
1011779
1012867
1009795
1044740
1008003
1012163
1057380
1036963
1013315
1011395
1046117
1019748
1014499
1021955
1059429
1033380
1037636
1031652
1076549
1016323
1013923
1012931
1043588
1054820
1079782
1037156
1046404
1019139
1014243
1023075
1077605
1017540
1005282
1023267
1001890
1012163
1003331
1036004
1033348
1024899
1006499
1038052
1006915
1009474
1015139
1067685
1017539
1021252
1022147
1058948
1014659
1015299
1064101
1022051
1028292
1081125
1039940
999075
1010275
1022723
1042948
1029124
1036227
1031844
1063588
1036164
1016388
1014723
1038948
1010403
1026724
1020771
1040003
1045924
1039972
1052133
1087301
1010179
1106758
1035492
1040964
1009634
1009731
1021540
1050980
1028003
1051460
1021955
1051716
1029124
1016515
1076294
1043556
1015779
1020387
1025699
1051588
1025668
1022723
1030051
1048740
1027939
1031140
1062725
1017251
1032100
1037156
1057828
1007331
1014339
1004579
1067301
1009283
1024227
1050692
1047396
1007554
1013731
1015523
1033988
1021156
1015939
1015075
1074821
1004131
1018019
1034788
1004483
1012259
1016771
1042468
1017443
1018403
1016163
1054501
1011811
1007682
1011651
1048324
1015299
1022179
1032803
1030884
1014851
1015683
1018339
1028483
1018628
1041412
1068293
1031587
1030819
1036900
1051685
1030627
1037156
1027043
1049988
1027620
1121414
1035843
1044996
1018275
1026691
1036100
1064133
1032899
1052132
1052484
1053285
1025379
1041379
1030916
1051045
1027364
1038500
1070021
1046788
1160392
1041636
1002595
1023267
1012675
1003587
1001922
1038787
1005666
1007842
1025987
1035971
1006467
1011907
1021924
1040420
1007587
1046597
1012003
1004931
1008418
1012611
1035683
1046532
1010979
1011363
1049092
1036643
1014659
1009315
1039523
1019299
1031619
1050980
1059972
1092837
1037572
1035492
1058308
1023619
1030435
1007490
1041860
1010435
1009347
1039844
1003907
1013091
1022787
1035556
1002530
1039940
1008354
1030211
997058
1012963
1005539
1028835
1012322
1021699
1015651
1052228
1022564
1050308
1042724
1015427
1014115
1017667
1043396
1026147
1020547
1040580
1036963
1013763
1007747
1018659
1036548
1010371
1011523
1010658
1003010
1014947
1008003
1052900
1028004
1014339
1003202
1035011
1006275
1010851
1019011
1067941
1012259
1021763
1057445
1036356
1009955
1013955
1056644
1039972
1125575
1047588
1010947
1052037
1148328
1058213
1017123
1044484
1013027
1021027
1010914
1055621
1039780
1020067
1015299
1041604
1087398
1034788
1044420
1037220
996514
1010050
1013731
1044996
1034724
1043492
1030595
1061765
1034723
1045860
1034275
1069189
1035683
1034948
1059045
1029348
1016483
1009475
1047492
1026275
1028835
1028836
1068837
1031236
1033092
1031620
1075493
1037988
1030979
1036804
1066084
1038244
1039620
1045796
1065317
1046116
1039460
1048260
1068452
1029603
1034755
1084230
1040356
1053381
1053124
1054500
1023139
1036388
1117158
1083365
1047172
1045444
1047972
1063940
1040804
1048484
1045732
1060165
1017219
1029763
1020484
1048036
1017091
1046116
1014083
1040068
1028100
1025475
1018979
1052485
1025539
1037604
1054404
1039684
1016867
1025571
1020355
1077157
1049508
1027140
1137447
1087941
1038979
1037636
1027907
1053764
1032643
1038628
1053604
1061957
1024420
1035396
1048516
1102534
1029315
1037124
1010307
1046276
1013763
1025539
1032003
1065349
1007747
1008163
1017699
1045732
1012643
1045957
1037092
1043524
1020900
1023971
1030819
1072837
1021155
1022531
1024195
1085061
999747
1007203
1030243
1021155
1021923
1025763
1064709
1034084
1060772
1052261
1061252
1012386
1012355
1009123
1054757
1008610
1009731
1016707
1044580
1041700
1046820
1048580
1068964
1044868
1047716
1050084
1059844
1026116
1035460
1027011
1056932
1049924
1009987
1022052
1070085
1073637
1057572
1063173
1089125
1062341
1040356
1024547
1010147
1053444
1050404
1085957
1018596
1047620
1035748
1063941
1025124
1040004
1048805
1064420
1031748
1028963
1025284
1066789
1028676
1030628
1089862
1059813
1132775
1057285
1027747
1035299
1001762
1024612
1037507
1051525
1026820
1027748
1039652
1067013
1032579
1041764
1042148
1064357
1025476
1037220
1023203
1044996
1018787
1040676
1044260
1069637
1043044
1063429
1016611
1052900
1030083
1034628
1038660
1054181
1027459
1040164
1038340
1057604
1026947
1038627
1036100
1057285
1041636
1040836
1059940
1040452
1040452
1038724
1078085
1040228
1048676
1050213
1063749
1028739
1037732
1044836
1055109
1063140
1019843
1020291
1059236
1029347
1036516
1039108
1047492
1024963
1032579
1022116
1047780
1027172
1032835
1086822
1070181
1034787
1018115
1031236
1050276
1026724
1025571
1060452
1021219
1032900
1003427
1053188
1021284
1036420
1022436
1094054
1029123
1017827
1016547
1040228
1025412
1031460
1037795
1045476
1020483
1028516
1031396
1054565
1090533
1059269
1103463
1077541
1022947
1020835
1014595
1067301
1006755
1011779
1009250
1048452
1019363
1017987
1026212
1063653
1045668
1022851
1011427
1041828
1012643
1014307
1041892
1057253
1012227
1018275
1022531
1063588
1028419
1036164
1068741
1041412
1018659
1054212
1029891
1014211
1038404
1048452
1042788
1012035
1039588
1015619
1056549
1024579
1016195
1020836
1034948
1018307
1021955
1038276
1039460
1017731
1016451
1038980
1021156
1055716
1028996
1068389
1011299
1026755
1026851
1046053
1016163
1029668
1022115
1046788
1023620
1039460
1021507
1031268
1007107
1011651
1023587
1034980
1008194
1038788
1010435
1039395
1006819
1018372
1059013
1019139
1032740
1018595
1065381
1024803
1027619
1031812
1079685
1114566
1041348
1024644
1042372
1024547
1040164
1027043
1066085
1024323
1024452
1032067
1114247
1033860
1113574
1072101
1059173
1045476
1044388
1047813
1099174
1038340
1019875
1010723
1036515
1005507
1013827
1008771
1063557
1027172
1020355
1050436
1066149
1024483
1097542
1033091
1047716
1028099
1029411
1026147
1047748
1047876
1021155
1033444
1065317
1045380
1036996
1064133
1042628
1028323
1007363
1028996
1005923
1019139
1011907
1048964
1017987
1020483
1017475
1054756
1035012
1034532
1034532
1034916
1028356
1024419
1015811
1029283
1012547
1025187
1057636
1015267
1015427
1019971
1031811
1020387
1021315
1041091
1053220
1038948
1054948
1054340
1058629
1033284
1038468
1044836
1068837
1053765
1038468
1039428
1046148
1018275
1014723
1027171
1048324
1012322
1014947
1049572
1005411
1020515
1011811
1055748
1016675
1011779
1003939
1035556
1005794
1034083
1017859
1063268
1035011
1037635
1079430
1071141
1133896
1060741
1026723
1053380
1018883
1026947
1023908
1073094
1035268
1015555
1016739
1052549
1034755
1052612
1023139
1034180
1015203
1010947
1022243
1003331
1030468
1011619
1040132
1008835
1012643
1016643
1042052
1013091
1020131
1052324
1041508
1006979
1013667
1017155
1034243
1018467
1021283
1067525
1028163
1005762
1006499
1036644
1004483
1016867
1054340
1043748
1007042
1036292
1024803
1060388
1021412
1037987
1037092
1071301
1014339
1061701
1022787
1024899
1002851
1009027
1019267
1036644
1048197
1016483
1041636
1001666
1012995
1016835
1040484
1002371
1008355
1010403
1042980
1029860
1017411
1012323
1044228
1033220
1034307
1042468
1058852
1033380
1039587
1043108
1005730
1013475
1010146
1043716
1010563
1041668
1013763
1057412
1077990
1056421
1060965
1170824
1092230
1028611
1052324
1032451
1173449
1091974
1040804
1064581
1124071
1117479
1049252
1031843
1030179
1032292
1054981
1002530
1019363
1017924
1001283
1012291
1037316
1041860
1011011
1046276
1031108
1047813
1072069
1031812
1021539
1034628
1001155
1008418
1010275
1037540
999266
1039300
1038692
1056165
1007011
1020419
1020291
1051428
1023588
1032420
1052805
1073445
1033412
1035556
1060260
1027620
1024067
1029763
1075013
1021667
1015651
1014019
1045380
1016963
1023427
1025059
1055077
1035460
1034532
1036099
1055460
1027235
1028324
1023395
1039907
1018499
1015715
1035459
1012771
1019043
1017507
1037316
1034820
1041892
1028067
1051460
1022116
1036612
1053189
1049701
1016035
1033412
1044196
1053829
1028579
1020739
1014147
1033636
1009954
1061476
1052965
1044740
1009122
1009443
1041508
1025891
1022692
1037860
1126023
1024739
1136232
1050628
1032644
1036292
1008195
1033507
1040036
1075685
1037956
1047556
1010274
1009379
1019619
1025155
1052069
1046436
1038116
1044292
1067045
1038724
1044132
1040035
1066885
1036932
1036836
1034403
1082149
1017507
1017603
1008771
1035108
1011203
1061508
1088806
1040772
1003331
1005187
1009539
1030435
1006274
1012131
1021059
1028772
1037316
1011171
1013571
1031587
1009155
1002147
1044132
1009187
1016131
1042212
1049092
1007715
1018307
1019171
1052260
1000258
1008707
1004867
1038467
1036196
1015555
1011651
1045924
1013155
1015011
1034212
1012579
1026628
1019651
1042468
1043460
1021091
1018467
1041092
1023428
1026435
1023235
1044228
1023652
1022499
1027460
1047556
1016099
1060005
1043940
1036548
1026372
1033252
1033764
1056453
1047428
1041060
1077221
1030212
1029540
1092678
1036676
1183977
1049796
1024291
1028611
1045956
1051268
1030052
1019364
1049381
1033571
1022051
1033059
1040388
1025955
1031620
1034435
1048228
1045284
1021027
1034212
1003491
1020579
1011971
1038116
1072133
1028995
1017443
1048356
1044868
1017795
1006627
1047076
1036291
1040836
1043364
1067525
1019075
1023843
1017347
1039780
1022211
1028868
1076037
1011491
1006435
1034979
1054052
1026820
1037220
1014819
1040067
1011171
1011939
1051973
1039620
1005891
1021027
1020067
1065093
1026147
1026276
1026083
1044036
1020611
1022500
1046628
1019235
1016739
1004611
1036836
1016099
1029315
1030243
1071429
1010307
1019299
1036196
1076293
1063717
1024580
1041476
1074597
1040004
1048580
1016963
1042532
1006947
1018883
1045668
1015939
1057828
1071749
1072357
1028067
1001090
1011651
1032388
1042980
1052772
1015171
1146728
1061060
1006595
1041539
1049989
1058373
1025923
1019843
1021860
1023459
1020803
1036324
1053317
1024996
1021635
1014115
1049124
1029827
1029219
1037924
1047076
1024356
1018819
1036355
1051812
1020163
1028195
1027299
1061764
1032483
1034276
1074053
1033124
1043044
1049956
1055556
1014787
1010979
1008611
1076293
1028643
1041732
1029635
1081510
1012387
1009794
1011299
1038116
1013571
1035204
1041316
1079429
1008355
1039588
1041796
1064965
1034340
1018563
1034435
1077925
1030659
1033444
1011619
1032804
1019075
1039364
1032675
1053092
1024387
1010146
1027811
1003811
1016099
1021635
1042628
1018211
1023715
1041572
1064517
1034756
1041892
1037092
1064932
1040900
1050276
1049604
1066405
1047044
1055364
1042564
1066149
1048996
1054725
1025667
1047940
1015779
1017763
1045188
1086469
1029156
1129927
1070949
1070821
1018659
1017379
1015299
1030564
1009923
1018947
1027364
1019459
1020099
1035044
1039396
1011075
1019395
1031651
1038468
1023011
1041060
1046724
1064453
1038980
1039588
1015331
1038756
1013443
1024708
1039908
1018020
1007746
1038467
1033219
1008194
1019427
1023299
1070981
1018051
1016644
1039652
1040196
1010435
1021603
1010563
1056228
1042180
1006723
1045412
1008355
1022435
1013699
1046052
1008931
1032931
1016003
1039972
1007587
1017283
1021764
1082533
1016003
1023459
1024131
1045540
1018564
1021251
1053668
1013923
1011651
1027940
1051460
1017571
1022307
1044772
1040036
1013219
1006723
1017315
1036132
1014787
1045924
1029795
1045636
1023043
1030947
1064933
1030051
1025891
1034308
1062980
1021604
1011234
1008419
1043044
1006595
1041476
1037796
1041795
1027203
1017251
1106535
1062693
1026084
1018467
1013219
1047428
1039492
1048388
1020867
1048964
1012707
1021956
1047076
1023396
1023363
1032963
1040420
1017091
1014659
1024963
1064420
1019139
1025091
1035651
1085318
1040964
1012131
1007395
1031395
1032900
1034403
1053765
1055045
1020355
1017732
1030980
1013219
1020515
1025027
1069445
1016291
1015843
1016259
1040420
1010786
1030692
1021924
1062565
1012771
1021987
1032580
1081477
1054501
1016515
1024195
1045700
1012419
1033348
1069573
1013123
1023395
1027043
1120998
1024131
1018563
1039172
1051077
1029252
1020899
1022755
1039524
1017731
1029028
1019587
1045348
1020964
1014915
1030275
1046308
1022467
1023555
1054692
1012067
1035364
1031524
1056773
1045188
1015043
1009571
1053476
1031364
1032803
1028804
1060132
1027716
1019395
1009283
1056229
1051844
1047300
1153192
1095397
1047844
1046308
1036771
1060100
1040100
1053636
1047364
1050821
1030915
1038276
1026884
1057157
1029348
1038180
1051077
1087557
1020643
1009250
1034340
1014179
1049732
1030691
1030180
1016739
1034755
1033699
1053380
1029124
1031236
1034340
1054500
1039780
1040740
1020515
1049060
1026115
1030883
1035524
1068229
1021315
1042564
1035524
1052165
1034500
1030788
1040196
1056741
1036100
1043140
1060421
1028131
1050212
1038020
1071941
1033796
1047268
1038052
1063397
1040004
1058116
1029475
1066821
1027076
1026915
1019460
1056068
1056933
1051140
1048964
1071685
1045348
1052837
1040260
1074117
1030340
1031780
1027876
1052932
1021891
1025059
1029315
1059109
1030403
1046660
1038756
1004675
1012835
1008995
1037123
1024003
1060932
1036452
1047940
1039524
1068037
1066533
1097990
1065349
1124583
1034436
1012099
1041668
1053476
1005507
1025027
1016419
1035268
1028932
1042244
1030468
1064261
1013859
1037156
1012323
1017251
1023107
1053444
1018627
1023268
1040643
1070853
1034916
1044420
1047108
1062565
1011491
1025796
1039427
1014595
1015491
1019331
1072005
1014595
1022723
1012387
1037155
1018339
1035364
1028100
1058949
1027908
1073445
1036931
1053028
1006531
1016451
1023683
1045380
1022947
1031780
1055556
1044836
1023843
1025443
1058596
1029252
1032707
1032228
1067365
1032836
1031331
1027843
1061892
1032771
1028835
1033316
1055140
1030788
1033539
1041988
1056900
1034180
1043492
1038883
1057444
1036836
1039044
1057124
1039620
1048644
1031971
1070149
1032515
1033732
1034596
1072549
1034051
1040804
1026212
1042116
1001922
1011107
1005507
1046916
1011426
1004099
1023811
1038180
1048676
1049540
1003331
1005027
1001731
1007266
1034627
1007490
1016291
1021284
1055460
1016099
1022436
1027012
1057860
1026340
1050405
1049797
1042340
1004227
1013667
1018692
1038980
1017859
1012771
1055557
1026275
1016963
1015011
1064325
1032452
1036580
1046756
1070724
1039588
1063684
1026819
1068644
1053156
1054372
1055780
1076293
1056869
1064965
1072581
1093125
1031172
1019075
1018467
1039492
1018979
1017795
1045444
1017187
1042948
1021219
1036195
1020131
1037220
1038051
1064260
1081286
1018851
1003075
1034115
1025603
1026244
1032579
1043108
1028611
1033828
1042852
1061509
1019011
1019299
1042596
1027299
1031652
1034275
1065093
1018627
1035172
1017283
1039108
1011555
1049989
1025444
1046692
1034692
1035748
1062597
1078213
1051844
1063397
1053349
1068165
1048581
1055716
1063685
1085381
1058148
1022083
1007651
1043684
1012611
1017763
1036068
1045508
1006563
1023940
1015267
1035620
1012035
1024451
1042372
1007139
1031460
1016227
1044804
1019043
1032131
1039748
1059460
1019203
1024356
1048292
1053380
1013827
1014755
1022531
1038660
1018659
1018723
1037508
1051204
1026083
1033668
1040548
1028003
1024483
1043332
1060708
1065701
1055204
1052389
1069796
1041028
1063365
1043204
1067333
1034628
1080454
1041220
1068644
1031171
1058532
1019203
1048900
1023460
1034500
1022179
1050821
1021731
1033796
1022148
1053540
1048549
1035332
1014819
1033475
1009123
1031460
1017283
1054596
1023332
1050661
1029283
1045156
1020739
1027172
1025636
1051332
1024708
1034723
1036803
1020867
1022500
1040324
1076613
1012131
1007619
1015267
1028355
1004259
1005538
1011267
1029091
1022692
1038020
1029124
1127303
1028995
1012547
1015107
1033955
1021219
1015331
1023492
1070149
1006018
1008547
1030147
1050724
1032772
1031684
1063781
1020387
1048356
1036996
1059684
1010787
1026307
1022883
1072773
1032228
1031812
1030595
1081029
1040740
1023235
1018723
1041732
1014851
1027875
1031555
1038852
1008419
1015139
1054085
1006339
1041156
1008931
1088933
1026083
1019139
1025956
1068421
1009859
1005474
1009315
1035555
1017603
1019139
1029380
1052677
1032164
1035428
1061925
1081382
1016259
1006082
1035171
1004066
1017315
1014243
1048164
1031812
1017731
1020483
1053380
1020323
1043492
1035172
1067813
1020675
1034115
1067109
1046724
1070117
1055300
1080293
1049988
1038532
1101350
1133831
1080133
1036420
1039044
1045924
1063333
1038596
1017635
1013603
1027971
1003682
1022436
1055332
