187686
50018
41345
44993
41154
41250
41122
41409
39841
40866
37857
37761
37825
41090
37825
39266
38786
39042
38753
38753
40353
38529
39265
38658
38657
39522
38177
39330
39841
39106
38465
37794
39329
39042
37761
40513
39425
36994
37986
39073
40546
40418
38465
38722
39585
42081
38433
37538
37089
36897
37410
37793
37794
37281
38178
38977
38177
38241
37826
39361
38178
36225
37473
38049
37569
37217
37442
38081
41409
36610
36993
38369
37826
37633
36770
37250
37505
37185
42946
38017
39009
36610
38081
37826
38273
37953
38849
38690
37953
36993
37057
38145
37570
36737
37057
38561
38274
37793
36578
39137
38273
38561
36834
37537
37601
37185
36545
37186
38722
38945
37378
42658
37729
37794
37313
36321
38273
37345
36386
36673
37281
37473
37794
36545
37218
37601
38786
38017
41441
37761
36897
39009
37666
37665
39617
38786
38178
37857
37378
36929
36417
37281
36833
37826
36673
38561
38881
36481
36609
38049
36769
36961
36929
37954
37954
36769
36225
36417
38241
37057
36417
56482
38113
39553
40161
36513
38274
37217
36322
37441
37409
36834
35969
36545
37409
36802
36225
38369
39265
39201
37634
37729
38210
36609
36705
38018
37441
38273
37505
36961
35745
38369
38497
38177
37985
37377
38209
36897
38209
37602
36897
36673
36865
37441
38113
38114
36897
38817
36962
37058
36641
38946
39873
39937
38242
38497
37793
39073
38242
38145
37889
38497
37922
38081
37697
38209
39425
62947
37794
36129
36321
37761
38753
37250
36609
36834
37569
37537
36545
36641
36737
37601
37313
37250
37954
38049
38849
38337
37762
37569
36705
36289
38818
37729
38209
37825
38914
37153
38625
36865
36065
39073
38337
36801
37761
34818
36866
37378
35554
36097
37377
36994
37442
35874
35713
37185
37057
36770
42049
37153
36897
35073
36641
37025
36929
37377
37857
37121
36993
37601
39745
38210
36258
35842
37473
38145
36834
39073
38209
35169
37409
36737
36193
36194
37442
37313
37345
36609
37825
39201
37057
38209
38273
38178
39010
39425
37154
38049
38881
38658
36353
37633
37601
36098
36418
37442
38498
37633
37154
37601
36801
38593
38050
38625
38145
37346
36354
36321
37345
37633
36898
36322
37602
37826
35906
35521
36673
36705
38754
36225
36545
37570
37249
37857
37409
37569
39233
38754
38241
37761
38657
36609
37569
37698
36961
36257
35681
37249
39874
38593
37857
39010
37250
38274
38049
37473
37569
37089
37921
37441
38114
37281
37121
37953
37377
39906
37249
37282
38242
38529
37857
37793
37986
37633
39106
37761
55138
38850
37345
39490
38369
36994
38241
39234
38049
37505
39041
38754
37601
37441
36705
38945
37985
39042
39842
40161
38625
38241
37633
39298
38498
38113
37345
37794
37218
37698
38369
38754
36705
54722
38081
37505
35874
37185
38657
40546
39649
38593
38081
38722
38434
37730
37825
37122
40961
39330
40130
38017
39810
39970
39521
37537
38401
38369
36705
37665
38657
36673
37602
36834
38369
38401
37889
38626
38722
37345
38049
37314
38690
38465
38241
38497
39394
39105
37921
39489
38177
38049
37858
45217
38978
38722
36801
38402
36993
37441
37090
38849
36705
37441
38466
38177
37633
38817
36769
37281
36930
37122
38434
37505
37665
37889
39362
38593
38945
37570
40194
38689
36289
37633
38530
38370
38049
40386
37857
38529
37121
36993
37601
39106
36354
37314
38433
37697
39938
37602
38114
38529
38689
38401
39329
37121
35938
36929
37889
37505
36929
40961
37825
37538
37249
37057
37794
37985
37249
38273
40001
37762
37889
36385
36226
37762
37697
36673
38434
37442
37858
36993
36386
37826
38881
38369
38018
44097
37025
36961
37153
38818
37378
39554
37089
38401
37825
38018
37569
36257
36897
37377
36610
38050
37506
38114
37825
36417
38529
38145
38370
37217
37473
37506
37985
37985
38433
37409
37570
38625
36897
39777
38689
39009
36865
37121
39137
37793
37793
37090
36834
36737
37025
36929
38145
38689
38593
39425
38786
39234
37505
38145
37506
37665
37889
37761
38370
37345
38369
36609
37761
38273
37794
38113
38945
37826
37921
36546
37825
37185
38881
37986
36577
38145
38753
36545
38881
38018
37825
38306
36449
39554
38625
38498
37506
37282
38273
37921
38114
37186
37185
36705
37889
35809
38049
40321
38881
39713
38369
39522
40289
38722
37761
38561
36833
38690
37121
39105
36065
38657
36961
38945
36289
35905
39457
39714
37666
37122
35137
38337
37217
37762
39041
37985
38497
37441
38753
37473
37410
36354
54434
38017
39842
38657
38658
38145
39106
37058
36289
36801
37793
36386
37089
37665
38401
38593
38177
41154
37857
38530
39009
36578
37474
36545
36385
35905
38401
37825
42338
38081
37730
38689
37953
64067
40225
37953
36609
37826
37409
37793
37217
36737
38145
37569
37185
36257
39233
37761
36802
36033
39297
37409
38113
37505
36129
38241
39938
39137
38625
36866
39617
38337
38849
38370
36929
36322
36257
37601
39618
37122
36385
38145
38689
38209
35937
36001
38338
38049
37410
35009
37697
36865
36641
54210
38401
37890
39074
38530
38305
37090
41506
36321
38689
37218
37793
38529
37474
38657
38913
38018
37569
39201
38689
38242
37569
37921
38689
37698
38401
38018
36929
36161
38273
37985
37121
35745
54082
37409
37185
35681
35585
37409
39585
38241
39138
37729
37377
36225
35265
37378
37122
36194
35713
43169
38625
36962
35265
35585
37026
37698
36642
35778
36738
36098
36290
36002
37378
36641
35809
35585
38209
37761
39393
36065
35649
37057
37601
35969
35681
37793
37761
37281
35905
35361
38337
37633
36257
38274
36962
37505
37121
36129
38017
38817
36193
36833
37410
37025
38625
35521
37153
37505
38721
39041
44770
36737
36834
36449
35489
37985
36705
35457
35297
37217
38785
38209
37602
37762
37474
38466
37537
35138
38625
38465
36481
35777
38114
36322
36609
35937
36322
39745
36545
37793
37441
37377
36801
36577
38017
38274
37441
37953
38465
37153
37634
37793
37313
38049
38273
38466
39170
37057
36546
36450
35874
39042
38689
38337
38978
37474
37953
36353
36385
38081
38113
39425
37314
35905
37633
38242
38530
59042
37633
38498
35970
37250
37249
37185
37090
38305
35585
37441
36641
35906
36929
37121
39137
36033
36354
37762
37441
37601
36226
37506
37825
36065
36002
37250
39009
37889
38370
37985
37729
37953
36353
46754
37665
37121
36321
35777
37345
36673
36097
35746
36226
37122
37218
35617
35329
36834
36865
36001
53762
37665
37921
36674
37345
37826
38721
38242
37154
38050
35618
37889
36802
36834
37153
35521
37730
39330
39329
36705
36801
37377
37345
37186
38210
37505
37154
37025
36033
35681
36769
37569
35873
38145
38434
38433
38402
37153
37313
38049
36386
35521
35265
38369
37505
35777
36257
37953
36737
36609
36001
38209
36929
36545
35041
37441
36290
36129
35362
35553
37729
38210
35810
35586
37250
36706
35745
38466
38017
37569
37058
35330
37954
38433
36193
35841
35585
37377
36705
35905
35489
37761
36929
36449
37153
38850
39201
38050
37186
37954
36802
36258
36962
36482
37954
37986
36353
36226
37474
39362
35586
36034
37473
37313
36321
35777
36738
38209
36962
36290
35265
37473
38497
37218
36961
37345
37537
36353
35521
36834
38274
37505
37601
36865
37057
38754
36961
36705
36417
38625
37089
36546
37186
37122
36993
36033
38274
37313
36737
35265
35714
36738
38402
36929
37441
37345
36865
36129
35362
35522
37090
38946
37409
40993
38114
37601
36897
36801
37665
37185
40481
37186
39362
36833
38401
36129
37057
39137
37249
36801
36001
38273
37601
36321
35873
37537
37377
36514
36769
37410
37665
37378
36354
39425
38658
37825
36641
37761
38242
39169
38881
36002
37826
37666
36513
36354
38114
36769
36225
36193
38337
37857
36546
38433
40290
38498
37345
36354
37857
37922
36129
36481
38050
37473
36673
36417
36961
38017
38850
35425
43521
37185
37953
38114
36866
38369
38145
37057
35778
37922
38786
37729
35361
37697
37217
36801
35681
37409
37441
38273
38593
36386
38561
37282
37954
37217
37729
38594
35777
35265
37313
37313
36322
36385
38945
37409
37922
37218
37442
37633
37857
37729
37314
39873
38913
37921
37154
37889
38401
38273
36865
37922
38305
36513
36321
37153
37794
37217
36321
37537
37825
38434
38146
37314
36481
37121
37826
38401
36801
37154
37953
37313
37985
37282
38177
38273
37249
38913
38338
37633
38433
37345
37826
36577
38850
38849
38113
37538
37121
37825
37538
38178
36577
38113
40033
37889
36833
37601
39554
38625
36833
39265
38593
36769
36898
36930
37249
37377
37346
37281
38209
37121
36770
36738
37794
38561
37313
55074
38337
39234
37953
37794
37634
37538
38817
38882
38209
38337
36705
37793
38401
36993
37154
36578
38657
38209
37026
37249
36609
37505
37217
37537
37185
37601
36961
37249
37345
37697
36961
36962
36258
44961
38626
38721
39425
38561
37793
38754
36961
36674
37602
37249
37569
36257
38081
37665
37922
39042
38242
37057
37505
36385
38402
37793
37570
37057
36001
38146
38337
37217
36577
37505
38881
38721
37858
39362
37793
38658
37089
37282
37857
36929
36641
37378
37634
38561
38721
37506
37921
37186
36769
36225
37345
38146
37313
37730
38081
38433
38850
37601
39009
37506
37473
36834
37025
38081
38241
54050
37058
39202
37314
36865
37857
37506
37121
37217
37313
38913
36865
37346
37761
37377
36961
37281
39361
37730
38817
37025
36801
37921
38113
38114
37505
37121
37601
38210
38690
37282
38081
38753
36322
38274
37089
37345
35649
37762
37121
37666
35841
37666
37186
37985
37185
36513
37761
36834
36065
35457
36833
38881
37921
35713
37345
38690
37345
35809
35841
37634
37378
36034
37441
37762
38018
36577
54018
38305
39042
36801
36225
37889
37409
36033
35681
35809
37569
37313
36321
36674
38049
38818
36737
58178
37922
37921
36257
35777
37505
37473
35713
36545
35393
37633
40482
38593
36321
37569
38434
38113
36993
37441
39458
37025
36737
37537
38625
36449
38049
37921
37121
38594
36449
37441
38625
37154
36673
44609
37858
36801
37346
35809
38465
37281
39233
36225
37921
37121
36033
35457
37602
36898
35521
36738
36417
37634
38273
37217
36641
38017
37442
37185
36193
37793
37282
37441
38049
37985
38018
37921
37441
38690
37889
37057
35841
37057
38145
40993
36770
36898
37858
38017
36193
36257
37313
37601
36226
68578
39073
38018
36769
36129
38017
38273
36289
36001
38017
36801
36321
36641
35554
37346
37570
36065
55170
37697
39906
36705
35841
38177
37345
36161
35778
37666
37474
36769
36513
36353
37825
37730
36641
38657
37761
37762
38753
38146
37601
39265
37378
38049
38433
38657
39009
38178
37985
39009
39010
40001
38209
39649
38913
38849
37729
39169
38401
39714
38881
39361
38337
36930
37889
38433
38050
37857
38946
38785
38914
38081
37601
38978
38177
38178
37569
39585
38785
38529
37729
38977
38849
37249
38145
37570
41153
40225
38178
38465
38466
38369
37345
39714
38753
38305
38658
37601
39937
38657
44930
37473
38882
37889
37121
38081
38786
37953
38785
37601
37217
37762
37826
37890
39297
38082
37185
39457
39041
38849
38913
38529
37729
37345
39042
38402
38434
37153
36961
36833
37697
37473
39042
37601
38753
37601
39138
39681
38209
37953
35969
36610
37441
37761
40002
37761
37217
37185
37345
36609
38241
39777
38817
36769
37058
36705
36833
38402
37761
37569
37090
35873
35873
38114
37729
38881
38241
40961
37281
38434
37601
37793
37793
36898
37890
39041
38050
38945
38914
38049
37249
36802
35905
37441
41249
38370
37953
36641
36098
37538
37025
37953
38145
37601
37826
36769
36513
38209
37025
36257
36513
36321
37761
38465
38850
36225
38241
41921
38081
38145
37249
37153
36706
35937
37185
37569
37057
38305
39233
37858
37665
37121
37954
37473
37377
36514
36993
37249
36801
34689
38402
38018
38881
36897
55458
37346
38785
38178
36801
37569
37345
37057
36449
37697
38881
37858
37761
37377
36610
36321
36321
36834
36642
38401
36929
35682
36738
39713
37858
38882
37346
37025
37761
36385
36833
37921
37089
36417
40513
37985
37698
37025
36193
37313
37409
35841
37634
37954
40097
35938
36321
38401
36801
39234
37153
37857
37377
36962
36738
36513
37537
36802
36353
35553
36929
37313
37249
35617
37921
38561
37537
38049
38370
38049
38338
36865
37313
37666
36545
37314
37825
37089
36546
37025
36673
38273
37826
36481
41154
38273
38465
37665
38497
38401
38594
37889
35873
37409
37985
37537
36801
37889
38881
37569
37794
38433
38050
38817
36993
37441
38913
39009
37825
37377
39746
39873
38626
37153
37857
40097
36993
43970
38465
37250
38145
38241
37313
39106
38849
38626
38498
38721
39361
37058
38241
39521
38562
38177
39714
38369
38689
39010
37665
37889
38306
37025
36801
37537
36962
35489
35681
38465
37697
36674
36609
38881
38914
36897
37121
36673
38529
37922
38722
37761
37601
37314
36545
37601
37217
37665
37569
40705
38049
38849
36897
38049
38113
37474
37954
37633
37601
39106
38881
36609
37281
37217
38690
38689
44193
37474
37121
37697
37826
37698
39778
38017
36865
38017
39585
37857
36354
37761
38625
37857
37633
39426
36417
36545
37793
37409
37601
39137
36769
36865
37313
38498
36321
35905
37249
38498
37025
36705
37250
37921
39202
38081
38145
38689
36578
36097
36321
37857
37793
36801
36705
38017
36929
36449
56706
37377
37090
38017
38145
37185
37474
36577
37217
36322
38177
37697
39169
36577
37761
37729
36866
37762
38273
37665
37217
36194
37154
38593
36449
36673
37409
38914
36321
37665
37345
36642
36161
36961
38017
37441
37441
37890
38370
37442
37825
36705
36130
37826
38049
36577
38178
38338
37825
37761
38306
39521
39265
38817
37954
37026
37826
36161
37569
35937
37857
37250
36289
36001
37537
39426
37313
61634
38049
38753
36865
36930
37985
37121
36705
35906
36098
37442
37537
38689
37826
37442
37121
37282
41313
37057
36897
37442
37410
38433
36545
38017
36865
38689
38785
37825
36674
36546
37250
37026
38177
44481
37729
38178
38530
37633
37825
38625
39010
38209
36993
37377
36865
36065
39074
39201
38210
37089
38082
38145
36513
36385
37665
37633
36769
37538
35905
37985
36545
37825
39297
39842
38625
38689
37090
38754
38273
37057
37378
37025
37505
37377
36641
37730
36994
37409
36065
36481
38210
40066
41697
39969
39233
40641
39810
38466
37729
38849
36993
38914
38433
38081
38049
39234
38050
37377
35777
35905
38498
38369
38561
36930
37537
40481
37473
36546
37378
37537
36449
36513
37409
37186
36097
61730
37665
39074
38049
38274
37826
36769
36929
36833
37217
37825
36385
36546
38241
37633
37217
36578
42145
37473
37025
36546
39458
36833
38305
36994
36737
37697
37889
37506
36993
38081
37185
36354
36738
38018
37986
37025
36865
36642
37890
39298
37217
35937
37761
37345
36225
36802
37665
37889
37313
38882
37793
38177
37825
36834
37601
38145
37730
36577
36737
37889
37761
37697
35777
37281
37506
36737
36738
38721
38786
36577
36769
36802
37986
36993
37089
38338
37889
37153
38273
37665
37889
39169
38466
55489
38306
37825
35457
36706
38274
37793
36961
38754
37377
38977
36322
36417
36321
37634
37537
37217
38849
37761
37249
36418
38050
37922
38145
37665
37825
37505
37570
37601
37505
39265
38337
38370
39201
39137
37569
39521
39298
38081
37569
38913
38274
37537
37665
36865
38146
37442
37634
38817
37634
36513
37857
37121
37569
36897
36129
38209
36833
36066
36546
37762
37986
37057
36513
38369
37505
36994
35777
38497
37538
36737
36065
35649
38337
38945
37761
37250
37729
36929
36418
35713
37794
37121
36418
36545
37985
37185
36514
37889
37697
36161
37794
39138
37185
38753
36386
36673
38145
39457
37825
38241
38273
37089
40546
38913
38977
37410
36993
36578
36961
39106
40161
38305
38882
37537
39746
36161
37153
37954
38402
36865
37826
36898
37217
38210
37089
37921
38722
38273
37409
37281
38945
37186
36577
37634
37953
37345
36289
36609
38017
39233
37281
37377
38401
38018
36961
35361
37313
37985
36449
35905
35745
37953
39458
37922
37761
38722
35745
35905
36449
38018
37217
35841
35938
37409
37602
38881
60515
38337
38146
38017
36097
37729
37025
36737
36834
37890
37281
36417
38817
40002
36353
36865
36641
38817
37377
38338
36545
36097
37281
37633
35970
35969
37025
37665
37442
36385
37985
37377
36962
36770
39073
37697
37762
36129
38466
37825
37633
36673
36321
37698
38209
36993
37633
38273
37442
40162
36353
37057
37569
37986
37250
37505
38241
39201
37217
36353
38498
38018
37442
35842
37122
36578
36738
35809
40770
37377
38882
37377
37505
37377
38401
37602
36962
37410
38145
36705
37377
37761
38114
36162
36290
35682
37377
37346
36802
36417
36962
37121
37698
36257
37409
38657
38018
38658
37474
39425
37985
37793
38529
38146
39329
36354
38529
37505
39073
36578
37666
37346
38689
37601
37985
37505
38337
38081
36833
36834
38913
38850
38657
38945
37441
39234
38817
38305
37665
37410
38690
36801
37218
39489
38497
39105
38721
39650
38881
38754
38337
38241
39361
38017
37729
38946
38753
37889
36737
37793
38274
38145
45378
37506
37025
38722
39842
37089
38914
38561
38338
37921
37378
38689
38273
37026
36834
38561
37697
38177
36865
37281
39105
37186
38017
38529
37729
37761
36705
38434
38721
38913
37826
37538
37953
55746
37665
39330
38241
35873
37313
38690
37634
38945
38689
38625
40002
37186
36225
37633
38785
40098
40961
38753
39617
38498
37889
37569
42465
38977
39201
37442
39201
38849
37762
38370
38529
36354
55938
38242
39745
37889
38721
37474
37537
39073
38818
38369
37313
38402
37761
36929
38017
38241
39330
38658
37857
37793
36898
36577
37601
37569
37569
36577
37826
37698
36577
36993
37281
38721
37858
36866
38017
38562
36737
36801
35713
37281
36769
36033
36577
36865
37729
37538
37922
36993
38210
36257
36001
38050
38561
37473
36737
37441
37057
36801
36641
36225
38241
39810
37825
37281
37441
38785
38433
38945
37506
37601
38530
37025
36929
37153
38305
36866
36353
37698
39105
39074
37857
37409
39202
40066
44833
37474
39874
36833
37249
37345
37922
38337
37569
37217
39361
37602
37217
36321
37377
39106
37217
45601
37921
37058
37217
37506
37250
36961
39041
42465
38338
39553
37954
37921
37249
37506
36129
36481
38657
37697
37058
36513
38210
38337
39393
38241
35969
38049
39617
38561
37633
37345
36226
36097
38337
39457
38049
38497
37825
37569
38753
38209
37441
38081
39362
39393
38722
37601
38145
39809
39873
38274
37634
36865
36321
35938
37826
36962
37025
36097
37889
36865
36801
36194
37282
37218
36481
36481
37506
37665
39201
36577
36897
37793
38497
38946
36257
37217
36897
37633
36673
36929
37826
36801
38273
45122
38241
37921
38209
36802
37921
37377
36993
36322
37633
37314
37025
38466
37218
36929
37921
64738
38753
38561
36897
36641
37633
37089
36897
36642
38210
37249
37121
36929
37826
38914
37121
36673
36866
38561
37473
36993
36097
38305
37250
37345
36609
37057
39234
37377
38562
37281
39617
40162
58050
40130
38369
36386
36417
37153
37889
37058
36577
38017
37313
37313
36257
37218
37474
36737
38273
38786
37346
39329
38913
36770
37218
36769
35265
37633
38594
39746
37697
37794
37250
39746
36929
38497
37825
37569
37089
37633
38081
37633
35617
37313
36962
38082
36769
36161
38465
37921
37409
37186
62978
38241
38913
38689
39105
37378
38017
37954
37217
37698
38657
40001
39810
38049
38114
36513
38177
41025
38018
36738
36801
37089
37249
39393
37025
37186
37954
38721
39617
38625
37761
36578
36737
36961
37665
38082
37282
36865
36097
37729
38113
36705
38497
37345
39233
38466
37761
36609
37025
38786
54754
37666
38434
36482
37409
37313
37089
36833
36258
35809
38017
37057
38657
37634
37282
36353
36641
36321
38273
37090
37378
36673
37665
37986
38722
37313
37954
37185
36417
36545
36353
37601
37473
36673
38881
38018
38529
38241
37217
37409
37185
36578
36001
37249
37570
37218
37217
39137
37889
36610
36098
40065
37985
38433
40289
36609
37601
37345
36737
36354
37090
37026
36801
36130
37890
38273
37217
38530
36770
37025
36993
36386
36705
37185
37537
36705
35810
37602
38210
37601
38273
37537
36418
38562
38529
38082
37953
36545
36001
37697
37281
38722
38273
37377
37698
37217
37153
36514
37730
36737
36161
35745
40193
37698
39394
37729
38081
38049
36546
36641
36801
36898
37537
36481
37505
37281
37025
38338
38626
37313
37185
36385
35746
37538
37313
37281
36930
37826
37761
35841
38977
37570
37249
37186
35745
36962
37890
36545
36385
36097
37985
38082
36449
36097
38370
37409
37313
37345
39553
39041
38113
38306
39361
37505
36577
37057
38433
38658
37761
36801
37441
37601
36833
36417
37793
37634
37249
38242
45313
37505
38209
36961
36386
37345
37505
35713
36098
36610
36641
37410
36993
38049
36993
38273
36161
36929
38433
37058
36225
36225
37218
37122
37793
35361
36770
36578
37282
35906
37058
36834
36033
35361
36513
37441
37345
36897
36097
36705
36353
39810
37442
36737
37185
36353
36577
37986
37185
36321
35778
37505
38337
38242
36609
36993
37057
35394
36353
35169
37729
37793
37185
37249
37217
36897
36802
38530
40482
37249
36417
36321
37793
38498
36481
35809
35489
37986
37826
36705
37761
37185
38658
38145
36257
37889
37602
37217
36097
37922
37218
36641
36449
36545
37441
38881
37570
39073
38210
37473
36769
44289
37953
38210
39906
37185
36866
37633
38690
39137
36993
36897
35649
36258
36898
37058
37473
36417
38498
37185
38689
37313
36705
38977
37057
36226
38113
37922
36513
36258
36257
37473
37505
38402
41825
37185
37442
37025
36193
36929
37282
36385
36513
37601
36769
37218
38433
37857
38817
37697
38433
39266
38113
36129
35745
38017
37281
37218
36929
36097
37377
39650
38497
35745
36865
36993
40801
52930
38209
38562
38145
38881
38146
39841
38626
36545
37729
37281
37122
35841
36321
37697
37505
36801
56642
37473
39137
39073
37793
37154
37345
36865
36865
37633
37825
37537
37442
36769
37953
37762
37153
36801
38273
37633
37345
36033
37921
38241
38593
36962
38625
39297
39169
36642
37889
39233
37346
37762
38401
39009
36354
36129
37569
37409
36482
38306
36193
37986
40065
35905
36898
36674
39938
36449
36673
36769
36961
36769
38017
37057
38977
39170
37697
37186
37921
37665
38018
37633
37505
37825
38177
44801
37090
39041
38369
35714
36993
36961
40834
36225
37665
37185
36289
35681
36321
37473
36929
35842
35938
38082
37634
36801
35873
38113
37666
37057
36417
37153
38209
35681
35649
37185
36705
37249
36002
42658
36769
37729
36481
38593
38273
38978
37185
36833
37057
37538
38209
38466
37537
37185
36705
37441
37153
37441
39650
38049
37825
37569
37185
36194
35937
37410
37441
36609
36162
37857
37473
38370
37921
38401
37729
37793
36865
36385
36961
36481
35841
36289
37665
37217
37761
38594
38338
36289
35489
38561
37729
37634
37793
37793
36673
37666
37089
37825
37762
37890
37345
36833
37185
37409
36545
38786
36609
36162
39106
40769
41601
40033
39842
36545
36865
37218
37762
37409
36897
37089
37601
37409
36514
38977
37889
37314
35937
35745
37697
37025
37537
37154
35841
37313
37921
35873
37954
37249
37473
36673
36929
37825
37697
36737
37185
37153
39073
37857
36385
37186
37506
37953
36801
36385
37249
37602
37281
35809
37697
39745
37570
38049
37953
38945
38305
39106
40737
38433
38817
37217
38402
36961
36353
37345
45057
38658
38466
37217
36321
37441
37345
35713
36033
36321
38273
39074
38497
38049
36577
37825
37025
37089
39873
38786
38465
37121
37058
36673
39361
35809
37057
36257
36865
36449
37665
38530
37153
39553
36930
37442
36705
37441
37729
38913
36609
36545
37249
38722
35393
36641
37345
36705
35489
35554
38113
37505
37409
37313
36609
37633
39489
38050
37538
37442
38465
38305
37409
38593
38146
38050
38305
37761
37314
37569
36737
37409
36866
37121
35361
35137
37377
37089
36737
36417
37569
36161
38114
37378
38113
37442
37601
39105
38370
37665
37505
36705
36449
37538
36865
38049
36258
37762
37281
37249
36961
37025
38626
37025
36001
36674
37666
37793
38017
38145
37089
37122
36289
36001
37409
37505
37505
55874
37729
37154
37089
37186
37410
38881
37441
37730
37825
37569
38177
37858
37921
37921
39010
37729
37090
37762
36865
36417
37409
37634
36898
35617
36481
38465
37601
37537
38433
37986
39426
37377
37185
37921
38209
37282
37313
35777
37889
37505
35457
37570
37570
36578
35649
35681
37569
36545
36097
37826
39042
37825
38529
36929
37025
37697
37602
35649
36513
37249
37121
36609
37474
36289
37377
36514
36193
38049
37601
37666
36417
36577
37729
37761
37730
37730
37314
38465
38305
36897
35874
37569
36706
37377
38337
37345
38657
36449
37217
37601
36642
37089
36129
37633
39074
35809
35425
37217
36161
36098
35265
39458
37186
38402
38081
37249
37793
37729
36801
35745
37377
36898
36129
35233
35489
37985
38113
36737
39393
37762
37314
36417
36225
37441
38498
36097
35617
37633
37121
36353
35169
37217
36962
39137
35234
35649
37953
37538
36865
36353
37378
37953
36289
35873
37025
39266
38433
35842
37058
37249
37057
37474
38658
38497
37986
38113
37985
38113
36641
39745
39457
38370
36513
36065
35425
36801
37505
36993
54466
37345
37153
36769
36930
36481
36706
36641
35521
35682
37058
37186
36865
36801
37569
38337
36705
40289
38114
38561
37921
38465
38049
36674
35522
36289
37537
37378
36705
35873
35970
37282
38369
37985
39553
37442
37025
36417
35745
36321
37666
35938
35681
37057
39073
37121
37185
37857
38689
38466
37345
35713
37185
37505
36898
35585
37409
37601
38210
36098
37442
37122
36001
36257
37825
37153
36865
35585
38081
37185
39362
36481
36769
36449
37346
35553
36417
37729
36738
39073
38050
37378
38273
36930
35969
37697
38593
38082
37825
36737
38017
38914
38049
37921
37089
37377
39809
37281
36898
37218
36674
36257
36065
37601
36898
36673
35713
37985
36929
37729
36194
36897
37634
36705
37442
37218
37378
36449
36033
37537
37985
37346
37665
36290
37570
36129
36033
38017
36641
38529
37633
37954
36258
36737
36001
38562
37442
37570
38785
37985
40673
37826
37057
38145
37314
37569
39010
38529
37218
37378
38273
36065
35329
39073
36513
38018
36001
35617
37601
37186
36738
37026
37090
37505
37793
35969
38305
37729
37601
36130
37185
37473
38753
36578
36289
37281
36962
37505
36065
37569
37697
37345
36162
37410
37921
37697
38017
40674
38050
37985
36865
37217
39042
38337
38497
37282
38242
37633
38754
37921
37217
38882
38017
44610
37313
38945
36993
37505
36897
38754
38369
38209
37793
37474
37474
37633
37697
37441
39585
39937
45954
39425
38177
37825
37409
38626
36738
38785
38786
38305
38882
38018
39041
38977
41826
36257
38017
38274
39009
37346
38529
37665
38977
39041
36161
37729
36993
36258
36097
37473
36993
36481
37442
36417
39138
38977
38241
37729
36642
36705
36097
36129
37537
37153
39521
36354
37761
37473
36481
36225
38593
38082
37345
37281
37185
38529
37442
36801
37378
38113
39650
36833
37794
37538
36385
37153
38274
37985
38785
36193
37762
37090
37281
36546
41761
36961
38082
36289
36001
36929
36290
37218
37953
38305
37985
37602
39010
37281
36865
36577
36577
37890
37090
36737
36417
36097
37025
37250
36641
36609
38497
37857
38433
37634
38465
37761
36417
37825
36066
37505
37345
36609
36129
37538
37217
37569
58082
37121
37345
36034
36129
38081
37377
37729
36449
38209
37569
37346
39713
36321
37985
37761
37057
45218
37825
37217
36417
36961
37889
38849
36802
37057
38177
37281
37378
37569
38273
38401
37473
36129
36993
38114
39586
37633
36993
37089
37666
36321
36321
37761
37154
36577
36289
37441
36737
36866
37217
37505
38785
36737
36705
36002
37313
37025
36513
36193
37730
36578
37730
36737
37473
36737
36257
35009
39553
37601
36898
36609
37761
36897
36930
37250
37793
37794
37505
36737
38657
38306
38881
38049
38081
37954
37153
37153
35873
37569
38881
39169
36801
39234
41026
37793
36513
36481
37282
36801
36481
38466
39009
37921
37346
38273
37537
36353
36386
37218
37857
38369
37282
37537
37121
37089
37826
37026
37953
37089
36897
36578
37217
37058
36961
37505
37249
37698
36834
36578
36930
37378
37537
36738
37474
37698
37761
38913
37826
37697
38561
38145
38561
37249
37409
37921
37922
36770
38497
38305
36193
38081
38657
38978
38337
36706
38466
37729
36193
35521
37506
37506
36801
36545
38401
37569
36354
37857
38465
38529
36834
36225
36065
37793
37921
36609
37153
37505
37666
37057
38945
37345
36930
36993
53922
37761
38082
37089
36737
37185
37793
37217
36481
37281
38145
38625
37313
36769
37057
37697
36769
52642
37345
38849
37697
36161
37473
39041
37313
37346
37217
37666
37025
37345
36801
38593
37761
36833
54914
37569
40289
37505
36162
37026
36257
37697
37473
35298
37250
37570
35937
36129
36673
39201
38049
38594
37441
37217
36930
36546
37538
37185
37057
35746
37793
37313
37953
37761
36482
37378
37089
36705
36353
38017
39009
38786
37409
36801
38401
38530
37025
37217
37217
37249
37090
38209
37986
38529
38625
40673
37985
38914
38721
36161
36801
37761
36449
35777
36898
37314
36193
36705
35970
37602
36673
36994
38178
38401
37314
36481
36737
38081
36865
36034
36097
37665
40002
36577
36577
37410
37633
37793
36609
37505
37537
36993
36258
37409
37441
37281
37313
36321
37537
39425
36514
36674
37314
37026
36993
36353
36513
38273
38594
37441
38338
37505
38466
36993
38625
37921
39009
38305
37377
37665
37473
36385
54594
41186
40418
38786
36481
38882
39298
38690
35649
37698
38114
37953
38850
37538
36705
38242
54785
38241
38178
37217
36513
38433
39298
36673
37921
37601
37506
36353
37025
37409
37665
36961
36642
41762
37953
39329
36770
36417
37441
38689
37921
38977
37537
37281
36609
36033
36994
38050
39105
38465
44673
37186
38402
36865
36546
38114
39842
36929
36385
37569
37825
37025
36929
37697
36802
37762
37505
38818
39105
38177
37538
36002
37986
38977
37345
37858
37505
38337
37761
37633
37473
38209
37378
36161
38369
38049
37665
35842
36641
37345
38209
36033
35618
37314
37569
38434
37729
37633
38369
37954
37217
38146
37762
36993
36353
35074
37697
38818
37825
36801
37473
37249
37281
38786
36929
38881
36514
37665
38466
38625
38561
36705
37921
37377
36898
37313
35809
37409
36737
36673
35810
37378
37314
38945
56674
37569
37314
36385
36641
37633
37569
36930
35649
35937
38114
39201
37858
36706
37314
38753
36257
43073
37505
37185
36769
36353
37473
37729
36354
37410
37025
39233
37857
38049
36322
37409
39042
36417
37089
37377
36321
36449
36129
36865
39169
37697
37154
37729
37761
36257
36642
35489
37345
37569
36994
38465
38017
37602
36961
36865
37569
37857
36929
35906
37154
37378
36449
35617
37281
37569
37345
37058
38402
36513
38178
36194
36737
36994
37569
37025
36193
37601
38402
36673
36641
36961
37377
37057
36450
39874
37761
36673
36033
37281
37249
38689
35969
35969
37345
36418
37698
35585
35617
36641
37313
40673
37057
37729
38785
38465
37122
39425
37889
36321
36609
37729
36866
36513
36865
38210
37761
38497
39777
37346
39713
37281
36833
37697
37378
37217
36034
37122
39009
37249
37826
38049
40258
38913
37249
38114
37346
36737
36225
35841
37537
36993
35937
38626
37666
39073
36161
35329
37281
37249
36769
56002
37345
37538
36833
36577
37985
37889
36289
36514
36961
38209
39554
36162
36961
38145
37921
36930
55682
36993
39201
36417
36033
37889
36706
36641
36289
37505
38049
38081
35842
38466
37281
38305
37025
38594
37346
36865
36801
37345
37569
37057
36801
39009
36834
38721
38753
36289
37153
36513
36673
36578
36930
37602
38178
37665
37345
37441
36513
37569
36066
37730
37409
36513
36865
35873
36961
36385
36961
36257
37634
37026
36002
36737
38305
39650
38498
37825
37441
38913
38178
38497
38209
38209
36065
38241
38209
37057
36705
36513
36034
37634
37153
36353
36097
37409
36930
35938
38177
37985
39138
38913
36673
37538
38977
38145
37922
38049
37185
38914
38754
37890
37346
38370
36353
36193
36929
37217
36897
36801
36962
38145
38178
37057
38273
37153
39362
39617
38338
36929
38561
39201
37474
36833
37601
41217
44482
39170
38722
38017
37889
38114
37313
36225
36162
37506
37569
37025
36322
37281
36449
37121
35873
38338
39841
38242
36450
38401
38722
37889
36385
35778
38529
39297
38402
37857
38530
38145
39170
39906
39042
39618
38369
37954
37409
38242
38049
37153
37633
38817
37473
36610
37889
39009
38625
41570
38465
36609
36610
37057
37665
37634
36193
36865
37506
37537
36705
37121
37505
38081
37985
37698
38433
38369
39490
36513
36225
37345
37058
36737
36929
38209
37154
35937
35521
37634
38625
36801
37121
36802
38113
38049
37665
37409
38337
37506
37889
37538
37921
37857
36289
37377
38593
36641
37185
38529
37793
41057
39330
38817
38114
38177
37761
37761
37857
37218
36513
37793
37025
36289
38017
37601
39490
37025
37633
37698
37569
37153
39105
35522
37441
36417
36641
35649
35649
37889
36930
36033
37825
38465
38785
38433
38850
36961
36897
37601
37122
37345
36769
37345
35809
35650
37153
37986
38273
56258
37857
38689
39297
36354
36705
37089
35873
36066
36962
35905
37154
36002
35457
36961
36513
36257
43554
36866
36769
37697
37634
37666
38561
39042
38945
37281
37538
36481
35681
36001
37153
36769
36610
37409
37473
36673
37185
35521
36961
36385
35586
35873
36865
36833
36033
36161
37122
36673
36129
38594
37378
37921
38689
38530
35617
37217
36865
36161
36194
37826
36545
35905
37217
38242
37569
37025
35777
35969
37409
37249
36673
35874
38210
36449
35873
36513
36865
38465
36098
35361
37601
36513
36129
36065
37121
37633
37057
36129
37985
37761
37249
35745
35617
37345
39201
36545
35361
37473
36866
36193
35425
36322
37442
36641
35809
35649
38081
36194
36033
35425
37249
36737
36770
35809
37537
37186
36481
35873
37729
37793
38945
37377
38658
38050
36385
37665
38177
37409
39137
36706
36897
37345
36801
36289
36162
37634
38785
38081
37730
37665
37153
36802
35937
36609
38337
37313
36833
35617
38049
37314
36898
36129
38050
39617
36833
38785
39458
38753
36641
35969
37857
37793
36033
35617
35586
37154
37154
37122
38497
37729
37025
36290
36449
37633
36641
36002
35810
38049
36641
36642
37506
36449
37889
37025
35553
38881
37793
37698
35361
36449
37217
37537
36674
37666
37090
38049
36577
36289
38689
37505
36129
34721
36001
36673
37185
36577
38081
37569
36993
35810
35361
37153
36225
35969
36065
37602
36801
36961
36257
37121
37538
36769
36481
35618
37186
38433
36801
35969
37729
36289
35490
34945
37121
42146
39041
59107
39522
37826
37921
37377
38721
39970
37890
36801
37313
37793
38593
39138
37729
37857
38114
41698
40450
40450
37633
36226
37889
36545
36706
37697
38338
37121
36802
36961
37569
36802
36802
53890
38561
37313
38498
36833
38178
37377
35521
37730
37057
37025
41698
37889
37633
38562
38273
37409
37569
39009
36897
35809
37473
37921
38210
37409
36993
37793
37378
35810
35809
37698
36353
37474
35393
37473
37441
36545
35937
35617
37857
37249
37473
36001
37089
36801
36065
35553
36961
36705
36417
35906
37634
38593
36225
36098
35329
37601
36769
36417
38081
36769
36514
35586
36674
37090
36961
36097
35841
37249
38273
37218
36769
37153
37762
36097
36673
35393
37154
36290
36641
36161
37473
36161
35906
52130
37249
38849
35553
35842
37826
36769
36961
35777
35362
37122
37442
35937
39394
37793
38881
35906
35874
37890
39234
36257
35937
37505
37505
37633
35457
37633
37601
38305
36962
36930
37570
37921
37473
56034
37378
38498
36513
36129
38081
37217
35297
37473
36065
37025
36897
35906
36994
37538
37633
37154
54113
38593
37025
36641
36673
37569
39330
37249
39073
38082
37762
38561
38081
38146
38146
38274
36642
43426
37665
37281
37890
38721
38018
37602
36897
38497
38370
37857
38465
36738
37762
37314
36513
36385
36609
38017
37473
37282
36385
37025
36641
39169
38017
38433
36801
36802
36641
36961
37122
36929
36321
37570
37570
37761
38050
35809
37089
37025
36417
37025
37441
37313
36577
36002
37218
36417
35969
36130
38785
37921
37153
37185
35649
36929
39042
38337
38273
37153
36129
36257
35777
37441
35969
38274
36513
38401
37569
37122
35842
36545
37345
39361
36002
36674
37378
36930
36865
36545
37185
37665
36514
52513
38081
38817
37345
36929
38177
39106
37473
37281
36961
37250
37921
37825
38273
38305
36833
36513
36705
37089
39425
36961
37473
37601
36385
36801
36546
36610
37857
37665
38913
37057
37793
37345
54690
37537
39042
37921
36993
37377
37314
36002
36289
37473
38177
38017
38625
37121
38082
37729
37473
38881
38114
37378
36385
37121
37345
37314
37218
36002
37217
37250
36450
36993
35521
37441
36866
37057
44033
37729
37057
36641
37921
36706
36897
37057
36097
37249
38242
36641
36001
36162
37569
38529
36385
39617
37665
37922
36577
36289
37346
37474
37761
35873
37569
37218
36001
36321
37761
38945
36673
36161
37057
37729
37761
37057
36482
36929
36961
36866
36449
36993
37473
39170
36289
38113
36994
37281
36001
37601
38049
37314
37090
36546
37569
37441
36449
37986
37730
37345
36929
37025
37314
37473
36417
36386
36417
37153
36769
36514
36801
37250
36961
37410
36833
37794
37537
36129
35521
36641
37217
37922
38881
36865
37346
38273
36097
36769
37346
38369
35617
35713
36929
37537
36673
36577
37217
37634
36258
35265
35809
37410
36737
38753
38049
37153
38786
38401
35617
36930
36546
36577
37345
37729
38561
37569
38049
37793
38690
36897
38881
35425
37633
36962
38657
37153
37473
37090
39937
36802
37922
37857
37089
37474
36289
36641
36066
35841
37057
37345
36129
35585
35970
37761
37057
37025
36578
36930
38625
39746
44065
38050
37378
36097
36225
36929
37025
36321
36898
37026
36770
38369
36769
37378
38177
39138
37921
36545
37697
37922
38561
38369
39329
38113
36386
37889
37377
36801
36961
36129
36642
38081
36193
36513
38945
36737
36961
37281
36929
37057
36545
35777
36514
37185
36609
38369
37697
38882
37538
38465
37505
37537
39010
36769
36737
37857
37186
37377
36545
38177
37217
35970
37889
36769
38241
37505
36897
38113
38177
38465
36930
36577
37473
40386
37313
37281
37697
36897
37985
37794
38050
37409
36513
36226
37858
38113
38305
35938
37698
37505
36193
36865
36098
37890
37826
36545
36385
37953
37569
37281
37889
37730
39554
37218
37057
38209
37346
36738
36161
35617
37185
37633
36993
35617
37953
37185
36897
38785
37762
38881
37633
36418
36513
37505
36225
36898
36481
37921
37505
36257
35458
37474
36929
36705
36993
37857
37057
37537
36033
37537
37281
36993
38466
38433
38977
36994
37665
37409
37153
35233
35649
37889
37569
37154
37217
36514
38018
37025
36545
36322
37218
36898
37761
37890
36577
38305
37345
39074
35969
37410
38177
37217
36865
37761
36673
36897
36417
37057
37601
36386
36641
37345
37697
36225
36065
35809
37505
37217
36897
36737
36865
37282
35617
36993
37761
37218
36738
35937
36098
37026
38337
35393
37730
37698
37281
36065
35553
37345
36929
36098
36578
37186
36481
35873
36417
36130
38338
37538
37793
41762
38082
37825
36321
36098
38338
37026
36961
36737
37601
37185
36321
36482
36769
37666
36993
35841
35969
37633
37185
35905
36257
37441
37729
36065
36545
37505
36897
38369
36161
36289
37313
37153
37217
37730
37825
37601
36385
36098
37889
37666
36642
36001
37633
36769
36769
36353
35873
37345
37569
36385
38433
38081
38913
37602
36289
37473
36673
36258
36129
37281
36769
35969
36193
35714
37538
37185
36929
37633
37153
36866
38497
35874
37410
37281
38497
36161
37281
37025
36481
35905
36737
37122
36097
36129
38433
38145
37217
37889
36353
37505
37377
37666
36865
36737
37122
37569
37346
38465
37410
37217
36001
39105
38241
37185
37217
37825
39394
35873
36449
36097
38241
36674
36641
37633
38146
38273
37185
44993
38370
37601
38433
36737
38113
37250
37666
37025
38146
37250
36290
36578
39329
38305
39905
37057
36705
37345
38049
36098
35969
37249
36929
37441
37154
37921
36833
37025
36161
38402
37441
36897
36097
36833
38433
37985
37282
36065
37537
36450
36353
35361
37729
36225
36769
35777
37121
37409
36641
37217
38625
38946
39297
38593
37409
37602
37026
38658
38625
37378
37025
35297
36993
36770
38242
37025
37185
37953
36769
35905
35298
37986
36450
35457
37986
37025
37377
36609
37249
36641
38337
36737
36705
38785
36993
36546
35201
35553
36833
36513
35361
35297
37217
37345
36417
36065
35681
37889
37186
37025
57954
38082
36929
36385
38273
37057
39074
36673
36033
37089
36769
36226
37601
37313
38145
36770
36449
38018
36769
37313
36418
35649
37249
37281
36930
35873
36993
37569
36481
36130
37025
37377
37025
35522
35425
37538
39841
36610
35969
37153
36801
36257
37153
37698
39105
37730
35873
38241
36514
37153
36705
38081
38017
37985
37249
36353
37857
37218
35905
35937
38401
37665
36129
36289
35265
37377
38017
35937
38977
37313
38017
35873
36481
36641
36929
35649
35682
37986
36738
35809
35617
35329
37569
37761
36033
39041
38273
39330
38465
37186
37473
36225
35681
35330
37186
36673
36386
37633
37441
38849
36738
36065
37185
37889
37185
37570
36226
37409
38145
38593
38497
38529
36866
36353
36322
37442
39169
37953
38338
38210
37761
37633
38593
36961
37409
37186
36609
37889
36865
38081
37954
35585
37825
36386
36225
39169
38338
38145
35394
36801
37313
37505
35745
37697
37762
37537
35778
36673
36449
37921
36993
36002
40993
37730
37761
37057
37186
37345
38689
36385
38754
37953
39394
36641
37377
38049
39330
37121
37985
38785
37729
37217
38113
38210
39809
38401
36610
38177
37857
36802
37089
38369
37217
38370
37409
42818
38850
40801
42338
39330
40193
39265
36738
37825
37186
36929
37025
36866
37313
37409
35937
37537
36737
37985
38049
37569
38561
39394
38401
37313
37601
36961
38242
39361
38177
37218
36897
37377
40289
39650
39713
39041
37698
36993
38242
38273
37857
37025
36641
38497
37345
36898
36769
36129
38145
38945
38113
36577
36066
37378
36993
37089
37250
38305
38178
37025
36449
38369
37378
36417
64098
38465
38209
37665
37602
37889
37281
37858
37121
37761
37474
39009
38849
38434
36513
36962
56194
37729
37441
36609
38209
36737
37250
35905
36993
37569
38850
38785
37761
38146
39105
39681
43201
38689
38017
37890
37249
38593
37825
37282
37281
36993
37473
37346
37057
38113
37762
36929
36929
37057
38017
38498
37217
35905
38465
37122
37153
37186
38561
38562
38017
37090
38049
38178
39073
39138
38369
37537
37281
36897
38689
38850
38338
37153
38273
38049
37601
36161
38081
37474
37441
36610
36801
38466
38305
36706
35809
37473
36962
37185
36226
38593
38114
39137
36897
37186
39073
37953
39874
37953
37410
38465
38497
37889
36834
36417
36802
37826
37441
37090
37089
38114
37729
36705
36994
36642
38721
37665
36898
37473
37954
37249
36801
38881
38722
37569
37250
38337
38113
36738
36545
37537
38177
37954
37089
36993
37985
37889
36737
35905
38146
37505
37089
36609
37761
37666
36865
53602
38370
37634
39074
37089
38721
40417
38145
37250
38849
37921
36481
36449
38210
36993
36354
37154
38497
38818
38433
37505
38273
38337
37250
37921
37634
39425
37825
37058
37122
39073
37826
38401
39426
39297
37282
35553
35777
36705
38817
38529
35489
38114
38050
37857
36769
36769
37858
37601
37409
38690
38594
37761
36385
36993
36321
37793
36962
37729
37250
36705
35777
37826
37633
36865
37473
38849
37729
39009
39233
37857
36610
36289
36929
35425
38337
37250
36321
36609
37089
37921
37313
44354
36961
36865
38146
37505
37217
36769
35938
35745
36225
37633
36833
35201
38241
37474
36802
36289
38434
37762
37313
36417
36002
37698
37281
36193
36321
37633
37313
37569
36417
35618
37282
37058
36641
38530
37249
37729
36578
36097
38049
37122
37218
35426
35681
37729
36577
37505
37442
37122
37922
38625
40513
37345
37345
37089
38466
37058
36865
38401
36578
38082
38401
37697
37762
38049
37569
37826
37058
44290
37569
38369
38498
38593
37249
37537
36866
36257
37537
36865
37505
35937
37761
37121
36321
36225
37249
38466
37025
37154
37857
37538
37889
37633
36738
38433
37121
36961
36354
37922
37281
36449
37761
37281
36834
37985
36289
37185
38849
36450
37090
38401
37345
37762
38114
37761
37377
36802
36514
43618
37441
37217
36546
38177
36993
37666
36609
36449
38017
37090
36641
36353
36321
37857
37281
36705
39009
37506
39169
38145
36385
36865
37154
36737
37153
37858
38593
38594
37313
38113
37057
36609
36609
36577
38785
37441
36961
35746
37378
37378
36961
36385
38145
37825
37185
36418
37826
38401
36866
36129
37442
37473
39425
38850
37986
37249
36961
36033
35330
37954
35585
35489
36865
36801
35714
35649
35585
37441
38689
35425
36034
35137
37346
36929
37153
38018
38369
37921
37410
35521
37409
37122
36674
38721
36802
37185
37185
35426
37121
37442
36866
36514
37314
37089
36417
35842
35586
38466
37186
37217
38529
37889
36610
36098
35906
37442
38082
37729
35841
38305
38945
37633
36674
38209
38402
38818
58818
38529
39489
36418
35361
37825
37537
35938
36897
37889
37601
36385
35105
35330
36930
38690
36609
36321
37697
37985
36802
36929
37409
36929
35681
35586
34977
37281
37698
36705
37505
36961
36161
35746
36610
36994
36705
35617
35393
36705
37570
36514
35617
37217
37281
36801
36162
35681
37410
37601
36193
38977
37857
37761
36834
35586
37122
37122
35841
36162
37089
37473
36002
35490
37794
37569
36353
35169
36513
38241
36737
35969
35169
37569
35873
35841
35138
37377
36898
35297
36961
38273
37345
37153
36642
36993
37921
38178
36610
38498
36545
36545
35969
36321
37345
36865
36449
35425
36833
37281
36066
35809
36385
37794
37217
35969
36322
37698
36865
35105
34753
37633
37185
36929
35521
36737
36769
36290
35297
37826
37666
38081
36193
35970
37697
36418
36513
36001
36897
37281
35714
36033
37409
38657
36034
36417
36322
37858
37281
36705
35553
36865
37089
36642
36353
37186
37409
36834
36033
37057
36769
36994
35393
37122
38050
37825
36961
36641
37729
37537
36130
36098
36801
37218
36002
36321
35457
37505
36833
35745
39585
37185
37153
38146
37633
37697
36641
36097
35073
37793
36641
38594
36321
35521
37442
37441
36066
36897
37922
38337
37217
37985
36769
38242
37122
35874
35714
36833
36993
36674
36162
37666
37858
36353
36482
38178
38913
36897
36065
37793
37121
36930
36289
38177
38049
36673
36193
35106
36514
36769
36257
36961
38018
38017
38241
35842
37634
38210
35969
35265
38177
37537
35905
36129
35649
37729
37985
36481
37185
37665
38945
37090
35521
37473
36673
35841
35841
37281
37057
36034
36129
35137
37761
37858
36449
36193
37281
38754
36705
35649
37441
36193
36194
38721
37537
37314
36289
36290
37026
37665
36897
36481
36961
37250
37729
36737
36513
38113
37281
36930
35937
36929
37857
36097
36545
37505
37377
35713
35937
37249
38178
37121
36737
36001
37217
37057
36705
35970
37634
37442
36449
36289
37729
37729
37794
35841
37794
37505
38209
37281
36129
38113
37058
36609
36001
37409
37922
36193
34977
38177
37122
35841
36161
37345
36417
36257
35617
35361
37506
37090
36481
36033
37793
37473
36385
36289
37729
36930
36289
54818
37826
38625
36417
36353
37793
37058
36705
35649
35778
37858
37153
35969
35329
37377
38050
36834
40673
37090
36257
36225
36769
37538
36546
35905
37249
37409
35905
36289
35937
36033
36834
37409
36097
38081
37601
37026
37089
35297
37569
37090
36066
36706
37346
36897
36897
36705
35969
37378
36898
36321
36257
37537
37985
35969
37249
37986
36865
36001
36098
37218
36833
35649
36130
35842
37345
36353
35713
38722
37442
37697
36001
36993
37057
36513
35650
36385
37121
38497
36802
36033
38561
38081
39009
37569
38369
37185
38817
36513
35297
38273
38657
36962
37570
36578
37666
36929
37410
36353
37217
36321
35266
37858
38273
35970
36225
37185
38338
36578
35521
35553
37121
37090
36258
35585
37665
36545
37186
36161
36994
37537
37537
35905
37505
37634
36193
35585
36834
38401
36961
35746
35521
36737
36641
36321
56546
38145
38945
36225
35617
37474
37378
36449
36129
35649
37473
37313
41986
39105
38242
36353
36289
39073
39105
37570
37153
36961
38369
36737
37186
38113
38530
36866
36097
36257
38114
38049
37889
40545
37761
38273
36482
36513
37313
40674
36546
36065
37858
38338
36801
36129
36962
37665
36641
36385
37250
37281
37473
35521
36545
37474
36706
35650
36705
36481
35329
35073
37218
37538
36354
38273
36961
37665
39202
38305
38561
37218
37089
37921
38369
37409
37186
35873
36546
36417
37729
36097
35809
39841
37153
36385
35841
35970
37378
37346
35489
37281
36737
38401
36130
35617
35425
36449
36897
36161
38753
37153
36737
35873
38689
38049
36642
36225
35681
37313
36193
35778
35873
35361
37153
36770
35489
37473
38273
37633
36225
36001
36994
37185
35873
36481
37697
37057
35457
36226
35937
38241
37250
36066
37889
37601
37218
37185
38433
37346
36993
35649
37825
37185
38401
36577
35778
38114
36737
35745
35745
36065
37666
37665
36545
35905
38018
37537
36002
36225
38209
37697
36514
36097
37473
37281
36738
35810
36673
37793
38049
37250
37634
37153
37377
36226
36001
37729
36801
36641
36610
37634
37825
36610
35617
37250
37154
38433
37601
37185
37153
36354
35489
34913
37185
36993
39777
35713
37217
36897
35874
53985
38209
38049
36418
36065
36129
38433
37537
36737
35970
36834
37313
36865
35905
37409
38402
37281
57538
38273
37313
36129
37793
38178
37601
36481
37281
38050
38401
38337
35522
35649
36961
36577
36065
38338
37825
37313
35842
36193
37569
37121
37346
36641
37473
37186
35970
35521
37634
37889
37569
35809
36449
38305
40898
38625
39073
37249
39330
36641
36833
37153
39873
38082
38945
37825
39298
37889
57026
38945
38177
36578
36353
38241
37761
36961
36930
36962
37313
36770
35777
36001
38273
38402
35809
35714
36898
37281
37442
37345
37537
38785
38401
37922
37986
36385
35649
38305
38306
38977
35617
61731
37314
37185
37153
36705
37378
36865
36321
36289
36353
37793
37057
35874
38050
38210
37249
37313
37153
37409
36385
36001
35777
37025
36161
36001
35906
37954
37378
36673
35617
35777
38145
37921
36001
38113
36641
37825
34913
37313
39202
39362
37537
36642
38017
36545
36193
36065
36162
37730
39266
37185
36129
37153
38818
36289
36161
38369
36641
35361
35969
37025
36514
36001
36385
35969
37953
38945
36129
40897
38273
36994
36545
36194
37313
37026
36162
35649
36929
37857
39297
36737
38017
36929
36865
36674
39105
38242
37858
36481
36577
37505
36513
37953
35169
37473
36930
36258
35809
36545
37793
36673
36737
36130
37346
38561
36449
35521
37889
36065
37121
35713
38369
36578
36546
35905
35329
37313
37409
38434
35457
37569
36962
35714
35618
38114
37345
36865
36002
36770
37729
36257
37313
35393
37345
37697
36033
35490
39777
37506
38530
37793
37953
37249
36673
36929
36865
36641
36162
36226
37250
36865
36321
36354
35105
38242
37762
36065
35681
37729
36225
36257
35201
37697
36161
36161
36514
37378
37922
36705
35969
38369
37857
36961
36641
37377
37697
37505
35810
35777
37281
37857
36833
36641
38465
37665
35969
36449
38529
37697
36897
35713
36225
37026
36898
36802
37153
37761
37953
35489
35425
37057
39361
35713
35937
38049
37953
36097
35809
35617
37601
36897
36898
36001
37345
38017
37506
36065
37153
37121
36418
35714
37633
37378
37761
37505
37314
36546
36833
37089
36705
38241
39361
39009
36034
37410
37473
39138
44289
37569
36770
36417
37665
38145
36994
36033
35969
35938
38113
37857
39969
38753
38178
37857
36258
36194
38241
37729
36034
35361
36737
36993
36833
38722
37697
37985
36930
36578
37698
38177
36161
35905
37090
37089
37889
36385
39682
37921
38625
35970
35809
38113
37153
35746
37282
37250
36929
35105
35457
36321
38082
35842
35873
38562
37089
38593
36450
35681
37473
37537
36481
35969
37089
38177
36097
35777
39010
38594
38625
35041
36033
37441
37505
36321
35714
38178
37761
36706
36066
37889
37569
36481
35649
36802
37858
38082
37473
36225
37633
37922
38145
36833
36833
37313
35458
35426
37890
37217
36353
36065
36065
38081
37090
36321
35777
37281
36545
35713
35009
37697
37761
36834
35906
35778
37762
37633
35969
36226
37249
37793
35809
36481
37217
37570
36705
36257
37313
36993
36385
36257
35329
37249
36962
36034
37345
38466
36994
37314
35809
37538
37762
37730
37282
37697
36705
39777
37281
36193
38018
37185
36673
36513
37121
37826
36321
37889
37473
37538
36002
36098
35969
37889
37249
36674
36449
37409
36609
38113
35681
37602
39073
35649
35137
37889
36706
35714
36161
37377
38913
36226
36674
36418
37345
36769
36033
36065
37249
36897
36673
35489
36961
37090
35681
37857
37761
36897
35778
35329
35137
37377
36609
35681
57538
38433
36929
36641
37985
38114
39426
36897
36385
37057
38369
36321
35681
35393
37569
36353
36513
36226
37442
38849
36353
35490
37922
37090
36353
35041
35457
37633
36834
35426
37409
37953
37761
35841
38113
37953
38913
37409
36545
38178
37185
38241
37985
38658
38690
38849
38370
36129
37121
38338
35906
36066
37633
37666
36641
35585
36930
37889
36385
36545
37377
36642
37154
35873
35617
38113
37121
36193
36034
36929
38081
37826
37313
37249
36577
36577
36962
37825
36609
36129
36065
35266
37346
37377
38081
37025
38242
37217
36321
35777
37249
37025
36322
36194
37698
37538
36865
36097
37217
37185
35906
35362
36290
37410
37602
37057
36481
37409
37665
38145
36577
38402
36225
35937
35361
35649
37473
36577
35969
35841
39810
36769
37538
37345
38017
37249
39010
36385
37665
37217
36930
35329
36801
36801
36481
38178
38882
38497
35841
35298
36385
37345
36897
36161
35361
38049
36001
36609
36770
36994
37986
37025
36225
36417
37889
36705
36513
36129
36513
36385
36673
35841
37761
36833
35810
36033
37538
36641
35489
35297
36225
37505
36961
35714
35969
37185
36417
35873
35425
37313
38146
36258
35778
35873
37313
36865
35937
38593
38081
37249
36514
36866
38369
39649
37794
36705
39041
39938
38881
37794
38241
37473
38562
38465
39009
37793
36898
35777
35681
37921
36897
36322
35585
37249
38561
36834
35937
37602
37538
36289
36353
37377
37249
37025
36577
36193
37249
38881
37953
37473
36929
36226
35617
35393
37057
37473
36705
35714
37986
37089
36961
36321
35233
37249
37186
36513
36033
37601
37057
36801
35681
37185
36257
37121
60770
37665
39585
38625
35809
37505
37570
35873
37089
36161
37282
37473
38626
35841
37537
36481
35617
38049
37217
38753
35361
35649
37473
36450
36641
37249
37826
37153
36385
36770
36705
37921
36802
37570
38017
37377
37217
37153
37025
37793
37346
35714
35425
37282
37921
35905
36002
34689
37633
36258
35969
37858
37762
36929
36097
37121
37633
38530
38561
36706
37153
36993
36417
36321
38786
37025
35905
35777
37857
37185
36098
36417
36577
37569
37666
36929
36193
38593
37377
36353
35362
37538
37474
36257
35681
37473
37345
38433
37474
37409
37409
36801
36161
35297
37601
36770
35970
35713
37281
36961
36065
53634
37505
38337
38209
36098
37954
37089
35905
36097
35362
38242
37025
36001
35809
38818
37953
37889
36705
37313
37058
35809
35681
36417
36321
36449
35105
37409
38178
36481
37058
36001
37153
37697
35937
36322
37697
37889
36418
36257
37665
36801
35713
36993
36897
38945
36161
36162
37826
36577
36385
36065
36193
37537
37826
36225
36961
37506
38146
36513
35617
38081
37089
36033
35330
37218
37602
36801
36033
37185
38017
38626
36481
36225
37217
36961
36898
35458
37474
38977
37346
36321
37730
37921
37569
35937
36033
37153
39489
35937
35617
38433
36930
35873
35521
35969
37601
36994
35874
35074
37730
36449
36161
35265
37698
36737
36321
35521
37665
37537
36994
36129
37185
36801
36449
35362
35585
37153
37089
35873
40002
36769
37506
36545
36161
37345
36897
36641
36097
37185
36450
36386
36097
35713
36929
37665
35777
36001
37569
38785
36321
36450
37602
37025
36001
35617
37505
36513
36545
35649
34977
36417
37441
35906
38049
37282
37121
36065
36385
37250
37570
36578
35937
37249
37377
36129
35393
35458
37601
36802
35489
38369
38018
39137
35554
35906
37378
36801
36097
35105
38018
36801
36033
35457
35810
37666
36321
36001
36097
39105
36322
36929
35809
37153
36353
35809
35202
37250
36770
35937
37410
37762
37057
35841
34849
37729
37154
36321
35489
35425
37506
36066
35521
36546
38049
38145
36161
36097
37281
37410
36289
36098
38402
36737
34945
35361
37729
37953
37313
35586
37441
37217
36194
35746
35937
37378
36577
36065
56098
37794
39425
37090
35745
37761
36353
36738
36545
36193
37474
36289
35105
36033
37121
36290
35905
35809
37185
36289
35457
35266
37538
40033
39586
37122
38337
36642
36545
35362
37058
36577
35969
38497
37473
37666
36609
36481
36865
37153
36258
36193
36130
37057
37185
36737
36353
37153
36898
36578
55553
36961
37089
36097
36866
37698
37473
36897
36097
36097
37473
37249
36129
35586
37186
37026
36642
36897
36929
37185
35970
35810
37314
36225
35777
35937
35649
37121
36673
36418
36033
37985
36737
36226
37442
38305
39905
36737
35521
37057
36193
35841
35106
36193
38081
37090
36097
35777
37569
36609
36513
57250
36897
39457
36417
35457
35233
38273
36962
36642
36577
37633
37217
36706
35457
37249
37026
36098
52321
37954
37377
36065
35809
37761
36769
35649
35201
35586
38114
37089
35969
36033
37505
36993
35777
41889
37729
37442
35745
35873
37281
36705
36929
35809
35586
37857
37889
35906
35649
37793
36801
36193
53346
37890
37410
35905
35521
35425
38625
36801
36225
35330
37538
37281
35105
36065
37345
37090
36514
36353
38050
36834
36194
36033
37825
36801
37761
36385
36001
37505
36770
37025
35361
37697
36577
36193
35745
37121
37441
35777
36513
37441
37665
36065
35457
36321
37857
36642
37057
35905
37986
37506
36833
52194
39074
37281
36930
34977
38017
36961
36193
35009
37793
36769
35810
36033
36481
37889
37953
37185
38881
37729
38114
36097
36609
37729
36961
37474
35842
35490
37538
36802
36673
35777
37697
37121
35905
41506
38113
36801
35649
35425
37889
38337
36194
36001
37057
36385
36161
35170
35937
37025
37761
36898
36129
37602
36770
36577
36481
37602
36226
35297
35457
36417
37697
36898
36225
36706
37345
37089
35969
36385
37633
37058
37665
35393
37409
37569
36386
35905
38209
37313
36834
35745
37377
37122
36738
35937
36738
36961
38561
36737
36769
38050
38018
36993
36705
38465
39713
37217
38178
38337
39874
42786
41698
37794
37153
36578
36833
39618
37505
37313
36257
37634
37633
35842
36705
37666
37921
37057
56482
37761
37282
36641
36257
38114
37089
36449
36705
38114
37985
37441
36417
35553
37281
36770
36706
37602
37921
36961
36450
35617
36865
37154
35521
36065
37473
37281
36546
35329
35969
37249
36897
36385
41058
37698
36738
35873
35521
37569
37505
36641
36162
37442
37249
37409
36385
35585
36577
37761
36097
35777
38049
36577
36225
35873
37281
36193
36321
36066
37602
36865
36193
35521
36929
37281
36289
35937
36417
37569
37473
37602
35297
36833
36961
36481
35394
36770
36450
35009
35873
37089
37249
35841
35330
35809
38050
37441
36514
36354
37601
36769
35777
37313
37089
37346
36066
36033
35233
36961
37313
37377
38049
37793
37762
35937
35745
37665
37441
36802
35393
37281
36417
35777
36482
35201
37730
36705
36417
36290
37217
38465
35713
36225
37281
36289
36354
35586
37282
36481
36865
36322
37282
37442
38690
38050
38209
37153
38529
36162
36737
37345
37730
36802
35329
37602
36993
36033
36130
35617
37697
36609
35970
36961
37698
38753
35425
35841
37153
36225
35137
36769
37697
36801
35201
35809
36258
37825
37473
35810
35937
37569
37314
36577
35489
37633
36642
36353
35745
37793
36545
36097
36001
38017
37729
36161
35426
37441
38114
38305
37250
37601
38401
38977
36546
35809
37441
36033
35714
35905
37569
37089
35553
36033
36193
38913
37217
36162
35681
37633
37186
35905
36673
37089
37538
36673
37249
37601
37057
36705
58338
37474
37090
37858
37057
37409
37089
35745
35777
35874
37218
36418
36898
35777
37665
37889
36706
38401
37282
37345
36353
36929
37377
37666
36481
35906
35585
37570
36641
36001
35329
37025
36961
36929
39361
37025
36386
36129
35394
38594
36801
35681
35457
36161
36801
37057
35073
34753
37794
36162
36289
37057
37697
37570
36353
36065
36801
36545
36833
35682
36130
37986
36385
36193
36513
37890
37633
35393
36865
37729
39105
35713
35810
37537
37346
36257
36001
36609
38497
36961
35842
35617
37378
37345
36001
54498
37090
37121
36161
35841
37153
37761
36897
36449
37409
37441
37249
36641
36449
37441
37218
36193
36770
38209
39745
37121
36098
37666
37442
36705
35777
35265
38241
36673
36129
35586
37346
37825
36578
42146
37825
36897
36673
35810
37890
37441
37666
35521
35873
37569
37377
36769
35521
37537
37186
35042
35841
36865
36673
35938
35746
37730
36609
36738
35842
34913
38017
36737
36481
36065
37473
36545
35810
50177
36930
36257
37345
36001
38337
37153
36610
36225
35809
37505
36961
35745
34818
37570
37345
36321
36193
36801
39425
36738
35617
37345
36929
36033
35266
35233
37985
36641
37313
36481
37217
36193
35681
38562
36994
37217
35937
35233
38145
36833
35745
36385
37601
36769
36610
35649
35841
37089
36289
35394
35521
37729
37281
36545
36705
37281
37089
36545
36130
35362
36930
37537
36738
36353
37601
37185
36066
37153
38913
36929
36482
36481
37217
37921
36833
35938
37953
36545
35681
35330
35745
37986
38017
37313
36706
37634
36929
37025
35649
37794
37569
37345
36706
38049
38913
37729
37377
38434
37185
36513
36737
37185
37665
36577
36513
35777
38369
37121
35585
35937
36929
37665
35937
36033
37730
36418
36194
35554
38561
37378
37602
36225
37473
38978
36257
35937
35713
37665
37218
35490
35873
36993
36001
36353
36289
37697
36834
36609
36225
37537
37153
35938
36705
36225
37281
37793
36929
35937
38081
36738
35521
37282
36993
36705
37633
36450
37857
37505
36065
36801
37729
36385
36546
36033
35777
37345
36801
35649
37698
36993
37505
35617
37569
37793
36385
35362
35809
37154
36801
36929
36673
36034
37474
36993
36833
37921
37538
36993
35841
35585
37281
36769
36097
35682
37122
36546
35105
35457
36737
38018
37250
35713
36417
37729
37857
35938
35745
37985
37217
35521
35617
35553
37569
36577
38401
37473
38242
35905
36225
37089
37505
37218
35649
35585
37441
35809
36513
35554
37602
36673
35489
35553
35201
36897
36898
36194
35905
37121
37505
36770
35425
37953
37121
36449
35777
37537
37025
37601
38402
37153
36801
35394
36033
36546
38082
36545
35649
35649
37697
37793
36578
35714
37602
37825
36417
35745
37441
37377
36834
35649
36513
38113
37217
36450
35138
37634
36193
37121
35778
37890
37569
36545
36161
37057
37826
35777
35681
36289
37665
38017
37474
36673
38049
37345
36321
36034
37378
37666
36961
36513
37761
36129
36066
36577
39457
38082
37249
37345
36353
38241
37346
36065
35905
36961
38497
37570
35937
37601
37026
35713
52034
37153
39489
37089
36546
36481
38370
37089
36417
37217
38145
36737
35906
35777
37409
36801
36802
37313
37890
36801
35873
35682
37346
36417
35969
35649
37729
37633
36418
36161
36898
38881
38146
36577
36386
38657
36897
35937
35490
37378
36897
36033
35586
38018
37057
36225
35169
37601
37025
37954
54498
37537
38241
36641
35649
37890
37953
37089
36353
35650
36930
36610
35905
35650
37026
36545
36193
62050
37442
37505
37217
35938
35361
37537
37058
36802
35265
37793
37345
36257
36001
37601
37249
35586
38530
37761
36545
37090
35713
38209
36706
35841
36161
37377
36802
36866
36225
35137
38241
37441
36290
41505
37857
36737
36354
35905
37857
36865
36417
36738
37794
37953
36962
36353
36034
37730
37089
36289
36001
37793
37121
35938
35362
36674
36865
36161
36385
35777
37953
36801
35841
37122
