2147690
1148936
998723
979778
979586
979682
993026
957121
961601
954753
909375
966177
931009
916096
924608
979394
937600
943873
933664
958497
960545
925408
929889
944449
975682
922496
927776
929729
961377
904384
917151
918496
1096646
995362
918975
907295
928320
910431
924608
936001
955073
897823
920032
898271
938688
912479
924928
928416
958017
903935
915360
911456
940416
915424
921216
925504
962178
894335
913696
913696
930688
909760
914463
922912
906463
923840
919008
933696
922207
904767
919200
960257
921408
921344
921024
945185
926368
920511
928928
939105
897279
895135
899903
928097
888831
891615
907392
938721
912127
919423
922944
931137
902047
897087
915840
914879
904799
908543
937888
904799
905663
931520
939840
913312
945185
903551
959329
894623
892479
913696
913920
892127
905567
901055
945953
909119
916992
904703
936193
908416
924960
939713
943104
894047
903936
919935
1025315
932096
916288
901439
894014
902815
905568
939008
901984
918528
921728
948865
898016
909407
922912
959073
915776
920064
932128
957858
912063
908992
895487
912607
912640
910111
946912
901983
902399
920256
953889
908095
899263
906175
944640
900223
905887
937377
902175
909536
906175
943937
919168
909152
905631
934080
896575
905280
924064
940257
902912
911584
914623
908223
913087
900351
933664
900735
905279
915423
939488
898944
896895
901983
931105
901087
933312
913088
888991
903519
897535
943232
918463
915071
908864
955329
903903
905471
916639
921855
898783
929280
915744
936097
904703
900607
916000
918975
911264
935424
937856
909759
900832
904800
928928
905152
914080
913600
938400
906495
927232
913792
901119
900063
896511
928480
896639
905311
898624
931744
893887
900447
897567
934049
904799
936224
955969
940737
913472
953857
935360
908479
911711
911712
929792
898207
904768
1012291
965505
914623
912576
901535
932224
896511
897855
903967
934176
905727
928608
918720
940224
923744
913951
952609
917472
926208
922496
958689
896095
911776
914815
949025
931040
921664
919328
945857
902975
915072
897695
910112
922016
926144
942721
953089
931328
932768
952289
899615
899999
934688
942304
912159
917983
925984
969986
979586
929472
924704
953537
894271
896479
922240
935712
921120
916160
954369
912800
931265
938177
977218
916256
927808
926432
1032708
921536
916640
903680
933408
890463
905183
904576
950049
972450
944769
915264
940897
906911
908959
945665
907999
922400
918016
956129
904447
900991
908063
935744
890271
898943
904960
940832
922112
923104
919263
896447
909471
918336
950753
906079
942081
909535
949729
900767
914528
911007
928800
902879
923968
917024
921023
887903
909312
944224
901631
907775
908256
944961
907456
924928
925472
963265
907839
906239
949889
961570
936929
920224
918176
934368
903199
933152
935232
912096
911584
908191
944961
918399
930272
919391
951137
914208
923392
910560
946208
920704
916896
912512
932800
944481
911584
920864
894207
907039
906367
943297
919680
928864
919904
960322
915807
918400
928289
954497
1015427
944417
924736
942528
936064
983714
914783
937345
892958
903520
916032
939840
909119
922496
920640
930208
914400
913439
975618
927169
908960
903615
948705
897983
924160
903840
951809
914048
907200
903359
945441
924608
929312
929120
960545
915711
939520
955745
948001
892063
899647
914047
946208
918816
920448
932577
950753
920607
931744
921632
940064
984866
909279
908640
938208
895807
898495
941985
914399
924640
916832
945153
909088
930528
933824
947553
937760
928352
921536
947809
931936
901311
896255
932353
918848
937888
917216
951521
922432
946945
930752
947744
927008
921631
931104
995939
924320
912352
901503
942592
898303
914304
903775
934528
891391
899935
899359
947232
918560
954625
926624
916447
897727
916480
918720
950465
1017379
944928
920512
929920
898783
907615
921536
944353
929920
901567
906688
926176
909087
935968
919008
901855
911743
920031
945537
914656
917407
965730
939296
894719
898495
912319
946496
914271
909599
910495
943456
904800
899423
935232
934880
902143
942113
909215
938976
910271
924800
926688
936160
902175
913919
912288
952513
918880
943617
914975
905599
922272
934432
927456
886719
895967
887871
950241
912384
927680
931040
959137
906655
912416
924096
956161
899359
912960
914975
961729
905663
901503
913887
943809
913120
925632
917120
934976
901023
992899
933345
929280
896703
901183
920416
947488
918399
913184
912352
939808
912544
911999
917504
903264
916640
919456
943424
903711
912224
905728
940256
936897
1027011
962529
942593
961697
914560
919743
915744
902816
901023
903967
951329
902847
928480
913439
950849
906111
906816
919168
948641
908543
898111
914752
950209
923136
919936
926848
959233
893343
896767
890047
924672
901376
907232
933600
959585
940449
910655
956225
915711
911104
908799
943457
908416
894719
896447
938144
901343
916768
922592
951777
914271
924448
930848
946560
921215
922848
922368
948993
904575
919360
957089
902271
891102
902559
931072
901055
906080
919135
952481
907007
922528
919071
959841
896991
910591
899967
954337
936065
905856
910143
946081
908063
914752
903744
940576
927520
897631
894431
933472
903231
902431
899999
961377
895263
898879
904607
952129
916384
919520
919680
917696
915040
920128
1055684
995778
925856
893215
894623
889918
907136
914880
954881
895903
905952
910975
927712
905631
912960
928768
942241
892703
908991
907455
925888
909760
934944
906111
925024
965922
935296
913695
943329
895231
911232
925088
952641
918624
944097
935168
951393
892319
897535
914272
912288
920352
945569
958433
922624
910943
947521
936448
908031
903487
915328
943008
911264
915840
932961
951553
902111
908704
924256
939328
916383
927968
927136
938816
896991
904415
931520
904639
897055
892575
918335
922240
913983
911999
966881
894975
889887
890783
955137
907136
910655
907231
944032
903583
906879
912575
940481
908319
907615
905631
900032
902432
923008
906079
902911
992354
923359
909567
932192
916095
927296
924640
914112
909663
918111
939009
916448
922624
934881
941216
911264
906720
916960
944801
902815
894974
910944
953889
910591
1030084
945633
929472
892863
898431
909024
941729
897183
907135
907071
940352
899839
919104
914623
942145
906911
920992
900799
916703
919647
903519
897919
938849
894494
900607
938240
890142
895807
898271
938176
907391
920799
917760
958337
904864
916768
924384
943232
903424
941953
915552
944064
910303
920447
917055
918560
917984
915839
930208
952065
919616
901439
909856
926592
899391
913312
936608
934304
910271
921664
921600
935297
907199
919264
931200
926336
908063
910496
916608
938144
905375
929280
901695
885087
899647
909664
941248
1028324
950529
926560
927488
945921
918048
911200
904831
895711
903455
918400
953505
919872
914495
906623
954657
924736
940288
941185
975170
932448
930368
916320
940353
898111
910976
893183
938816
922112
909824
899391
921120
903263
905503
915744
910591
897279
959137
915488
889375
909632
923232
932897
898239
910495
912000
934241
909312
906847
904831
942656
900608
920704
914623
939776
903680
935776
948897
962305
914240
905823
906303
935265
908351
933472
919776
945505
906335
913536
917855
903199
891646
901567
934336
904799
929313
914271
935905
948352
895455
899199
911615
926624
890879
900095
905920
927072
910175
927616
928032
909343
912480
903775
920128
889759
900511
929216
941984
898655
903904
909408
956897
905055
903327
906335
905311
909599
935232
951905
895551
900255
899583
930240
914975
908384
907135
955841
907103
916959
932224
954433
906560
907135
951361
918688
1035171
953793
928192
951905
899807
913664
902495
896575
915264
919296
948481
913600
912640
910559
948768
907039
924352
917664
954240
916704
918623
920768
946049
907551
916639
919968
954817
918335
910368
951873
907456
910816
925120
944384
916736
906624
912895
963042
911007
916992
927264
998819
919840
899039
902303
929536
897823
924928
916928
932448
909376
900415
959073
937952
917920
915072
912448
949632
903519
932544
920192
927136
898783
906879
948161
904415
923584
911424
971809
914624
951041
909695
931936
903871
1037668
967713
949665
931648
897791
894175
936769
894175
915360
921664
937857
902047
924352
925760
957890
887966
906911
927040
903839
909087
916096
929792
909247
912096
943745
941889
898655
898559
910271
946529
911551
919328
915008
896671
906975
904384
944513
896639
904479
914464
932000
900608
896446
904832
957953
898623
904543
904320
917663
898879
898559
938688
921376
909632
912319
953025
924288
910271
927360
968545
921440
921856
927328
938945
895583
908703
911551
918304
891838
884063
908704
886750
904543
894207
942848
893311
922496
902912
925888
957569
901024
909088
929408
908512
911551
919264
944385
924736
910880
921312
918688
911584
929376
977250
916895
961697
930528
940992
909375
910239
915423
928928
908896
909503
930816
938016
894719
896959
903391
897023
929664
904128
942337
903935
913439
911392
959393
915647
925984
919200
963938
918688
926880
942912
966433
919136
930689
924864
966722
935297
921887
921024
904543
909760
903871
934496
910688
922495
901727
932736
891743
894463
901279
927488
894175
897791
898015
916800
906271
913312
910079
926048
904735
924096
950081
909120
913759
899455
958561
944544
908223
902816
947617
908959
902751
905312
962529
919840
911328
911967
930944
901183
907295
915200
930720
903360
948321
926560
931392
950401
903135
903775
932704
907743
907808
915072
904640
901087
923712
958817
911968
919200
921312
961121
911359
918495
914752
948321
923424
894431
964193
977633
900159
888063
912639
942145
893983
909472
902335
942496
914880
907487
899967
889887
896927
920992
945377
917919
908639
901087
926400
892255
902463
918016
942272
906400
898399
909600
947072
912927
918335
927329
965442
945025
918336
919679
911296
908960
916000
975778
912223
914336
915968
940001
914272
928608
927840
950112
895327
911968
919071
934912
911616
931936
911615
944129
919424
911584
917376
903200
908735
925888
938592
918528
912607
930080
972513
903999
901279
900671
938049
906527
910880
933120
947008
899743
911968
907360
926752
944577
921920
946433
925344
895903
901983
923872
898431
910527
907903
928736
889663
904831
899327
943456
885278
903263
907423
935680
917536
907744
909471
951201
912832
908095
942977
989091
942145
898655
920736
897503
923712
897919
918720
893279
897983
910143
939553
920768
908447
915167
941473
910079
912672
914527
951969
901311
897215
909183
895039
903903
903743
977985
892927
898751
901791
935777
887359
911839
908128
949569
913791
914784
920064
935681
899903
900927
900831
936673
924864
913951
903679
903680
898527
903648
927968
910815
893759
891487
939680
911039
933856
903839
932640
894495
899615
968193
951617
899968
898175
911967
952257
911071
924608
922656
933728
912767
902975
916896
927616
933600
900703
895423
924064
895871
901343
905632
944929
905631
898463
893215
930944
921696
904352
916800
919743
908159
912479
903231
945697
916064
931936
909855
1016963
930784
906815
900735
956225
907488
931200
912064
932385
906336
907263
912800
937888
908575
906400
912736
932544
901183
921824
920896
927104
913023
920672
914368
931776
963969
899711
903967
918528
902847
902688
910207
941984
902656
933249
923936
954209
930144
917376
905792
942209
908223
904607
908095
908223
930496
921152
923392
903039
898208
917631
948065
916895
903839
903936
942561
910208
928000
920096
953889
924032
946688
939617
971425
904224
925728
918143
968514
921984
927200
913823
958946
915584
913503
931520
946209
907455
982370
934688
934240
909599
920096
916448
947681
921823
906879
899583
939457
899903
917728
921312
936129
923168
914176
914656
934944
911744
930528
966881
965665
909119
907647
901503
923872
903936
939393
927552
949441
915935
943008
906848
945601
913760
930496
923168
921504
918432
922655
958337
925152
892191
889215
941217
904767
945473
963138
1000867
928448
905599
914688
938337
890014
893247
941248
956129
925248
912640
918751
952513
909855
918080
906368
935744
904671
918240
922176
953569
918624
918431
922208
915711
920319
889887
924512
890591
907040
918399
957217
923392
932160
929984
963201
924192
921472
917087
950529
897279
901119
914016
954305
918208
903551
930528
953152
926560
925792
927456
1027427
933857
926816
913376
985602
940864
924256
914495
951873
914144
917760
923360
940736
914079
923552
925664
982402
895487
919039
920671
925344
1036132
944064
925440
928897
902975
909984
909664
928480
906015
912735
915071
943105
921791
914720
918304
905471
904896
912992
947168
917728
893887
898271
930432
897823
904575
901791
974914
914080
924128
919552
967425
919328
934785
921375
947201
899263
903935
906431
934528
898207
918751
1022307
954113
883614
887167
896511
923776
896959
915455
909951
936000
909312
911264
911776
936481
899263
907519
919424
912800
931585
909759
954049
915456
922720
908991
934208
895039
933600
904767
943744
903199
924576
911359
938208
915648
913600
934016
935136
928480
938752
929280
927904
908543
899647
902687
932416
896031
906847
917536
960193
916864
915935
927520
953953
937920
922335
901695
923968
900095
899711
953024
907935
904383
907615
937441
904383
925056
920896
967393
920864
930497
918879
961089
929664
944768
1006147
1002819
928864
913216
899615
935649
910336
915872
906880
932929
898559
907487
911647
961026
908160
909824
919615
929120
889471
901087
900607
937600
926048
913856
913312
908320
911808
911007
908096
921504
911711
917408
953473
908768
909568
915551
947009
910111
918015
907071
935776
906655
910047
907808
932161
895935
901087
910239
925344
898463
897887
926208
928064
902847
911296
919552
922655
905951
901440
956865
905407
922816
910559
939776
946881
895807
890015
905472
892831
900095
902368
947137
891487
920544
914304
953697
908095
918240
911520
944993
899487
891519
896543
931392
1029956
937696
904735
936160
903199
941249
923328
940481
899263
909056
902495
943137
900959
921440
901152
937952
898271
901407
909664
943424
907679
922335
918688
894175
907296
917056
964866
937793
928256
931584
942528
918303
913760
923040
947009
916543
917984
894463
929536
904864
904895
925856
936193
921312
938208
934049
963681
928033
926272
937153
919808
906527
911135
909952
933696
914752
898655
912479
942945
914752
916992
913375
959105
919104
921280
925344
934625
928320
920608
915968
903743
905312
914912
950913
913823
899903
901343
922848
904256
895903
946176
923072
884670
897951
911200
935137
904351
902208
913471
954689
903840
904895
900991
932000
896319
916192
893823
919135
892063
903935
976578
944065
906047
914080
902783
946017
909504
901791
916544
915295
893279
907999
945280
893727
904351
933536
936544
892159
889087
892735
929664
916128
922752
932288
946017
908448
910687
912288
956961
897151
896735
896063
946881
908063
909983
916384
900095
899583
925472
939008
904159
909184
912704
941728
898399
943457
908448
934753
899679
909312
901728
944992
910431
916256
941120
981666
922655
929216
919232
960385
916960
940224
921632
943777
906591
907903
918752
952673
909696
915455
925568
939201
910431
917823
921664
964417
917311
939680
1005155
941248
964866
897727
902815
915840
907327
940000
911583
950817
895103
892702
916831
931936
898335
900223
909472
948481
891071
909951
901151
938753
893759
961345
915647
930304
905343
906688
906719
930368
925984
908159
905343
927136
918655
915167
916639
932224
904767
918463
917728
952193
917120
910079
907040
931584
906975
911104
914208
940832
903199
911840
911712
940928
906623
918560
911872
925760
899615
898367
910111
966081
910783
904288
919616
949473
920320
915648
919712
923200
916927
928512
943841
905471
907775
919744
952833
904320
915072
929472
953889
915711
915296
903615
933600
898943
910431
909375
936736
900991
917535
920287
959969
914880
918495
920544
946305
936256
925760
920928
937696
925824
912095
912415
930656
887199
913504
916895
944289
919584
920576
937409
963201
906047
908575
911135
908191
911616
918495
937921
914655
920831
930592
981986
1009347
963329
913695
922464
899328
905119
923712
946240
911551
899999
906496
931520
905631
919488
932768
953953
918720
931360
947809
977346
935680
935297
916384
942145
934625
940800
921152
946369
922944
901375
901599
960129
914400
929408
938592
908031
903551
911775
917439
908960
918816
913664
955073
907904
922592
930528
944864
888606
906655
904000
946113
913632
901663
898784
935009
894559
907103
902335
936929
887967
919936
941504
952128
896447
913536
912768
939649
895839
924160
915968
912416
903103
918975
925024
925312
918176
921312
920384
982530
906912
913312
930592
913536
909728
890527
894367
915872
920832
940097
954241
897792
891487
922688
981634
931968
947809
949153
957377
933952
926976
933088
975809
945952
941761
950209
945248
921536
923712
938304
958465
920223
932864
942145
968769
927328
926336
939041
932065
900575
907071
902815
938144
922592
919456
915807
931712
901631
906111
922111
937856
911008
914815
928096
933313
913215
912608
952449
898783
912672
917760
953025
924512
913952
914368
952385
889439
895839
911104
930881
914112
918368
930400
973601
930848
942689
909856
944704
916832
927456
903487
918912
906399
923583
921024
935361
915648
927648
938144
1003618
923840
916960
971009
951680
896095
923680
930272
943105
970689
944865
931648
968193
913504
929344
946177
951521
931264
936960
898591
921952
935616
914752
910240
984482
956577
917696
917472
978625
942913
920832
918463
911743
963297
932544
903135
905407
937024
912287
920800
920736
953313
920096
944545
919264
934912
907871
932288
945441
943169
937856
923360
909791
920992
899583
919168
901503
931040
906367
906175
920608
909664
905088
941441
937121
906143
903999
900736
936192
909471
915424
923776
955393
913567
912863
909215
947873
912928
925248
928128
975073
929568
934464
926784
947104
915679
929504
926752
961218
917120
913664
916607
923712
910784
942721
916288
934401
913151
918272
920320
906207
933473
906271
914560
892575
896127
923999
936800
902303
914112
969345
929248
909183
926240
905504
926528
911488
925184
924607
937792
901887
901503
911743
921216
921407
914720
925408
914976
908191
906783
932321
945568
912351
916864
918751
912768
915839
917631
936705
914687
919872
921152
932161
901375
904032
914048
949569
920192
899167
914079
930560
903072
913183
906528
927744
897119
897727
910368
929536
895199
904831
938336
927200
891999
909888
929792
904095
904960
921887
935681
897663
911455
911936
938528
894463
896607
909311
930112
910528
897663
926656
933440
909567
922304
922912
970274
901984
927328
929697
911872
920448
920320
928416
913471
934048
922656
940705
917568
908319
902623
928192
907935
922944
911455
936832
903103
909983
939169
910975
945088
974145
925728
919360
949409
915135
907616
907871
944384
913056
919136
923008
954721
909984
924832
944481
961793
903775
906656
915840
947041
910720
922464
911807
929664
909887
930784
913983
929408
909088
914528
908991
937728
913504
912575
915263
911679
932160
920320
928864
948320
898207
950017
914976
938209
887423
893343
927328
897215
904895
908287
932640
920896
899423
897119
922720
895295
919488
913728
938912
910528
909151
913055
942944
923136
913216
916576
951841
925824
909856
901983
929824
902527
912768
926784
944161
925088
923808
922016
940512
918976
903008
912608
951905
915296
920096
975938
905791
905343
915104
934464
906815
925536
917952
974978
903135
904416
915552
963617
898335
904127
963425
964898
913216
915903
926080
943040
925952
933664
931552
944993
897471
903423
911616
951456
916352
911360
921664
947328
923040
915967
989603
972066
913407
916000
939073
930304
912319
919935
921664
959330
911711
910752
895647
922592
911968
908352
923488
956034
920768
939745
933728
945889
894911
907359
938464
928800
921024
923168
977825
904767
899615
899263
944768
907040
930208
914080
947777
918496
905599
905951
940000
902751
912351
910688
950209
897791
902496
927904
940545
942337
917024
922112
946689
919551
928736
912032
920704
907904
912704
915647
897311
915200
905503
921504
907455
919872
906240
926784
902975
916704
933152
937728
914336
923392
916704
937153
895327
915967
908895
943392
953921
911487
900448
934112
908479
919232
922240
935936
912288
907967
917056
933440
899295
914176
918559
944353
908672
906495
909407
940001
918752
930400
910655
944737
907904
918560
960162
898751
911903
932257
935648
900799
914815
920992
927232
911263
909183
913216
953889
907104
907615
908447
940448
921728
935296
906591
932288
897663
936193
943457
936992
900287
907583
907839
947008
911199
927712
940417
971362
898591
902847
909248
897855
896063
901375
943457
928288
908160
905983
942817
896607
903263
943392
970466
920768
924352
941505
978881
905727
911871
920640
950689
916896
933889
906079
935809
907359
940096
928704
961666
925664
922144
930400
946433
901695
894367
900959
946209
898911
919264
989858
946464
896575
900255
905343
953793
902463
900896
929696
965345
928032
930496
910624
901151
903008
908384
937313
901887
917088
911455
959297
929536
930048
959329
956993
898943
901151
902944
961570
906880
924864
944160
952385
906944
903872
920128
956001
904287
907103
930784
958529
915455
932065
930592
944481
963649
924480
929888
923680
944576
922432
912256
911872
959586
906751
906143
921919
947073
919839
928288
917952
888062
919808
936352
912960
908159
916512
911712
942881
925248
909791
913280
931809
896767
906015
902911
991874
937312
922848
901375
905408
912127
933120
907583
927264
900831
909663
905343
962817
911839
901536
897247
933057
896095
909919
901343
943713
910303
911807
909119
965410
904031
918528
908480
926560
887487
897119
892190
929984
926464
904639
914143
946913
909600
910815
915488
952705
911039
921056
908543
948609
925536
929408
915135
892383
903488
908480
938816
898303
902047
902112
940736
916223
899615
897695
928736
906975
911520
909631
949953
896895
900639
906143
944065
910719
951681
954369
926048
901215
909247
907903
952737
893535
911071
915583
943584
914752
900063
940801
889663
898559
892511
936384
889279
923456
913888
957697
893887
905056
909023
946209
905632
915136
916192
946273
896415
907391
913984
943009
913055
920640
909151
946657
914400
913887
913056
968385
932800
944288
909567
901151
909215
906848
931872
907071
906431
911584
958017
902591
920448
937665
930976
904799
922560
944224
967586
909311
922432
928160
930912
926432
925888
919584
935233
912608
908608
918432
944353
906751
924415
911296
962241
906239
901919
904992
938912
902783
912063
902847
931200
898655
905504
921568
940513
913952
922048
921151
932736
896575
919136
928032
913183
921055
921984
924319
892351
904063
899807
927040
894815
901055
921728
942337
903839
905407
907776
951329
908127
907423
927104
960961
911360
924512
928736
950817
909920
908032
915775
952545
909376
929056
904031
950593
909023
915712
920384
950689
911488
914656
949953
921536
920032
907903
923935
884543
903936
898431
937441
910111
914976
913600
933120
897695
905088
897120
940800
905503
917087
905375
935169
933792
907231
909663
960354
905855
914399
919551
962113
930112
933600
926336
934432
904896
915872
917280
951009
916128
895423
918976
913855
925536
924896
961249
913919
923776
900448
939713
906976
903775
922432
957089
914272
914783
913504
938561
925184
928960
921632
935457
894207
915679
909631
950113
900191
916128
909536
936065
907776
909343
920447
965794
919328
913183
913311
938624
908704
911424
910239
973089
929792
933825
924416
971265
926816
938817
947936
983842
949953
937408
923360
951585
918463
953153
935104
938305
909983
914208
910271
943745
925184
943841
915424
939872
910688
921440
913631
956865
915136
917440
949249
912416
911392
916799
941569
911807
907615
909631
931424
948705
917152
908223
886398
883870
892383
905599
929344
894623
906463
919264
971457
927168
924896
919776
968002
918208
923936
925056
981090
928864
907711
919968
968929
937696
927104
908832
943457
925984
919488
927072
960929
914560
923392
921952
929120
886398
902879
913280
944513
914656
900735
909055
947169
930272
929824
949857
961281
915904
931488
920000
932353
900927
922943
927136
941377
898751
905088
913664
937953
890783
901119
925696
937696
905120
903263
907743
946305
914559
910847
934560
915359
912480
900063
946625
907935
922592
912095
941409
912224
912992
910495
958145
898911
898111
908543
943777
902847
914592
913727
947744
907199
917311
921632
945025
906623
912319
912064
906623
927552
905983
914656
971905
908256
891167
900927
896831
910655
909791
936576
891231
907711
905855
946944
893855
900575
898015
932705
899359
914656
920160
984803
934241
918112
902239
939584
917760
921856
917791
935648
919360
935168
942401
929376
893983
898975
896639
885663
902175
910431
946657
898751
917824
920736
930113
896575
902911
902079
934721
914432
912863
907040
938177
897759
911328
925088
942592
915968
924768
929696
953889
927552
923040
929952
967010
936865
934944
912863
942624
895423
900159
904256
947905
929344
913503
913215
929536
914336
907423
962178
912159
913504
908320
943201
901855
928288
923296
950944
895871
903519
929312
946081
912351
904352
896383
937761
890751
900639
902399
971745
906528
956705
919327
944289
907072
916543
911711
959777
907839
900671
902847
953345
910368
901023
915520
944865
919072
920800
925632
959841
916831
914847
924672
954401
915423
928416
931616
921280
897023
921983
925088
920320
921311
923903
943648
919232
923712
932448
958818
921888
928768
934944
963713
906815
908671
926432
963586
928801
932768
981314
987746
920800
922048
932288
955201
909760
911072
923296
942304
887231
894175
902592
934529
895839
912704
908031
937504
915872
911359
900223
940449
896191
896223
919232
934145
900512
911199
915871
945824
919168
922176
919616
910400
910303
920064
945505
910559
902399
905951
934305
906176
903680
897503
922272
918527
909535
925824
963777
912063
922080
904255
945728
923264
911263
935264
961217
904928
915072
913664
955489
907424
907328
921696
950369
905216
926816
906335
984162
902655
916992
922816
940032
922591
922816
906879
934177
904991
905471
915680
918656
892287
907776
946048
908544
916959
911232
933952
895359
908991
902111
924832
918720
915903
919264
949889
914015
931616
923200
944449
921632
964354
926624
931904
926976
919360
906271
893183
908736
902400
925184
918464
903999
899904
938465
908288
909087
925472
973250
905760
910720
906464
939520
908448
910656
928064
937568
898240
907327
902911
939617
892799
928608
911840
908159
907167
913375
942977
905631
925856
925216
925824
890847
921984
920960
939904
894367
894687
903648
935200
913504
901855
907040
989474
894239
898079
907391
958241
908896
900415
895358
927040
898495
929792
944257
939073
901087
900639
910303
963233
912896
925696
909247
943841
952097
947201
945473
970497
904000
926688
916767
949025
919616
937216
908927
917568
887839
903583
963137
937792
921408
903712
906207
935777
921184
941025
913599
945088
904287
919487
918816
919839
898463
924480
908671
918176
896927
908575
916544
939296
928288
928673
916000
940961
917728
911327
912031
948193
891743
904799
908352
938145
906143
906751
917088
938912
905215
908639
907455
952449
901920
901215
915360
935040
922976
924479
931488
907904
913023
913792
936224
902911
912128
923904
957986
920992
907071
925888
943617
909087
933152
912159
946625
936513
911423
900255
965985
889823
893374
905535
952385
907583
914911
908607
974209
921792
916992
918720
948001
911552
931296
900703
927456
897759
899839
931168
939040
887967
895999
915328
900191
909471
906784
940993
889023
898911
904287
933472
908863
926624
918592
954785
904544
929440
922496
952097
917664
909792
924032
961217
895839
900703
910144
939841
917216
942849
906816
929024
901887
907359
915232
905567
919743
908063
938945
903680
903839
906271
949569
916671
903391
919904
935008
923904
922368
935936
941888
927072
905983
907871
950945
911231
942209
915968
944673
915263
914495
927904
951681
914911
909151
926656
940448
903039
912031
913055
909407
942688
926912
940801
952481
917696
904224
966721
943424
896574
890207
906047
886335
895871
898047
935168
902911
895231
903679
953409
916127
911264
904863
969185
889439
894463
905472
946337
923808
911647
898943
934625
902399
904447
944417
948288
897791
902143
904479
934561
907455
927456
935648
956257
924288
901599
914240
890526
900383
915871
945665
910015
910432
920576
970785
907296
912895
915648
961057
924320
906015
892895
934593
930720
942849
943200
958306
896415
920256
910816
940576
900352
901855
917535
941600
904927
914175
921824
947681
908608
921215
908096
910335
908351
909439
955009
911904
910559
936641
976257
927456
956129
899999
932608
912928
912864
931424
941216
913792
916672
948289
974721
939489
956033
962370
957953
991650
992642
913632
907615
938496
928928
930881
928928
891103
919104
922688
958433
912736
923296
911872
937953
920127
961953
952385
985986
919776
900575
898239
929152
901727
920480
905408
973185
922016
920767
924800
971394
899903
911168
914656
945920
925696
928224
944448
942113
910399
907104
922816
940896
916512
966465
951265
963905
897087
902144
928864
953825
933569
902047
937760
899167
916415
917664
973442
935168
925024
923680
985538
937089
939425
925184
943488
917280
934496
935712
993954
932321
909792
914591
945952
899167
933697
913631
955425
896927
916991
929632
954497
922400
890751
890239
920671
891839
902687
941185
942624
910335
908767
915904
945505
924800
897663
899327
941057
893919
941761
941088
941921
908031
911776
912576
951329
907295
907999
929536
950497
894975
917600
984802
950592
900415
913536
906016
896639
913151
916192
981506
965122
922592
917279
920256
902079
909023
923104
946464
910783
904159
902015
946753
924192
929984
912063
983778
918272
927296
929281
960609
929568
921536
911456
938337
897759
928416
905856
928480
915711
917792
923360
922784
933760
921440
960385
912543
924320
939328
966689
902879
895999
898783
925376
896191
912576
916704
965825
895487
907392
918368
946849
902911
902463
934720
968258
933088
951361
952161
955681
930849
922688
909439
928992
890559
907231
918815
892639
896095
900831
948993
903039
924288
899487
928161
891263
892383
929760
954465
908416
971777
903040
925856
895007
900191
897663
925952
908672
906815
906624
937729
916000
937761
918400
932832
903807
900639
909439
943008
919071
911359
917088
892831
915872
911391
941888
901663
911264
895839
935105
897503
919136
932513
976865
909120
911167
898559
927392
915584
905023
899295
938720
909599
919328
939617
928384
908479
931584
927552
938976
910336
897567
914272
943904
918912
916575
905471
932032
894527
911423
951233
902208
899327
914719
945025
896799
905855
912928
954177
931264
910208
913376
943041
918367
899615
896287
922239
901375
900415
911039
925792
893855
896767
893886
929408
895743
895423
912480
944832
907135
917919
921824
947905
920895
902688
907743
931169
918912
908607
921951
975681
907135
901311
913856
937633
908256
918752
919104
929440
892863
910591
922816
957121
901727
888862
919136
898975
900543
910816
951072
956545
930880
907039
922239
895103
903775
903167
934848
900991
929472
906527
943649
921856
923968
930880
957857
926112
939265
935648
968513
904960
918528
917216
956545
923104
918976
919872
964577
892479
892319
894335
937889
902304
897023
907327
898143
906591
914591
942977
898815
913951
915776
944705
931136
925888
915135
947328
896415
909503
908832
942977
901440
909088
910911
953312
931360
919968
940448
962113
936960
905952
903232
942145
900383
918944
916191
942496
907616
914847
920672
952865
913024
911647
923520
933984
921856
928896
927136
946304
938880
968130
918783
938945
900767
904448
915711
930464
922848
936928
926464
953953
956961
916511
939040
949121
915583
923936
940417
950209
923071
902111
953089
956481
905215
912415
924672
953153
929760
928480
919840
964034
927424
924576
936064
949249
927328
922272
939968
970562
923936
937888
908480
942944
898303
904991
906368
945217
904703
928608
914975
960129
938528
930913
933184
940897
910752
908895
911488
935360
897791
914016
921536
957857
901311
906239
906399
900447
903103
904319
946432
898815
900511
912608
938241
896831
902559
904192
933952
906047
904543
911167
924608
893951
901887
924192
957313
920159
916096
938176
936160
902239
918848
925248
911935
903103
893023
943328
934336
913791
909343
964705
930208
905055
905599
927040
895135
954337
930337
950977
920384
925504
915200
940800
892767
900319
903743
975937
902079
904543
899551
929856
939520
920192
909632
945505
896319
897727
907040
931552
908287
912735
921888
892031
911615
906207
935361
906207
913759
912287
929824
899327
899551
908800
944896
909536
921920
898335
932704
909503
934560
930688
961025
923520
908543
901567
936193
918015
911456
922048
957729
926976
930848
937088
955329
907840
919264
922240
943873
921215
925440
912415
939105
905216
913407
916256
890015
910527
904672
941505
910079
891807
905695
952353
903583
906143
921280
957441
907359
909087
907007
935680
909311
896255
933216
915232
895967
907424
933664
942944
904479
964322
918112
940768
898079
907840
938240
933568
915168
919040
916608
949025
914783
906943
911487
895935
908863
920095
921920
907199
900479
900383
938785
898815
903999
895487
941024
910560
911168
918880
950369
922464
946049
914848
951041
904607
907167
915199
947232
907327
909856
916512
948224
907199
936352
907583
930848
890463
896063
968674
945761
916032
886879
907743
923968
900799
899231
912320
919775
911423
943264
922464
935456
921888
914080
940416
922016
904672
895486
927136
892191
907647
906719
944545
899968
898303
898847
932992
900639
906367
898495
938465
903327
919616
912352
948001
906752
929920
916544
948577
902207
909919
932160
984354
912224
912928
921760
922912
932480
931712
930721
986595
898399
895583
912319
937760
912224
920512
912415
898623
894463
906943
935232
893342
905471
932320
959425
928032
932704
925376
935520
892991
913472
968546
949888
921856
890399
899807
935393
908800
910367
921856
942881
926592
889855
902815
916032
899775
907807
915840
956865
901311
918752
960609
922048
928576
923072
957825
927200
912127
908063
948897
904351
915936
913311
965474
904255
888319
894207
944032
893087
900383
916032
971041
902751
907871
904351
936961
915136
935424
954113
960545
924192
929984
919648
942048
914016
920000
916800
958945
911263
935584
919456
912895
925216
965793
930305
923040
895359
905151
911872
898527
905568
929184
923008
896063
899199
905536
940673
900095
903584
953921
938561
899647
921440
907487
932001
935201
913471
915168
945664
901280
925728
934560
931105
892703
898111
915232
961922
897791
903679
915104
921248
912671
908319
956289
923712
899807
910047
937888
896959
935841
903615
947328
905983
907999
901183
930176
912703
901311
903999
895647
911840
920672
944033
904095
913024
915871
958209
901632
904479
903967
948801
904959
913344
904319
973185
908287
904543
908383
938528
933089
935777
937920
933280
913024
911359
934560
929217
910752
929120
921888
957761
925376
907584
905247
890271
899615
914015
923424
899520
935296
904768
938496
909887
897823
907808
939200
895806
903839
890686
933664
897919
906176
905887
927264
898015
902880
926656
940928
895775
954977
924480
931936
907583
900031
973922
938145
904864
907008
911008
934176
908096
918048
924608
916159
903871
904896
938785
895711
898335
898591
976802
917215
907328
907487
930944
901407
919104
931617
946304
914816
895167
914336
934560
907519
935872
914112
945409
913727
908640
919359
904895
907935
912576
958497
899967
901791
903711
948609
898879
912992
902079
945056
903231
921568
904511
932224
902719
904320
906335
942817
924512
932128
917600
935201
898975
910784
930689
959649
936288
928256
928096
910752
901120
906751
936768
904127
910815
911647
953248
913376
923584
908736
947296
896798
924544
911935
962113
891455
907487
894879
917536
947521
915679
916896
919232
903423
929440
924896
931360
973282
927968
904511
927680
899039
920832
919263
951489
907360
912576
934017
933985
918975
936033
928577
910143
910463
919552
967746
901791
974722
921536
912160
900927
911648
915584
924640
909407
910847
924160
926784
926272
915999
915936
945600
911519
916704
913055
930944
909312
904383
927776
936032
906175
917727
920704
942689
902015
894815
901055
929345
896543
902368
906847
899519
926624
913920
911391
899231
908064
910848
958593
900767
905536
942753
942849
890463
901567
911903
945729
901696
906559
908288
940673
896575
892831
901247
954336
901055
916287
901151
943457
897727
907968
942464
902399
888863
902943
933761
899231
909760
902719
914048
914207
902336
908800
931424
908223
904895
917024
1005474
920319
904320
904863
922976
905407
920256
914912
938272
909407
918240
919776
949568
919455
903104
907167
904352
902015
903232
938528
913280
952865
947297
920000
902687
912768
941888
929504
913408
923136
916256
944801
921856
933920
934624
976449
898719
900544
929504
954337
916128
914527
927808
964289
928448
944961
936545
1018404
910463
903999
893631
928928
912896
892319
919904
954785
894303
903775
926016
975714
927840
941473
920448
945984
915840
928384
930688
964321
897279
902559
907807
958657
921856
921248
928864
961985
918240
928928
925696
946337
902208
906752
943937
898303
906015
910015
948129
895807
909055
913919
956641
908608
911456
908063
938433
909120
909440
928896
946177
907424
991651
913504
946369
907839
908608
930880
940961
894943
907327
914144
955553
930432
902112
899359
942656
901119
910559
900768
931968
917664
908735
901727
938529
907488
900639
910400
961761
926144
936960
906912
904991
913856
927265
954977
926368
926560
914239
925088
896863
908479
911776
951105
922304
918847
939584
945409
898015
903104
898271
935968
890655
904991
899775
930752
904287
926304
909759
930400
907104
908639
903423
929664
914911
900959
910272
935297
906879
922784
962945
953089
915743
927136
901951
923968
903167
911424
910751
906560
918559
944993
942241
904192
974017
933056
945440
891903
902655
908223
941120
917696
914560
902559
932545
905087
899679
909984
955649
929121
920224
916288
959393
900703
907423
910367
944673
889727
888190
897759
929024
897535
901183
949345
927776
902720
919391
903775
938305
906176
904319
906239
1000419
935104
925280
915424
917696
896895
893503
926752
891583
891263
905215
931105
904095
926976
905535
948609
891166
898399
903296
939616
903295
910624
927424
956833
904607
919808
929696
965506
897439
890719
906975
969025
906591
903999
907968
957665
921056
929312
919616
951264
903391
898783
920191
939648
916447
914976
926720
957793
918656
917919
914559
937089
904959
914816
901887
941249
905376
901631
912608
899135
919007
896543
919071
894303
897855
904512
940480
911680
908095
933729
936833
915039
930144
910336
939297
914240
927968
940929
939809
901919
957665
911712
920192
902335
911712
905983
907839
893279
900767
908896
953985
908287
916031
910143
996226
914976
911967
898815
948257
903423
907872
890431
930657
895135
897119
911007
947777
888479
904607
920320
943553
921600
922336
916832
952513
902112
915328
909759
930880
899743
908479
919648
914943
897472
898527
930944
894655
900095
895551
935456
905407
897663
904063
949569
906847
901535
934432
946560
906463
899391
904927
927904
904095
911039
917152
924608
906816
905727
911648
952097
899359
896959
906207
897599
966850
910784
899135
892255
914400
896223
931424
898271
911711
898111
938624
901407
907936
907136
938209
904831
926016
904063
944641
928000
926496
921631
947808
939328
930784
927840
970978
924992
903935
907904
925856
911776
912896
912095
962913
901471
911839
918688
968578
918816
914112
915360
970305
906559
919232
915648
956225
932640
912319
910688
953217
901695
901599
904735
901695
909439
908991
922752
913855
917471
928192
942465
900991
919551
921344
957537
897631
899519
911936
943488
913023
932064
915680
938817
914176
928321
923776
951200
914240
930368
932768
957377
914368
909855
912704
949825
916704
924864
942177
981090
916960
917920
934400
917472
924960
912479
947905
912031
925504
941473
941088
905312
909280
922015
963105
931488
910592
906335
935584
921408
914400
932481
947041
903903
922784
909023
936833
934592
925632
911264
934592
904863
914079
922336
938816
908543
954689
918976
924768
899615
902879
917663
945057
913087
912479
917984
947105
920671
897503
940032
900511
903135
904031
971458
901055
903808
904319
944448
917055
895775
896031
934848
902496
918335
926528
983234
905792
926336
931808
952448
913023
915488
915808
934944
905887
917600
921152
948225
906943
911071
909791
904448
932480
908287
953473
923296
939009
935552
969729
922400
905535
925920
933696
905184
918784
936864
947233
916256
916063
914079
998402
909407
901599
906815
919711
928736
909408
911103
934528
901056
909631
912608
926144
894655
917151
927648
963745
916192
934913
904383
959681
904288
921120
915104
948608
921600
933280
916287
949377
914080
917408
922944
896671
909216
905056
945889
994595
912864
918207
904608
893151
901855
906207
933760
901407
919072
909183
941953
900831
900383
913056
959714
915711
925888
922464
961249
904863
913759
915136
982370
926400
895679
898687
937985
915039
918656
918623
925664
903808
911648
908767
945537
900992
924960
926368
964577
935905
922176
945025
914239
913567
928609
916991
932736
918143
911135
947456
900575
927680
917120
947936
915680
909823
920575
973953
930977
919040
913184
956769
898207
936545
905503
940128
908959
906175
906528
967137
949121
927904
914816
949377
906528
894974
914175
918976
889535
896927
924224
945697
919616
906399
921952
899807
898975
900447
935489
910943
936640
943200
950241
901215
917472
913888
961921
894751
900895
922752
921023
885119
917344
901151
942432
912064
918368
922464
952865
903167
912191
894559
970113
898655
902879
903199
957922
897919
910848
917375
935873
903167
906047
907903
954273
934528
940289
940800
965953
932737
941505
944481
939489
888639
896607
907487
939009
904095
913247
902623
944768
902655
916352
914720
947872
901279
925344
904896
936704
905535
928992
922687
948321
930400
930081
915040
955777
919264
934272
925408
969250
951937
904768
918400
942273
903071
916608
907680
887007
901983
907840
935264
916031
929280
906463
921056
908288
893823
921728
943841
925056
901055
991842
975298
971394
946145
958081
892478
912767
905695
923392
921824
943744
935424
905920
905407
946272
916992
912352
912767
938688
893823
923360
912192
935073
915775
913952
907359
945857
912224
899071
896255
928416
908991
919168
931488
937473
929312
917984
921824
926624
906655
925728
913568
944064
921760
926880
918656
910976
902495
913055
923936
903487
907167
903231
928544
897503
904511
923039
972257
926560
922112
929697
948577
897823
907775
908895
947265
912160
922496
923840
941857
905119
911104
913920
947328
916192
928512
898687
964226
917983
917888
924224
957857
942209
902847
896991
947712
917664
922943
937376
981154
924064
918048
929984
960386
911104
922240
908063
955745
909887
919424
916479
942401
918880
917024
921728
934560
905695
914272
940672
930368
906784
913087
949793
908672
922496
924512
915072
914912
912928
917055
929088
897215
909439
915840
952513
917343
916960
904960
939680
914464
915616
911520
954049
893791
897087
911775
963554
903135
908992
908064
934208
898463
901535
935841
901759
904319
899104
935745
909247
904191
908352
950241
907456
918048
925152
950241
915680
921024
925312
955553
921600
926560
919903
948961
940353
919872
912863
931776
900255
915519
918432
948993
902624
912895
920544
954977
928832
910400
909471
904863
906815
917088
940288
897823
904767
913088
944704
893311
900095
901856
930337
890622
916960
897439
933920
900575
912703
908415
946401
919711
897791
906975
925728
906623
896351
889631
898591
900703
917343
977569
911872
904224
903839
938656
904287
897087
899647
950337
910944
908896
910047
961505
893823
900607
905728
931232
939616
912800
908895
957025
913280
903647
920320
969281
922944
910496
907999
944897
923232
912479
909408
900735
929729
917695
943457
952385
934144
910047
930112
918944
936576
941632
966465
914143
922848
922464
964738
903391
914368
915968
956385
918592
947169
938753
951457
908607
910976
912575
951713
906399
918432
919200
966945
913536
925152
916960
946017
913343
936000
904831
948257
918272
926336
938688
952481
928960
918208
942465
918207
920895
923743
911775
884094
896927
911616
928097
917952
912288
901599
940128
910272
917471
909856
954753
947585
915872
925440
962241
930785
938208
932192
973217
924863
929824
942081
962241
924768
904032
912288
946465
905119
906943
913216
944385
904031
908639
917951
916191
900896
916928
950593
906463
909695
926560
956481
914399
910912
916800
957153
911199
901727
900863
952513
904991
908000
927840
945953
910783
902047
908927
948705
902463
911872
917759
953665
914976
910176
912576
909983
916287
911008
924736
900415
902143
900959
936576
895775
905439
897503
936513
897983
893471
902783
934432
897183
900863
913536
953281
921440
906463
906079
929248
903103
916927
915167
938496
899871
933312
901567
900959
907423
912256
937569
918527
890974
899327
929185
906368
901311
902655
939424
892479
896383
903072
969825
933217
930688
931808
955393
923392
929536
930113
946912
913664
927488
914815
943968
909887
905824
903775
964194
912479
900543
907296
924160
894047
913631
909247
942113
912895
928864
925920
943041
911648
914176
921663
950433
922080
902207
911967
902559
917568
901279
960289
896383
893439
905183
947073
904864
912159
907775
956417
896575
905568
909536
939297
902944
897919
922336
934016
902495
903712
917792
940576
900799
908512
909567
895135
904256
900543
914976
901727
922048
908895
940545
897823
907551
910496
946657
912160
914336
933185
956865
896127
923904
923328
966850
900767
918144
917536
937504
905056
912992
910688
945793
896607
914912
941728
966530
928576
940320
934848
940160
916832
926464
919360
923136
928576
934944
978529
935520
896351
891999
920096
915488
918656
917248
958689
905375
911360
918912
980450
928608
917087
925824
939265
908191
909023
904223
933760
895519
925280
899711
941185
895871
905535
914880
948097
917248
913888
919872
961057
903423
918880
911487
932864
891102
903103
906783
942273
906911
902432
920288
947713
901727
908575
901184
895263
919456
909823
938465
896255
905247
906911
963873
912768
931297
924544
956257
916639
923136
927968
954977
924512
950721
928576
962017
929728
940288
948641
972737
961538
936865
923552
958881
922688
920064
920895
951041
913920
926528
943648
953537
914304
931552
938720
971778
932928
930720
920768
973761
917312
912320
924192
961249
934881
920896
930464
976578
931680
929408
932257
948545
908319
940736
934849
949409
906336
907519
922720
945793
934624
888639
895135
932544
891903
912479
915616
953409
910784
915328
905184
902879
905439
898367
922720
897375
906367
903519
941697
897183
905728
902687
935905
896671
913536
906847
936832
893215
919616
915999
937248
897984
911200
922432
921728
897695
913983
932160
932865
930465
925856
961153
930048
918880
898271
962113
922112
928609
927136
963681
931360
920192
914368
968930
924064
930752
941952
946049
905983
914079
935265
980961
939361
922080
911840
948673
906368
918688
923104
946977
896447
913664
919936
945921
907295
914304
915648
927361
893759
903743
911104
915936
905536
909215
951745
911232
916384
916992
947328
916704
908831
904799
939361
914272
912191
927200
962626
912864
909087
914528
950625
921439
921472
934464
960769
921984
919776
914271
951745
915167
917151
924160
960641
901759
911615
932032
939904
915615
920288
931744
966946
917120
922656
927168
952289
892479
900895
926592
955521
931008
941184
951489
978082
906719
911743
956065
977569
932128
909312
914111
943969
891135
908511
929088
966946
922976
921248
925984
956321
930560
939776
942465
969889
933760
928352
926432
942689
916288
931424
904767
897151
921632
897215
926080
903776
915135
910143
942305
907935
916576
915712
950273
904351
910112
925792
959809
915072
926656
918496
973474
897503
893855
897631
939297
897471
914112
923680
956737
912512
911488
917983
953185
917216
938337
921919
936897
895391
898463
905408
943489
916127
921215
919392
950465
913152
902783
916576
891966
891807
892927
922144
887198
917375
906143
938816
894239
907583
909471
939872
901887
918015
910400
943040
904160
913568
926016
949729
913567
914911
922112
908735
914720
906911
943201
924351
901151
904287
940864
903775
909599
916128
946176
896351
914079
898015
938880
901215
900607
919200
947393
921088
914559
911935
946849
905184
918496
921376
963905
895199
918880
930400
915295
922944
927520
947553
894047
907167
902207
948449
905152
903359
918240
958881
926816
923040
912063
934849
922688
909151
907359
941472
947904
918144
913568
934592
902495
898527
907839
934529
907519
928384
924608
959073
919679
910943
923360
968738
916416
908576
901375
930720
915008
931328
937536
917600
926848
928960
923168
899039
899583
919200
962593
911008
913087
919616
945409
910176
909216
908896
975714
888447
887519
902175
952929
898399
922367
911840
937248
894111
909343
914720
940576
895743
929056
920672
941537
907967
932481
905055
939808
902207
905791
941409
918271
915359
907040
952961
921216
905344
906591
970017
914656
907584
903168
948064
900959
904672
906976
958881
907263
907839
913952
935809
900096
919712
908639
941633
911200
915136
919808
951904
919423
912351
909055
957313
907616
928672
902528
892095
899967
905151
934560
905055
915520
905503
933985
896191
899199
899551
943201
914783
906559
914624
965570
907712
920543
918048
935809
904031
895231
916383
946528
907103
910880
920959
943169
908704
926272
925984
953985
929216
912895
924672
961473
922080
934368
935520
971905
922432
912192
898687
890655
917407
932256
927712
896447
903711
926656
958913
915872
918975
900927
934400
889599
906336
905184
947169
914304
903519
921248
967009
914816
920575
933248
944481
895327
904767
908479
935073
902208
918368
934496
943009
903391
915392
919199
948608
921376
924256
933472
923488
923968
921120
933856
904831
907136
931392
984898
926080
931136
926624
926240
922752
922848
913920
937888
942785
898719
907743
902911
940640
918240
905599
915072
947392
907456
924352
934977
950080
890719
898271
903359
891039
923200
913727
922752
957025
896831
902143
907392
949153
929184
936865
933217
965793
889342
887839
896639
913568
910207
913568
909375
921312
915840
917823
919936
946337
922464
910559
907968
941408
895455
913215
920320
942497
903743
907999
923743
918144
900287
900607
910336
924064
903935
907391
925856
907903
925408
907456
922080
902143
912608
919103
944576
905343
920447
932672
936001
902847
913247
905696
935200
907903
918623
911904
952897
918207
940417
930465
943872
899871
898335
904735
941504
900287
903871
928864
945920
898495
900639
906879
939040
899775
913440
906271
900287
909119
906496
901535
894591
903840
903040
953729
895167
926016
917311
958337
924960
938080
928032
970530
930432
935264
939392
930560
893247
905503
903711
931008
918944
928032
923264
956162
913056
914880
913568
950657
918015
910112
896255
939040
900831
911583
922624
932864
905184
931457
906111
935264
905920
930528
918464
932928
899615
905920
911359
934049
887071
923488
909855
918400
941057
915136
915808
905055
907903
904160
946240
897727
901567
904479
937473
901055
909247
909344
940288
893119
917055
929856
941600
911808
914623
925312
936704
896383
900895
912992
942017
916128
917120
913247
936993
896255
907008
907583
938529
925184
919136
940448
922816
931136
903519
919104
898303
911839
912735
938977
912032
917888
904543
939264
908159
918656
917216
940161
910847
924384
933825
944960
910592
903167
892894
923392
907104
904191
905375
942305
909696
911039
934241
967714
934848
928128
941824
928288
921312
936160
921824
914848
922176
908479
940257
909408
899200
900288
938208
899071
920351
919168
945792
907392
905696
903359
948961
909376
930624
924512
932768
905375
919168
926688
951297
913375
931520
918879
935008
914176
903679
907456
928416
936704
923103
920640
940000
906111
906304
915871
911775
897983
897279
926880
897215
901023
910784
940897
919104
908511
913984
943296
897183
903519
912415
956161
908000
921600
908671
961889
905088
902367
918847
939104
901823
906943
926656
938881
903936
925056
925024
954337
911840
919967
901055
913760
902975
913055
917600
949185
924096
909151
905504
919232
917184
954304
915296
926143
919775
926208
929536
953697
919648
931584
921248
950305
922272
923583
930656
938977
910080
940129
930976
964001
918816
932032
926432
944736
917152
921248
922784
949121
903295
931200
921728
941504
926272
936320
928480
950241
912223
935264
934592
955585
942593
946368
917984
936544
915679
922144
919583
952833
924704
941248
923136
928896
928160
932480
937344
962273
901695
904895
918144
966978
930784
929568
945664
959617
911424
907935
925856
958945
919967
923872
919424
956385
926144
935264
899583
927072
905312
909472
912160
937153
917920
913504
919104
938272
919487
911583
927840
947872
925536
926400
934176
948257
928992
929024
921600
960353
927488
927488
924160
917120
894367
905951
917312
939904
920416
906463
924512
897535
902975
918912
954081
912127
920512
928544
950817
915519
913183
910080
951681
924096
908031
910528
950401
906783
903936
910367
951905
908223
919072
932384
975265
927296
926560
928096
943777
893631
897695
898943
953889
929184
942016
909951
911680
909663
913632
922528
926784
942881
932672
924191
920192
914911
922400
958241
920192
907680
912800
938913
905727
915647
921120
961058
933664
944641
913376
952065
909695
912544
923360
953633
938496
920768
919296
978337
939553
962337
949921
942433
931264
927392
931616
952609
924800
939776
950081
962113
929344
939616
952449
960577
923456
941537
930880
957314
919200
925728
945409
972738
895263
905407
906880
946241
913567
899071
898367
928416
892255
907616
906143
948097
893214
908768
907935
923935
911520
918079
919199
944353
905055
900095
905343
926976
913759
919392
927488
947329
906208
900543
913184
911360
913248
917119
936641
910048
923904
910112
945953
905919
907775
906175
938752
918272
919872
901855
921216
885662
899551
896447
942753
906975
898495
907647
931648
902527
914752
932000
953633
910336
922592
915392
945697
911968
916576
956865
892415
897919
898463
931200
898079
914303
919520
930464
905407
936545
905567
918016
891135
903743
935105
925696
906048
931936
927456
958529
918048
923072
920224
917695
924192
937760
926784
911520
909983
928032
953153
908544
920192
913568
955873
905503
943713
914752
971201
922848
921471
907519
934432
903264
910048
915808
941312
890655
900063
906431
940864
910720
908223
896959
918464
910272
895295
904415
929152
900447
923936
904095
927008
908959
911776
910304
905535
924128
917471
913215
935776
916543
927584
923520
924224
907007
908447
903647
903519
916447
917184
965986
915168
907647
916447
936320
902976
910431
918303
922048
889215
896543
899839
941664
935296
929376
935072
958209
923360
935009
945921
940609
917087
907968
904640
916639
893759
929568
905919
891614
904576
898431
937633
897311
909888
916448
959073
915743
921568
919264
967202
906751
922624
923008
946305
896926
900479
901343
935456
925888
910591
906015
939041
902272
913760
917056
952225
923072
921535
918527
965025
924928
912928
920608
939776
919839
901983
922560
937696
917408
912447
920255
965089
905887
906239
897055
905471
909695
928768
942241
901215
920607
920928
946241
921440
897599
893951
925472
887167
904223
903679
937856
894943
906879
900255
928544
903584
901439
900671
934112
907648
926432
908256
902367
920160
914559
954209
907519
903712
905471
937313
909407
917600
907327
938400
896255
901631
900607
941024
891903
896639
915744
947105
914624
920288
913408
933024
899775
916864
906015
910175
929888
931169
926336
910943
933728
926240
952353
898239
895166
899807
937440
887615
898175
910143
944705
906975
913856
894495
954113
914240
921568
914912
965890
893727
904639
911712
941473
926016
909215
902304
934913
913120
908127
904639
937601
903007
909663
925472
939969
915456
917440
923008
900671
899967
908223
918847
899039
919519
914079
929568
895807
913184
910944
936192
906207
904767
916640
929824
896991
900064
909279
940673
905151
913344
918272
923712
896031
891391
913056
924544
916160
914335
912160
908576
925024
907360
937856
912319
909408
920544
955361
926784
925856
916416
962913
902783
913120
920160
946337
900735
929760
928384
962050
927072
913215
919647
934913
938689
921504
923680
947649
893087
901343
910111
941697
923872
930208
955745
912544
924704
912447
964481
906111
912288
921888
952321
908927
911904
914752
928192
903775
924128
907520
953089
924383
931745
922080
936225
912832
915615
923872
962529
922560
948641
914976
930368
896351
910719
908991
935073
908383
921983
942336
955521
911839
930944
931808
945633
920160
923552
925984
955233
915136
929760
928192
940033
904991
897695
909087
888575
905855
913792
955553
919840
923168
925344
935328
905088
911071
910112
948032
892735
900255
906079
943873
897599
918783
906943
945920
911519
921856
923168
935713
903231
909792
911519
912448
898783
903551
941184
901567
906687
909119
943520
906495
925344
916608
952449
905023
917375
930945
946304
920000
929536
916480
942273
911711
936833
910911
932481
928320
939232
939168
955169
912800
918944
919776
938337
918528
919552
904799
935328
908831
901119
919456
937345
908576
921823
904063
930944
892703
910816
905599
931904
914399
907680
918944
932256
901183
911519
922336
913120
911424
911296
948641
909312
914815
919167
925760
890175
902559
901535
948865
885694
897375
904864
947584
909535
921408
926176
954657
905311
910111
911199
951713
920224
917600
899103
919072
911807
936608
904607
914335
895966
891807
892799
886623
920224
901279
944768
908703
907359
908191
958081
896287
906527
895999
938912
892831
901023
921344
929344
890527
909119
903871
934048
922336
900703
916096
944449
912352
918976
952961
913344
904703
912736
954049
905375
915552
921152
966402
900191
920928
920032
957121
914496
915904
897215
918912
888959
889438
903008
925248
897471
941984
919808
943360
937792
912447
935328
964961
904352
916896
916287
941537
915744
906847
919520
896351
922368
907392
919071
917376
909951
903392
936096
894335
896799
924384
945376
898111
920032
916063
972609
919232
931456
931936
967266
917600
885695
894335
932672
900831
917567
924704
945377
922432
919744
900960
952929
917664
920351
924096
972961
922368
945857
915680
942880
924192
934272
941473
974050
945729
902271
901983
933888
894815
903007
915103
890271
899615
909311
943681
920832
922976
924992
985986
913280
902559
902207
937568
899455
911680
898399
932800
897727
914176
914624
927488
922688
925632
917119
936320
914687
914175
926688
940704
888799
903647
900351
937344
903039
910495
905183
898079
906047
904127
926496
926528
895167
907007
903263
893151
903232
910815
932289
907679
924448
900703
956193
916639
926016
940672
936320
896799
904320
911296
960417
916160
906079
909344
934016
898815
915199
953441
945313
902592
913024
912767
951681
907360
924576
908287
900223
906463
913600
939617
909439
911295
911295
941184
917184
914975
936385
973058
930720
901151
914751
936896
914367
905632
909951
929920
893023
893214
910336
955873
930848
926688
928672
942401
895199
908703
916511
894142
912735
898463
940128
909311
910943
941504
944160
899199
907999
917663
968097
921824
919968
897631
934784
908256
917535
913759
958177
905312
912928
914304
942433
911456
929920
908383
930528
900159
903903
905024
897823
925184
913472
913439
933280
912160
913120
909919
937985
902335
912384
960289
908287
902431
925216
919264
893439
905727
907647
922559
919007
909056
916000
947521
915967
928896
928704
957313
919488
896575
912959
943457
912448
914080
913824
930976
898303
912064
916576
955649
918335
922464
909983
941793
912991
898367
910495
932384
901119
908415
921984
903072
902655
911455
954049
906111
921087
913760
953793
900927
905791
926112
952609
906719
906911
901311
931808
904031
909247
910400
938848
897983
901471
915327
954753
912576
913344
921312
955489
918304
920607
916928
954753
922624
926688
935552
922719
923040
927808
945633
896799
897631
895871
952897
928352
927104
941057
934721
910048
907744
904448
946529
904415
895871
903679
945632
909248
902047
903999
922432
896062
914720
908319
930432
891934
902591
904511
907807
906784
916416
942401
890526
887391
906111
945697
905951
915232
895487
921408
903775
911360
920096
960545
915072
919872
913983
939649
915359
926272
916704
955841
917183
916768
922112
957313
904000
923936
933568
919136
919167
927425
932481
898847
902367
913695
953217
896671
884415
897279
935969
920160
916320
908608
956161
907455
919519
931232
955649
911967
903423
930209
952065
917824
924832
922368
962881
908511
897631
900159
914624
930656
927488
941249
900863
913856
922624
956769
897855
908032
903488
940929
890399
905280
929728
952897
916800
906592
914880
942112
906496
916928
911072
948065
896959
897695
924864
965762
929696
933344
911615
939296
897631
902272
914112
924832
904351
918207
917984
932064
916416
924128
926688
960865
934656
944512
935872
965026
902943
907935
907039
941569
908512
904767
909471
902655
891487
914911
937248
910784
916832
912960
928128
897663
913567
922240
931200
905503
921632
914464
952065
910335
926016
907808
936256
897663
905503
908800
937601
906080
908607
917088
903839
903552
929312
954945
937376
936128
946081
978146
931872
926912
923168
941888
901279
901407
921952
963329
910495
903679
895167
939905
894495
900479
915615
951585
928352
900223
911359
939648
913727
916032
921632
950401
922367
926880
931712
953857
904575
911455
922848
936928
903743
921440
926336
945537
902848
910528
946369
934945
903552
912031
911072
942241
917343
926496
933280
955361
926208
929120
910944
930176
901119
902815
914143
952225
924480
921664
921695
924960
905792
911328
906880
939712
915711
937248
917183
928321
907967
914400
933792
957953
926912
903551
931648
952161
909919
918208
920992
932352
913568
927264
925728
945761
920767
908703
915456
945185
908895
911903
922592
960513
939041
926944
918368
945505
907263
926336
917407
947937
915232
919392
923360
948641
919743
913984
936097
948000
921376
914784
934016
949825
908863
917792
912064
903935
932224
901952
911104
901407
911872
925184
946913
922144
932160
900479
921568
929792
946209
929664
944320
905567
933056
934016
946145
907424
931904
902143
930656
901087
905023
916704
942881
889759
916864
901919
953441
902367
911903
936704
931904
888510
898239
909055
944001
907744
916415
928512
942657
903679
915936
915231
932576
892959
903775
906719
928704
903583
920352
913824
953441
900287
911935
902016
932032
926079
929280
911904
936960
917280
921728
941281
958082
948352
946465
892383
905407
894271
914879
927968
935936
915999
926080
919648
950241
911647
938688
916255
932064
908543
909823
911231
935392
912319
925312
916639
891007
915135
914431
920896
923360
897759
900703
925600
901599
932768
925120
963778
901087
900415
906271
903616
921760
893663
903007
927872
900543
912608
906176
939520
896191
899583
905024
927552
892479
919039
912288
938017
913568
918207
918784
928992
905248
919776
927169
941344
939105
918048
913632
943521
932576
920576
944576
952737
925504
933313
926720
932832
895999
902879
911072
917600
888479
901663
908799
952865
904383
930592
934208
961185
917920
924480
920287
922816
896799
907392
906271
950625
936993
917023
914687
909472
915935
914304
946369
903551
917120
897855
928704
890014
902047
905120
935232
884159
905887
896703
938208
892734
930016
899968
928576
903039
905567
910688
944608
917695
908287
912192
927520
916320
919775
911455
929376
907552
908063
912863
900191
917215
918976
942049
910464
917856
914175
948000
912607
920800
922335
949377
890335
903519
909951
938017
921600
914528
905055
944737
898719
911135
924512
944512
924191
920064
913375
951521
929696
917663
906879
945568
900991
902208
903967
919200
918783
903071
909248
921824
902911
912223
914592
898495
895487
904863
920576
920800
904063
893791
946496
911808
913343
925248
968481
907775
916160
908479
946336
904959
893311
901055
940576
897919
906463
916736
939744
910656
909184
921120
947841
914368
897343
914304
905759
913152
905247
953025
906943
892543
899487
942976
905951
918944
910335
978786
902559
916832
904959
942945
896127
928896
947105
962881
901887
907647
912255
949473
911135
928288
902239
925216
917664
921536
934048
950401
930561
920800
922112
942081
927072
934688
928832
966913
926368
907103
912160
966401
909439
917855
918432
946785
899711
904415
916800
943168
918816
907871
922880
916864
915167
919968
913567
908127
909375
929664
946721
909312
909536
925856
938977
908255
910623
909055
926688
910143
899904
906591
938144
912768
919903
919071
942881
916927
890783
895775
919744
892830
918144
943136
938496
901344
907583
915135
924352
898015
925152
902911
908640
907135
916160
932992
922080
915232
916096
944385
892959
903231
926080
967458
934433
941665
937536
981218
928064
926240
899935
933216
900575
906367
920639
940672
907615
918048
903104
931776
901247
914048
907200
940705
918943
899871
901951
938144
898911
902783
912159
941600
905215
925888
906272
900063
924480
910271
957249
929344
901279
923264
942721
925376
905344
920480
936512
885662
902719
909471
943776
908544
915327
927744
939361
901599
924512
940384
952289
913472
923840
950625
928064
901375
900607
906559
935840
935233
908192
916479
950753
924672
921472
925056
940577
923456
914047
908864
931008
910944
924000
928256
960514
916063
906431
912255
929440
917568
920032
923360
911711
910911
910655
944321
957089
939233
921856
926144
906655
919007
928576
939136
919584
903392
907007
935808
899519
907615
934464
939520
899839
911455
901856
961185
905535
898623
907232
956417
937153
946497
931713
947073
921151
912799
921984
927200
903903
930880
905760
927200
915871
919488
924512
942816
926048
912575
903360
929184
896127
930144
914976
945313
905920
920320
909823
911616
945249
910367
934176
898463
906111
922880
929120
896223
897311
889375
917792
903231
907711
915168
931264
900223
915744
911936
938528
897471
925280
922624
961025
930464
928928
938272
958209
920896
939104
924128
938496
897247
901279
919040
949185
920576
920704
903839
900223
907199
903903
943617
899199
903104
926560
948865
888927
890750
906207
933536
945025
908448
899935
909536
893439
899039
928512
947425
919776
930113
931008
942017
926176
923008
924576
940673
908927
909856
935040
953729
929888
913792
910943
926432
925536
927776
924800
923328
910944
906111
913792
896095
902880
916672
939616
913343
908768
914527
950369
905920
927904
905568
926752
906016
946977
949761
955329
928736
920320
914047
923040
921376
950945
945697
966273
941920
952385
938305
910752
948545
929376
925184
938368
956897
935969
932001
946337
961058
897215
891743
905983
929248
919392
906751
917248
895551
915904
917664
934784
897407
903103
908479
931776
913440
930944
898175
917824
897311
921568
904671
942689
893087
904256
909311
938912
909183
925376
920160
942528
905599
904639
908927
938817
902623
912959
909472
950721
904256
926336
934880
907839
917184
920928
964993
915679
935264
907551
932608
895167
900927
909151
942593
906432
894367
910336
948385
919168
919040
923904
950401
912639
928832
934528
963426
946625
927232
900480
920256
906336
908959
923616
948545
929408
930240
922336
968834
925024
915968
924416
936832
907679
912768
914944
940544
916511
909120
904511
891359
901087
905823
947009
919840
911551
905024
960385
906464
928960
930497
948833
899263
913056
912800
950401
910143
1794654
939424
904927
938529
900895
913440
908095
940832
911968
904864
927840
926208
898335
908703
905951
940800
901919
912640
921088
969761
908864
916576
913088
962753
929505
938465
930721
938752
902111
908255
911776
944673
910271
911423
934080
946625
904352
924864
922560
947520
917056
900991
912831
936288
916799
906176
924480
937025
892799
928064
928640
977505
930560
930561
922496
950017
927040
914112
921055
983234
947649
932256
933056
944993
942753
921728
928224
938241
961889
930592
909727
944385
956866
936736
937344
933184
946753
891423
899423
921760
956577
908703
905056
919168
947873
906655
920672
933120
951201
935009
951969
945729
980930
908735
910016
919072
942880
912704
919008
919456
924640
902399
899455
915167
946912
916255
936576
909631
947105
904479
908256
896671
945856
890879
906464
906432
928512
906911
926432
923264
963489
909439
906271
895423
931840
887327
906207
922784
941089
901632
907167
900895
933888
903711
911552
906560
935648
923520
901727
912032
934304
898687
908703
909855
929665
908863
917632
903263
936064
896607
923392
907359
947713
903999
914015
907391
937248
902751
900991
919551
931616
906655
916608
904575
926752
915584
947648
911328
943552
901727
914463
927872
958273
914688
927232
909919
944577
904479
909759
907264
961665
897055
905824
905407
941344
906239
910496
918016
936129
899295
919168
918015
955457
907007
904863
901695
942400
912735
915423
916735
945472
903423
899551
901919
939744
896863
901855
906272
939744
902559
913248
917759
942560
900255
905023
916480
950593
912928
918624
910847
948544
899935
919007
902815
926624
895678
903807
911552
961729
928416
924704
921696
943041
920864
917920
905599
926784
903167
909087
917984
942817
927840
935520
936864
969505
937216
925888
913088
937217
914559
919232
929344
971681
901407
902623
924768
936609
908479
903231
920192
936800
910048
918240
910880
929280
912895
915935
910655
944801
915103
912671
923552
948545
917728
944096
950849
933409
901119
905920
913471
917056
910944
932033
908639
929888
913375
910656
922400
950752
918688
927136
925184
924672
925120
918816
905055
901375
888990
908959
948897
947488
894303
888190
909087
941472
909728
914432
935680
938784
889630
903935
905599
960353
895807
893535
894655
942112
909247
926432
924000
947425
894175
898911
896383
938752
913759
907936
914528
932640
905631
924992
918208
966913
909120
912351
906463
946080
909248
921472
910879
937952
904511
924192
906943
941248
910399
904895
905279
938977
897855
900287
906815
965889
903103
902848
906687
935297
889118
895231
909984
924896
918560
910496
925152
946401
918240
921984
920544
945792
929792
912352
936288
922752
913343
924032
913312
914143
903551
903551
913248
960097
919264
928736
928864
940449
940416
925216
932416
946176
918752
904608
930465
990499
992515
944897
932545
938561
972738
922272
945440
927776
965250
917088
932768
926624
967106
900191
908191
920416
968737
920896
927520
948929
946337
897567
919360
915903
971265
922720
947617
934272
966945
920832
919616
930176
967265
931328
940352
931456
977090
934176
948001
960129
956961
918560
915008
905152
940576
901055
920671
903999
951041
901791
914304
907071
956385
902911
932192
912064
945889
917984
915584
910816
957281
907807
920447
914208
939009
910528
914880
924960
947073
916895
916224
923904
945536
899871
916511
907935
907968
915743
965089
912544
919872
944481
922592
912799
926720
951393
908191
911903
916224
955009
900607
924352
921632
953089
920415
924128
932672
966241
933312
943617
941057
968801
904127
911295
925440
978946
923072
921344
909728
931233
897247
913375
909311
942400
939073
907071
900703
934432
911487
909343
915488
955681
916511
921344
923936
947393
917792
911392
929504
928064
890591
923040
923744
948321
915872
912256
915392
935808
916928
904799
909471
953793
918944
915263
927393
960161
910719
929440
922400
969698
921600
918207
941665
971361
920992
920000
915328
946625
919680
912415
921280
947073
903519
927456
926112
969697
918592
922720
920223
963138
915167
924927
923712
940256
899967
912576
924576
