154117
49538
34561
38593
34817
34977
34818
33377
32737
32289
32225
31873
31713
30977
32289
31905
32641
31777
34977
32706
33890
32386
32289
32130
32930
31105
31169
31169
31201
31137
31010
33153
31713
31553
31201
33249
32257
31041
31938
30497
32673
32129
32481
31297
31873
32641
32417
31681
33089
32001
32321
32225
34370
30689
31969
31905
31618
31873
30977
32161
31937
31682
33057
31905
32865
32577
31809
31553
32226
31969
33953
35585
32161
33218
31073
30657
31553
32161
30785
31105
30849
31713
32545
32097
32065
31553
31553
29921
31265
31009
31105
32385
30529
30977
32193
32161
31009
29633
30337
31585
30913
30689
31586
31457
31426
40001
31777
32225
32162
30849
30113
31745
31297
30369
30017
30465
32577
31105
30497
30401
31009
31457
31937
31297
30817
31425
30945
31010
30945
32545
32321
32929
31553
34497
31617
32161
31713
31553
31201
31329
30945
31841
31297
31425
32257
31265
32033
32450
31841
30273
32065
31457
31681
31617
31713
31457
32801
32514
31393
31842
31361
31713
31009
31041
30817
32033
30625
30881
32385
32418
30561
30785
31169
31265
31810
30146
31521
30817
30593
30497
30977
31361
31329
30721
30849
31585
33153
31873
30849
31041
30113
30337
30145
29825
30945
32257
32897
30753
31233
32033
31585
31105
31873
31681
30465
30753
30465
32193
32065
34018
30785
30817
30625
31073
30817
30337
31681
31457
32225
31489
32993
31745
31617
31041
33281
33025
39745
31041
31969
31873
30273
30657
29121
31041
30945
30593
30369
31298
31905
31137
30497
30305
32417
31457
31905
30913
30913
30337
31073
30465
31425
31393
34017
30529
30625
31138
30914
29985
31170
31297
32801
32801
31105
31969
31969
31490
31457
31329
32289
31137
31009
30401
30498
31266
30401
30913
29665
31489
31937
31713
33665
31713
32161
30913
31073
32322
31650
30977
30273
31233
31362
31905
31521
30081
31617
31105
31841
29985
31969
31489
30529
29665
29249
30273
32001
30594
30689
30945
31425
30401
30306
29793
30849
31425
31169
29505
31105
30977
30305
31201
31906
31554
30561
30625
29953
31681
31745
30657
30689
31137
33057
32993
30177
32225
31329
30593
30977
41121
32097
32993
30593
30753
30945
31649
30433
32097
34529
37633
33569
42497
36257
45570
36609
32449
32481
31745
31713
31617
32545
31681
31009
30338
31105
31681
33697
31169
31841
31713
31777
30689
29697
31457
31425
30561
30369
31265
32065
30977
31426
30113
31073
32321
86915
35426
35457
34753
32385
33825
32289
31617
31169
32289
32033
32033
31649
31969
32065
32513
33441
32225
32353
33025
33121
31425
31842
31393
32609
32609
30785
31777
40449
37953
33313
33281
34562
31585
32065
33409
32673
31809
31329
31777
32801
31745
32193
31585
33345
32962
30977
31809
33921
32769
32193
30529
31105
33409
31649
31361
30785
31169
31361
29505
31553
30561
31393
32193
30753
31842
32289
30977
31553
32481
31041
32065
29857
29729
31265
33057
32801
33121
33025
33537
31425
31297
31233
33121
32641
32417
31233
31809
31265
29985
29729
30945
33122
33697
32161
31361
32705
30657
31009
29697
31873
31841
52513
31169
31297
31618
32065
31425
30593
32289
30721
29857
29857
30721
31489
29697
29697
29729
31361
31745
38594
30785
30849
31585
30177
32162
30017
30785
30945
30977
31265
31905
31713
30753
30305
30593
31105
33217
39234
30465
31393
30753
31105
30945
29473
31553
33313
30657
31425
31361
32706
29921
31457
31841
31361
33953
33793
32257
31426
34530
32161
31265
30625
31201
32833
31681
31969
31169
32641
31906
30273
30625
31297
33441
33409
31906
31521
33313
32353
32289
31169
31521
33089
32609
32833
31969
31809
29729
29633
31041
33345
30785
32225
32065
30849
33473
30881
30913
32545
31937
30945
32737
32641
31265
33377
31361
31714
31809
31905
33377
32865
31137
31521
32673
32769
31105
30913
31201
32673
32194
33409
31457
31553
31905
32417
30465
31425
32641
33153
33025
31105
33954
32513
33153
30081
30785
32577
33217
32737
32161
32609
31329
32129
32929
31361
33313
39457
29601
31586
31906
30497
31265
32129
30561
33505
30849
30465
31201
31681
33441
32609
32225
31041
33154
38754
30018
32833
31553
32385
29825
30465
31489
34305
32866
32129
31361
33729
31905
31041
31330
31362
33281
32769
32961
31201
33377
31649
30977
32065
31457
34433
32257
30817
31201
33089
32833
32097
31745
31457
31874
33121
32417
30914
32897
31361
32545
31745
31649
31073
33249
32257
31393
32257
32577
31809
29985
31745
34530
32609
31937
29921
32801
31233
31521
29857
31649
33633
32353
32737
31906
33473
32354
31809
32353
32897
33538
35010
31713
31169
33218
32002
31393
32482
34497
31233
34561
32705
32705
31233
32417
30145
31457
30561
32769
31937
31169
34593
34146
34433
32929
31650
34018
33089
30753
31233
32066
32257
32930
31201
33186
30785
31201
29153
30817
32865
30497
31201
31425
32865
32001
31457
30337
31361
33761
32449
32001
31681
31169
33793
33249
30753
31361
33505
31041
30593
30113
30753
31521
30945
30337
31809
32129
31937
30529
30817
30849
32065
49154
30529
28993
31169
30657
30209
31041
31105
30849
29345
29665
29121
31457
30689
30145
29473
30145
31681
31425
32065
31553
31522
31585
30785
30369
29473
31009
31265
31073
29793
31009
30945
31202
30433
30593
31329
31777
32993
32097
30913
31329
31969
30049
29825
31361
31937
32450
30082
30337
31297
31425
31041
31265
31425
31393
51746
31137
30401
31810
31393
30849
32801
31841
32801
32289
32705
30849
31489
32737
33217
33313
30561
33281
33729
32641
31553
32545
33249
31329
30209
31681
33985
32417
32097
32289
31553
33377
31457
30081
31969
31169
32801
30465
31777
31425
30689
30305
30913
32481
32578
30593
30113
31457
32481
31297
30625
31393
31873
31649
32993
30721
31681
32321
31457
30945
31297
32801
31201
31265
30210
31457
32577
31873
30497
30529
30881
31617
33793
31073
32129
31745
31233
30849
30401
31714
33601
31458
30497
32417
31617
31553
31361
31969
30913
30657
31841
30817
30657
31777
31841
31457
31201
30497
31137
30689
30817
30209
31457
32833
33057
33666
32161
32481
31201
30401
30753
31905
31553
30817
30209
30913
32929
31265
30689
30721
31393
31297
31489
32417
32097
32001
31969
30625
30657
31169
32097
31585
30369
31201
31297
31873
30369
30273
31297
31746
30721
30433
30337
31457
30785
32225
30625
31393
40737
32289
31041
32417
32577
32577
32353
30465
33857
31938
33377
31361
32609
31073
32001
32129
33889
32449
30529
32065
31393
32641
32033
30561
32033
33889
32610
32417
33153
32257
52930
33217
31393
33857
33121
32161
31073
32641
32865
33154
32929
31105
32929
32961
32641
31617
31201
32993
33217
32161
31457
33569
32001
31617
30529
31138
33473
33089
32097
31873
31521
32289
30657
29985
31809
31297
32001
30401
30689
31298
30689
30401
29697
31233
32961
31201
30241
30561
31297
31906
32225
31041
31585
31649
30753
32289
30625
31585
31650
31425
32001
31521
31457
31009
31169
31009
30849
31969
31297
30817
31393
32321
30753
33121
31265
32129
32545
30657
30241
29825
31169
31585
31297
30177
31393
31426
30465
29953
31489
31137
30625
33121
31169
31393
31329
31553
30849
31201
31329
31681
30593
30561
31297
32354
32738
30689
30753
31361
33441
33281
30497
31425
31329
31361
30369
33505
32097
32610
31969
31969
33441
32129
32033
30337
31521
31681
33313
40482
31201
29921
31201
32674
31553
32033
30977
32961
29985
31298
31041
31137
32129
30753
33089
31649
32641
32161
32097
30593
31169
32578
31169
31713
30721
33122
30209
31905
30529
31490
32193
32801
31009
30881
33057
32481
32033
32546
32033
33537
30593
32353
31041
34561
33537
31457
32481
31713
32801
32417
30561
31393
33026
31169
31681
31521
30849
32417
31329
33186
31937
32897
31585
30722
30049
31777
32929
33153
31169
30913
33442
53314
33602
32417
31809
32994
30241
31937
30785
32513
32801
31937
31649
31137
33506
33089
30401
31393
33185
35873
31745
30945
32257
30689
32769
31873
31137
31969
32833
31073
29729
30753
33569
31137
32801
31393
32993
50754
31969
30721
31297
36257
32321
31585
31361
33249
34850
32897
32289
33633
31937
32097
31297
32577
51202
33313
33409
31617
33122
31649
32129
31841
33954
32353
30977
30401
32674
30849
32129
30401
32097
32161
32001
29889
31361
32737
30561
31713
32033
31137
33185
32001
31233
32193
33825
31937
31745
31329
31233
33986
33057
32001
31009
33153
32961
32577
32098
32258
32545
31937
32161
31937
31969
33089
32353
32449
34977
35810
30817
33153
31169
32961
31745
30977
31617
32993
31297
30049
31361
30529
32897
30241
33089
31201
34017
50498
32289
29985
32001
33281
31041
30561
31265
33025
31873
29633
31393
30785
32673
30625
32737
31073
33633
58818
31521
31681
31329
31521
30785
30561
30561
32769
31777
31521
30753
30753
31937
30849
31457
31233
31649
32385
30401
30561
30561
32897
31137
34113
31745
32994
30337
32129
30145
31329
33697
32481
31681
31681
33473
30753
32545
31714
30689
32257
31841
31809
30817
31425
32609
31713
33441
31393
32257
32609
31649
30081
31746
32033
31105
30593
31649
30913
30337
30913
29825
30657
31521
32162
31361
31201
32225
32385
30241
31937
30465
33793
37249
32321
32162
33569
32897
31009
30369
30849
31649
31009
30401
30625
32577
30369
30721
32673
31649
31553
33537
32705
32002
33505
31105
32865
31266
32066
33730
32898
33057
30689
32545
31521
31681
30689
31522
33633
31841
29921
31361
32705
31970
31777
31841
31329
32449
31521
30113
32033
33441
32001
30881
30178
30689
31361
33761
31041
31041
31809
30689
30657
30305
31073
31425
30689
30625
31425
30881
31073
30913
30881
31137
31777
34593
29665
31073
31265
31426
30977
30273
31649
32065
31201
30401
31553
31138
31233
30209
30177
31873
31937
53858
30177
30433
31297
31905
31233
30113
31137
31745
31105
30081
29921
31073
33825
31905
30881
30913
31489
31425
31553
31073
33090
30913
30945
30625
30978
31201
30657
32001
32801
33089
31969
31073
30529
31457
31937
31202
30625
30785
31457
30433
31137
31649
31553
31681
30657
30529
31105
31649
30913
30337
30081
31202
31489
31361
30721
31521
31585
30977
31745
31233
31009
31810
30113
30561
32129
32482
30241
30273
30817
31041
31169
31105
32961
31361
32161
31425
30401
30209
31457
32097
30433
30369
31201
32449
31169
30721
32097
31585
32417
33281
32482
31777
33249
31457
31969
30881
32193
31906
31777
31937
31265
31713
32034
31489
30273
31649
32481
33762
32769
31489
33281
31681
31969
31489
33665
31297
31777
31937
31137
33409
32353
31681
31073
33506
31105
30881
31617
30945
31490
31073
31041
32449
31521
33025
30721
30977
32033
33761
30881
31809
31522
31105
32257
32961
32193
31585
31873
31233
32161
31809
31457
32577
32289
31969
31297
32609
32577
30465
30913
31457
32577
30721
30913
31073
32673
30497
31617
29377
31457
33121
32385
30241
31554
32481
31041
31297
30113
31841
31233
32545
32577
31393
33377
32449
29505
31521
32033
31553
32065
32033
31137
31649
32225
30529
32065
31617
32417
33697
31073
31105
32577
32225
32769
32737
32897
32001
30817
32225
30945
33409
30401
31713
30209
31777
32193
50498
30945
30529
30977
32770
32801
32129
31521
33186
33249
31105
30753
33473
32961
32289
31233
31329
33025
38113
30529
31169
32737
31873
31649
30529
30913
32769
32929
31713
32770
32289
33090
31073
31137
32386
31649
33153
30369
31521
33569
31489
32225
31649
30305
31585
31777
31202
30817
32609
32673
31266
30785
30337
31778
32770
30946
31746
34305
32961
31105
29921
31777
31585
30721
31937
30657
30625
31841
32577
31873
31361
31777
38754
30306
31778
33441
30945
31777
31425
31681
32897
31393
32225
31937
31809
31393
32257
30145
31297
31393
30849
31777
31745
30945
31970
32513
33089
31649
32705
32193
30562
31329
31585
32097
31297
30785
31041
32065
55874
30817
32385
32034
31393
31617
35169
33825
32609
32225
32225
32609
32097
34561
33601
33025
32513
31585
33217
29505
31746
33281
32673
31362
30817
30593
32353
31681
32226
31298
33089
30817
30721
31074
31905
33633
30913
32193
31809
31713
32961
32225
32129
32385
32929
30497
31970
31073
32417
31329
30593
33761
31489
32769
30721
32577
31585
33025
31393
31201
30529
32289
32289
32129
32770
31234
32705
31649
31745
30753
31489
32001
38849
30849
31873
31905
33345
33537
31329
31841
31233
31713
32257
31137
32673
31617
30881
30177
31457
32865
58914
31233
30625
31553
31298
30433
29825
31745
32418
32097
31489
31425
30593
32545
31777
31617
31329
31681
32449
32450
31457
31425
33025
34017
30689
30625
31585
32449
32129
31329
31393
32833
31809
32737
32577
31297
32993
38914
31521
31681
34209
32193
32193
32193
31649
33121
32097
31969
31873
33313
32577
32001
31554
31361
33377
32610
31265
31297
33153
32577
31841
31649
31361
33121
31554
30881
31521
30913
32545
32641
32001
32001
33249
32545
31810
31201
30977
32705
32481
32353
31137
31265
31521
34561
30561
31713
32194
33377
30497
30881
33089
30721
31137
30145
30849
32097
31617
31361
30529
32546
30913
31425
32609
31681
32065
30306
29409
31617
31425
31521
32353
29921
30753
32993
33730
32321
31969
32578
30497
32033
30913
31745
32737
32353
32257
32385
32161
32705
32481
32353
32129
33057
32705
31905
31361
31010
32705
32161
31809
32449
31233
32865
30945
32801
31457
32865
32353
29889
31457
33217
32289
32257
32193
30913
34305
32737
31521
31841
32673
32354
31777
31617
31041
33633
32033
32673
32193
31041
32673
32417
32930
31777
33154
31969
31905
30465
30977
33121
32641
32033
31169
34082
53122
31073
32417
31361
32770
31777
31073
30689
32033
31009
30113
30689
31553
31361
30401
30209
30465
31937
32865
30465
31073
31841
32129
31361
30145
30529
31169
30593
30369
31105
31201
31329
30722
30817
30689
32130
31873
54018
31745
32065
31937
31457
31777
30945
31041
31970
30913
32001
32641
33121
32737
31713
31649
32161
32129
33665
30753
31234
31714
31393
30337
31073
32194
31809
30625
30465
31265
31841
31937
30721
30721
32481
32769
31137
31713
30753
31873
31009
30849
31585
31937
31297
32193
32609
31489
31713
31233
30881
31649
31681
50786
29537
30881
30945
31873
31041
31489
30369
31617
31041
30913
31361
31874
31137
30881
30081
32481
32097
47746
31137
30305
31841
32353
33825
31137
30977
31457
31585
30177
30049
31009
33153
31329
32225
31713
32257
38562
30497
30625
32065
33537
31553
31361
31681
31585
31681
31105
30465
31042
31457
30530
30785
30753
31041
31809
29921
33346
31649
31553
30561
30401
31393
32577
30881
31777
31841
31713
31361
30529
31137
30049
30881
31329
31329
31105
30785
31841
30593
30593
30561
31105
31393
31425
32001
30369
31681
31969
31425
29953
31041
30945
35490
30113
31874
31105
31297
30657
29889
31426
32161
31266
31649
30401
31521
31201
30466
31681
31585
33217
30849
31649
30657
31553
32001
31585
30529
31233
32513
30657
30561
30049
30689
31649
30497
30017
30849
31074
31874
30817
30945
31681
32225
30785
30401
30337
30593
31585
31009
31745
31041
31905
31137
30529
30401
31777
33570
32993
31745
31393
31649
31233
31201
31489
32129
30881
30209
30369
30369
31586
31137
30657
29665
31393
31553
31361
31073
31681
31169
31457
31329
31265
30529
31233
30049
34145
31009
31841
31777
30049
33345
31777
32673
34370
31298
30753
31905
32673
32193
31489
30817
31810
31713
30305
31777
32449
32481
32802
32385
31489
32194
31681
31681
32481
30945
33345
31297
31745
31073
31905
33122
30785
30785
31265
33153
32353
33153
32001
31009
30849
30177
31073
32289
31873
33314
32194
31201
31842
31009
32833
30466
31937
31553
31201
31873
34721
31297
31233
33057
31841
31425
31745
33025
31105
31905
33857
33761
32929
32225
31329
31969
32609
32737
31521
32609
36769
31809
32609
31809
31169
31457
32033
32513
34529
34817
32801
32033
34145
33601
32321
30945
31457
32481
31938
31329
33218
32353
31810
30881
31554
33761
31809
32225
31650
33345
31681
30369
31009
31809
31905
31745
30305
32065
31553
32321
30850
30657
31329
33281
30753
30241
31105
32673
32001
30753
32577
31873
32993
30562
31457
31042
31969
30849
30945
29857
30625
31553
30657
30177
31265
32929
30689
30337
30209
31361
30913
32865
33377
31809
33313
31841
30433
30561
31362
32001
30945
30401
31329
31681
30561
30593
30369
30977
31873
35138
31969
31329
33505
31138
31073
31489
31585
32162
31201
30849
30689
31553
32354
32801
30657
31649
31489
30913
31073
30977
31457
31169
30913
30785
31457
31969
33217
33762
30977
31777
30241
30817
31937
31841
33281
38849
30529
30977
31393
31937
31330
30305
31297
34241
30753
30465
31265
31969
32737
30849
31041
32353
33153
31361
30177
32353
31393
31457
30561
29761
30945
31137
29889
29729
31361
31393
33601
32001
31329
30818
31361
30593
30881
32545
32225
31713
30849
32001
31073
32162
30945
30049
31329
31586
31745
30401
30273
31073
31457
56866
30945
31329
33313
32417
31810
32482
31586
32514
30241
29953
29601
32321
32161
31329
32225
31265
31393
35233
30817
30625
31617
31137
30241
30017
32065
32354
31425
31201
31201
31873
32226
30977
31521
33249
31841
31265
30177
31489
32193
31553
30657
30369
31169
31681
32162
29825
31681
31585
30305
30657
30305
32353
32193
30465
30465
31489
30977
31521
31809
31073
31265
31905
30529
30881
31169
32322
31361
30593
30337
31361
31841
32449
30721
31201
31105
31361
30497
30273
31297
32225
32609
31329
31329
32769
30849
31329
29985
30625
31137
32001
31745
31617
31617
31521
31713
30753
30817
33281
32322
33057
31713
31649
30593
30753
31041
32321
35586
30305
30945
31649
31329
30593
30817
30945
31233
30689
30497
30497
31649
32129
30849
30977
31202
33058
30977
32001
30945
31745
32065
32289
30817
31425
32705
31201
31330
30209
31969
31265
31105
33217
31585
32961
59394
31905
29793
32001
31425
31713
31009
31297
33025
32385
31777
30882
31393
32225
30753
32321
31073
31873
30210
32257
32001
31745
32641
31810
30849
30849
31585
31681
30209
31010
30913
32577
32162
31361
31393
31553
32097
31521
30657
31553
32929
30689
31201
31201
30914
31873
31649
30721
30017
31265
31329
32321
32289
32289
32065
35041
31457
31489
31137
31841
31041
30465
30689
31265
31873
30881
30657
31457
31553
31489
30753
31489
31714
33025
31233
32033
30433
32929
31041
32834
31201
31393
32737
30689
32034
31138
33121
32001
31713
32097
31233
32801
32225
30626
31713
33505
31297
31681
30497
31457
32993
30689
31553
31521
32641
30849
31362
29985
31169
32641
33089
30913
30849
33026
31809
32353
29761
30721
33153
31713
30593
30625
31906
30658
31649
30337
30977
32993
30753
29633
31201
31969
31841
29825
31137
32065
33281
30817
31105
29953
31681
32130
29537
31265
31457
35522
34658
31394
31137
32578
30401
30561
29825
31425
32609
31041
31649
32225
31586
31618
32642
31905
31490
33185
56450
31425
31233
31553
33698
30561
31649
31393
32001
29921
31521
30177
31169
31522
32033
32865
30977
31041
33058
31489
32001
31041
32578
32930
31073
31489
33026
30177
31617
30145
30977
32993
32769
31553
31137
31201
32737
31105
32801
31649
35169
35169
32385
31457
32257
30817
32161
32961
31681
32289
31457
30465
31169
34881
36641
32481
31681
32769
32417
32033
31361
32449
33601
32033
29761
31233
31969
31489
31329
31937
31585
34017
33601
30913
30913
33506
32449
31841
29985
31233
33441
32769
31649
31553
32737
33474
32802
31425
31809
34306
33153
32705
31233
33409
33089
32769
32321
31489
33601
31617
32161
31265
32641
32322
29505
32961
31073
32865
31137
33537
32033
33025
32609
32001
31393
33569
32065
32417
32321
31329
32929
32161
32706
30305
31233
33569
32674
31649
31297
32577
31969
32033
34305
32289
30433
32481
32321
31073
32833
32321
32001
31681
31681
33057
32897
31649
30977
33185
32225
32385
32449
31201
33089
32481
31969
31393
33345
32225
31905
32193
31361
33473
32321
32705
31329
33153
32577
32609
32385
32066
32609
33121
33313
32418
33122
32801
32385
31745
34209
33153
32769
33089
30849
33090
32737
32865
31457
33569
32737
32545
31809
31233
32577
32385
32321
32065
33506
56354
30625
31329
30913
33633
32129
32097
31681
33025
32385
31745
31329
30849
32673
32385
32385
31585
33217
31874
31649
32737
32161
33250
32961
33185
31521
35169
33153
32385
31906
31809
32993
32577
32033
31265
32961
58082
32129
31842
31457
32417
32737
33057
31521
32513
31969
32161
31201
32641
33441
32161
31809
31809
33313
31393
32513
31681
32129
32001
32385
31905
31297
32385
32897
31457
32897
32641
33473
32802
32577
31009
33282
33218
32417
31585
31521
32513
32610
31777
32225
31041
32897
32929
32481
31809
33377
33537
31809
31297
32450
34017
32609
32673
31649
33057
33025
32801
31489
31649
33026
33057
31521
30658
33281
30497
32577
32417
31041
31681
38337
30369
30721
33377
32417
33185
31809
31745
34529
31393
30369
31553
31745
30305
31809
30497
31137
32897
32897
32961
30977
34081
31297
32673
32193
31937
34210
32801
32609
31745
34402
32801
32929
478256
38402
32353
33953
31073
30785
31329
34241
33121
32001
32705
31809
30721
30850
30754
32769
54850
31137
31009
31778
31265
30977
30817
31457
32097
31745
30849
30657
31233
32193
31265
30785
31937
31489
32257
35745
30721
30785
32225
31393
31361
30529
31265
31233
30721
30689
31457
31105
31778
30529
30433
31489
31745
33121
30977
31233
32065
31041
31105
29825
31457
33825
31937
33025
31681
32769
31361
31073
30305
30785
32193
31361
31425
32321
32993
32801
32513
31425
31745
33313
32257
30881
31393
33346
32641
31329
30273
32162
31425
32929
30657
31201
32993
33186
32545
31489
31681
32609
31745
30497
31873
31553
33057
30145
29953
30849
31329
30977
31393
30017
30785
31553
29985
31457
31297
31649
30977
30369
32257
31265
33185
32673
31777
32386
31329
32866
33665
32737
31233
33089
30785
30913
30913
32193
31457
31713
31266
30913
32129
32289
30817
31265
30945
34273
33025
31841
31457
33249
30625
32449
31938
32098
32994
33121
31105
32289
33505
31969
32226
31778
32289
32737
31649
31425
31393
33281
32930
33122
31905
33153
32865
32545
32609
31361
33441
31457
30689
31169
31393
56226
30881
31105
31682
32353
30657
31297
31201
31809
31745
31297
30465
32065
31873
30945
30241
31009
32129
39169
31361
30945
32225
33377
31265
30625
31073
32001
31201
30530
30401
31265
32033
31425
30913
31457
31617
53474
30945
31073
31777
32513
31586
30209
31906
31265
31425
30785
30817
31745
30977
30498
31009
31521
31521
31329
30849
31681
31777
30657
29985
30273
31841
32289
31009
30497
31617
31521
30305
30529
29857
31489
32065
35233
30465
31521
31841
30145
30785
30241
31393
31618
30913
30081
29761
32481
32065
31393
30817
31009
31617
39074
31009
31777
31361
30465
30497
30305
30881
31649
31457
31137
32257
32513
32193
30849
30625
31841
32609
31809
32321
31713
33794
31329
31041
30305
30977
33249
32257
31169
31586
32866
31585
30977
30593
31649
31841
30754
32193
31905
33601
32578
31074
31553
31393
30657
29633
30785
31073
31745
30753
30561
31169
31809
31969
32513
30081
31041
31841
31617
30689
30273
31969
32449
32161
31169
32321
31937
31361
30465
30881
31297
32257
31361
30914
31329
33026
31457
31905
31681
31745
31553
30433
30273
31585
33217
30914
30497
30753
31201
33185
31714
30913
31522
32161
31138
31745
32321
31585
30785
30657
30881
32865
33601
31745
30849
31521
32289
31297
31969
31490
31553
30849
30273
30113
31393
32577
31137
30465
30977
31745
31361
30241
30465
32033
31073
32194
30369
31970
32865
31137
30273
30497
31425
31073
31585
31393
31073
31617
31361
30433
30529
31169
31425
32033
31585
32001
31649
30817
30625
29985
31617
31393
31457
30529
31201
31777
30561
31041
30625
31457
31458
31873
31009
31361
30945
31137
30593
30497
31425
31777
30913
30114
31361
31585
30657
30241
29505
32705
31777
31201
30657
30753
31393
30849
30881
31073
30913
31809
31361
30465
30977
31521
31489
31041
30209
31585
31905
30753
30593
31137
30881
31201
30017
29858
30913
32257
31330
29921
30465
33793
30593
30465
30274
31522
33025
38786
30369
30657
32001
31457
30081
30241
31425
31297
32193
30529
30241
31041
31361
30785
29921
31361
31713
31553
30113
30977
31745
32385
31105
30657
31169
31809
32065
30753
30465
32321
31393
30913
29985
31297
31297
31938
31713
30561
30497
31521
30945
30625
31137
32865
32321
30785
31521
31905
30849
31009
30433
31585
32898
31489
32321
31873
31969
32193
32865
30689
32610
32897
31969
31745
31521
31713
31713
31265
32769
31425
33921
61890
31681
32161
31489
34017
32513
32257
31201
32417
32897
30337
30337
32033
31810
32354
31233
32034
31265
51073
30081
30817
31713
31649
30625
31137
30529
32865
33057
31010
29569
31809
33985
32897
32065
31393
33249
39329
32449
31073
31649
31457
31489
32386
30850
31649
33538
30849
32289
31745
33697
32321
32577
31617
33057
38561
31297
30497
31265
33601
30849
32481
31105
32897
31457
32066
30689
33697
32609
32801
31905
31553
32833
39585
32001
31009
32065
31681
32705
30273
31617
32961
32289
30914
32641
33569
32609
31009
32002
32545
31778
32449
32834
32417
33185
33025
32161
31649
34178
33314
34274
32769
31105
32673
32321
32001
31457
33154
39202
30625
32097
31426
33505
31553
32257
32065
33313
32033
31617
31809
31553
32833
32993
32290
31265
33185
39874
31489
32673
31425
33025
32705
31809
31713
34465
33249
32161
32833
31905
33793
32961
32161
31361
33697
61762
32481
31201
31169
32161
31041
32866
31905
31169
32353
32161
30625
32705
33825
32609
31425
31617
32321
50082
32801
33153
31201
34017
32673
31617
31745
33409
32993
30753
31169
31361
32481
31169
30657
31425
33025
35137
31106
29857
31937
32321
30818
30369
31521
31873
30977
32289
30881
32609
31265
31553
30625
29985
32065
32065
33506
30817
30945
32257
31329
30818
31201
32961
31937
31169
31105
31361
31457
31681
30529
29697
31361
31713
31105
30786
31842
30305
31489
31201
32545
32097
33442
30753
30369
30689
30817
32001
30337
30209
31297
31265
30529
30145
30209
31681
31202
31233
31169
31361
32897
31618
30689
29985
31265
32226
30913
29921
30113
30849
31297
33089
30977
31809
30945
32385
30657
29889
31745
31618
30817
31137
30529
31458
31329
30753
31233
31361
30593
32865
30369
31201
31777
30817
30689
30113
32801
33697
30241
29857
29921
31201
31394
31233
30785
31169
31457
60482
30529
30881
31873
32193
30241
29825
30977
31105
30721
30529
29601
31457
31329
30945
31073
31585
32641
50658
31489
30913
31617
30977
31041
30561
32225
32193
31745
32129
30529
31234
31233
31169
30785
31905
31905
30529
31041
29985
30945
31713
33089
31201
31201
31393
31937
30625
30497
31745
31169
31746
30081
30241
31617
31170
30945
30529
31329
31009
32098
30497
30625
31745
31521
30337
31361
32482
32418
32065
31617
31233
32033
31649
31970
30401
31041
31777
31489
32609
32289
34177
35809
32833
31905
32225
31169
31681
31105
31809
33794
30913
30561
31841
31585
31265
30913
30945
31330
31265
30561
30209
31298
32225
31169
30913
30849
31137
30817
30753
30785
31297
32001
31009
30497
30497
31105
31681
31105
30113
31297
32929
31393
31649
30338
31585
31330
38529
30849
30529
31521
31681
31361
31170
31489
32322
30849
30657
30721
31969
31777
31105
30337
31585
30881
50530
30593
29954
31521
31585
30977
30337
29537
31713
31265
31170
31425
31041
31489
30625
30370
30913
32289
34146
32385
30785
31361
31233
30689
31489
30433
31521
30881
31041
30849
31201
32065
31425
31041
30817
32897
31649
32353
31105
31617
32353
31425
30849
30337
32001
31521
31169
30593
32257
31169
31425
31041
32097
30785
31137
30721
31905
31361
31137
30465
30305
30209
31201
31617
31937
30721
29697
31394
31425
30689
30529
30977
32385
47298
30625
29729
31265
33921
33953
30913
30849
31169
31617
30369
30497
32097
31137
31105
30305
30593
32897
52482
30881
30401
31617
31393
30785
29857
29825
30913
30913
30177
30145
31649
31745
30497
30369
29953
31457
33569
30721
30561
31777
32321
30721
30690
30273
31809
31553
30849
30337
31713
31585
30945
31233
30081
31234
32322
31137
30305
31233
31873
30370
30817
31265
31425
31681
30625
29505
30881
31489
33377
31073
31105
31713
31233
31137
30433
30689
32033
31809
30913
30177
30625
32897
31105
30401
29953
31809
30849
30657
30529
30209
31329
31138
30241
30497
30721
31905
30977
30561
31553
31009
30913
29857
29729
31297
31201
31617
31105
30753
31585
31489
31329
30913
30977
31138
30849
30209
29634
30593
30945
30753
31681
30945
31361
31489
30241
29473
32834
31713
31713
30657
31329
31201
31233
30657
30209
30881
31297
30785
30209
30785
31681
31553
30753
30721
31681
31521
38433
29601
31393
31873
31105
31329
30945
32065
30561
30785
32033
31745
31553
31778
31745
30369
31489
31585
31522
31137
31265
31937
30818
30465
29793
30753
31617
31297
30337
31330
31393
30529
30465
29825
32193
31841
53570
30753
30145
32737
31393
31137
31137
31073
31329
30945
30273
30081
31617
31681
31297
30049
30690
31233
33313
30593
29953
30721
31650
31201
30209
31137
31969
31329
30881
30145
31553
31425
30625
30785
30273
31330
32034
30529
30529
31745
31521
30785
30209
30945
31297
30561
30849
29857
32162
32481
30753
30753
31521
31841
31777
31457
30497
31329
31777
30849
30465
30369
32130
31873
31298
30017
30881
31297
30721
31041
31073
31489
32354
30593
31041
31649
31777
30529
31009
29569
31201
32385
31553
30337
30274
31009
32001
30657
30337
31233
31809
31681
30657
30721
31137
31585
31329
30881
31681
31425
31361
31169
30177
33057
31521
30721
31009
32130
31553
30817
30817
30465
31489
32097
31393
30497
30497
31329
32034
31522
31105
31745
31137
31457
30817
29985
31746
31585
30465
30721
30690
31393
31521
30657
30657
31202
31969
31009
30529
30945
31201
31361
31969
31745
32321
31393
31137
30594
31553
31937
31233
29953
30465
30593
33249
32513
30977
31329
31809
30625
30785
30561
31393
31713
36930
31777
32033
31777
32225
30977
30625
31585
32929
31425
30401
31457
32034
30401
31105
30337
31777
32609
32065
30657
31553
30721
31009
30753
33282
31745
31265
30561
30273
31265
33697
31169
30593
31201
31649
57025
30785
30369
31585
30817
30721
31265
31649
33217
32385
32001
30945
31713
32001
30433
32225
30849
33025
51106
30593
31361
32033
32449
30721
29953
31137
31073
31521
32353
33153
31553
32353
33377
32577
31329
33666
32833
30721
31297
31650
30753
30273
31041
31137
31425
32033
34145
31873
32321
31841
31041
32097
30881
31522
38465
30817
33218
32769
31073
32161
31042
31969
31681
31937
32897
31393
30977
30689
30497
31969
32001
32321
32897
32481
31905
32993
30785
30977
31969
30721
33057
32385
30177
31137
32065
33345
30305
29793
30593
30881
32482
31265
30753
32609
32673
32865
30657
31329
31745
32737
30145
31457
32545
31553
31009
32706
31393
32705
52193
30209
30081
31969
31618
30465
30369
32193
32065
30817
31201
31137
32161
31361
31073
30785
30337
31777
31809
30561
31105
30721
32097
30689
30114
31585
31393
31329
31681
30401
30945
31745
30945
30625
30081
31617
31777
33121
32417
30497
31297
31937
30753
30049
31361
31553
31393
30785
30689
30913
31745
30529
30369
31041
32450
30881
30433
30497
30913
32129
31874
30305
31521
31297
30625
30497
30529
30881
32513
30881
30017
29761
31041
31553
31713
30177
31009
32225
31137
30881
30401
31585
31969
31073
30497
29761
31041
31233
31265
31169
32129
31681
30626
30657
31329
31457
31297
29921
29857
32033
31457
30529
30721
29953
30657
31809
31777
30689
31009
31745
56194
30818
30721
30785
31105
30753
30913
30657
32609
30337
31073
30017
31777
32129
31009
30209
29889
31905
31809
31105
31233
31009
31553
31297
30529
30273
31329
31393
29921
30145
29729
30465
31937
31425
30401
30849
32033
34049
29601
31586
30177
30497
29473
29601
30721
31137
30593
30401
29697
31457
31617
29793
30017
29217
31201
32065
30689
30529
31489
31457
30721
30881
29153
31041
31265
30561
31329
31937
31585
31106
30145
30433
32033
32097
30369
30657
31457
33153
30945
30081
29825
31650
31745
31649
30946
30945
31297
32258
31009
30817
31297
32161
30497
30593
31265
32034
33377
31457
30881
31489
32065
31425
31329
30369
31425
32225
31553
30721
31265
31841
33537
31489
32545
32161
33441
32449
30977
31457
31425
30945
30273
30497
31873
32929
32321
31169
32033
32385
32482
30433
31329
31585
31297
31233
30817
31393
32833
30593
30785
30049
31361
32385
30177
29953
31905
31041
49217
29697
30049
31041
32258
30625
30721
31713
31329
31297
31009
32385
31297
31777
32417
31265
31201
32545
32162
32802
31649
31457
32641
30529
31426
30337
31169
33281
32417
30689
31137
32866
30913
32097
31617
30945
31329
31137
30657
31297
33090
32513
30881
32065
31873
30273
30433
30273
31425
31746
30625
29825
30145
31553
31777
31201
30497
31137
31105
30561
29729
29889
31457
32289
30465
29985
31457
32225
31073
31841
32354
31873
32673
33601
32641
31681
31393
30561
30913
30081
31585
31297
31265
30849
31233
32353
32129
30753
30721
30881
31809
39201
31105
30913
31489
31745
30689
30145
31393
31330
30625
29825
30657
31105
31169
30881
30049
31521
32161
32609
30721
31489
31585
30594
30625
30017
31873
32674
31809
30722
30305
31361
31745
30753
30593
32385
31457
51106
30049
30049
32161
32225
30657
30753
31393
31041
30337
30402
30017
30721
31329
30561
29825
30977
30913
32833
30881
31073
32129
30945
30721
30881
31745
31265
31713
30881
31681
31841
31713
30753
32450
31457
30689
34945
30209
29441
30978
31521
31329
30977
31681
31777
31169
30913
30369
31905
31073
30273
30625
31169
32385
52610
32353
30017
30657
32193
30689
30433
31169
31393
34593
31201
30690
31458
31489
30465
30657
30689
31809
31969
30785
29313
31649
30817
30081
30369
31553
31394
31233
30721
30113
31233
31489
31169
30529
30977
31265
30529
28993
30433
31841
32257
31617
31233
30785
31233
31329
30529
30114
31105
32033
30593
29793
31905
33153
60194
30113
30945
32481
31585
30657
30369
31457
31585
31073
30529
32257
31393
31585
30081
30913
31361
31169
36289
30753
31745
33537
32962
32578
32481
32705
32673
30561
30529
30625
31553
32033
30817
31169
31233
50754
30177
30337
31522
30593
31425
30689
30785
31778
30625
31073
30369
31297
33185
30946
32257
32257
32833
32865
31905
31041
32929
31745
31681
31201
31489
33537
32993
33505
31713
33441
31105
30017
31361
31969
32065
33538
30466
29857
31105
32129
31617
30945
31841
31649
31841
31265
30145
31233
32577
32257
32705
33089
32353
51521
30017
30977
32129
31681
31713
29281
31393
30817
30177
30273
30049
31073
31841
30625
33249
31489
30913
30657
30657
30369
31201
30881
31329
31169
30657
31425
31298
30850
30657
31201
32129
33409
32129
31938
32065
32449
31969
31585
31745
32578
31553
31745
31362
31874
31393
31937
32481
32257
31937
30337
30529
31777
31489
31201
30753
31617
31393
30945
31169
30721
31938
31745
31009
30625
31681
31713
30945
30721
31265
32001
32642
31649
31617
31521
32321
31905
30913
31170
31458
31233
31713
30785
31521
31265
31074
30273
30753
30817
31457
31521
30369
31873
32673
32193
30337
30049
31393
31233
31361
31041
31073
31585
31937
31361
32417
31265
31009
39714
31841
30562
31585
32289
31841
31841
31873
33985
31681
30145
31393
31745
32801
31713
31585
31361
33281
32065
32129
32961
31649
31681
32290
30753
31297
31105
32033
31809
31105
31073
31553
32322
30433
29729
31489
31585
31073
30753
31298
31393
30401
30785
29793
31777
31553
31681
30305
31905
31713
31041
30753
30465
33025
31009
34593
30433
30177
32065
34401
32417
30689
31169
31329
30753
30465
31265
30849
31585
32257
30305
31010
33569
32898
30625
30721
31873
32705
31873
32129
30977
33729
33153
31521
31841
32033
31169
31105
30721
31265
32802
50370
32193
32449
31905
33154
32417
31970
31394
31681
30753
30977
30785
31937
31810
31617
30753
32258
31009
31489
31585
30209
31137
31266
30401
30625
30465
31041
31937
30657
31361
30401
30881
31521
30625
30817
31809
30721
34081
30049
30817
31361
31585
31265
30337
31489
31137
31969
30497
30273
32737
31457
30337
32417
30497
30913
31265
31105
32257
30817
31041
30017
29697
31137
32481
30881
30817
30913
31457
32193
31746
32001
30433
30913
31937
33569
30753
31554
31297
30626
29985
30529
31681
32097
31233
30945
31073
31169
30689
31041
30145
31458
31809
30369
30145
31201
30689
30881
30657
29889
31649
32545
32097
30369
30145
31553
31521
32289
30689
31457
31297
35425
31105
30337
32065
31809
30721
30337
32001
31841
31041
30561
30466
31746
31617
30913
30113
31041
31489
31777
31489
30625
31009
32449
30561
30497
31201
31777
30625
30625
29985
31425
32033
30818
30433
30337
31265
31169
31874
30562
31042
33698
31617
30593
29889
31809
31073
30881
30593
30785
32001
30529
30529
30241
31201
31425
30433
30977
31457
31265
30209
30529
30113
31361
32321
31105
30465
31329
31585
30561
30593
29857
31617
31137
31393
30817
31489
31745
30689
30113
31073
31649
31137
30817
30625
29953
31394
31906
31521
30497
31745
32673
32225
30370
30657
31329
31073
29921
30081
31201
31681
30625
30721
31745
31457
31681
31297
30753
33153
32865
32513
31073
31041
32130
30721
30497
30913
30657
32193
31201
30721
31329
31138
31329
30497
30593
32193
31265
30625
30369
31521
32609
31105
30978
30849
31969
30849
31425
30337
30785
31426
31169
30690
30721
31201
31201
35649
31681
31489
30977
31809
30881
30753
31425
32642
31457
35585
31426
31745
31425
30145
29825
31457
32129
35457
31361
31713
31905
32673
32162
32065
32354
31937
33505
30753
32033
31745
31138
31297
31873
31649
31649
31425
31041
31713
31585
32929
30913
30337
31745
31298
31425
31234
30946
31266
31649
32065
31873
31169
31457
34113
30625
30465
32257
30434
32513
32289
31489
32961
32321
30785
31265
30817
32961
31745
32289
31297
33441
33601
30689
31393
33121
31713
31874
30913
31905
33057
32225
30881
30145
33281
31586
31457
30465
32193
33825
32929
32289
31137
31265
32897
30945
32161
31553
33249
31361
31361
31873
32289
31489
31265
30881
31681
32289
33249
30625
30369
30945
33345
32321
31937
31809
33057
33057
31746
31073
30977
32321
32769
31265
31841
33921
57090
31777
30881
31457
31457
32161
30977
30689
31137
31457
30594
30625
31713
31009
31105
30273
31425
32290
31745
32129
31585
31969
33570
32865
30529
31906
31457
31201
32545
31169
30913
32705
31361
31105
31233
30369
32449
31521
30849
31649
31233
31969
30977
30049
31745
33441
32449
32129
30913
31873
31553
31681
30753
31906
32417
32641
29697
30273
31009
31425
31009
31905
30689
32865
32257
31297
29089
32449
32929
31170
30721
31233
32385
54754
32769
29633
31714
33313
31425
32609
31201
31329
32513
30753
31329
31361
31009
31745
31073
31105
31010
30497
31298
30433
31585
32321
31585
31234
31873
31745
33185
32161
32769
31777
31809
31361
32290
32321
31553
32609
33249
31202
30818
31457
31778
30849
31393
30657
32129
31841
32129
30754
31137
33441
32897
33953
31681
31265
32449
31937
31170
32386
32514
29825
30881
31681
32929
33185
31265
30753
31009
33665
32034
32161
30913
32513
56642
30657
32353
31361
32769
31297
30273
31745
32481
31329
31265
30337
30945
33665
31233
32545
31905
32513
35394
32897
32097
32097
34241
32737
31937
31361
33633
34881
33634
32257
35329
33985
32417
31521
33666
58178
32065
30337
31041
33889
31169
31873
31745
32865
31905
31073
32513
31425
32449
32929
32545
31745
33089
48770
33249
31777
31553
33473
30945
31106
32385
32802
31169
31969
30977
31873
32481
31810
31681
31457
31489
51554
30113
30849
31105
31105
30881
31937
30593
31297
33089
31329
30081
31553
31682
31649
30497
30657
31457
31873
33761
31393
32065
31841
32577
33250
30753
32289
30849
31329
30785
30017
30657
32289
31201
31457
31905
32353
38433
30785
30561
32129
33057
31905
31713
31905
33089
32289
30241
30657
31553
33026
32289
30369
30945
31394
32001
30977
33121
30657
32833
31137
32385
32386
31073
30689
32897
29953
32065
31425
31201
31426
31905
32417
31041
32129
31393
31777
32193
32289
30145
30497
30945
33185
31425
31745
31457
32673
31201
33377
31361
30977
33153
32257
30849
31073
33345
31233
31841
30145
31906
31617
32065
31233
31489
32545
30689
30658
30017
31617
31457
38433
31169
30049
31777
32929
31233
30817
32289
33569
31681
32097
31041
31841
32481
31361
30881
31585
33185
39137
31041
29793
31393
31073
30433
30689
31969
30721
31682
30337
32609
31649
31425
30881
30113
30753
31137
31201
31809
31297
31201
32385
30465
31809
30946
31361
30849
30593
31073
32097
31265
31361
31105
30529
31233
32545
32897
30433
30721
32097
31489
30049
30753
31137
31585
31425
30049
30625
31105
33089
30785
31137
31681
32481
52578
30049
30625
31457
32385
31073
30753
31457
31009
31041
30113
30145
31233
30753
30177
30177
29761
31105
30945
32961
31457
31137
30785
30657
30881
30209
31745
32418
31329
31137
31649
31265
31841
32930
32065
31777
31681
32353
30305
31202
32865
30785
31137
30817
31809
31809
33185
31265
31585
33633
31713
30626
30689
30529
33729
32993
32321
31489
32257
30785
30849
31457
31105
32161
31361
32577
31009
32225
32705
33314
32257
30753
32577
32161
31489
31169
31233
30721
29537
29857
31170
32065
31329
30625
31105
33537
31041
30913
30465
31489
31137
31649
31137
31617
32513
31265
31457
30785
31745
31746
31361
30593
29729
30529
32033
32353
30305
31521
31521
31297
33121
32225
31105
30401
32321
30337
31329
31841
32386
30145
32033
31585
32737
31745
30369
30881
30817
33313
32385
31649
31265
32769
31105
32289
30722
31746
31809
30945
30593
31137
32449
31361
31681
30593
31457
30977
31137
30497
30753
30913
33761
31233
30753
31745
33025
31969
30529
30849
32001
31681
30785
32129
31169
32354
52770
32833
31073
31457
32225
30657
31618
31681
33345
32321
32609
31842
31489
32385
31137
30561
31362
31521
30977
31489
31970
32097
32449
32769
30593
30881
30785
31682
31585
31617
32065
31970
31137
30561
30882
31393
31074
31425
30209
30721
31713
31361
30465
30497
30945
32801
32577
30337
30113
31137
32897
32161
31073
31777
33313
35713
31553
30690
31425
32993
32705
32705
31457
31905
32001
30753
31170
30753
31745
31393
30593
31489
32865
31073
32353
30241
31425
31201
31137
32033
30145
31265
33121
31745
31649
31489
32705
32161
30305
31425
31745
32097
31266
30049
31777
31362
31137
30306
30177
31233
33345
30625
30465
31329
31457
30593
30849
30049
32225
31297
31425
31553
30497
31585
33025
31489
30785
30849
31169
30913
30849
30113
31745
31522
30593
31009
30977
31649
49122
31137
30401
31681
31841
31105
31457
32673
31265
32417
31521
30241
30881
31585
30337
30369
30497
30657
34689
30433
29409
31649
31969
31553
31169
32097
32609
30529
30017
30081
31201
31617
32705
31745
31297
31041
33025
29985
30561
31201
31457
31521
30657
31073
31201
30529
30465
30273
31489
32033
31585
30401
30466
31873
50914
30433
30465
31073
31713
30849
30401
29953
31137
32065
30977
30689
31073
30529
31201
30433
30113
31617
31777
33441
30818
31809
31201
30625
30369
30657
30881
31521
30882
30145
30689
31841
30817
31617
30657
30625
31617
31906
30401
31361
31041
31233
30785
29889
30657
31009
33761
31169
31233
31169
30721
29857
30401
30721
31329
32769
29889
30497
30913
31233
30721
30209
30561
31234
31457
30209
30241
31617
31873
30977
30594
31458
31617
33441
31265
29857
31777
31841
31330
30081
31169
31585
31265
30177
31041
31361
31521
31073
30657
29921
31297
32001
32897
29249
31457
31714
31169
31169
30209
31266
31617
31009
30081
30978
30945
30241
30242
29761
31649
30465
31265
30977
29217
32161
30817
30433
29633
31329
32833
30401
31905
30049
32033
31169
29825
30433
30049
31554
32257
30817
30465
31553
31041
30305
30369
30753
31745
31681
30433
30145
31009
30593
30945
29857
29378
31105
31361
50881
31297
30113
31650
30881
29985
30209
31809
31489
30209
31073
29985
31329
30913
30753
30593
31105
31617
30817
32386
32161
31745
32321
31617
30785
30369
31521
31202
30849
30785
31201
31521
30721
30369
29985
32001
32193
32033
30754
31137
31490
31233
30881
30305
30977
31297
31073
30433
32609
32577
32002
30657
30081
31361
31617
30465
30113
31713
31617
31233
30241
30465
31617
31873
30785
30273
31457
32130
32129
30689
30849
32001
31074
31553
30273
31617
31265
31361
30561
31169
31873
31425
30209
29954
31521
31521
31713
30017
30369
31201
31745
31489
30529
32033
31521
30689
30690
30465
31521
31969
31297
30369
31553
32417
31521
30529
30529
31137
31809
31361
30337
31265
31329
31682
30401
30466
30977
31649
30657
30689
31009
31041
30177
30433
30049
30785
31041
32417
30305
29889
30753
30337
30850
30913
31425
31201
30369
30049
30913
31873
31425
30689
30465
31713
31681
32545
30241
29889
31297
32033
30913
31041
31073
31361
30689
30497
29537
30625
31233
31233
31553
31617
31618
48290
29761
30081
31490
31202
30849
30273
31265
31394
31201
31105
30049
31297
32577
30529
30721
30657
31233
32065
32577
30017
31234
31617
32001
30209
29697
32385
31617
31361
30881
31393
33121
31553
30530
29889
31329
31617
31297
29985
31681
32514
31009
30593
30401
31265
30849
30433
30273
31393
31745
31937
30689
30145
31073
31297
30497
30369
29825
31713
30881
31361
30593
30881
31490
30753
29633
30113
31425
30689
30754
30369
30593
31041
31393
32385
30625
32161
31329
30817
29537
30209
31297
32257
31361
30401
31425
32322
31105
30753
30145
31681
32321
31329
29601
31937
31937
30081
29441
29857
31265
31553
30177
30529
30689
31937
31682
30561
29889
30657
31585
32065
30657
29921
31233
32769
30753
30657
31105
31617
31489
30913
30241
31554
30945
30881
30337
31169
31073
30241
30497
30081
31457
30817
31329
29761
30369
31554
32097
31297
30465
31617
31714
30881
30849
31073
32962
49729
30369
30465
31489
30561
31649
30465
30145
31457
31041
31009
30337
31201
31809
32449
30049
30913
31841
32417
32385
31105
31361
32225
31457
30625
29601
31553
32097
30722
31777
30721
31265
31009
30369
29825
31393
31681
32481
31041
31137
32033
30945
31105
30785
31233
31137
31234
30786
30977
31777
32417
30913
30433
31201
31393
35297
30113
29729
30690
31681
31969
30754
31361
31713
31041
29953
30241
31169
31681
30817
30657
31745
31457
51458
31105
30529
31649
34177
32226
29922
31905
32257
31297
32385
31297
31681
32993
31489
30657
30625
33985
32161
30657
30881
31553
31169
30369
29889
31905
31585
31137
30785
29889
31361
31329
30529
30017
31521
31937
31041
30273
30721
31265
31905
31073
30369
30817
31105
31297
30370
31201
31265
30945
30945
30434
30145
31041
31554
32481
30657
31521
31618
30561
30273
30657
32130
31585
31041
30753
31681
31426
30785
29921
29345
30689
31969
31553
29377
30593
32161
30721
30114
30273
30785
31297
31425
30401
30689
31841
31361
30305
29601
31137
31553
33377
30721
30369
31650
31745
30465
30017
31009
31553
30337
30946
30273
31489
31425
30561
31426
31681
32449
50530
30785
30401
30977
33474
31201
30465
29473
31073
30657
30785
30049
31201
30593
30497
29281
30209
30657
31425
31073
30305
30721
31265
30945
30369
29633
31425
32641
30817
30433
31745
31617
30401
30273
30082
31649
30657
32609
29633
30465
31073
31745
30561
30177
31393
31105
30145
29665
30017
31169
30433
30177
30433
29825
30914
31649
33729
30273
31137
30817
30337
30817
31073
31426
30817
29985
29985
31745
31585
30433
31425
29953
31745
31489
33089
30305
31009
31458
31329
30145
29825
30945
31169
31073
30370
30241
30785
31553
30881
30273
31681
32481
34977
31009
32002
31330
30369
30721
30049
31969
31905
31809
31234
30337
30817
31201
30593
29985
31361
32097
56802
29953
31521
31873
31809
30881
30881
31426
30817
31553
29761
29889
30817
31713
30850
30913
30721
31073
54050
30753
30465
31457
31138
31745
30273
30209
31298
31489
30945
29953
31329
31745
30817
30497
30561
31329
31681
38370
32769
31137
30497
30945
30593
32769
32002
32449
30561
30465
31041
31041
30817
30273
31298
31457
33794
31553
30465
31394
31329
31713
30337
30625
31809
31201
31009
29665
30977
32257
30593
29825
31234
32258
36033
30785
30593
31297
31809
31009
29985
30337
31521
30913
30177
29857
31329
31745
30817
30497
30529
31073
31969
31041
30625
31713
31105
31585
32097
30977
32289
32865
31937
31201
31329
32097
30337
30689
29985
31009
31521
32897
30625
31329
31105
30817
30241
30530
31521
32065
30721
31425
31361
31777
30785
30625
29729
31073
31393
32065
30561
31393
31425
30721
30401
29793
31330
31617
30913
30913
31681
31650
31073
30753
30529
31425
31073
30273
30305
30625
32097
30529
30146
30017
31201
31905
30881
31105
34049
31841
31329
31681
30817
32545
32193
33057
30689
30689
31521
31521
30401
30593
31809
32225
31586
31265
30337
31297
31713
30849
31649
31329
31169
50146
30401
30401
31905
31617
31585
30401
30913
32033
31649
31105
30209
31681
31201
30593
30593
30913
31841
49825
30849
30369
31905
31777
31137
30209
29601
31265
31297
31681
30145
31425
31745
30817
30657
30273
31745
33377
32769
31297
31073
31745
30753
30465
30657
32161
31809
31521
30913
31425
31073
30625
31105
29665
30913
31042
30849
30497
31649
31489
30657
30209
30049
31361
31105
31073
30561
29729
31873
31457
30945
30017
31585
32130
34049
32033
30401
31201
31297
31297
30657
31329
31777
31233
30401
29825
31073
31329
30657
31137
29794
32449
31745
31329
30433
31265
32353
31073
31521
30017
31745
31233
31617
30433
31105
31553
31841
30849
29825
31617
31425
31489
30369
31073
32225
30817
30657
30210
31873
31169
30785
29921
29729
30913
31329
32929
30689
31425
32129
39617
30337
31553
31521
31361
30913
31393
31841
32001
31553
29985
29985
31873
31969
30913
30145
31361
30849
32769
31393
30113
31233
30849
31137
31617
30817
31425
31105
31041
30113
31329
31585
30785
30081
31105
31393
49954
30753
30689
31457
32002
30849
30113
30785
32257
31137
30881
29697
32129
32577
30849
31201
30914
30689
31521
30945
31297
31841
32225
30945
30657
29569
31745
31298
30689
30337
31553
32257
30849
31009
30785
32418
33025
31969
30881
31521
32129
31681
30306
30337
31649
32801
30849
30433
31362
31938
31426
34401
31105
31393
32001
31073
30817
31841
32097
30785
30465
31937
31361
30849
30017
29857
31169
31009
30433
30241
31137
31393
31138
30881
29761
31329
32577
30881
30593
30945
31265
33281
31489
30945
32065
31649
31073
30625
30049
32065
31905
32417
32577
31585
32897
30721
30337
30945
31873
31617
31457
31265
30241
30881
31777
32065
31137
30625
32161
33378
31393
31329
30753
31873
32385
29921
31489
31553
31361
30945
30625
31265
33250
30529
30113
30977
32673
35617
31138
31137
31617
31521
30561
30465
31553
31745
32065
31745
30818
31105
32513
31266
29889
31585
31745
32577
31553
32417
31393
33409
32033
32642
31457
33666
31553
32449
31937
31297
33409
32769
32417
29825
31457
33441
31137
30209
31778
32321
30721
30721
32289
32609
32769
30721
31489
31873
34433
32097
32289
31553
30945
32321
33697
31073
30753
31553
33953
32450
30145
31713
31329
30978
30817
30977
31361
30593
30401
30209
31233
31841
33121
30881
30529
32705
30625
30049
30177
31489
32449
32065
29921
30081
31457
31682
30657
29473
31553
31585
50882
29857
30529
31137
31745
30433
30369
31329
31905
30721
30849
30274
31329
32065
32737
30465
30689
31329
31617
32609
30689
30913
32097
30945
31233
29921
31457
31649
31297
30369
31841
32033
31393
30210
30817
30625
31329
38370
30497
30049
31137
31425
31393
30689
31681
31969
30785
31009
30305
31105
31617
31681
31265
33089
31233
32577
33057
32129
33057
32482
32385
32033
30881
32353
32577
31425
31873
31169
32929
31553
32481
31137
33985
33089
31713
30689
34370
32193
30593
30465
31137
32833
31393
30465
31361
33026
32897
31521
32353
31489
32673
33345
31809
32769
31073
31073
32449
31329
31713
33985
33217
31617
32065
31425
32705
30753
31009
31329
32193
33602
30433
31233
31137
32482
31105
31873
31873
32034
32545
32833
31009
31713
33954
32226
31425
32097
32321
33889
33729
32353
32385
34625
39970
35137
34433
30753
32673
33154
31361
33154
31970
31681
33409
32801
33697
32130
31041
31969
31201
31553
30753
31681
33217
32769
30881
31330
32321
31873
32897
32353
31201
32833
32897
30785
31073
33282
32577
30817
31041
31361
32866
31489
31297
31073
32833
32193
32513
31905
31266
32673
33345
31457
32002
30754
32321
31041
32001
31617
32961
31969
32481
31713
31361
33089
29857
30913
31009
33538
33057
31329
29985
31841
33281
31809
31393
31393
34081
32449
31202
32481
32385
32801
31841
31041
31650
33505
58594
32865
31169
31841
34401
33473
32641
31681
33217
31745
32321
31457
31361
33473
33313
32610
31937
33090
36770
30753
31745
33665
31233
31329
30625
30977
32705
31713
31938
31201
31233
33697
31329
32865
31873
33249
34369
30881
30913
31521
33537
32001
32930
31073
33089
31970
31425
31841
31457
33153
32674
30273
30785
32929
48961
30657
31905
31553
33217
31521
32161
30977
34434
33441
32193
30977
32129
33185
33282
31553
31905
31137
53250
30913
31137
31201
33153
31170
32417
32289
31521
33345
31298
30913
31746
31617
31457
30081
30114
31265
32193
30913
30113
29985
31457
31745
33217
29825
31329
31809
31585
30337
31105
31393
30785
30913
30721
32129
32865
35649
31713
30145
31970
31969
32354
30785
31009
31137
30913
29985
29889
31937
32513
31329
30145
31777
31553
51234
31777
30690
31970
30689
31297
30401
30402
31649
32385
32289
30657
31521
32289
31681
30049
30113
31969
31265
32737
31009
31713
31425
30753
29921
29633
32161
31553
30721
30497
31809
30593
32289
31873
29281
31489
31329
30913
31681
29793
30369
30721
30465
30593
32129
31681
31361
31042
29857
32161
31809
31233
30689
30273
31297
30913
31553
30369
30753
33569
30817
32321
29697
30817
31137
31137
30561
29441
31201
30977
30306
30433
32001
31585
31009
30945
29665
31521
30721
30977
30017
30497
30721
30433
31393
30178
31073
31233
31297
30721
31650
31073
35905
30081
29537
31393
31233
30561
30209
30625
32097
30145
29665
29793
31553
31905
33249
31361
31937
30945
38625
30113
30433
31937
31201
30337
32226
32418
33250
32257
30753
30049
31489
31553
30913
30785
32417
32033
50306
31777
31297
31457
31457
31618
29729
31585
31969
31233
30561
29953
31361
31393
31361
29697
30241
31969
31329
33729
32929
31489
31554
31489
29985
30785
31105
31969
30049
29921
30945
31073
30817
31713
31233
32225
30721
32577
30689
31361
30817
30849
29409
29377
30945
31201
30977
29889
30913
31489
32417
31553
30145
31521
30817
48097
29793
29633
30689
31585
29985
29697
29089
31681
31393
30625
30209
31105
31137
30978
30113
30593
31105
31553
30241
31297
30849
30913
30978
30017
31393
31586
30977
30337
29313
29921
31361
32065
31201
31137
31809
33090
51746
30625
30593
31457
31297
30977
31841
32609
31457
31042
30433
32289
31425
31777
32289
32321
30721
31873
33089
30433
31809
31969
32865
32481
31650
31585
31873
32609
31137
31969
32001
33505
31201
31521
30785
32097
33473
31937
31617
31329
33186
30881
31457
31713
31393
32802
32961
32417
30625
31297
31233
32738
33441
31617
33250
39265
30401
30081
30849
32033
31201
30305
30465
31265
32961
31585
29954
31905
32673
32481
30497
32257
32769
31586
30529
31713
30881
31169
32897
31649
32449
33505
31810
30401
31137
31553
30369
30913
29729
31265
31137
39746
30561
30401
30753
32129
31521
30465
32033
30593
31041
31233
30465
32002
31873
31329
31713
31201
33985
38913
32929
30881
31426
31585
31585
30209
31809
31809
29889
29281
30945
31041
31329
31713
32385
31105
32802
31458
34049
31041
31137
32609
32865
31169
29857
31361
32321
31489
30017
31138
30785
31553
31137
30209
32065
30561
32577
30273
31105
33153
31489
30209
30785
31361
30753
30753
30081
29697
30625
31361
31041
30817
31394
31873
51586
31521
30785
31457
31649
31266
30977
31169
33089
31617
30433
32065
30881
32066
30657
31169
30657
31617
32674
32609
30945
31585
34241
32481
31201
30977
30913
32417
32481
31457
32706
32417
32737
33953
32321
31713
40897
32577
31073
31681
32130
30657
30625
31809
31585
31041
31105
30721
32257
32993
32993
31361
31745
33025
34178
29858
31201
31681
33377
32450
32833
31265
33217
31841
29825
32321
31265
31585
31649
31681
31681
31425
33025
30209
31713
31265
32577
31297
30369
30017
32033
30657
32865
31233
31169
32001
30625
30145
29409
31073
30881
33889
31457
33218
32641
32353
30881
30721
31169
31969
30721
29793
30369
31617
31009
31137
30337
31777
30978
35201
30881
30017
31457
30945
30529
30785
31425
31329
30977
30497
30145
32225
31713
31521
31425
31553
31425
50081
31137
29761
31650
31649
31265
31041
30273
30817
32321
30977
31425
31329
31681
31969
30626
30465
31713
31425
31521
29249
30209
32193
32897
32193
31617
31649
32033
31137
30785
29889
31073
31969
31073
30625
31361
30881
33057
30241
29857
31361
31425
32097
30721
31234
31105
31553
30177
30049
31169
32161
31041
29953
29985
31649
31809
34113
30625
30913
31361
30849
30049
29762
31297
31425
30593
30849
30593
31265
30849
30946
29249
30753
31329
34881
30785
29633
30721
30721
30561
30178
30369
31873
31201
29505
30049
31297
31169
30721
30657
30913
31905
30945
32577
29953
31873
31042
30977
30657
30529
31169
32257
31106
30273
31489
31905
31489
30081
29633
33217
31393
33090
32321
30721
30913
30945
29857
30465
31298
32929
32097
30561
31073
33313
31265
31393
30081
30881
31361
32321
31041
31425
32097
31201
31041
30113
31457
31169
30945
30465
29537
31041
32097
30849
31041
31489
33473
35489
31233
31105
31137
31713
31489
31425
31841
33153
32161
30753
30817
31297
33281
31329
32001
31521
32129
33633
31169
31393
32097
32961
30849
31169
31681
31073
31873
32641
31105
32321
32609
32737
31969
32257
31521
31777
30017
30817
33953
30657
31810
29793
31777
31073
30337
30433
30113
30945
31329
30497
29505
31233
31169
35554
30945
29729
30913
31361
31393
30113
32001
32097
31201
30177
31201
30913
31521
30337
30658
31361
32929
39489
29729
29985
30530
31265
31521
30337
31105
32673
31586
30369
29569
30817
31329
30785
30401
31105
33793
34689
30465
30625
31425
32193
30721
30433
30945
31874
31681
32770
31553
31809
31361
31361
30689
30657
31425
32738
31009
29921
31777
31937
31457
30657
30881
32481
32065
31041
31777
31329
32033
31393
31105
31393
33858
30785
32801
29729
31969
32193
31617
30529
30689
31809
31681
31073
31361
30913
31425
31233
31329
31169
32417
32257
33249
32641
32609
32353
30369
31233
31873
31265
31841
31201
31265
32257
31457
31553
30753
31649
31361
31522
34913
30049
30177
31265
31682
33122
31009
31585
31777
31297
30785
30497
31521
33409
31873
30689
31041
31809
35553
29505
30433
31969
31617
31073
30817
31745
32065
31681
30401
30017
31649
31745
30753
30497
30337
30785
31553
29441
29793
30401
31361
31265
30113
30785
31937
31361
31297
30914
31201
32065
32449
31009
31298
31937
31713
39137
29281
29857
31745
31745
32002
31297
32162
31905
31297
31457
30689
32577
31745
31265
30913
32001
31585
30849
30753
31041
33410
30977
30561
30465
31585
31841
31041
31137
29793
30753
31969
31009
30849
32033
31937
51842
30465
31041
32865
32865
30753
30561
31617
32257
31074
30657
30657
31809
31681
31586
30849
29761
30849
31553
32737
31585
31873
31777
31265
31201
29825
31201
32065
31137
31009
32065
31361
31201
30753
29793
31393
31681
32769
31233
31201
31681
31074
30593
31681
31297
31681
31393
31009
31009
32609
31489
30977
30657
31073
31426
31553
32834
31297
31873
31298
30401
30657
31393
33634
31233
31105
30209
31425
31073
31617
30369
32225
32545
33889
30210
31393
32802
32033
31169
29953
30977
31905
31745
30977
30433
31042
32417
32737
30497
31169
33185
53313
30529
30177
31809
33762
30785
30305
31201
33601
33954
32481
30625
31297
35458
31393
33601
31809
33249
33889
32898
30689
32897
33473
31617
30849
31393
34977
31329
33986
31681
33569
31105
31906
30849
31458
31329
33281
30434
30658
31329
31009
30465
31522
32322
31490
32001
30753
31457
34177
31329
30561
30177
32193
32641
32193
31009
30881
31649
31137
30881
30753
32513
32257
30913
30753
29729
32161
31297
31553
30337
34625
32193
31585
32577
31585
32385
31457
30337
31137
32065
33281
31233
30977
31425
31265
30625
30433
30625
31265
32193
32705
32833
30529
31457
31393
31137
30337
30913
31809
31521
30402
30433
31202
31841
30561
29953
31649
31426
32961
32353
30465
31105
30945
30946
30561
30465
31681
30913
29761
30337
31105
31041
31489
30145
30689
30945
31425
31041
30849
31329
31169
31457
30593
31745
31265
30689
30721
29985
30881
32033
31105
30465
30529
32129
31265
31329
30593
31041
31745
31233
31105
30497
32033
32481
31297
30945
31041
31842
31489
30497
30913
32225
32289
35521
32257
31137
31201
32577
30561
30593
31105
31586
30721
30465
30081
31073
31937
30594
30849
30497
31617
31553
31329
30562
31778
30785
30689
30593
29665
30977
31745
30369
30497
31329
31841
30945
30561
30497
30625
31585
33537
30689
32385
33153
32705
32417
32225
32289
33889
32001
32290
31777
32673
31041
32065
31425
32673
33025
34881
31073
30529
31137
33345
33217
32193
31905
32129
31745
31649
31457
31937
33185
31841
31809
30977
34241
31809
31489
31649
30913
33313
31297
32802
31393
33249
32673
32577
31361
31681
30945
32417
31681
31969
34913
34145
32449
30945
31329
32609
32193
32706
30978
31841
31521
30817
31745
32353
33570
32545
32001
31457
33025
51874
32097
30049
31393
32066
34178
33346
31361
33697
31969
30561
30689
31425
32801
31713
30497
31489
32961
34785
32129
29985
32193
32289
31937
31297
31329
33634
32609
30529
29761
31937
31649
31649
32705
30465
32865
81955
31009
32481
31873
33825
31905
32673
31905
32961
30945
31329
33345
31905
33506
32033
32609
31938
33985
32065
30209
32193
32481
32257
30881
30530
31841
32193
31137
30625
31969
32769
33281
30977
32545
31425
31329
30721
29921
31265
30210
29601
29153
32034
31649
32225
32545
30273
31266
31969
30497
31266
30945
31137
31009
31457
33058
31618
34434
32065
31489
30369
31393
31521
30881
30081
29729
31201
30817
30881
30177
30753
31265
38913
29985
30497
31457
32609
32514
30977
31681
33185
31554
30849
29601
31745
33825
32481
30401
31649
30881
33089
32193
30850
31457
32513
32673
31649
30753
31585
33506
33185
32513
32353
33601
31233
31937
31393
31714
33505
30241
32865
31201
33249
32289
31073
30401
31233
32769
32769
33762
32193
33249
31873
31873
30338
32193
32673
32897
32161
31265
32769
32578
30689
31713
31521
33154
32129
30625
32385
31809
32257
31041
31521
31521
32801
32577
30465
32065
32321
32929
31617
32609
31713
33121
30881
29665
32161
31393
33185
30242
32161
31297
32641
31521
31202
31585
31329
32641
31745
32161
32449
35137
31873
32450
32321
31649
33345
32833
32545
31361
32417
58050
30433
32257
31361
33377
32289
31937
31650
33346
32385
32002
31842
33825
33281
33345
32289
31777
31681
35137
30145
32033
30945
31458
32769
30049
31329
30721
32833
31169
30401
30465
31425
32321
30081
32546
34113
39777
30593
31617
31681
33409
33025
31041
31649
33249
31169
30978
32226
31873
33185
32609
31073
31554
32514
33538
30433
31713
31425
33889
33185
32705
30785
32929
30945
31777
31457
31713
32737
30817
32098
31617
33569
54178
32417
30785
31489
32833
33281
32097
31265
33985
31010
31489
31041
31585
33089
32577
31713
31490
31937
33697
33377
32385
31425
33601
31009
30913
31649
31265
30721
30626
30433
31137
32705
31137
30913
