124068
37441
29665
28417
28513
28801
27073
27169
26849
27809
26273
26273
25632
24865
961185
35969
27777
26848
24609
25441
25217
25440
24321
24353
24737
25665
25377
26401
26721
25281
25088
25473
25249
26081
25601
25473
25728
26401
25761
25441
26017
24897
26209
26817
25313
25281
24705
24929
25152
26017
25185
25153
25697
25568
25313
25409
25376
25728
25153
26016
25409
25889
25985
25409
25441
25985
25761
25537
25697
25601
25281
25729
25921
25440
115620
26785
25344
25569
24993
24865
25217
25633
25505
25888
25440
25856
25537
26113
25793
27041
26240
26977
25568
25473
25696
25601
25185
25953
26273
25921
25665
25217
25249
25441
25921
25537
30977
25953
25280
25121
25569
25729
25665
25249
25889
26881
24897
25569
25281
26177
25601
25857
25793
25985
26049
25505
25985
25825
25057
25249
25025
25217
25441
25921
25473
25153
24449
24993
25761
27169
24865
24704
25025
24097
24769
25697
24928
25409
25409
25344
27265
25056
25601
27041
24769
25377
25025
25505
25537
25537
27201
26305
26273
25057
25473
24608
25888
24481
25025
25760
26977
30209
25025
25825
25249
25665
24673
24609
24641
24609
24161
23841
24544
25121
25057
24961
25505
26753
25857
26081
25729
25857
25473
26209
24833
25665
26817
27233
27777
26560
27361
23841
24577
25921
26785
26113
24864
25568
24992
24736
26689
26369
25761
25665
24929
25889
26496
27009
26689
24993
30913
24577
25473
24929
25632
25249
25217
25985
26145
25889
25697
26561
26017
24193
25505
26497
26593
27329
25153
25184
26017
26721
24737
25697
24929
25025
25632
25184
24833
24929
24769
25409
24001
25505
25569
25505
25921
27201
25312
25633
26113
25473
25665
25633
26305
25825
26017
25825
26465
46498
26017
27553
27425
26625
26080
25153
24672
24896
26625
24993
25697
26465
25537
25025
25185
26113
26337
26049
24737
25953
24960
25761
25281
25345
25729
25217
25345
25184
26081
25505
24417
24320
30497
26657
25473
24385
24897
25569
25281
25505
25697
25633
26305
25985
25281
25249
25313
25345
24896
25984
25536
25760
25344
25472
24929
24353
24737
25185
24801
24993
25089
25121
25185
25025
24449
24577
27937
25601
25633
27713
29985
27617
27232
25729
25089
25121
24481
24800
24672
25152
24673
33281
26721
34882
28929
32097
31233
31073
30177
30113
29569
29857
30465
29825
36897
44417
35265
108452
32418
30945
30337
39457
31521
30657
30082
62467
37858
39746
37186
33057
27169
27489
26657
26753
26337
32033
25473
26017
25857
25569
26497
26785
25665
26305
26433
26273
27041
27137
26144
26689
25952
32129
25729
26337
26305
25601
26753
26625
26049
26369
26817
27393
26401
25825
26784
27009
28801
52898
27233
26561
26561
26369
26561
26241
27009
26977
26113
26369
25697
25377
25569
24961
25889
25985
26785
25473
24480
25153
25121
24864
26336
24480
25248
25440
23936
26529
26497
24289
26625
25857
31617
25600
26273
26593
24864
25121
24801
26721
26081
26209
25825
25281
24545
25857
26561
25985
25985
26465
25569
26753
26497
26369
26753
26497
26721
26273
27009
25761
26145
26337
26241
26081
25953
28577
25441
24737
24672
26625
25473
26017
26337
26305
26689
26304
26496
26241
26625
27233
27393
31777
25825
26529
26433
26561
26017
25793
26497
26209
26337
26561
25889
26401
26465
27233
26625
53762
25345
27041
27265
26785
26273
26016
26336
26528
26208
26337
26593
26049
26529
26561
26305
26753
26401
26144
26273
26337
25153
26465
26625
25249
26433
25665
25856
25217
25153
24801
26721
25057
25857
26369
26336
26752
25984
26497
26945
26657
25697
26465
25473
25985
25313
25089
24065
25441
26081
32033
25153
24737
25313
25889
24001
26433
25505
25761
26145
26273
25889
25953
26369
26401
26081
26401
26689
26304
26272
26433
26209
26305
26337
25793
25889
26209
25824
26177
25697
25825
26497
26017
26177
26657
26369
25601
26240
26849
26369
24704
24352
24929
25153
24353
25409
24896
24705
25504
26112
25889
26625
26561
26593
24993
26529
25953
26689
25217
25185
24961
26337
24993
26145
24769
26689
32225
25728
26336
26369
26625
26465
27169
26721
27169
26753
27649
27201
26913
27009
26721
26273
26849
27073
25313
26305
25153
25281
26689
25889
24673
25921
26049
26849
26017
26593
24833
25921
25793
31585
24705
25152
25313
25089
25345
26273
26241
26017
26017
26112
26016
25665
26913
25857
26817
26337
26977
27169
28001
26720
26657
26177
26145
26529
25793
26465
26625
26785
27105
26945
26689
26689
31905
25921
26273
26401
26625
26273
26465
27265
26785
26721
26337
26081
25153
26017
25473
25537
26849
27073
26817
27329
27745
27520
26881
26273
26049
26561
26593
27137
27649
26881
27073
26336
26496
27041
25729
25153
25857
25377
25313
26465
25249
25345
26977
26945
26273
26625
26689
27009
26017
26497
26753
25537
24833
25409
24769
25441
24513
25089
26337
25313
26977
27265
28129
25953
24992
26721
27616
26049
26081
25985
27041
25153
26529
26369
25409
26017
26273
26625
26721
26529
26496
25953
30113
24800
25601
25120
25024
25185
25505
26785
28161
27937
25889
26593
26080
25056
25984
26817
24993
25217
25889
24896
25536
25888
26304
26336
26049
26241
25665
26689
26433
25408
26049
26753
25697
33665
25409
24897
25473
26304
25632
25153
25409
26657
25889
27105
26304
26113
25985
26657
25697
26465
29281
25729
25568
25536
26400
26048
25920
26176
24864
26113
26049
24897
25025
26529
26849
25601
25601
26273
26881
26593
26272
26081
26689
26497
25729
25889
26177
25633
26433
25633
25409
26561
27040
26849
26305
27009
25248
25377
24929
26081
25600
26561
26177
26113
26337
24865
24929
25217
24737
25441
24961
24833
26465
26401
26753
26625
26433
26337
25377
26593
25953
26561
26497
25985
26305
26688
28449
25345
24641
25729
25857
26657
26465
25441
25985
26305
26017
24896
25024
25921
25089
25633
25089
25120
24577
24833
25857
26657
26465
25185
25889
25697
26561
26177
26305
25825
26465
25504
26560
26816
26881
24769
25057
26081
25921
26401
24929
26113
26113
26273
26689
26241
26657
26465
25537
26113
46721
25153
25857
25281
26497
26593
26177
26145
26144
25889
26337
26017
26305
26721
26209
26081
26241
26529
27297
26497
26304
26753
26305
26849
26337
26593
26177
26529
25729
25536
25856
25376
25185
31745
26177
26369
26561
25697
25889
25889
26049
26145
26209
26881
25377
24705
26145
24641
24865
24352
25089
24577
24929
24737
25441
25377
25153
25569
25761
26081
25377
24865
26849
26720
27105
26593
33985
25057
24384
24513
25441
26113
26369
26465
26241
25697
26241
26017
25601
26176
27137
25153
25153
24737
25408
25537
25281
25441
26369
25953
26625
25537
25601
25505
27457
26561
26561
26368
25664
25185
26369
25473
26848
26081
25953
25409
25377
24993
25185
26080
25505
25793
24641
25281
34882
27809
26433
26464
26049
24801
24833
25665
25761
25505
25217
25089
24897
24737
24801
25057
26048
26881
26881
26304
25921
26273
24641
24705
25185
24800
24897
25600
25281
26913
26945
26529
26465
26145
25409
26177
26497
27041
26369
26977
25249
25057
24896
25312
24993
25409
25409
24897
24769
46210
25697
26849
26433
24513
26080
25312
26497
27361
24736
24801
25152
25505
24929
26625
26881
26305
26081
25185
24737
24832
25184
25217
24961
24641
25345
25408
25376
24641
24417
24929
25089
25505
25184
26497
26625
24801
25313
24737
24865
25025
25153
24673
25601
25472
25057
25665
25793
25633
25888
32385
25761
26369
26272
25089
26273
24865
25440
25985
25569
25953
25505
26849
27233
26433
26369
33985
26113
26081
24993
26817
27009
25889
25377
26433
25056
26497
26753
26529
26209
25409
25217
24769
25857
25601
25825
26593
26721
26209
25089
25185
26433
25825
25793
24801
25089
26561
26657
26273
33025
25217
26049
25441
25825
25761
25601
25985
26145
26369
25281
26849
25377
24897
25825
25121
32257
26113
27201
27649
26785
25281
26625
25953
26049
25505
25473
25537
25313
25953
26849
25921
26497
25889
26177
26113
26625
27393
27297
26720
25601
25121
25024
25248
26209
26721
26304
26817
27265
27233
24961
25313
25153
24096
25760
25345
25249
24961
26497
25505
24673
25344
26401
26401
26465
31937
25057
25601
25985
24513
24321
24224
25025
25281
24033
24961
24512
25473
24737
24993
24992
24449
25601
26145
25569
25761
24577
25665
25057
25249
24384
24481
25569
27169
25217
25089
24833
26561
33153
24737
25793
24769
26881
26113
25697
25793
24897
26529
26305
24577
24384
24993
25505
25505
47522
25953
26081
25729
24705
26401
24896
25697
25377
25601
26913
26625
27137
26017
27521
26273
25728
26561
26305
24929
26113
25249
24288
24960
24897
23905
24001
24065
24353
24288
25088
24865
24097
23680
26881
26656
25473
25313
26561
25696
26241
26529
24993
24384
24481
24577
25344
24801
24448
24961
24577
25281
24705
23617
24449
24513
24513
24385
23873
24161
23937
25441
26625
26593
24993
24736
42401
25857
25313
24609
25025
25921
24705
26273
24481
26561
26081
26145
24385
24929
24065
25505
25057
26465
25985
24416
24320
23905
24065
24577
25377
23873
23905
24001
24609
24705
25248
24673
24161
32609
24513
24705
24608
23937
24096
25408
24257
24000
23520
23905
24097
24353
24321
26017
25633
24192
31906
24961
24673
24513
24417
24833
25569
25121
25089
24737
24801
25313
24832
24961
25121
24289
32609
25152
25441
24352
25121
24481
23969
24897
25953
24801
24897
24673
25697
24960
24288
24672
24736
25281
24353
23872
24672
23360
24865
23968
24129
23873
24384
24353
24449
24705
25249
24577
26689
26209
26369
26433
25185
24736
27169
27041
25345
32705
30049
28225
27457
27137
26561
28097
27425
26881
26145
26625
25025
25024
26241
26305
25472
26113
26561
24161
24449
31649
24897
24705
26625
26305
25473
24609
25985
24833
24865
24385
24609
24385
25473
25185
24801
26817
25313
24545
31938
25377
24097
26689
26049
26881
26721
25889
24449
24673
24545
24865
24673
24832
24608
24417
26305
25857
26817
26209
24513
24513
24448
24064
24545
24257
24801
23969
25313
24065
24672
24736
24449
35041
25089
24704
24321
24737
24321
24705
24737
24961
23648
24001
23937
24385
25537
25376
24897
24161
31937
25217
24897
24481
25025
26433
25505
25217
24289
24577
24705
24384
24865
24609
24897
24673
25793
26273
24801
24800
24481
24961
26177
24833
26209
25217
24641
24577
23937
24801
24321
25313
24225
24961
25281
25121
24929
26753
26689
27297
25249
25025
26304
25057
24865
25185
23905
24705
24353
25473
32001
24769
25889
24833
24737
24129
25441
25824
24193
24449
23777
24225
24833
24129
24737
26273
24225
24000
23936
24640
24769
24577
24321
24545
24481
24769
24577
24033
24545
24768
25089
25889
24417
25601
26881
26273
27233
26625
26913
26528
25825
26305
26945
26944
26849
26657
25345
25185
24864
24609
26305
25889
25665
24512
24001
24705
24385
25632
24897
24449
25313
25024
25921
24961
24769
24225
40354
26848
26017
24993
24673
24673
26305
25185
24321
24257
24321
24928
25377
25537
26529
25985
26209
24737
26177
26113
26529
24737
24864
25089
24417
26273
26049
25377
26177
26177
25313
25153
24193
31969
26049
26976
27233
26465
26017
24449
24928
25601
27713
25537
24641
24929
24800
24193
24513
24961
26465
26593
25153
26497
26400
24769
25153
26177
24801
26081
26113
26113
25377
27329
27265
25729
32257
25473
24417
24993
24193
27073
26337
25249
23968
26625
25153
24289
25953
24641
24769
23841
26817
26369
26593
25665
26241
26849
26497
26369
26208
26081
25921
27072
25025
26497
26817
24673
26145
26337
25153
25409
26369
25728
26016
26337
25952
25665
26081
25473
26625
24993
26433
25152
26369
32705
26305
26337
26433
26081
26113
26305
26177
24737
26433
26464
26209
25793
26561
26432
26561
26049
25537
26369
25729
26145
26497
26145
26529
26144
24673
25921
26081
26273
26113
26593
24609
24897
32577
26945
26209
26305
26785
27521
26369
27456
26689
26209
26305
26913
25857
26337
24641
26401
29057
25057
26336
26369
25025
26881
26849
26785
27169
26401
26177
26625
25729
25856
25153
25825
49538
25344
26369
26273
26113
24384
26433
24993
24769
26081
24961
26113
26625
27585
26113
27297
26881
26273
26081
25857
26432
27137
26689
26049
26208
25569
25505
25729
25121
25153
25921
25505
25409
26913
26081
25473
24897
24545
25057
25409
25185
24897
25025
24705
25185
25057
24897
24577
25665
24577
26561
26785
25985
26785
26369
26208
26337
25953
25697
26464
25569
25025
24929
24961
24481
24641
28641
25377
26721
25857
25505
26497
26432
25377
26337
25505
25697
24929
25825
25185
25153
26913
26273
26880
26241
24577
25601
25281
25025
25601
26209
26657
27105
25249
26657
26689
26209
26465
25568
31265
26177
24736
25056
25408
25697
25217
25153
25185
24801
24865
24480
26209
25313
26273
26753
24833
27521
26369
26049
25600
25921
25377
26913
24961
24929
25153
25281
25377
25761
25473
25184
25600
25793
26657
25569
25600
25249
25601
25185
25985
25921
24993
24865
24961
25729
25281
25888
25024
25473
25217
25505
26273
24513
25249
25025
25473
25121
24833
25057
26049
24193
25185
25056
26464
25824
25313
25601
25857
26017
26529
26752
25505
24544
24640
25185
25089
25217
25121
24545
25569
25249
25249
25505
24641
24769
24929
25185
25377
25473
25281
25537
25633
26241
25185
25473
25857
26336
25729
25761
25505
24609
25601
25409
25249
25601
24993
25409
24801
25057
25601
25312
25792
25921
25793
26017
25985
27489
26208
26913
26529
27041
26753
28129
26624
26209
26049
25537
25057
24225
25089
24993
26689
32161
25313
24577
25313
24993
26017
25505
26817
26273
26784
25441
26369
26497
24897
25409
25153
24929
29505
24385
25249
25569
27361
27553
25761
25696
25760
27168
25473
26145
25057
24577
25377
25217
31041
25441
25505
26721
26401
25217
25217
25857
25345
26433
25600
24736
24768
25313
24641
24705
25761
32225
25153
25537
25377
26305
25185
24321
24289
24929
25184
25185
25377
25249
24897
25409
24897
24225
32962
25569
24545
25153
25281
24161
24993
25313
24833
24897
25601
25537
24673
25345
25313
25633
26049
25537
24449
24673
24577
25825
25569
26209
26849
26241
26753
26561
25312
25633
26625
26369
25729
25185
26753
26401
26080
26337
25985
25761
26369
26497
26017
27233
26305
26593
27233
27552
26785
26497
26657
25473
24673
25377
24673
24609
24705
25281
26113
24449
25537
26625
25889
26433
25825
25505
25761
26753
25121
26977
26497
25889
25985
27009
26177
26785
25153
24961
24833
24609
24513
24641
24609
29441
25152
25921
25505
25025
25153
25185
26560
25345
25185
25281
25249
25569
25825
26497
25249
24961
24673
24001
24577
24513
25697
26977
26689
26432
26241
25409
25153
26145
26144
25857
24769
26049
26177
27361
25281
25537
24673
24641
24833
24865
25697
26017
26785
24768
25184
24865
24481
25121
25408
53922
25601
25376
26016
24928
25696
25792
25536
26593
26561
26913
26721
26945
25344
25409
25313
25793
26497
24833
25505
24801
25153
24705
25344
25601
24448
24640
25408
25345
25857
24736
24865
24705
24865
25217
25313
25441
25217
25281
25313
26209
26977
25473
26305
26593
26465
27201
26881
26913
26849
50273
26881
26464
26369
26401
27297
26241
26145
26145
26753
26401
27649
26177
26625
26817
26497
29345
24897
25025
25184
25601
25409
26433
25473
24608
25184
25856
26561
26401
24993
25249
26465
27072
30113
28225
27745
26593
26305
26592
27201
26849
26369
26465
26177
26945
26881
26561
26049
26176
26625
26081
25377
26465
26273
26208
25953
25857
27553
27009
26337
26657
26401
26209
25952
25633
31937
26720
26305
26113
26401
25825
25793
26625
26689
27073
26337
26657
25985
24897
26465
26049
31777
25505
25281
25569
25185
25409
25729
25121
24801
26657
26593
26048
26625
27233
25761
26529
25953
32865
25857
26785
26177
26112
24833
26337
26113
26305
25697
26433
26529
26753
26849
27265
26081
32194
24961
25217
24960
25088
24992
24641
24737
24577
24385
24769
24385
24480
24673
24545
24801
24673
170534
76674
53122
55713
50849
51874
51874
50146
26753
33409
27137
25568
25888
24833
25377
26657
26497
25313
25921
24801
25601
25377
24545
25985
24993
25249
25216
24545
24929
25441
24736
25568
24353
24865
24801
24993
24737
25857
26721
26529
25921
25153
25569
25185
25409
25505
25633
25537
25697
25664
25728
24609
25153
25025
24961
25217
44066
26369
26145
25537
25185
26305
24833
25857
24576
25120
24545
25153
24704
25473
26017
24961
25025
30497
24321
26369
25217
25248
24352
25185
25216
25825
24256
24256
24768
24449
25185
24384
25152
24801
30113
24800
24513
24480
24993
26209
25409
24385
24929
24929
24225
24288
24833
24417
24961
25313
24769
26369
24609
25121
24449
24897
25857
26081
26465
26209
25697
24257
24481
24289
25441
24289
26209
26305
25825
26593
25889
25857
25697
26145
25313
24321
25793
24769
25825
26593
25121
26369
25601
25377
25121
26337
26881
26113
26241
25313
23681
25313
24897
25217
25217
26177
25121
25345
24417
25793
24769
31393
25120
25856
26080
26369
24896
25184
25088
24896
24897
24449
24353
25185
24641
24737
26465
25441
30881
25249
25729
25313
24673
25345
23873
24577
24513
25377
26369
26753
24897
25025
25089
26145
25281
31713
24961
25921
24737
24641
25313
25185
24481
26785
24512
25153
26081
25057
26497
25569
24961
24833
25601
25185
24449
26337
25889
26241
26209
26273
26241
26017
25793
26017
25793
26145
25536
25441
24577
25601
24257
24897
24673
25057
24481
24417
24705
24385
25249
24545
24544
24193
24865
24864
24193
25217
26337
25889
24769
26016
25089
25217
24705
25249
24897
24833
24577
25249
25185
25153
24961
25249
32417
26497
25664
25953
24161
24769
24449
24800
24865
25441
24960
25568
25216
25345
24481
25280
25408
32833
24289
25600
26561
25985
26112
25729
26017
25537
25089
24865
25729
24705
24993
25345
24800
26144
25985
25536
25344
26272
25760
24993
25089
25057
24705
25025
25089
25377
25377
25313
25313
24993
25505
24993
24577
25921
24704
24897
24929
24673
25217
25313
24961
24897
24705
24865
24897
25824
24897
25153
26113
26689
26881
26337
26209
26209
25601
25025
25217
24769
24865
25281
24449
25345
24928
25280
30817
25472
24385
25601
26177
26337
25857
25921
25313
25825
25537
26369
24897
25985
26369
25217
24545
32162
25152
26465
25953
26113
25185
24865
26561
25953
25121
25665
24833
24641
24672
25889
25281
25121
35937
25920
25825
26144
24864
24961
24961
25857
24257
25729
25825
25153
25089
25632
24705
24897
26145
26369
26529
27137
24673
24993
24737
25089
25985
26657
25057
24672
25729
25473
25825
26048
24800
25344
26529
25249
25857
25761
25760
25440
25825
25441
25089
25057
25664
25505
25504
25344
25152
24960
25185
25121
26305
26753
25217
26273
24737
24833
24865
24993
24545
25089
24993
26273
24833
25312
24800
25889
26497
25313
25249
26497
25441
25057
25441
25409
25089
25249
24513
25601
25217
25377
25217
25281
24193
25441
25633
25121
25089
25057
24640
25568
24800
25153
25185
25217
24833
26337
25793
25153
24001
24577
26657
26305
26369
26049
25569
24993
24321
24385
24513
24449
26080
26273
24801
24928
25089
25409
32417
26497
25953
26433
24672
25153
24737
24961
24673
25185
24673
26465
24609
25120
25025
24545
25217
25921
25601
26081
25857
26209
25569
25569
25889
26273
25857
26849
25825
26049
25057
24929
24928
32130
26625
26081
25153
24513
24993
24385
24705
25601
24769
24865
24801
25568
25761
25185
24896
25057
26561
26497
24929
25537
26369
24929
24929
24161
24097
24641
23904
24224
24865
24545
24673
26113
32161
24769
24225
24385
24801
25377
24129
26209
26081
26081
26112
26369
24801
25249
24897
24512
25217
25697
27105
26465
25857
26593
25121
25281
24449
23873
24545
24289
24673
25184
26017
24769
26465
32450
26689
26305
26720
25376
24864
25569
26337
24769
24641
25761
26304
26305
25057
25057
25953
25953
25985
25280
24449
25857
26369
24481
24448
24161
26593
24897
24801
26497
24833
26369
25505
25633
31521
26401
24385
25121
24609
24832
24385
25057
24513
24481
24737
26529
24609
25025
24801
25409
25568
27201
25377
26433
25632
26753
24928
24673
26465
25249
25441
26913
26561
25537
25217
26625
25025
30049
24321
26368
25281
25025
24609
25249
24193
24929
24737
25664
24961
25377
24609
25601
25185
25601
29825
25281
25313
25121
24705
25248
24896
24737
25281
25409
25088
24960
25633
25153
24961
25473
24832
25025
25633
26401
25281
26048
24769
24929
24577
25569
24993
25665
25249
26145
24865
25249
25665
24897
25217
25505
25504
24545
24769
25057
24961
25505
25249
25281
24737
25153
25024
24256
24705
26209
25793
25121
25089
24929
25345
25217
24801
25089
24737
25121
25185
24289
26209
25825
24768
24673
24129
53090
26241
26369
25184
24897
24961
25153
24001
25953
26817
27137
24641
25025
26401
24737
25377
25057
25249
25313
25089
25505
25153
25472
25121
25185
25153
26753
25249
25985
25217
24768
25056
25408
25248
26497
25889
26113
26017
26561
26017
26528
26209
26241
25217
26145
24576
25121
24929
24673
26145
30369
25089
25409
24513
25184
25825
26401
24641
25377
26113
24992
24480
25472
24897
24896
24257
24929
25408
24545
24865
24609
24225
24480
24609
24737
24801
24513
25248
24960
25536
24384
25089
25217
25121
25985
25761
26145
25696
25441
25729
25921
26529
25025
24705
25153
24865
25025
26145
25537
25665
32513
26048
25953
26209
25345
25921
24129
24833
25025
24673
25377
24129
24512
25056
24929
24897
23489
25569
24801
24640
24897
25153
25633
25121
26241
24641
24833
24609
24097
25537
25217
25376
25153
32897
25409
26177
25537
24769
25248
25121
25313
25217
24929
24993
25313
24961
26785
25825
24865
25312
25281
25409
24928
25185
25345
24545
24961
25089
24865
25185
24993
24481
24545
24225
24609
24736
40449
26881
24097
24769
24289
23585
23809
24001
24513
24129
26369
24481
24513
25057
24897
24609
24705
30401
24833
24800
25569
25441
25313
24897
25185
24417
26017
25505
25025
23393
25345
24129
24609
24449
29985
25345
25633
25473
24385
26241
25025
24641
24993
24705
25249
25281
25249
25921
25953
25441
25409
26465
24929
25761
24737
25601
25057
24609
25056
24032
25345
24993
24961
24993
24896
24992
24737
25025
24833
25409
25153
25473
26689
25409
24769
25345
25185
24993
25537
25473
24832
25441
25121
24608
31425
25537
25633
23649
24480
23713
24705
24033
24385
25025
24609
24097
26401
25409
24865
24801
24481
25025
24769
24897
24705
25089
24737
23809
23904
24737
24609
25025
24768
24960
24832
24992
25792
25825
27073
25152
26209
25952
25696
25728
25248
24545
23425
24193
25057
24385
24833
25217
25633
24865
29441
25728
25857
26145
26113
23585
25313
23553
24801
23713
23841
24609
25697
24225
24225
24577
25377
31937
26721
25281
25441
24513
25889
24097
25249
23745
25665
23905
25697
24481
26113
26273
24001
23841
25793
25409
24961
24704
24193
25281
25313
24896
24993
25537
24673
25025
25024
24736
24833
25185
31969
25441
24769
25953
25024
25280
25825
24737
25345
24609
25505
25761
25697
25857
25729
25953
24448
32226
26273
25665
25217
24449
24736
25761
24545
24897
25633
26177
25057
26561
23969
24161
24929
44802
25377
25217
25505
25217
24640
25057
25121
25601
25152
24993
25633
24897
24704
24609
24929
25089
25249
25217
24864
25088
25345
25697
25281
24225
24641
25537
25761
25953
26241
26113
24321
24417
45762
26625
26305
26433
25729
25409
25537
24897
25697
24737
24801
24865
24993
24833
25536
25409
25153
31777
26016
26273
24736
24417
24577
25153
24449
24865
25152
24833
25185
24961
25217
25121
24672
24961
25505
24897
24929
24993
24961
24449
23905
25569
25505
25569
25440
24801
24865
23712
24705
24897
24289
24513
24385
24640
24929
24545
24737
24321
24609
24417
24417
23937
24865
25281
25057
25345
25089
32001
25185
25121
24097
24609
24576
24833
24288
25345
23777
25473
24961
25121
24833
25121
25441
24929
29409
25569
26113
26177
25185
25121
25089
25152
24769
24641
25537
25345
25025
25249
25377
25569
32001
24449
26209
24417
24353
24481
24801
24256
24800
24416
24865
24801
24225
24289
24609
25313
24576
29633
25601
26145
24129
24256
24481
24097
25633
25473
24224
24609
24289
24833
25441
25441
24577
25088
26464
24641
25569
24161
25153
26689
25025
25345
25504
25217
25505
26017
25953
23777
23937
25761
29793
25793
25920
25793
26241
24865
23969
23969
24865
24449
25921
24961
25408
25409
25729
24065
25729
29025
24993
26209
25697
23937
24289
24129
24768
24801
24449
24257
25185
24641
24321
26113
25825
32706
25825
25985
25793
25569
24705
25537
24417
25537
24288
25953
25761
26305
26593
24993
25633
25761
28225
25441
26241
26273
24704
24768
24832
25409
24896
24449
25249
24289
25345
24545
24929
25505
24737
25056
24769
24385
24481
24449
24769
24129
25217
25153
25216
24737
24929
24929
24353
25185
24321
30689
25281
25953
26177
25921
24161
26081
26241
24833
24417
24289
26817
24705
24545
25120
24705
24417
32737
26081
25889
25217
25345
25473
25505
25889
24161
24993
24513
24609
24545
25504
24481
25505
24833
26080
26081
26656
26465
26561
26432
26337
26305
25025
24929
24032
24609
24353
24449
24321
25665
33505
26433
25729
25953
26081
24929
26529
26273
24961
25056
24736
24672
24641
24993
24673
26465
25057
24865
25952
26433
24577
25153
25025
26080
24577
25345
25025
24865
24353
25920
24641
24513
23809
46050
26305
25505
25409
25793
26561
26209
25665
25793
26177
26113
24769
24993
25889
24545
26305
24705
29729
26305
25921
25601
25761
25697
25569
26241
25153
26336
24161
25889
24801
24993
24641
25121
24513
24801
25569
25281
25569
25409
25985
25089
24897
24609
25793
25729
25921
25953
25537
25825
24993
32097
24961
24033
25089
25185
25025
24737
24545
25345
25249
24801
25824
25953
26497
26337
24832
25153
25408
26049
26113
26401
26209
26337
25856
26145
25153
24481
25473
26304
26177
25025
25601
24960
29345
23904
24257
24545
25121
25281
24513
25153
25409
24801
24961
25569
25281
25409
25153
24737
25729
30721
26049
25697
25793
25505
25601
24961
25153
25601
24769
25281
24065
25633
25953
26465
25696
26369
25409
26113
25441
26017
26081
26113
25121
25313
25313
24992
24833
24897
25473
32097
26337
25057
24353
24641
24608
24737
25185
24737
24961
24417
24449
24481
25025
24385
24833
25345
39586
26401
25985
26177
26113
26305
24801
25281
25601
25185
25345
24993
24417
25345
25473
25249
24801
30337
26049
26081
26273
26304
25921
26241
24385
26529
26209
25953
25728
25569
25537
26209
26400
25121
26433
24577
25217
24864
24833
25249
26305
26529
25184
24961
26401
26337
24865
24577
24224
25953
27329
26177
25569
25153
26209
24608
24769
24800
24481
24673
24672
24545
24545
25153
25249
24513
47233
26977
26113
26561
26240
24736
24577
26273
25281
24577
25985
25952
24641
24577
24673
24801
24769
26337
24801
25377
24545
25185
25345
24673
24417
25921
25249
26689
25056
26465
26721
24993
25377
42689
26497
26465
25921
24513
24736
24705
25281
24897
23425
24225
24640
25217
24833
29313
25665
26081
25441
24513
24353
24609
25089
24864
24448
24641
24640
24865
24097
24417
24513
24672
24513
23713
24481
25857
26561
25121
25408
25345
24577
24577
25185
24768
26401
25857
26081
25857
25665
25857
26209
34241
26145
26305
26145
24577
24193
25601
24705
24929
24928
24929
25377
25537
25505
24896
24865
30337
26209
25217
25248
24641
24801
24417
25953
24097
24737
24640
25825
25697
24641
24289
24417
25217
29345
25857
26144
26561
26433
24865
25057
26305
26529
24417
24545
24481
25121
25985
24865
24481
27553
26432
26593
24993
25313
25569
25185
25281
24705
24705
25505
25249
23937
24960
25952
25697
26113
25984
25217
25409
24897
25120
24385
24257
24129
24513
25345
26049
25120
26753
25569
25345
25409
24737
26273
25889
24993
25249
24417
24897
24769
25888
24673
25409
24737
24865
24096
24801
24833
24673
24609
25249
25057
24673
24769
25601
24833
25312
25345
25281
24865
25217
24672
25217
24737
25185
45282
25888
26048
24257
25633
24769
24544
24896
25089
24737
24481
24224
24417
24193
24609
24385
25857
26208
25345
24641
25025
26113
26177
25601
25729
24545
25344
24993
26305
24897
24320
25761
25121
32001
25185
24993
24897
24385
25184
25121
26305
26305
25473
26561
26785
26273
26113
25345
25345
24608
28001
26145
25857
25984
24257
24737
24129
26049
24417
24737
24065
24449
26177
25761
25761
24321
29633
25633
25985
24801
24321
24832
24609
25217
26433
24288
25313
26113
25089
25057
26081
25089
24705
25793
24865
24609
25025
26241
25441
24480
24545
24993
24353
24225
23841
24897
24897
23361
23969
52194
27329
26657
26625
24608
26912
24896
26592
25793
25697
25953
26177
26657
25729
25953
25345
24673
24513
24641
24513
24321
24449
24705
25153
25057
24001
25025
24545
25057
24897
25825
26113
26337
45986
26048
25376
24033
24097
24961
24801
25281
25665
25184
25377
25089
25409
25473
25377
25377
24993
30113
26273
26273
25921
26241
26689
26369
26433
25409
26465
27041
26625
25729
26049
26337
26305
26113
26881
25729
24993
24833
25024
25025
26240
24769
26209
25056
25504
24608
26048
26305
25185
24321
40578
25953
25889
25825
25889
24193
26113
26273
26561
26497
26177
26113
26208
26305
24449
24641
25505
46017
26945
26081
26497
26721
24897
25313
25377
25249
25441
24833
25153
24033
24769
24672
24384
25120
27553
25281
25217
24865
25409
24673
26241
26080
26208
24864
24928
25089
24929
26081
25121
24961
24353
26177
25760
25889
24288
25856
26592
25280
26656
27201
24768
24929
25185
24993
25793
25985
25953
24737
27553
26497
24545
25184
26336
24833
25473
24705
25184
24736
24640
24704
24896
24480
26785
25377
32257
25408
26561
25728
25824
25793
26305
26721
24897
26273
25600
26369
26689
25537
24961
25825
26241
31842
26337
26497
26337
25185
25409
27041
24769
26241
26209
24385
24993
25025
25153
24993
25025
25408
29793
25408
25697
26337
24769
24641
24832
25024
25345
25216
25472
25088
25024
25121
24929
25120
26017
26561
25857
25249
24609
25121
25601
24769
25537
24705
25761
25057
25153
25057
24769
24833
25025
24769
25377
25537
25985
25825
26401
26145
26273
26465
25953
26529
26529
26401
26081
26145
26305
26081
32449
26208
26145
24129
23873
24769
24225
24416
25025
24449
23905
25057
24193
25441
24545
25025
24897
25120
25345
24673
25025
25312
24768
25344
24481
24801
24833
24641
24416
25409
24833
24993
24865
24705
26400
24545
26241
26113
26337
26209
25793
25057
24544
24609
24513
24513
24417
24704
24417
24449
25345
25697
26689
24353
25473
24545
25249
26465
24961
25697
24512
25121
25857
24320
24513
24673
30145
25889
26305
24864
25345
24321
25377
24609
24961
24833
24865
24033
24545
23937
25601
26145
24704
26849
24897
26144
25185
24641
24513
25281
24417
25249
25472
24801
25185
24769
24705
24481
25665
24769
24800
25217
24225
24833
25537
25921
26017
25665
25985
25633
24673
24673
24993
24929
24609
25601
24993
26497
26689
26017
25089
25536
24481
24673
24993
24577
25825
26529
25377
25761
25952
25281
24161
41953
26689
25953
26593
25185
24737
24513
24513
24513
24801
24737
25249
25025
25057
25089
25025
24544
30626
25921
25441
26049
24225
24320
24256
24321
24161
25953
25313
25089
25441
24737
24257
24993
24673
29537
25729
26017
25633
24320
25185
24800
25153
24481
26369
24096
25089
24865
25345
24577
25185
25184
25601
26145
24097
24705
24641
24385
25569
24705
24513
24833
24321
23969
24449
24705
24673
24640
24929
24641
24897
24929
25025
25057
24993
24865
24224
24864
24705
24769
24641
24833
25313
25121
23649
25857
25920
25793
25921
25761
24609
26241
24481
24161
24865
24321
25633
25921
25889
24672
25056
25313
25089
26369
25249
25409
23969
24897
25217
25665
24673
24640
24832
24385
23969
24705
24865
25440
24321
45761
25792
26336
26241
26017
25729
25025
24385
25249
24385
24481
23777
25601
25153
25249
24801
24897
30177
24544
25761
24513
24897
24801
24641
25025
24577
25633
24705
24257
24897
24416
25249
24577
24897
32513
24897
25825
26081
25505
25888
24833
25057
25057
25025
24865
25377
25281
24961
25601
25281
25217
25601
25185
25760
25889
26241
25921
24801
24641
25089
26081
24289
25249
24641
25345
24480
24544
25761
26177
25345
25697
24705
26017
24929
24385
25089
24929
25313
24993
24705
24833
24929
24673
25345
43554
26625
25697
24737
24481
24609
25185
24897
25889
25857
25889
24544
24992
24704
25056
25025
24608
48834
26176
25409
25473
26049
25569
24481
26113
26433
27105
25089
25313
24641
25057
25345
25504
25185
32417
25665
25665
25825
25632
25889
23777
25345
24225
24769
26017
24705
24769
24737
25089
24801
24993
24609
26465
25889
25153
25665
24353
24801
24961
24833
24993
24865
26177
25120
26048
25664
24449
25793
49698
26304
25793
24385
24801
25025
24769
24737
24737
24737
24673
25857
24705
26273
24705
25665
24417
29793
24321
26305
25761
24353
23937
23841
25217
25409
24513
24641
24417
24673
25121
24577
26113
24705
44929
26081
25697
24929
24513
25025
25377
25857
25697
26017
24865
24321
25633
25729
26209
24160
24929
32449
25953
25985
25601
24769
24609
24448
24736
25088
25216
24641
25121
25377
25537
25153
24705
24641
41249
25729
25665
25793
24065
24865
24673
25057
25025
24833
25441
25857
26017
25057
25889
24961
24576
41506
26209
23969
25057
25025
25121
26561
24288
25697
24641
24897
24833
25569
24705
24129
24353
24865
30977
26209
24577
24577
25121
25121
24897
24737
24928
25185
24896
24800
24737
25025
24961
24801
24769
32033
25473
25505
26017
24897
24897
24641
25313
24097
24609
25345
25185
25185
25441
25025
25313
24897
29921
26145
25825
25057
25217
24833
25025
24769
25025
25025
25281
25633
24833
25089
24609
25281
24672
25121
25377
24673
24673
25409
25121
24417
25377
24352
26401
25089
25249
25537
24961
25249
24577
25057
25601
25953
25217
25985
25249
24961
24865
24993
24705
25025
24641
25056
26016
26144
26049
25825
25921
26177
25409
25025
25569
24289
25537
24961
25313
24993
25120
24865
24577
24673
24737
24833
24929
33057
26817
25825
26241
24961
24801
24577
24673
24769
24385
24353
25953
24737
24961
25505
24897
25409
32577
25825
25793
25345
25313
24097
25761
24929
24097
26657
25505
24545
25152
24481
25441
25089
26945
26208
25313
25025
25057
24897
24897
26209
24833
24320
25857
25057
24897
24897
25057
24769
25025
24289
26273
25824
25409
24897
25409
25697
24321
24449
23681
25633
23489
24224
25248
24673
25793
23777
24705
33025
24353
25248
23969
24417
25665
24832
23968
24481
25569
24481
24385
23937
25728
24160
23489
24417
26593
26113
25377
24705
24801
25281
24225
24193
24225
25505
25697
25473
24513
24801
24673
25057
24545
32673
25569
25600
25505
24577
24385
24481
24513
23905
24641
24929
24673
24480
24992
24768
24161
24704
25985
25409
25889
25473
24865
24769
24737
24896
24672
24929
24801
25153
25505
24897
24161
24897
25153
26817
25825
25440
24736
25408
25536
25184
25184
26208
24897
24737
25729
24865
24545
25121
25057
25185
26337
25697
25985
25921
25408
25857
25313
24545
24449
25249
25057
26785
24385
24673
25313
24769
23905
25889
24961
25249
24673
25313
25376
24896
25025
25825
25377
26561
25729
25857
26209
25760
24705
25057
26497
25985
25505
25889
25729
25377
25537
26273
24961
24865
25121
25249
25056
24193
24993
23777
24961
24769
25408
24672
24896
24641
24801
24705
25376
25697
24865
25025
24417
25217
24352
24961
25281
24608
24193
24673
24737
24481
25217
24225
24033
24513
24385
24704
24609
24480
24864
24896
25216
24929
25504
26336
25665
24608
24289
24480
24641
24864
25056
24609
25281
24833
25153
25633
25057
24384
24897
25601
26209
26081
26145
26145
25857
26369
25569
26337
25985
26401
25921
25888
24800
25856
25568
26337
29665
26017
26273
24225
24609
24609
24353
25280
24737
25313
25409
25441
26753
26273
26273
25089
26145
32353
25409
24640
24993
24929
25729
26049
26369
25025
24865
24800
25889
25952
25889
26465
25729
26145
32513
26529
25985
25025
24801
26145
24417
25153
25345
24577
25313
24769
24961
24993
24609
25249
24801
30625
25665
24961
25153
24833
24289
25057
24865
25089
24641
25089
25057
24833
24769
25249
25153
24737
26305
26113
25473
25920
26528
26208
25920
26241
26241
26561
26209
26113
25440
24705
25056
24353
24289
26497
26017
25697
26785
25761
24609
25121
24897
24897
25089
25472
24609
25505
25281
25249
25057
24865
25505
25121
24897
24993
25633
24673
25249
25281
25281
24929
24609
24993
24768
24736
25281
24065
25985
26529
24929
25441
25601
25057
25441
26305
25089
24673
24577
24801
24769
24897
24545
24417
24673
24289
26753
26177
25825
24545
24609
24768
24992
24929
25185
24289
24545
24513
24417
24609
23617
24225
24673
26145
25729
24769
24928
24640
25089
26273
24929
25057
25217
25217
24897
24801
24929
25408
24737
25953
26753
25729
26113
25985
25729
26401
26529
26145
26049
24832
25056
25025
25313
24769
24705
25345
45922
26753
26305
26240
26049
24992
25152
24897
25313
24800
24865
25184
26145
24673
25089
26081
25889
30529
24865
24609
24576
25344
25056
24833
24929
24352
24609
24801
24897
25889
26145
26017
25345
25057
30145
24961
26113
25953
25313
25409
24801
24256
24929
24641
24481
24769
25089
25441
25344
25088
25345
30209
26273
25985
24449
24993
24768
24480
25089
24864
26016
26177
24672
24896
24480
25697
24673
24865
25185
24865
24929
24609
24929
25345
24545
25441
25217
25185
25568
25601
25441
24097
24161
24929
24833
26176
26401
25025
25537
24769
24801
25121
24896
25056
24736
24481
25153
24481
24353
24289
25089
25153
25953
26593
26689
25984
25825
26689
26177
26177
26049
26305
24769
25473
24993
26465
24833
25057
25217
26337
24928
26849
24800
24640
24417
24993
25281
25697
25345
26817
26113
25089
26529
26753
25761
41217
26785
26465
25313
25377
25280
25601
25569
26785
25633
26017
25088
25376
24864
25825
24897
25377
31521
25537
25057
25153
25024
24736
24800
25536
24929
24801
24737
24481
24384
24801
24000
24641
25249
30369
25025
25569
26017
25057
25281
25568
24800
24769
25217
25665
24801
25665
26465
26497
25569
25569
32417
24961
25569
26273
25793
25473
25889
25953
25633
25697
25313
25600
26081
24705
24672
25184
25057
32738
26401
24641
25408
24225
24897
24417
24352
24897
24705
25761
25889
25697
25601
26305
24961
24673
24865
26049
25793
24993
25089
24833
24609
24961
25217
25441
25089
24833
25377
25409
24673
24961
24801
25057
25217
25025
25473
25025
25761
25345
24865
24673
25761
24897
25601
25089
24641
25025
24897
25569
26657
26337
26657
25793
25761
25313
25729
25857
25025
24961
24993
24545
24801
24225
24993
24705
30593
25505
25665
25633
26145
24288
24481
24065
24705
24672
25217
25313
24513
24545
24865
24481
24481
30177
24833
25537
26081
25697
25121
24897
24321
25025
25729
24480
25121
24129
24545
24609
25793
24961
31361
25345
25537
25569
25696
24001
25665
25345
23872
24161
24449
24673
25057
25057
25249
24577
24321
32033
24577
25313
26017
24353
24673
24801
25633
25088
24928
24640
24032
24481
23905
24417
24225
24609
32353
25249
24513
24737
24865
25249
23841
24865
24961
24385
25697
24353
25024
24640
24865
25953
25089
32225
24289
24801
24641
24737
25313
24545
25601
25505
24384
24705
25249
26401
25345
25921
25985
24321
32385
25152
25825
25825
26049
24737
25345
24929
24801
24801
24769
24545
24609
23937
25569
24513
25153
30753
25505
25121
25121
24865
25153
24129
24929
24161
26561
25153
25217
25409
24769
25217
24481
24897
30081
25537
25537
24480
24321
24769
24993
24448
24673
24544
24576
24481
24609
24193
25473
25409
25440
31809
24385
24129
23425
25505
24097
25537
25217
25089
24129
25025
25121
25153
25089
25313
25025
24257
30305
25761
24289
24193
26561
24449
24353
24225
25376
24320
24993
24705
24545
25025
25953
24545
25985
29633
23969
25249
25953
26112
24353
24769
25025
24801
25985
25857
25057
24865
24609
24576
25089
24001
31969
24449
25825
25280
26113
25153
25537
24993
26305
26145
25121
24417
23969
25537
23840
23488
24641
35393
26240
24289
26017
24321
24385
24704
24513
24577
24576
25280
24737
24673
25345
25889
25025
25249
29697
25729
24481
24928
24768
24672
24769
24545
24865
25377
23937
26049
26433
25345
24961
25793
24705
32418
24833
24385
24224
25120
25824
24896
24801
24641
25217
24321
26337
25377
26401
25025
24897
25505
25793
25057
25473
25089
25985
24385
24897
24481
25633
24865
26113
25601
23873
24961
24321
24833
25217
25376
25600
25440
24992
24897
25345
25633
25185
25633
24865
24705
24161
24769
23456
24865
24737
24224
25889
25793
25921
25377
24929
25185
25153
25728
25537
26017
24353
24417
24769
25312
25761
25185
24321
25057
23969
24097
24609
24353
24865
24353
24737
25121
24513
24961
24768
24992
25249
24641
24929
44002
25537
26497
26401
26848
25889
26145
26209
25985
26561
26241
25697
26081
26849
25281
25120
25216
25120
25377
26881
25665
26433
24673
24705
25057
24929
24801
25025
25025
25409
24449
24832
24608
25281
47745
26080
26113
26017
25889
24769
24545
24353
25377
25313
24641
25025
25281
25537
24961
24385
24865
35681
25857
24513
26017
26049
25377
24193
24929
24705
25089
25505
24545
24801
25505
25121
26369
24897
27457
26177
25313
25697
24897
25569
26081
24865
25281
25313
24705
24705
24993
25473
25025
24993
24673
31938
25921
26241
25216
26400
25152
24704
24865
25505
24961
24929
24961
24257
24609
24513
24833
24673
29985
25313
25505
25377
24512
24641
24481
24705
24065
24929
26529
25281
24769
24513
24961
25537
24961
25312
25056
25729
26017
24353
24097
24961
23969
24737
24385
24545
25537
24993
24576
24417
24161
24545
30241
25313
25633
24289
24673
24545
24577
24417
24705
24769
25377
24609
25281
25473
24513
25345
24577
26529
26144
24833
24320
25089
24865
24608
25408
24896
25152
24929
24896
24321
25121
24001
24736
25153
25857
25921
24897
24897
24897
24352
24449
25985
25473
25216
25025
24481
24641
24449
24929
25409
24449
26017
25121
24769
24641
25185
25025
25185
25121
24769
24769
24385
24897
24897
24705
23841
25153
31937
26432
26145
24256
24801
24225
25056
24480
25153
24577
25921
25952
25728
25505
24417
26145
26337
32417
24737
24832
25985
25825
24801
24353
24609
24609
23937
24321
24833
24833
25313
25825
25313
25025
30241
26657
26849
25121
25025
25249
25121
24769
24897
25217
24385
24577
25633
25697
25249
25281
24705
24897
25633
25985
25057
24993
24320
25409
24385
25185
25345
25056
25248
25184
24992
24929
25025
24257
24993
24769
24737
24769
25217
25537
24864
25184
24513
25729
25377
24577
25408
24353
24705
24865
25121
25409
25088
24768
25249
25089
25217
25089
25537
25825
25729
24193
25953
24544
25889
24321
25025
25024
25953
24577
25409
25057
25729
26433
25569
25633
26337
25537
25985
25441
26241
25664
26081
25793
26049
26241
26113
26209
25761
25953
25761
24737
24641
24032
24417
26049
25953
26465
24097
24929
25793
25153
29121
24224
26145
26401
25089
25601
25921
25761
26081
24225
26081
24897
25473
26016
25217
25473
24737
31681
25601
25697
25697
24673
25249
25088
24832
24705
25120
25249
24449
24769
24673
25217
24993
24384
29889
25601
25921
25025
24353
25153
25345
24321
24161
24385
25537
24737
24161
25185
24705
24576
24864
27553
25921
25281
25697
25761
25793
25953
24353
25345
25313
24737
25505
24769
24065
24641
24673
24193
29985
26497
24545
24897
25537
25249
25153
24512
25121
25281
25313
24513
25057
25121
25697
25185
25344
29025
26209
26657
25857
24577
25441
26176
24993
24609
26529
25089
24897
25537
25505
25025
24673
24897
52834
25697
25761
25441
24897
24513
25121
25249
24897
25505
24961
25473
25025
24577
24736
25633
25057
24481
26209
26465
25984
25345
24737
24897
25889
25089
25377
24449
25345
25057
24513
24289
24225
25313
24961
25025
25153
24576
25153
25824
26145
25025
24545
24417
24321
25025
24641
24480
24609
24385
24737
24481
25153
25121
25409
24480
24768
26465
24449
24929
25185
24353
24353
24161
24737
24417
24545
24673
24833
25953
25249
25249
24320
24257
24481
24321
24545
24865
25025
24737
24897
25216
24865
24961
25089
46018
26497
24993
24993
24928
25921
25440
25473
24673
24800
24865
26081
26401
25665
25761
25760
25921
28129
24449
25568
25921
26273
26049
24769
25601
24481
24384
24321
26049
24865
24769
24577
24545
25217
25473
26337
25857
26241
25857
24385
25217
24929
24865
24289
25505
24993
25409
24673
25025
25216
24993
28801
25761
25857
26337
25953
25313
25665
25921
25152
25569
24481
24737
25025
25089
24769
25280
24896
42753
25793
25249
24897
24257
25089
24929
25121
24833
24705
25121
25313
26049
25153
25088
25089
24065
24289
25632
25025
25281
25409
26049
26241
25505
26305
25953
25217
25185
25760
26241
26049
24865
25345
41537
27105
25697
24672
25185
24641
26049
26017
25537
26017
24769
25249
24160
24225
24801
24737
25121
25057
26273
24577
26017
24577
24736
24896
24769
25377
24801
25313
25121
25217
25601
25569
25633
25601
25025
25889
24929
25377
26625
26721
25985
25729
25920
26017
26369
25697
26337
25601
26049
26273
24513
32705
24449
25441
25953
25761
24897
26561
23681
24576
24576
24993
24801
24513
25409
25153
24929
24609
24640
25856
25984
26401
25921
25665
25953
24705
24353
25120
24608
25025
24769
24417
25953
25857
25728
25473
25153
25025
24992
24577
25441
25793
25249
26465
26273
25984
26433
25857
25953
25089
24993
25633
26369
24705
24608
24801
24193
24609
24641
24257
24417
24832
25153
24321
24129
24545
24865
24353
24545
26145
26240
25664
26177
25985
25601
26465
26433
25889
25857
25793
26081
26273
25825
25793
25633
49473
25921
25985
25728
26241
26497
26721
25984
25857
25953
26625
26017
25857
26113
26049
26561
25665
26177
26369
26049
26400
26176
26208
26177
26561
26561
27425
26849
26145
26593
26785
26721
26529
40450
24929
26433
26305
26273
26561
26592
24833
23425
24609
23457
23553
24321
23649
23905
23744
24352
26241
24769
25409
26241
26433
26145
26561
25761
26944
26304
26561
26625
25537
26593
26337
25985
25409
26209
24161
25473
25569
25568
24928
25697
25249
24993
24929
25825
26209
26145
25473
25537
24801
26113
26401
25217
26945
26369
26721
25793
26177
25889
26497
25825
26881
25729
26081
26465
26433
26753
26081
26113
25057
24929
24929
24609
25601
25537
25921
26209
26305
25953
26177
26177
26337
26561
26337
26145
25857
26273
26081
24481
25377
25856
24224
26592
25889
26337
25921
26465
26337
25345
24993
24961
24641
26016
25825
25345
24769
26113
26657
25889
26465
26209
25793
25889
26401
26017
25825
26593
26241
26113
25857
26241
26049
26049
26113
25281
25601
25921
25825
25921
26497
25921
24096
24545
24161
23713
24993
26049
24417
26369
25249
25761
25665
25985
26593
24673
25280
25088
25920
26240
25824
25985
24865
26113
26081
26337
24737
26241
25857
25857
26112
25984
26336
26497
25953
25665
27009
26593
26113
26560
26208
25921
25568
25920
25280
25088
24768
25121
25921
25089
25377
24609
24769
24673
25857
25857
25313
25633
25985
25729
26209
25185
26561
25633
25697
25697
26017
25121
26017
25729
26049
26081
26081
25633
42753
25377
24929
25537
26241
26177
26049
26209
24833
26017
25569
25249
26113
25857
26176
27040
26688
32321
24481
23937
25889
26369
26273
26145
24001
26241
25953
23937
26529
25729
25633
25889
25601
25345
31713
25761
25345
26145
25601
25601
25984
24448
26560
26400
24864
25920
25376
25824
25985
25984
26177
32673
24193
25569
25953
26465
26145
25761
25921
26721
26145
26689
26337
26145
26241
25985
26272
26337
26305
26017
26113
26049
26145
26049
26305
25857
26177
25857
24800
25793
26337
26496
25792
26560
26113
26433
26305
26145
25953
26433
26081
25505
24641
25121
25505
24705
24353
24417
24864
25088
25857
25889
26145
23969
25025
26209
25569
25728
26080
26049
25473
25185
25665
24289
25793
24993
24320
25473
25857
26145
24033
24865
24864
24448
24544
24800
25984
25953
26177
26464
24800
24641
25377
25569
25377
26080
26657
26145
26305
26401
26497
25857
24352
25952
26432
25248
26849
26369
26241
26337
26497
26401
26337
26369
26241
26337
26113
26529
26753
26081
26241
26432
26529
26465
26337
26049
26721
26465
26305
26593
26113
26145
25857
26369
26113
25793
25921
25281
26209
26272
25056
25313
24705
25345
24769
26337
46114
25953
25344
25856
26048
25825
26561
26049
26273
26273
26401
24929
26017
25825
25697
25313
24865
31489
25025
25824
25920
25857
26593
26208
25921
26049
26593
26433
26657
26753
26785
25857
26817
26497
32193
26593
26049
26561
26529
26401
26273
26241
25697
25953
25665
26177
26112
26528
26080
25888
25985
32385
25345
25313
26049
25921
26177
25697
25697
26017
25793
26017
26145
26529
26145
26561
26305
26465
26625
25153
26721
26433
26113
26400
26721
26496
26945
26529
26369
26785
25825
26241
25857
25856
25889
26945
27073
26817
26529
26337
26561
26081
26657
26401
26369
26305
25889
26625
26529
26465
26049
26433
26113
26465
25985
25921
26177
26017
25824
25857
26049
26465
25953
26401
26272
26177
26081
26145
32289
25121
26529
26145
27008
26657
26817
26593
27009
26433
26272
27073
27009
27105
25921
26401
25665
26689
25120
25377
24673
24929
24769
24864
25280
25344
26112
25377
25121
25504
25057
26529
25217
24833
26049
25569
24417
26465
26465
26305
26401
26657
24705
25057
24513
24672
24512
25664
24448
24832
29729
25409
24673
24161
24129
24225
24961
24257
24673
24065
24161
24417
24385
23969
24385
24161
24961
32481
24513
24545
24352
24896
24704
24640
24288
24512
24385
25025
23777
24993
25921
24864
24352
24193
32609
24897
24321
24512
24129
25761
26049
25217
26145
26081
26113
25920
26113
24289
25825
26337
24801
26593
23936
24609
26209
24673
24161
23969
24129
24545
24513
24385
24768
23969
24576
24513
26209
24385
32193
24929
24385
24769
24161
24225
24129
24256
24864
24449
24897
24929
24513
25888
25793
24257
23873
29825
24321
24384
24513
24705
24673
24513
25185
25121
25121
25217
24673
25345
24545
24065
24993
24897
29889
26529
24641
24769
25217
24993
24545
25313
24641
24865
24577
24737
24609
24800
24449
24961
25505
31713
24929
25217
24801
24384
24705
24513
25185
25121
25121
24417
24353
24609
25121
24641
24417
24833
29953
25793
25793
24673
25121
24033
24769
24385
24961
24481
24736
24705
24673
24897
24705
25377
24641
29729
25729
24961
25025
24737
25057
24352
24865
25057
25569
24257
24033
24641
23648
24289
24001
24065
32705
25057
24385
24417
24480
24993
25825
23969
26081
24833
25889
25281
24737
25313
24929
24321
24065
24481
25377
24065
25377
24353
24897
24384
24097
24033
23937
24513
25153
24800
24641
24033
24321
24641
29665
23904
24065
25089
24897
24609
24673
24321
24225
24000
24321
24161
24545
24225
24737
24160
24129
43138
26433
24769
24064
24672
24289
23841
23873
24160
25313
23905
24225
24481
24033
24961
25377
25281
24641
26945
25313
23969
24545
25281
25025
25536
24864
24673
24801
24641
24257
25217
24641
24928
24800
23873
25313
25441
24577
25793
26785
25409
26497
25569
25121
26369
25665
26561
25217
25313
24865
24865
51425
26113
26753
26177
26721
26881
27297
25601
25121
24705
25185
25121
24608
25441
24609
24961
25089
27393
24961
25345
25441
26497
25537
25089
25057
24641
24577
24865
24929
25089
24641
24609
24705
24256
28065
25857
24769
25473
24769
25152
25408
26144
24737
25089
24769
24577
25024
24321
24289
24449
24737
45185
26017
24961
24737
25985
24961
24865
24513
24993
25697
24992
25057
25185
24865
24897
25345
24449
41953
27041
24865
24353
24993
24865
24609
25185
24929
24929
24704
25185
24961
24929
24865
24897
25121
25089
26497
26368
25761
24544
25089
24577
24001
24001
24481
24577
24353
25569
24993
24737
26145
25025
25217
26273
26593
26465
25921
25537
26273
25153
24385
24480
24832
24097
24865
24545
24513
24545
24897
24865
26785
25601
24161
24961
25409
24801
25920
26337
26433
26049
26465
26336
25729
25985
26241
25377
32257
24929
24481
25921
25857
24897
24833
24961
25665
24832
24609
24161
24513
24353
24929
24385
24833
30145
25985
26304
25089
24417
24353
24865
24865
25664
25024
24225
24609
25089
25153
24833
41409
25249
25025
24001
24481
24033
24897
25121
24929
24480
24704
24225
24865
24609
26145
25217
25793
26017
26337
26433
26337
25408
25025
26369
26048
25088
24897
24833
26657
24801
30625
25697
26017
26529
24672
25281
25249
24833
24545
24705
24161
24129
24385
24320
24193
24577
25249
29857
24001
24768
23968
24897
26305
26273
26017
26433
26401
25857
26625
24673
25377
25985
24353
25505
26241
24449
24897
24993
24673
24353
24545
24289
24640
24577
24609
24033
24865
24801
24961
25217
24641
29537
25760
24961
26177
26113
26209
26817
27265
26529
24609
24321
23905
24705
24193
24001
24769
23777
26497
24257
25057
24833
24705
24801
23617
24577
24641
24897
24769
24577
24449
24704
24384
24384
24929
25025
26369
25089
25057
26401
26113
25057
25217
26241
26144
25025
26401
25953
26785
25377
25504
24993
26625
24865
24417
25153
26913
26720
26529
26113
24545
25025
25888
24737
24449
24609
24513
24417
24513
26177
25441
24929
26369
25793
26145
24513
25824
25216
25889
24320
25057
24929
24577
24833
24289
47521
26657
26433
26112
25120
26529
24417
24577
24512
24897
24385
24513
24353
24161
24001
24513
25217
30657
24193
24545
24448
24192
24321
24865
24737
24769
24512
24801
24001
24961
25025
24833
25313
24640
24704
26241
25857
24641
25121
26049
26465
24705
24993
24480
25441
24929
24737
24577
25057
24577
24225
41505
26465
26433
25953
26017
26209
26369
26753
24641
24609
25345
25185
25185
25312
24992
24993
24161
44578
25441
25697
25409
25185
24896
25440
24833
24545
25281
24673
25729
25185
24865
24993
25473
25697
25217
26401
24513
24481
25729
26208
24961
24961
24353
24769
24641
24321
24544
24609
24545
24289
24577
42465
26465
24609
24737
24097
24513
24448
25249
23937
24545
24353
24705
23969
24320
24769
24065
24001
24577
26529
24993
25281
25153
24929
25153
24577
24736
24481
25729
25953
25888
25217
25537
25793
26241
26305
26337
24641
24865
24737
24385
24929
25377
24609
23969
24928
24705
24225
25121
24577
24641
24481
24737
24705
25153
24929
24160
25345
24769
25057
24865
24673
23905
24512
23649
25057
24993
24865
25409
24577
26081
24609
24257
24001
24321
23713
23552
24449
24353
24449
24001
24385
23713
23969
24737
23937
24481
24705
24321
24577
24609
24064
24801
24449
24961
23681
24384
24065
24257
24609
24704
24193
24993
24641
42722
25505
25089
24353
24160
24609
24257
25281
24865
24033
25440
24704
24545
24225
24833
24769
25889
24641
26049
25024
26016
24864
24961
24576
25153
24801
24865
24865
24769
24289
24705
24929
24609
24448
24897
26369
24641
25345
24800
25601
25057
24832
24609
24897
24993
24801
24225
25376
24897
23777
24577
24769
26849
25601
25057
24897
24705
24193
24481
24288
24353
24065
24801
24353
24544
24705
23713
24417
24257
25985
24513
24097
24321
24065
23712
24609
24385
24321
24353
25056
24705
25185
24737
24897
24801
24256
30273
25185
25217
25473
24513
25377
24129
24929
24321
24257
24705
24193
24449
24481
24481
24768
24609
25249
26721
24705
26369
26817
26081
26433
26401
24865
26369
25921
26081
24865
24897
25185
25569
25185
33089
25665
25281
24513
24417
24641
24224
24225
24289
24449
23905
24544
23489
24769
25665
24865
25153
30273
26945
24321
24417
26529
26049
26305
25153
25185
25185
24673
23873
24384
24097
24737
24577
24513
42625
26336
24993
24961
24577
25088
24353
24353
24417
24353
24609
24769
25760
24449
23937
24513
25153
45377
26240
25121
26432
24640
24289
25121
24289
24961
25377
24896
25185
24641
25505
24513
24865
24128
24513
26273
24865
24993
25537
24321
25441
25313
24993
24961
24321
24385
24993
24193
25409
25089
24897
43650
25217
24512
24129
24897
24833
25089
25345
24961
26305
25057
26049
25313
25729
25281
25441
25569
51746
24512
24672
24385
24737
25856
25281
26305
25505
25760
26400
24801
25057
24417
24609
24769
25025
29473
24609
24673
24609
25121
24576
25185
24961
24577
25153
24609
26625
24737
24737
24577
24416
25121
43010
26529
25121
24737
25024
25217
25089
25249
24193
24353
24768
24992
24577
25249
25121
24673
24288
24577
26561
25025
24289
24737
24896
25281
26049
25601
25185
25441
25921
26337
26657
26497
26913
25217
26369
26464
24480
24481
23521
23553
25185
24352
23521
24673
24513
24577
25056
24321
25217
24257
24737
24993
26465
24993
23841
24129
24385
24417
24352
23905
24225
24513
23681
24737
24033
24097
24833
24416
25121
24705
24129
24736
24929
24609
24257
24737
25313
24160
24769
24289
25153
24833
24865
24288
24705
24481
29505
24289
24321
24033
24833
25057
24385
25281
24800
24929
24353
25025
24673
24801
24064
24609
24161
29953
25056
24641
24641
25153
25025
25665
24833
24289
25121
25089
25025
24833
24673
24960
25089
24705
41729
26017
25985
24000
24705
25089
25025
25249
24737
24736
25889
25601
25057
26689
26433
26017
26176
32033
24737
25728
23840
25505
24481
24577
25153
24417
24897
24512
24385
24193
24065
24417
24160
24641
41954
26625
26145
25953
26401
24800
24897
24513
23841
24320
24161
24193
24513
24032
23745
24289
24353
24736
26209
26080
24512
24897
24641
23809
26497
24737
25217
24801
23456
23905
24705
24513
23840
25089
24385
26209
25377
26177
24993
24609
25089
25953
25793
25217
24385
25056
25185
25249
24481
26657
25601
25409
24897
26305
26401
24289
24673
24833
25185
24129
24865
24288
24801
24097
23969
24577
24417
24833
24865
32161
25217
24193
24289
24673
24225
24289
24513
25057
24737
25025
25185
24577
24609
24929
24704
24929
29281
24161
24321
24769
24865
24705
23873
24225
23649
24193
24673
24001
24641
24097
24608
23585
24865
24097
25921
26209
24545
25217
24641
24512
24961
25249
24577
24737
25217
25441
25345
25888
25184
26753
24673
26273
24897
24129
23297
25441
25984
25025
23937
24225
24321
23841
23840
23873
24225
24545
23392
24801
24801
23873
24033
24257
25152
25697
24545
24481
24609
24512
25313
25665
26209
26080
25985
26177
26497
26433
26753
26081
26209
26465
24865
24897
25057
25472
24480
24480
24961
24993
25313
25409
24961
24512
25793
25409
25089
25025
24641
24961
24737
24513
24769
24864
25569
25377
25216
24993
24225
24385
25665
25057
24993
24897
24769
25153
25185
25025
24929
24513
25313
24256
24481
24577
24673
25281
25025
24449
32449
24513
26081
25345
26721
26273
24865
24641
24801
24193
24929
23936
24608
24481
24289
25761
24865
25217
24448
24513
23937
24193
24129
24929
24577
23809
24417
24480
25217
24801
25377
25025
24129
25057
31233
24257
24641
25217
24897
24577
24513
24353
24800
24224
23968
24097
24481
24641
25793
24417
24737
24865
25281
24929
24960
24449
25153
24833
24769
24929
24641
25217
25985
24961
25313
24641
24352
25217
32353
25473
25217
25281
24769
24897
24737
24865
24961
24385
24833
25601
25217
25345
25665
25761
25089
29441
24641
24545
24225
24449
26017
25633
26209
24897
24321
23809
24545
24576
23777
24993
24929
23745
30113
25121
26337
26560
24896
24000
23969
24321
24321
25025
24833
24673
24321
24993
24288
24193
24193
29601
25889
24801
24545
24704
25441
24225
24385
24513
24193
24992
25345
24001
24321
24448
24737
24193
24289
26721
24865
27009
26785
25441
24225
26113
24897
24768
25633
26561
25665
26305
26241
24385
24097
29153
25633
25729
24833
24513
24769
25473
24929
26273
26241
24769
27073
26081
25184
25697
26209
24097
32450
25217
24097
26721
26785
26177
26593
26497
26081
25345
24449
24353
24545
24513
23521
25121
26721
26433
24705
24545
24896
24289
24769
24513
25121
24225
24353
24608
24833
24065
25089
24737
25505
25121
31809
26273
25345
24417
24193
24897
24705
24801
25185
24609
24960
24705
24929
24033
24320
24257
24513
42977
25185
23969
24385
24641
24128
24225
23777
24705
23809
24833
26081
23809
24480
24417
24481
23809
43425
25281
24673
25249
24417
24609
24961
24833
24833
24673
25248
25536
24992
25088
24257
25505
25089
24577
26145
25793
26017
24257
24193
24160
24481
24481
23808
24865
24257
24289
24897
24225
24833
23841
24321
24512
24577
24321
24225
24481
24577
25313
24289
24544
24801
24576
24353
24417
24129
24353
25185
24449
24225
25025
24673
24673
24833
24769
24897
24673
24704
25025
24033
24577
25665
24481
24480
24897
25153
30081
25537
24993
24192
24321
24225
24129
23456
24417
24833
25185
26465
24609
26113
26144
26497
24961
33153
25345
25793
25377
25089
24705
24833
24737
25057
25057
25729
25153
24353
25473
25185
24897
25025
24736
25473
24577
24609
25377
24705
25217
24960
24737
24449
25281
24577
24513
24417
24833
25121
25121
24513
26945
24641
24097
24993
24769
24865
24833
24897
25057
24480
24384
25441
25793
24961
25313
25057
25185
25249
24257
24448
24512
24737
24289
24737
25409
25057
24833
24576
24865
24929
25185
25185
25249
32129
25121
24961
26849
27073
24480
24928
24929
25281
25057
24481
24513
25185
24801
25025
25121
25441
25249
25345
24769
24513
24673
24864
25409
25185
24865
25057
24769
25377
25089
25153
24736
24513
24897
25185
25697
25185
24705
24449
24544
23744
24608
24577
24897
24513
24929
24289
25185
25089
24481
24929
24545
24097
24001
23649
24641
24513
25249
24673
24609
24832
24801
24033
25441
24769
24193
24609
25697
32866
24193
23905
25953
24608
26113
26241
24641
24961
26369
24640
24705
24960
24225
24353
25025
25569
26401
24961
26049
26145
24833
26497
26433
27073
24641
25089
24353
25185
25281
24769
24705
24865
45633
26049
26081
26849
27009
26368
24960
25057
24865
24768
24896
24481
24481
25089
25121
24768
25056
29665
24737
24737
25217
24321
25025
26305
25185
25249
25089
25185
24577
24608
24961
24193
25473
24929
32513
25185
24961
25473
24544
25024
25888
24577
24545
24481
24449
24449
24545
24641
25313
25377
25345
25153
24929
25249
25089
25537
24929
25153
24384
25025
25601
24641
24705
25088
24192
24288
24865
25600
26337
25409
25345
25089
24833
24385
26209
24929
25216
25505
25057
24929
25985
24865
25185
24960
27105
26048
25504
25024
24801
24961
24449
25377
24993
25153
24865
25121
24641
25184
24640
24769
23777
28961
24385
24640
24737
24481
24769
25537
24577
25057
24993
24129
24288
24896
24864
24769
25057
24417
26913
26625
24577
24224
24065
24577
26145
24993
24993
24257
24481
25153
25057
24545
25344
25088
24481
24896
24960
25409
24545
24512
24449
24577
24673
24833
24481
24193
24257
25089
25313
25313
25153
25313
26113
25377
24481
25249
25185
25409
24449
24832
25088
24672
24672
25472
25441
25825
24929
25057
31009
26561
26817
26465
24833
26017
25185
25089
25025
25025
24609
25089
25121
25184
24608
24928
24640
30305
24929
24384
24737
24897
24513
24225
26145
24161
24705
24385
24416
24768
25729
25025
25121
24960
26497
24609
24577
24481
24609
24224
23968
24609
23808
24257
24801
25537
25441
24769
26113
24577
24801
26721
26209
26433
27361
26273
26177
26401
24897
27265
26177
25345
26433
26625
26081
26977
26977
26913
24481
24673
24128
24513
24865
24833
25761
26368
26913
24768
26369
26721
26913
26945
26977
32769
25121
27137
25505
24353
25633
25569
25121
24257
24545
25025
26241
26081
26241
26497
26785
26657
27425
26720
27425
26945
26529
26657
27105
26273
24801
24545
25377
24833
24545
24480
26049
25921
28609
26433
26689
26305
26273
25889
24225
24609
24481
23425
24896
24225
24833
24289
24321
24449
49826
26848
26625
24833
24161
24033
23489
24641
24672
24288
24193
24257
26081
24577
24257
23937
24097
31553
25249
24321
24224
24481
24673
24001
24833
24577
24289
24321
